1544728883.34
1544728883.51
1544728883.63
1544728883.71
1544728883.79
1544728883.84
1544728883.92
1544728884.05
1544728884.15
1544728884.24
1544728884.33
1544728884.41
1544728884.52
1544728884.6
1544728884.68
1544728884.78
1544728884.84
1544728884.95
1544728885.03
1544728885.12
1544728885.22
1544728885.33
1544728885.43
1544728885.57
1544728885.67
1544728885.76
1544728885.86
1544728885.96
1544728886.05
1544728886.13
1544728886.2
1544728886.25
1544728886.29
1544728886.37
1544728886.46
1544728886.55
1544728886.63
1544728886.7
1544728886.75
1544728886.8
1544728886.85
1544728886.9
1544728886.98
1544728887.04
1544728887.1
1544728887.18
1544728887.24
1544728887.36
1544728887.45
1544728887.52
1544728887.6
1544728887.69
1544728887.76
1544728887.84
1544728887.91
1544728887.97
1544728888.04
1544728888.12
1544728888.2
1544728888.25
1544728888.32
1544728888.39
1544728888.47
1544728888.53
1544728888.62
1544728888.69
1544728888.76
1544728888.84
1544728888.92
1544728888.98
1544728889.04
1544728889.12
1544728889.21
1544728889.29
1544728889.36
1544728889.42
1544728889.46
1544728889.52
1544728889.6
1544728889.68
1544728889.8
1544728889.86
1544728889.99
1544728890.05
1544728890.21
1544728890.29
1544728890.34
1544728890.39
1544728890.46
1544728890.53
1544728890.59
1544728890.66
1544728890.73
1544728890.79
1544728890.87
1544728890.94
1544728891.01
1544728891.06
1544728891.15
1544728891.22
1544728891.29
1544728891.35
1544728891.4
1544728891.46
1544728891.54
1544728891.61
1544728891.66
1544728891.73
1544728891.79
1544728891.84
1544728891.93
1544728892.01
1544728892.07
1544728892.15
1544728892.23
1544728892.3
1544728892.35
1544728892.42
1544728892.47
1544728892.52
1544728892.57
1544728892.63
1544728892.69
1544728892.75
1544728892.86
1544728892.96
1544728893.04
1544728893.15
1544728893.25
1544728893.4
1544728893.49
1544728893.55
1544728893.63
1544728893.69
1544728893.76
1544728893.82
1544728893.91
1544728894.01
1544728894.09
1544728894.19
1544728894.27
1544728894.36
1544728894.44
1544728894.5
1544728894.58
1544728894.66
1544728894.74
1544728894.81
1544728894.88
1544728894.93
1544728895.0
1544728895.09
1544728895.16
1544728895.25
1544728895.32
1544728895.39
1544728895.45
1544728895.51
1544728895.58
1544728895.66
1544728895.77
1544728895.86
1544728895.92
1544728895.96
1544728896.04
1544728896.11
1544728896.16
1544728896.25
1544728896.36
1544728896.44
1544728896.53
1544728896.6
1544728896.66
1544728896.73
1544728896.79
1544728896.87
1544728896.98
1544728897.05
1544728897.11
1544728897.16
1544728897.25
1544728897.32
1544728897.4
1544728897.46
1544728897.52
1544728897.56
1544728897.68
1544728897.76
1544728897.85
1544728897.94
1544728898.08
1544728898.16
1544728898.25
1544728898.33
1544728898.43
1544728898.52
1544728898.62
1544728898.69
1544728898.76
1544728898.84
1544728898.9
1544728898.97
1544728899.04
1544728899.1
1544728899.2
1544728899.29
1544728899.39
1544728899.49
1544728899.57
1544728899.66
1544728899.74
1544728899.8
1544728899.85
1544728899.96
1544728900.04
1544728900.13
1544728900.19
1544728900.24
1544728900.32
1544728900.39
1544728900.46
1544728900.53
1544728900.61
1544728900.67
1544728900.74
1544728900.78
1544728900.83
1544728900.9
1544728900.97
1544728901.04
1544728901.13
1544728901.21
1544728901.26
1544728901.34
1544728901.42
1544728901.5
1544728901.57
1544728901.64
1544728901.72
1544728901.79
1544728901.85
1544728901.93
1544728902.03
1544728902.12
1544728902.22
1544728902.3
1544728902.36
1544728902.46
1544728902.56
1544728902.65
1544728902.76
1544728902.83
1544728902.9
1544728902.97
1544728903.07
1544728903.17
1544728903.24
1544728903.31
1544728903.37
1544728903.43
1544728903.52
1544728903.58
1544728903.65
1544728903.72
1544728903.79
1544728903.85
1544728903.92
1544728903.99
1544728904.04
1544728904.14
1544728904.25
1544728904.34
1544728904.43
1544728904.52
1544728904.57
1544728904.65
1544728904.72
1544728904.82
1544728904.9
1544728904.96
1544728905.05
1544728905.2
1544728905.31
1544728905.42
1544728905.52
1544728905.61
1544728905.7
1544728905.77
1544728905.86
1544728905.95
1544728906.05
1544728906.11
1544728906.19
1544728906.27
1544728906.35
1544728906.41
1544728906.46
1544728906.53
1544728906.6
1544728906.65
1544728906.71
1544728906.76
1544728906.82
1544728906.87
1544728906.93
1544728906.99
1544728907.06
1544728907.11
1544728907.16
1544728907.23
1544728907.3
1544728907.37
1544728907.44
1544728907.5
1544728907.56
1544728907.63
1544728907.73
1544728907.81
1544728907.87
1544728907.95
1544728908.0
1544728908.07
1544728908.16
1544728908.27
1544728908.36
1544728908.41
1544728908.46
1544728908.53
1544728908.61
1544728908.69
1544728908.78
1544728908.83
1544728908.93
1544728909.01
1544728909.06
1544728909.11
1544728909.18
1544728909.25
1544728909.31
1544728909.39
1544728909.47
1544728909.57
1544728909.66
1544728909.75
1544728909.8
1544728909.88
1544728909.93
1544728909.98
1544728910.09
1544728910.16
1544728910.26
1544728910.33
1544728910.41
1544728910.48
1544728910.56
1544728910.64
1544728910.71
1544728910.79
1544728910.85
1544728910.96
1544728911.06
1544728911.12
1544728911.2
1544728911.26
1544728911.33
1544728911.41
1544728911.49
1544728911.53
1544728911.64
1544728911.74
1544728911.86
1544728911.94
1544728912.04
1544728912.12
1544728912.22
1544728912.3
1544728912.34
1544728912.42
1544728912.48
1544728912.58
1544728912.63
1544728912.72
1544728912.8
1544728912.87
1544728912.94
1544728913.0
1544728913.08
1544728913.13
1544728913.21
1544728913.3
1544728913.36
1544728913.42
1544728913.49
1544728913.57
1544728913.65
1544728913.72
1544728913.79
1544728913.85
1544728913.93
1544728914.01
1544728914.1
1544728914.19
1544728914.27
1544728914.37
1544728914.47
1544728914.57
1544728914.66
1544728914.74
1544728914.83
1544728914.89
1544728914.98
1544728915.06
1544728915.17
1544728915.26
1544728915.35
1544728915.44
1544728915.53
1544728915.63
1544728915.72
1544728915.81
1544728915.89
1544728915.96
1544728916.03
1544728916.1
1544728916.21
1544728916.28
1544728916.37
1544728916.45
1544728916.54
1544728916.6
1544728916.69
1544728916.75
1544728916.83
1544728916.9
1544728916.98
1544728917.06
1544728917.14
1544728917.21
1544728917.29
1544728917.43
1544728917.51
1544728917.58
1544728917.64
1544728917.73
1544728917.82
1544728917.9
1544728917.99
1544728918.09
1544728918.17
1544728918.26
1544728918.36
1544728918.44
1544728918.5
1544728918.57
1544728918.62
1544728918.67
1544728918.8
1544728918.86
1544728919.0
1544728919.08
1544728919.16
1544728919.23
1544728919.35
1544728919.44
1544728919.52
1544728919.61
1544728919.68
1544728919.76
1544728919.85
1544728919.93
1544728919.99
1544728920.07
1544728920.15
1544728920.25
1544728920.33
1544728920.4
1544728920.45
1544728920.52
1544728920.6
1544728920.65
1544728920.73
1544728920.8
1544728920.86
1544728920.98
1544728921.03
1544728921.11
1544728921.19
1544728921.24
1544728921.3
1544728921.37
1544728921.43
1544728921.5
1544728921.59
1544728921.64
1544728921.7
1544728921.79
1544728921.87
1544728921.94
1544728922.02
1544728922.11
1544728922.2
1544728922.35
1544728922.46
1544728922.5
1544728922.57
1544728922.64
1544728922.73
1544728922.81
1544728922.87
1544728922.94
1544728922.99
1544728923.07
1544728923.12
1544728923.22
1544728923.3
1544728923.38
1544728923.44
1544728923.48
1544728923.54
1544728923.61
1544728923.66
1544728923.73
1544728923.81
1544728923.87
1544728923.95
1544728924.03
1544728924.11
1544728924.17
1544728924.25
1544728924.31
1544728924.39
1544728924.45
1544728924.5
1544728924.54
1544728924.61
1544728924.69
1544728924.77
1544728924.85
1544728924.93
1544728925.0
1544728925.07
1544728925.14
1544728925.19
1544728925.28
1544728925.35
1544728925.41
1544728925.52
1544728925.59
1544728925.65
1544728925.72
1544728925.79
1544728925.87
1544728925.95
1544728926.01
1544728926.07
1544728926.15
1544728926.21
1544728926.28
1544728926.38
1544728926.43
1544728926.46
1544728926.57
1544728926.65
1544728926.73
1544728926.8
1544728926.86
1544728926.93
1544728927.02
1544728927.08
1544728927.16
1544728927.24
1544728927.3
1544728927.37
1544728927.45
1544728927.52
1544728927.59
1544728927.66
1544728927.72
1544728927.79
1544728927.85
1544728927.92
1544728927.99
1544728928.04
1544728928.13
1544728928.23
1544728928.29
1544728928.35
1544728928.41
1544728928.47
1544728928.56
1544728928.65
1544728928.76
1544728928.82
1544728928.87
1544728928.97
1544728929.05
1544728929.12
1544728929.17
1544728929.23
1544728929.29
1544728929.41
1544728929.47
1544728929.55
1544728929.64
1544728929.74
1544728929.8
1544728929.88
1544728929.96
1544728930.04
1544728930.13
1544728930.22
1544728930.29
1544728930.38
1544728930.45
1544728930.5
1544728930.55
1544728930.63
1544728930.7
1544728930.77
1544728930.85
1544728930.9
1544728930.99
1544728931.06
1544728931.12
1544728931.21
1544728931.28
1544728931.35
1544728931.41
1544728931.49
1544728931.58
1544728931.66
1544728931.75
1544728931.83
1544728931.92
1544728932.01
1544728932.08
1544728932.15
1544728932.21
1544728932.3
1544728932.37
1544728932.45
1544728932.53
1544728932.59
1544728932.67
1544728932.74
1544728932.82
1544728932.9
1544728932.97
1544728933.04
1544728933.15
1544728933.23
1544728933.29
1544728933.38
1544728933.44
1544728933.53
1544728933.59
1544728933.65
1544728933.72
1544728933.79
1544728933.85
1544728933.92
1544728933.99
1544728934.06
1544728934.13
1544728934.19
1544728934.26
1544728934.33
1544728934.4
1544728934.48
1544728934.55
1544728934.62
1544728934.7
1544728934.77
1544728934.83
1544728934.89
1544728934.95
1544728935.01
1544728935.07
1544728935.13
1544728935.18
1544728935.25
1544728935.32
1544728935.38
1544728935.45
1544728935.52
1544728935.58
1544728935.66
1544728935.72
1544728935.79
1544728935.85
1544728935.92
1544728936.0
1544728936.07
1544728936.14
1544728936.2
1544728936.25
1544728936.32
1544728936.39
1544728936.45
1544728936.53
1544728936.6
1544728936.65
1544728936.72
1544728936.78
1544728936.83
1544728936.89
1544728936.96
1544728937.03
1544728937.1
1544728937.15
1544728937.23
1544728937.3
1544728937.37
1544728937.42
1544728937.52
1544728937.56
1544728937.62
1544728937.69
1544728937.78
1544728937.86
1544728937.92
1544728937.96
1544728938.04
1544728938.1
1544728938.16
1544728938.24
1544728938.34
1544728938.42
1544728938.48
1544728938.56
1544728938.62
1544728938.66
1544728938.72
1544728938.79
1544728938.87
1544728938.96
1544728939.02
1544728939.1
1544728939.18
1544728939.27
1544728939.35
1544728939.43
1544728939.5
1544728939.57
1544728939.66
1544728939.73
1544728939.81
1544728939.87
1544728939.97
1544728940.06
1544728940.12
1544728940.2
1544728940.27
1544728940.36
1544728940.45
1544728940.53
1544728940.63
1544728940.69
1544728940.77
1544728940.86
1544728940.95
1544728941.04
1544728941.13
1544728941.2
1544728941.27
1544728941.34
1544728941.43
1544728941.49
1544728941.55
1544728941.61
1544728941.69
1544728941.76
1544728941.81
1544728941.9
1544728941.96
1544728942.06
1544728942.13
1544728942.2
1544728942.26
1544728942.34
1544728942.41
1544728942.48
1544728942.58
1544728942.68
1544728942.75
1544728942.84
1544728942.93
1544728943.01
1544728943.07
1544728943.15
1544728943.22
1544728943.32
1544728943.43
1544728943.5
1544728943.58
1544728943.63
1544728943.72
1544728943.79
1544728943.89
1544728943.96
1544728944.01
1544728944.05
1544728944.14
1544728944.22
1544728944.3
1544728944.38
1544728944.46
1544728944.54
1544728944.61
1544728944.69
1544728944.77
1544728944.84
1544728944.92
1544728944.99
1544728945.06
1544728945.14
1544728945.23
1544728945.28
1544728945.36
1544728945.43
1544728945.49
1544728945.56
1544728945.62
1544728945.7
1544728945.78
1544728945.84
1544728945.92
1544728945.98
1544728946.04
1544728946.11
1544728946.17
1544728946.23
1544728946.32
1544728946.37
1544728946.45
1544728946.51
1544728946.58
1544728946.66
1544728946.74
1544728946.82
1544728946.9
1544728946.95
1544728947.02
1544728947.09
1544728947.14
1544728947.21
1544728947.3
1544728947.38
1544728947.45
1544728947.52
1544728947.59
1544728947.63
1544728947.71
1544728947.75
1544728947.82
1544728947.88
1544728947.95
1544728948.02
1544728948.1
1544728948.18
1544728948.26
1544728948.31
1544728948.36
1544728948.43
1544728948.5
1544728948.54
1544728948.63
1544728948.73
1544728948.82
1544728948.89
1544728948.99
1544728949.07
1544728949.15
1544728949.24
1544728949.33
1544728949.43
1544728949.5
1544728949.57
1544728949.66
1544728949.74
1544728949.82
1544728949.89
1544728949.96
1544728950.05
1544728950.12
1544728950.2
1544728950.27
1544728950.36
1544728950.42
1544728950.48
1544728950.53
1544728950.59
1544728950.66
1544728950.72
1544728950.78
1544728950.84
1544728950.9
1544728950.95
1544728951.0
1544728951.08
1544728951.14
1544728951.19
1544728951.26
1544728951.33
1544728951.39
1544728951.45
1544728951.52
1544728951.58
1544728951.65
1544728951.73
1544728951.8
1544728951.87
1544728951.95
1544728952.01
1544728952.09
1544728952.15
1544728952.22
1544728952.28
1544728952.34
1544728952.41
1544728952.49
1544728952.56
1544728952.64
1544728952.73
1544728952.81
1544728952.87
1544728952.95
1544728953.01
1544728953.09
1544728953.16
1544728953.23
1544728953.31
1544728953.38
1544728953.48
1544728953.56
1544728953.65
1544728953.72
1544728953.78
1544728953.86
1544728953.94
1544728954.03
1544728954.1
1544728954.18
1544728954.25
1544728954.3
1544728954.37
1544728954.44
1544728954.52
1544728954.59
1544728954.65
1544728954.73
1544728954.81
1544728954.88
1544728954.94
1544728955.01
1544728955.08
1544728955.14
1544728955.19
1544728955.25
1544728955.31
1544728955.38
1544728955.42
1544728955.47
1544728955.56
1544728955.63
1544728955.72
1544728955.78
1544728955.87
1544728955.95
1544728956.01
1544728956.09
1544728956.16
1544728956.24
1544728956.3
1544728956.35
1544728956.39
1544728956.45
1544728956.5
1544728956.59
1544728956.68
1544728956.75
1544728956.82
1544728956.88
1544728956.96
1544728957.05
1544728957.1
1544728957.19
1544728957.26
1544728957.34
1544728957.42
1544728957.48
1544728957.53
1544728957.58
1544728957.65
1544728957.71
1544728957.76
1544728957.85
1544728957.91
1544728957.96
1544728958.05
1544728958.12
1544728958.18
1544728958.28
1544728958.4
1544728958.45
1544728958.53
1544728958.59
1544728958.66
1544728958.72
1544728958.77
1544728958.82
1544728958.91
1544728958.98
1544728959.05
1544728959.12
1544728959.2
1544728959.26
1544728959.33
1544728959.41
1544728959.48
1544728959.54
1544728959.59
1544728959.66
1544728959.74
1544728959.84
1544728959.9
1544728959.98
1544728960.06
1544728960.15
1544728960.21
1544728960.26
1544728960.32
1544728960.42
1544728960.49
1544728960.57
1544728960.65
1544728960.72
1544728960.8
1544728960.88
1544728960.95
1544728961.03
1544728961.1
1544728961.2
1544728961.25
1544728961.36
1544728961.43
1544728961.51
1544728961.58
1544728961.65
1544728961.71
1544728961.78
1544728961.84
1544728961.9
1544728961.98
1544728962.05
1544728962.13
1544728962.2
1544728962.25
1544728962.33
1544728962.41
1544728962.49
1544728962.57
1544728962.65
1544728962.73
1544728962.81
1544728962.87
1544728962.94
1544728963.02
1544728963.13
1544728963.21
1544728963.29
1544728963.34
1544728963.44
1544728963.52
1544728963.61
1544728963.7
1544728963.78
1544728963.87
1544728963.95
1544728964.05
1544728964.13
1544728964.2
1544728964.28
1544728964.34
1544728964.41
1544728964.48
1544728964.54
1544728964.6
1544728964.67
1544728964.73
1544728964.79
1544728964.85
1544728964.9
1544728964.95
1544728965.03
1544728965.09
1544728965.13
1544728965.21
1544728965.27
1544728965.31
1544728965.35
1544728965.43
1544728965.51
1544728965.57
1544728965.64
1544728965.7
1544728965.76
1544728965.83
1544728965.88
1544728965.92
1544728966.0
1544728966.06
1544728966.13
1544728966.22
1544728966.29
1544728966.35
1544728966.42
1544728966.48
1544728966.54
1544728966.61
1544728966.67
1544728966.74
1544728966.82
1544728966.88
1544728966.96
1544728967.04
1544728967.11
1544728967.18
1544728967.24
1544728967.31
1544728967.37
1544728967.45
1544728967.52
1544728967.59
1544728967.66
1544728967.71
1544728967.76
1544728967.83
1544728967.89
1544728967.94
1544728967.99
1544728968.05
1544728968.1
1544728968.18
1544728968.26
1544728968.34
1544728968.41
1544728968.49
1544728968.55
1544728968.61
1544728968.67
1544728968.73
1544728968.78
1544728968.83
1544728968.89
1544728968.94
1544728969.0
1544728969.06
1544728969.13
1544728969.18
1544728969.24
1544728969.29
1544728969.35
1544728969.4
1544728969.44
1544728969.5
1544728969.56
1544728969.62
1544728969.68
1544728969.73
1544728969.8
1544728969.85
1544728969.91
1544728969.96
1544728970.01
1544728970.06
1544728970.12
1544728970.17
1544728970.23
1544728970.31
1544728970.37
1544728970.44
1544728970.52
1544728970.58
1544728970.63
1544728970.66
1544728970.72
1544728970.78
1544728970.84
1544728970.89
1544728970.95
1544728971.02
1544728971.08
1544728971.15
1544728971.22
1544728971.29
1544728971.35
1544728971.42
1544728971.47
1544728971.55
1544728971.62
1544728971.68
1544728971.73
1544728971.82
1544728971.9
1544728971.95
1544728972.04
1544728972.12
1544728972.19
1544728972.29
1544728972.37
1544728972.46
1544728972.54
1544728972.6
1544728972.68
1544728972.75
1544728972.83
1544728972.89
1544728972.97
1544728973.04
1544728973.11
1544728973.19
1544728973.25
1544728973.32
1544728973.38
1544728973.44
1544728973.52
1544728973.6
1544728973.67
1544728973.75
1544728973.81
1544728973.89
1544728973.96
1544728974.03
1544728974.11
1544728974.17
1544728974.23
1544728974.29
1544728974.37
1544728974.45
1544728974.54
1544728974.64
1544728974.73
1544728974.81
1544728974.89
1544728974.95
1544728975.04
1544728975.12
1544728975.2
1544728975.27
1544728975.36
1544728975.42
1544728975.46
1544728975.56
1544728975.65
1544728975.73
1544728975.79
1544728975.85
1544728975.98
1544728976.04
1544728976.16
1544728976.21
1544728976.28
1544728976.4
1544728976.45
1544728976.55
1544728976.64
1544728976.71
1544728976.78
1544728976.82
1544728976.86
1544728976.94
1544728977.01
1544728977.06
1544728977.12
1544728977.17
1544728977.22
1544728977.26
1544728977.34
1544728977.39
1544728977.44
1544728977.51
1544728977.57
1544728977.62
1544728977.66
1544728977.73
1544728977.8
1544728977.84
1544728977.91
1544728977.96
1544728978.09
1544728978.15
1544728978.21
1544728978.28
1544728978.35
1544728978.41
1544728978.46
1544728978.6
1544728978.68
1544728978.76
1544728978.84
1544728978.89
1544728978.95
1544728979.0
1544728979.06
1544728979.12
1544728979.2
1544728979.25
1544728979.35
1544728979.46
1544728979.57
1544728979.65
1544728979.74
1544728979.82
1544728979.9
1544728979.98
1544728980.05
1544728980.1
1544728980.17
1544728980.23
1544728980.3
1544728980.38
1544728980.46
1544728980.55
1544728980.62
1544728980.7
1544728980.79
1544728980.86
1544728980.95
1544728981.03
1544728981.11
1544728981.19
1544728981.26
1544728981.32
1544728981.4
1544728981.49
1544728981.57
1544728981.65
1544728981.73
1544728981.8
1544728981.89
1544728981.96
1544728982.03
1544728982.1
1544728982.17
1544728982.23
1544728982.3
1544728982.38
1544728982.45
1544728982.52
1544728982.6
1544728982.68
1544728982.76
1544728982.83
1544728982.92
1544728983.0
1544728983.08
1544728983.15
1544728983.23
1544728983.33
1544728983.42
1544728983.52
1544728983.61
1544728983.68
1544728983.76
1544728983.83
1544728983.91
1544728983.98
1544728984.04
1544728984.12
1544728984.18
1544728984.24
1544728984.31
1544728984.37
1544728984.45
1544728984.54
1544728984.63
1544728984.72
1544728984.8
1544728984.87
1544728984.95
1544728985.02
1544728985.08
1544728985.16
1544728985.23
1544728985.3
1544728985.37
1544728985.44
1544728985.52
1544728985.6
1544728985.67
1544728985.73
1544728985.77
1544728985.86
1544728985.97
1544728986.06
1544728986.15
1544728986.23
1544728986.3
1544728986.37
1544728986.44
1544728986.52
1544728986.61
1544728986.67
1544728986.76
1544728986.82
1544728986.9
1544728986.97
1544728987.05
1544728987.11
1544728987.19
1544728987.26
1544728987.32
1544728987.37
1544728987.43
1544728987.51
1544728987.58
1544728987.64
1544728987.7
1544728987.77
1544728987.85
1544728987.93
1544728988.01
1544728988.09
1544728988.15
1544728988.23
1544728988.31
1544728988.4
1544728988.47
1544728988.55
1544728988.63
1544728988.7
1544728988.77
1544728988.84
1544728988.9
1544728989.02
1544728989.09
1544728989.17
1544728989.24
1544728989.32
1544728989.38
1544728989.44
1544728989.51
1544728989.57
1544728989.64
1544728989.69
1544728989.74
1544728989.82
1544728989.91
1544728990.01
1544728990.1
1544728990.18
1544728990.33
1544728990.41
1544728990.48
1544728990.54
1544728990.62
1544728990.68
1544728990.75
1544728990.81
1544728990.88
1544728990.94
1544728991.0
1544728991.06
1544728991.15
1544728991.2
1544728991.26
1544728991.33
1544728991.41
1544728991.47
1544728991.54
1544728991.58
1544728991.65
1544728991.74
1544728991.83
1544728991.9
1544728991.97
1544728992.03
1544728992.1
1544728992.16
1544728992.25
1544728992.32
1544728992.37
1544728992.45
1544728992.53
1544728992.61
1544728992.69
1544728992.77
1544728992.84
1544728992.91
1544728992.99
1544728993.06
1544728993.13
1544728993.21
1544728993.28
1544728993.35
1544728993.43
1544728993.51
1544728993.63
1544728993.68
1544728993.72
1544728993.8
1544728993.87
1544728993.97
1544728994.03
1544728994.11
1544728994.2
1544728994.27
1544728994.32
1544728994.36
1544728994.45
1544728994.51
1544728994.58
1544728994.67
1544728994.77
1544728994.86
1544728994.96
1544728995.04
1544728995.12
1544728995.19
1544728995.26
1544728995.34
1544728995.41
1544728995.48
1544728995.56
1544728995.63
1544728995.72
1544728995.79
1544728995.89
1544728995.96
1544728996.05
1544728996.13
1544728996.2
1544728996.3
1544728996.36
1544728996.45
1544728996.53
1544728996.6
1544728996.67
1544728996.74
1544728996.82
1544728996.89
1544728996.96
1544728997.04
1544728997.1
1544728997.17
1544728997.23
1544728997.28
1544728997.35
1544728997.41
1544728997.46
1544728997.53
1544728997.6
1544728997.65
1544728997.71
1544728997.79
1544728997.83
1544728997.88
1544728997.97
1544728998.03
1544728998.09
1544728998.17
1544728998.25
1544728998.32
1544728998.42
1544728998.53
1544728998.61
1544728998.67
1544728998.76
1544728998.87
1544728998.97
1544728999.03
1544728999.1
1544728999.2
1544728999.26
1544728999.33
1544728999.4
1544728999.49
1544728999.57
1544728999.65
1544728999.72
1544728999.81
1544728999.89
1544728999.95
1544729000.03
1544729000.09
1544729000.15
1544729000.22
1544729000.29
1544729000.36
1544729000.42
1544729000.49
1544729000.55
1544729000.61
1544729000.67
1544729000.73
1544729000.81
1544729000.88
1544729000.95
1544729001.0
1544729001.08
1544729001.14
1544729001.21
1544729001.26
1544729001.33
1544729001.42
1544729001.5
1544729001.59
1544729001.69
1544729001.76
1544729001.85
1544729001.94
1544729002.05
1544729002.12
1544729002.2
1544729002.28
1544729002.35
1544729002.42
1544729002.48
1544729002.55
1544729002.61
1544729002.67
1544729002.73
1544729002.78
1544729002.86
1544729002.92
1544729002.99
1544729003.07
1544729003.15
1544729003.24
1544729003.33
1544729003.39
1544729003.48
1544729003.56
1544729003.66
1544729003.74
1544729003.81
1544729003.88
1544729003.95
1544729004.02
1544729004.09
1544729004.16
1544729004.27
1544729004.38
1544729004.49
1544729004.57
1544729004.66
1544729004.73
1544729004.81
1544729004.88
1544729004.94
1544729005.0
1544729005.06
1544729005.15
1544729005.23
1544729005.31
1544729005.39
1544729005.45
1544729005.58
1544729005.63
1544729005.72
1544729005.82
1544729005.92
1544729005.99
1544729006.04
1544729006.14
1544729006.23
1544729006.31
1544729006.42
1544729006.5
1544729006.58
1544729006.65
1544729006.71
1544729006.78
1544729006.85
1544729006.92
1544729006.98
1544729007.05
1544729007.11
1544729007.17
1544729007.23
1544729007.28
1544729007.39
1544729007.45
1544729007.52
1544729007.59
1544729007.65
1544729007.71
1544729007.78
1544729007.82
1544729007.93
1544729008.04
1544729008.08
1544729008.14
1544729008.21
1544729008.28
1544729008.36
1544729008.43
1544729008.51
1544729008.57
1544729008.65
1544729008.71
1544729008.77
1544729008.86
1544729008.92
1544729008.98
1544729009.05
1544729009.12
1544729009.18
1544729009.25
1544729009.32
1544729009.38
1544729009.45
1544729009.52
1544729009.59
1544729009.65
1544729009.7
1544729009.73
1544729009.77
1544729009.88
1544729009.97
1544729010.07
1544729010.17
1544729010.26
1544729010.32
1544729010.39
1544729010.43
1544729010.5
1544729010.56
1544729010.63
1544729010.68
1544729010.76
1544729010.83
1544729010.91
1544729010.97
1544729011.04
1544729011.11
1544729011.17
1544729011.23
1544729011.3
1544729011.36
1544729011.42
1544729011.5
1544729011.58
1544729011.65
1544729011.72
1544729011.78
1544729011.85
1544729011.92
1544729011.99
1544729012.06
1544729012.12
1544729012.17
1544729012.22
1544729012.28
1544729012.33
1544729012.41
1544729012.49
1544729012.55
1544729012.63
1544729012.7
1544729012.76
1544729012.84
1544729012.9
1544729012.96
1544729013.01
1544729013.08
1544729013.17
1544729013.25
1544729013.34
1544729013.4
1544729013.49
1544729013.57
1544729013.62
1544729013.68
1544729013.75
1544729013.82
1544729013.88
1544729013.95
1544729014.01
1544729014.09
1544729014.16
1544729014.22
1544729014.29
1544729014.41
1544729014.48
1544729014.55
1544729014.63
1544729014.73
1544729014.82
1544729014.89
1544729014.96
1544729015.04
1544729015.11
1544729015.18
1544729015.25
1544729015.33
1544729015.39
1544729015.46
1544729015.54
1544729015.62
1544729015.68
1544729015.78
1544729015.86
1544729015.94
1544729016.01
1544729016.08
1544729016.16
1544729016.23
1544729016.29
1544729016.36
1544729016.43
1544729016.51
1544729016.58
1544729016.64
1544729016.72
1544729016.79
1544729016.86
1544729016.93
1544729016.99
1544729017.07
1544729017.15
1544729017.22
1544729017.29
1544729017.36
1544729017.42
1544729017.48
1544729017.56
1544729017.63
1544729017.69
1544729017.76
1544729017.83
1544729017.89
1544729017.95
1544729018.03
1544729018.1
1544729018.18
1544729018.23
1544729018.3
1544729018.37
1544729018.48
1544729018.55
1544729018.65
1544729018.72
1544729018.79
1544729018.86
1544729018.92
1544729019.01
1544729019.11
1544729019.16
1544729019.23
1544729019.3
1544729019.38
1544729019.45
1544729019.55
1544729019.62
1544729019.74
1544729019.85
1544729019.93
1544729020.0
1544729020.1
1544729020.15
1544729020.24
1544729020.31
1544729020.38
1544729020.45
1544729020.54
1544729020.65
1544729020.71
1544729020.79
1544729020.92
1544729021.02
1544729021.11
1544729021.17
1544729021.24
1544729021.31
1544729021.36
1544729021.44
1544729021.5
1544729021.55
1544729021.6
1544729021.66
1544729021.72
1544729021.77
1544729021.83
1544729021.88
1544729021.95
1544729022.04
1544729022.1
1544729022.17
1544729022.25
1544729022.32
1544729022.37
1544729022.46
1544729022.53
1544729022.61
1544729022.7
1544729022.76
1544729022.85
1544729022.93
1544729022.98
1544729023.06
1544729023.14
1544729023.23
1544729023.3
1544729023.34
1544729023.43
1544729023.49
1544729023.56
1544729023.61
1544729023.67
1544729023.72
1544729023.79
1544729023.85
1544729023.92
1544729023.98
1544729024.06
1544729024.13
1544729024.21
1544729024.28
1544729024.36
1544729024.43
1544729024.5
1544729024.57
1544729024.63
1544729024.68
1544729024.73
1544729024.82
1544729024.9
1544729025.03
1544729025.11
1544729025.16
1544729025.23
1544729025.29
1544729025.36
1544729025.44
1544729025.52
1544729025.58
1544729025.63
1544729025.71
1544729025.79
1544729025.83
1544729025.88
1544729025.96
1544729026.02
1544729026.09
1544729026.2
1544729026.29
1544729026.37
1544729026.43
1544729026.53
1544729026.57
1544729026.63
1544729026.69
1544729026.76
1544729026.82
1544729026.89
1544729026.95
1544729027.06
1544729027.15
1544729027.22
1544729027.28
1544729027.36
1544729027.44
1544729027.5
1544729027.59
1544729027.65
1544729027.73
1544729027.82
1544729027.89
1544729027.98
1544729028.06
1544729028.15
1544729028.23
1544729028.31
1544729028.41
1544729028.52
1544729028.62
1544729028.71
1544729028.8
1544729028.89
1544729028.96
1544729029.04
1544729029.12
1544729029.2
1544729029.26
1544729029.33
1544729029.4
1544729029.48
1544729029.55
1544729029.61
1544729029.66
1544729029.73
1544729029.77
1544729029.86
1544729029.93
1544729030.01
1544729030.09
1544729030.15
1544729030.23
1544729030.3
1544729030.35
1544729030.42
1544729030.49
1544729030.57
1544729030.63
1544729030.7
1544729030.77
1544729030.87
1544729030.96
1544729031.03
1544729031.1
1544729031.17
1544729031.25
1544729031.32
1544729031.42
1544729031.49
1544729031.54
1544729031.62
1544729031.69
1544729031.8
1544729031.84
1544729031.91
1544729031.96
1544729032.03
1544729032.08
1544729032.15
1544729032.21
1544729032.27
1544729032.32
1544729032.39
1544729032.45
1544729032.53
1544729032.6
1544729032.68
1544729032.74
1544729032.82
1544729032.89
1544729032.96
1544729033.02
1544729033.1
1544729033.15
1544729033.21
1544729033.3
1544729033.37
1544729033.45
1544729033.54
1544729033.61
1544729033.69
1544729033.75
1544729033.83
1544729033.9
1544729033.97
1544729034.03
1544729034.1
1544729034.16
1544729034.21
1544729034.27
1544729034.34
1544729034.4
1544729034.46
1544729034.52
1544729034.6
1544729034.67
1544729034.74
1544729034.8
1544729034.84
1544729034.91
1544729034.96
1544729035.02
1544729035.08
1544729035.14
1544729035.21
1544729035.27
1544729035.33
1544729035.39
1544729035.45
1544729035.51
1544729035.57
1544729035.64
1544729035.7
1544729035.77
1544729035.83
1544729035.9
1544729035.99
1544729036.09
1544729036.16
1544729036.23
1544729036.3
1544729036.34
1544729036.42
1544729036.51
1544729036.59
1544729036.66
1544729036.72
1544729036.79
1544729036.86
1544729036.93
1544729037.0
1544729037.07
1544729037.16
1544729037.21
1544729037.31
1544729037.39
1544729037.45
1544729037.5
1544729037.56
1544729037.63
1544729037.7
1544729037.76
1544729037.83
1544729037.91
1544729037.98
1544729038.04
1544729038.14
1544729038.21
1544729038.28
1544729038.35
1544729038.44
1544729038.55
1544729038.61
1544729038.67
1544729038.79
1544729038.88
1544729039.0
1544729039.07
1544729039.17
1544729039.25
1544729039.34
1544729039.42
1544729039.49
1544729039.57
1544729039.63
1544729039.7
1544729039.76
1544729039.83
1544729039.9
1544729039.98
1544729040.05
1544729040.12
1544729040.19
1544729040.23
1544729040.3
1544729040.35
1544729040.42
1544729040.49
1544729040.6
1544729040.69
1544729040.75
1544729040.81
1544729040.88
1544729040.95
1544729041.02
1544729041.09
1544729041.16
1544729041.22
1544729041.29
1544729041.35
1544729041.45
1544729041.52
1544729041.58
1544729041.63
1544729041.67
1544729041.76
1544729041.82
1544729041.87
1544729041.93
1544729041.98
1544729042.04
1544729042.1
1544729042.15
1544729042.22
1544729042.27
1544729042.32
1544729042.37
1544729042.42
1544729042.5
1544729042.56
1544729042.62
1544729042.69
1544729042.76
1544729042.81
1544729042.88
1544729043.02
1544729043.13
1544729043.19
1544729043.26
1544729043.32
1544729043.37
1544729043.43
1544729043.49
1544729043.55
1544729043.64
1544729043.69
1544729043.74
1544729043.82
1544729043.88
1544729043.94
1544729044.04
1544729044.1
1544729044.17
1544729044.3
1544729044.38
1544729044.43
1544729044.48
1544729044.56
1544729044.62
1544729044.68
1544729044.72
1544729044.75
1544729044.82
1544729044.89
1544729044.94
1544729045.0
1544729045.06
1544729045.1
1544729045.15
1544729045.22
1544729045.28
1544729045.33
1544729045.38
1544729045.42
1544729045.48
1544729045.53
1544729045.57
1544729045.66
1544729045.74
1544729045.79
1544729045.85
1544729045.91
1544729045.99
1544729046.05
1544729046.1
1544729046.15
1544729046.2
1544729046.26
1544729046.33
1544729046.39
1544729046.44
1544729046.5
1544729046.55
1544729046.63
1544729046.68
1544729046.76
1544729046.83
1544729046.9
1544729046.98
1544729047.04
1544729047.11
1544729047.18
1544729047.24
1544729047.32
1544729047.42
1544729047.52
1544729047.6
1544729047.73
1544729047.81
1544729047.89
1544729047.96
1544729048.02
1544729048.08
1544729048.14
1544729048.2
1544729048.26
1544729048.31
1544729048.36
1544729048.45
1544729048.53
1544729048.63
1544729048.69
1544729048.78
1544729048.86
1544729048.97
1544729049.04
1544729049.12
1544729049.2
1544729049.27
1544729049.35
1544729049.42
1544729049.5
1544729049.57
1544729049.65
1544729049.71
1544729049.78
1544729049.83
1544729049.89
1544729050.0
1544729050.06
1544729050.13
1544729050.18
1544729050.25
1544729050.31
1544729050.37
1544729050.43
1544729050.5
1544729050.56
1544729050.61
1544729050.65
1544729050.72
1544729050.81
1544729050.88
1544729050.94
1544729051.01
1544729051.08
1544729051.14
1544729051.21
1544729051.28
1544729051.37
1544729051.45
1544729051.52
1544729051.61
1544729051.73
1544729051.8
1544729051.86
1544729051.94
1544729052.0
1544729052.05
1544729052.15
1544729052.21
1544729052.3
1544729052.39
1544729052.45
1544729052.54
1544729052.63
1544729052.71
1544729052.75
1544729052.83
1544729052.91
1544729052.96
1544729053.02
1544729053.08
1544729053.14
1544729053.2
1544729053.26
1544729053.32
1544729053.39
1544729053.45
1544729053.51
1544729053.58
1544729053.64
1544729053.7
1544729053.76
1544729053.83
1544729053.89
1544729053.96
1544729054.02
1544729054.07
1544729054.13
1544729054.19
1544729054.24
1544729054.31
1544729054.37
1544729054.43
1544729054.48
1544729054.54
1544729054.6
1544729054.65
1544729054.72
1544729054.79
1544729054.86
1544729054.94
1544729054.99
1544729055.05
1544729055.16
1544729055.24
1544729055.3
1544729055.38
1544729055.45
1544729055.52
1544729055.6
1544729055.66
1544729055.74
1544729055.8
1544729055.86
1544729055.95
1544729056.03
1544729056.09
1544729056.15
1544729056.22
1544729056.31
1544729056.4
1544729056.45
1544729056.53
1544729056.6
1544729056.66
1544729056.73
1544729056.8
1544729056.89
1544729056.96
1544729057.03
1544729057.12
1544729057.19
1544729057.28
1544729057.35
1544729057.42
1544729057.51
1544729057.58
1544729057.66
1544729057.73
1544729057.81
1544729057.91
1544729057.98
1544729058.09
1544729058.17
1544729058.26
1544729058.35
1544729058.43
1544729058.5
1544729058.59
1544729058.68
1544729058.76
1544729058.83
1544729058.93
1544729059.01
1544729059.09
1544729059.16
1544729059.25
1544729059.35
1544729059.45
1544729059.52
1544729059.6
1544729059.68
1544729059.75
1544729059.83
1544729059.9
1544729059.97
1544729060.06
1544729060.17
1544729060.25
1544729060.3
1544729060.39
1544729060.44
1544729060.53
1544729060.6
1544729060.68
1544729060.73
1544729060.8
1544729060.85
1544729060.93
1544729061.01
1544729061.06
1544729061.13
1544729061.2
1544729061.26
1544729061.33
1544729061.4
1544729061.46
1544729061.53
1544729061.6
1544729061.65
1544729061.73
1544729061.79
1544729061.88
1544729061.97
1544729062.06
1544729062.15
1544729062.23
1544729062.33
1544729062.4
1544729062.5
1544729062.59
1544729062.68
1544729062.76
1544729062.86
1544729062.97
1544729063.06
1544729063.15
1544729063.24
1544729063.34
1544729063.42
1544729063.52
1544729063.58
1544729063.64
1544729063.73
1544729063.81
1544729063.88
1544729063.96
1544729064.02
1544729064.1
1544729064.16
1544729064.24
1544729064.3
1544729064.38
1544729064.47
1544729064.56
1544729064.63
1544729064.72
1544729064.8
1544729064.86
1544729064.95
1544729065.05
1544729065.13
1544729065.2
1544729065.28
1544729065.37
1544729065.43
1544729065.51
1544729065.57
1544729065.64
1544729065.72
1544729065.79
1544729065.88
1544729065.94
1544729066.01
1544729066.09
1544729066.15
1544729066.25
1544729066.33
1544729066.42
1544729066.5
1544729066.54
1544729066.6
1544729066.68
1544729066.73
1544729066.78
1544729066.85
1544729066.9
1544729066.96
1544729067.08
1544729067.14
1544729067.23
1544729067.33
1544729067.42
1544729067.5
1544729067.56
1544729067.67
1544729067.72
1544729067.8
1544729067.87
1544729067.93
1544729068.01
1544729068.08
1544729068.14
1544729068.21
1544729068.27
1544729068.34
1544729068.41
1544729068.47
1544729068.63
1544729068.7
1544729068.75
1544729068.93
1544729069.03
1544729069.1
1544729069.16
1544729069.21
1544729069.28
1544729069.36
1544729069.41
1544729069.5
1544729069.58
1544729069.67
1544729069.74
1544729069.81
1544729069.88
1544729069.95
1544729070.05
1544729070.12
1544729070.21
1544729070.3
1544729070.38
1544729070.47
1544729070.55
1544729070.63
1544729070.72
1544729070.79
1544729070.87
1544729070.95
1544729071.03
1544729071.11
1544729071.2
1544729071.27
1544729071.35
1544729071.43
1544729071.51
1544729071.58
1544729071.65
1544729071.71
1544729071.81
1544729071.96
1544729072.05
1544729072.13
1544729072.21
1544729072.32
1544729072.4
1544729072.46
1544729072.54
1544729072.62
1544729072.69
1544729072.76
1544729072.83
1544729072.91
1544729072.99
1544729073.05
1544729073.13
1544729073.2
1544729073.26
1544729073.36
1544729073.44
1544729073.52
1544729073.59
1544729073.65
1544729073.72
1544729073.8
1544729073.87
1544729073.93
1544729073.99
1544729074.06
1544729074.12
1544729074.18
1544729074.24
1544729074.3
1544729074.34
1544729074.41
1544729074.45
1544729074.52
1544729074.57
1544729074.63
1544729074.69
1544729074.75
1544729074.82
1544729074.88
1544729074.95
1544729075.02
1544729075.15
1544729075.26
1544729075.4
1544729075.5
1544729075.58
1544729075.64
1544729075.74
1544729075.85
1544729075.98
1544729076.06
1544729076.13
1544729076.22
1544729076.3
1544729076.38
1544729076.46
1544729076.52
1544729076.59
1544729076.65
1544729076.72
1544729076.8
1544729076.87
1544729076.94
1544729077.02
1544729077.08
1544729077.16
1544729077.22
1544729077.29
1544729077.36
1544729077.44
1544729077.5
1544729077.58
1544729077.68
1544729077.79
1544729077.9
1544729077.98
1544729078.05
1544729078.13
1544729078.22
1544729078.3
1544729078.38
1544729078.46
1544729078.53
1544729078.61
1544729078.68
1544729078.76
1544729078.82
1544729078.88
1544729078.95
1544729079.01
1544729079.07
1544729079.14
1544729079.22
1544729079.28
1544729079.34
1544729079.41
1544729079.48
1544729079.56
1544729079.64
1544729079.71
1544729079.79
1544729079.86
1544729079.91
1544729079.98
1544729080.09
1544729080.17
1544729080.25
1544729080.33
1544729080.38
1544729080.49
1544729080.58
1544729080.65
1544729080.69
1544729080.76
1544729080.83
1544729080.9
1544729080.97
1544729081.03
1544729081.09
1544729081.15
1544729081.23
1544729081.3
1544729081.37
1544729081.43
1544729081.48
1544729081.54
1544729081.62
1544729081.69
1544729081.77
1544729081.84
1544729081.9
1544729081.99
1544729082.05
1544729082.15
1544729082.23
1544729082.3
1544729082.38
1544729082.44
1544729082.52
1544729082.6
1544729082.66
1544729082.73
1544729082.77
1544729082.83
1544729082.89
1544729082.96
1544729083.01
1544729083.07
1544729083.13
1544729083.2
1544729083.26
1544729083.31
1544729083.37
1544729083.45
1544729083.5
1544729083.57
1544729083.64
1544729083.71
1544729083.77
1544729083.85
1544729083.91
1544729083.98
1544729084.03
1544729084.09
1544729084.14
1544729084.19
1544729084.25
1544729084.31
1544729084.41
1544729084.5
1544729084.55
1544729084.66
1544729084.71
1544729084.78
1544729084.85
1544729084.91
1544729084.99
1544729085.09
1544729085.18
1544729085.26
1544729085.39
1544729085.53
1544729085.59
1544729085.65
1544729085.71
1544729085.79
1544729085.85
1544729085.94
1544729086.04
1544729086.1
1544729086.14
1544729086.21
1544729086.27
1544729086.32
1544729086.39
1544729086.45
1544729086.5
1544729086.54
1544729086.62
1544729086.7
1544729086.77
1544729086.85
1544729086.91
1544729086.98
1544729087.09
1544729087.18
1544729087.26
1544729087.34
1544729087.42
1544729087.49
1544729087.56
1544729087.63
1544729087.69
1544729087.74
1544729087.81
1544729087.88
1544729087.93
1544729087.99
1544729088.06
1544729088.13
1544729088.21
1544729088.32
1544729088.42
1544729088.48
1544729088.55
1544729088.67
1544729088.75
1544729088.86
1544729088.94
1544729089.02
1544729089.09
1544729089.16
1544729089.23
1544729089.3
1544729089.36
1544729089.43
1544729089.5
1544729089.56
1544729089.61
1544729089.66
1544729089.73
1544729089.81
1544729089.87
1544729089.94
1544729090.05
1544729090.11
1544729090.16
1544729090.26
1544729090.38
1544729090.48
1544729090.57
1544729090.66
1544729090.71
1544729090.79
1544729090.89
1544729090.95
1544729091.03
1544729091.09
1544729091.13
1544729091.22
1544729091.29
1544729091.36
1544729091.42
1544729091.51
1544729091.58
1544729091.64
1544729091.71
1544729091.78
1544729091.85
1544729091.92
1544729091.98
1544729092.06
1544729092.12
1544729092.16
1544729092.21
1544729092.26
1544729092.32
1544729092.35
1544729092.41
1544729092.46
1544729092.51
1544729092.56
1544729092.68
1544729092.79
1544729092.88
1544729092.95
1544729093.06
1544729093.15
1544729093.24
1544729093.3
1544729093.37
1544729093.49
1544729093.55
1544729093.63
1544729093.71
1544729093.8
1544729093.87
1544729093.93
1544729094.0
1544729094.08
1544729094.14
1544729094.24
1544729094.33
1544729094.42
1544729094.5
1544729094.58
1544729094.65
1544729094.74
1544729094.81
1544729094.88
1544729094.95
1544729095.02
1544729095.11
1544729095.17
1544729095.26
1544729095.32
1544729095.4
1544729095.46
1544729095.53
1544729095.61
1544729095.67
1544729095.75
1544729095.83
1544729095.89
1544729095.96
1544729096.04
1544729096.1
1544729096.15
1544729096.22
1544729096.31
1544729096.38
1544729096.47
1544729096.58
1544729096.65
1544729096.71
1544729096.78
1544729096.88
1544729096.97
1544729097.03
1544729097.17
1544729097.3
1544729097.42
1544729097.53
1544729097.61
1544729097.71
1544729097.83
1544729097.92
1544729098.01
1544729098.08
1544729098.14
1544729098.25
1544729098.34
1544729098.41
1544729098.49
1544729098.55
1544729098.64
1544729098.75
1544729098.84
1544729098.92
1544729099.07
1544729099.19
1544729099.29
1544729099.38
1544729099.46
1544729099.54
1544729099.6
1544729099.64
1544729099.69
1544729099.75
1544729099.86
1544729099.95
1544729100.06
1544729100.15
1544729100.23
1544729100.31
1544729100.38
1544729100.43
1544729100.52
1544729100.62
1544729100.72
1544729100.84
1544729100.93
1544729100.99
1544729101.07
1544729101.14
1544729101.21
1544729101.28
1544729101.36
1544729101.43
1544729101.51
1544729101.59
1544729101.67
1544729101.77
1544729101.85
1544729101.92
1544729102.01
1544729102.11
1544729102.2
1544729102.3
1544729102.37
1544729102.44
1544729102.53
1544729102.64
1544729102.74
1544729102.82
1544729102.9
1544729102.96
1544729103.06
1544729103.14
1544729103.24
1544729103.31
1544729103.38
1544729103.48
1544729103.54
1544729103.58
1544729103.64
1544729103.7
1544729103.77
1544729103.83
1544729103.89
1544729103.95
1544729104.01
1544729104.05
1544729104.15
1544729104.22
1544729104.33
1544729104.41
1544729104.49
1544729104.57
1544729104.63
1544729104.69
1544729104.85
1544729104.95
1544729105.03
1544729105.15
1544729105.26
1544729105.38
1544729105.45
1544729105.54
1544729105.61
1544729105.69
1544729105.75
1544729105.81
1544729105.91
1544729105.97
1544729106.05
1544729106.12
1544729106.19
1544729106.26
1544729106.34
1544729106.42
1544729106.5
1544729106.58
1544729106.66
1544729106.74
1544729106.83
1544729106.91
1544729107.0
1544729107.1
1544729107.18
1544729107.25
1544729107.33
1544729107.41
1544729107.48
1544729107.56
1544729107.64
1544729107.71
1544729107.79
1544729107.86
1544729107.93
1544729108.01
1544729108.07
1544729108.14
1544729108.2
1544729108.27
1544729108.34
1544729108.41
1544729108.47
1544729108.53
1544729108.6
1544729108.69
1544729108.75
1544729108.81
1544729108.89
1544729108.94
1544729109.0
1544729109.06
1544729109.15
1544729109.21
1544729109.29
1544729109.35
1544729109.4
1544729109.46
1544729109.53
1544729109.58
1544729109.64
1544729109.7
1544729109.79
1544729109.88
1544729109.97
1544729110.05
1544729110.12
1544729110.17
1544729110.23
1544729110.28
1544729110.33
1544729110.39
1544729110.45
1544729110.51
1544729110.57
1544729110.64
1544729110.71
1544729110.78
1544729110.86
1544729110.93
1544729111.01
1544729111.09
1544729111.15
1544729111.23
1544729111.31
1544729111.37
1544729111.46
1544729111.53
1544729111.6
1544729111.68
1544729111.74
1544729111.82
1544729111.91
1544729111.96
1544729112.05
1544729112.13
1544729112.2
1544729112.29
1544729112.35
1544729112.44
1544729112.53
1544729112.6
1544729112.65
1544729112.74
1544729112.83
1544729112.9
1544729112.96
1544729113.05
1544729113.11
1544729113.23
1544729113.31
1544729113.37
1544729113.48
1544729113.55
1544729113.66
1544729113.75
1544729113.85
1544729113.93
1544729114.01
1544729114.09
1544729114.19
1544729114.27
1544729114.36
1544729114.43
1544729114.5
1544729114.55
1544729114.63
1544729114.71
1544729114.78
1544729114.89
1544729114.95
1544729115.05
1544729115.13
1544729115.2
1544729115.3
1544729115.43
1544729115.54
1544729115.63
1544729115.75
1544729115.83
1544729115.9
1544729116.0
1544729116.17
1544729116.26
1544729116.35
1544729116.44
1544729116.52
1544729116.58
1544729116.65
1544729116.72
1544729116.79
1544729116.84
1544729116.91
1544729117.0
1544729117.07
1544729117.15
1544729117.25
1544729117.34
1544729117.43
1544729117.51
1544729117.59
1544729117.66
1544729117.73
1544729117.76
1544729117.83
1544729117.9
1544729117.93
1544729117.98
1544729118.06
1544729118.15
1544729118.25
1544729118.32
1544729118.41
1544729118.48
1544729118.55
1544729118.61
1544729118.68
1544729118.74
1544729118.81
1544729118.88
1544729118.93
1544729119.03
1544729119.12
1544729119.19
1544729119.27
1544729119.34
1544729119.42
1544729119.47
1544729119.55
1544729119.63
1544729119.71
1544729119.84
1544729119.95
1544729120.04
1544729120.12
1544729120.19
1544729120.25
1544729120.33
1544729120.41
1544729120.49
1544729120.6
1544729120.71
1544729120.83
1544729120.91
1544729121.0
1544729121.06
1544729121.13
1544729121.2
1544729121.26
1544729121.32
1544729121.39
1544729121.45
1544729121.51
1544729121.57
1544729121.64
1544729121.7
1544729121.77
1544729121.85
1544729121.94
1544729122.01
1544729122.05
1544729122.16
1544729122.27
1544729122.35
1544729122.48
1544729122.6
1544729122.69
1544729122.79
1544729122.9
1544729122.98
1544729123.07
1544729123.17
1544729123.28
1544729123.38
1544729123.49
1544729123.59
1544729123.7
1544729123.81
1544729123.91
1544729124.01
1544729124.1
1544729124.16
1544729124.22
1544729124.3
1544729124.37
1544729124.46
1544729124.52
1544729124.6
1544729124.7
1544729124.8
1544729124.88
1544729124.99
1544729125.07
1544729125.17
1544729125.26
1544729125.35
1544729125.45
1544729125.55
1544729125.64
1544729125.71
1544729125.77
1544729125.85
1544729125.95
1544729126.03
1544729126.1
1544729126.18
1544729126.27
1544729126.35
1544729126.43
1544729126.52
1544729126.58
1544729126.67
1544729126.77
1544729126.87
1544729126.95
1544729127.05
1544729127.15
1544729127.22
1544729127.3
1544729127.38
1544729127.45
1544729127.51
1544729127.59
1544729127.65
1544729127.72
1544729127.8
1544729127.86
1544729127.92
1544729127.99
1544729128.05
1544729128.12
1544729128.17
1544729128.24
1544729128.3
1544729128.36
1544729128.42
1544729128.48
1544729128.54
1544729128.65
1544729128.73
1544729128.82
1544729128.89
1544729128.95
1544729129.05
1544729129.11
1544729129.19
1544729129.25
1544729129.31
1544729129.37
1544729129.44
1544729129.51
1544729129.57
1544729129.66
1544729129.71
1544729129.77
1544729129.86
1544729129.93
1544729130.03
1544729130.1
1544729130.17
1544729130.25
1544729130.33
1544729130.4
1544729130.47
1544729130.54
1544729130.62
1544729130.7
1544729130.78
1544729130.9
1544729130.95
1544729131.02
1544729131.08
1544729131.19
1544729131.28
1544729131.35
1544729131.43
1544729131.52
1544729131.59
1544729131.68
1544729131.76
1544729131.86
1544729131.96
1544729132.04
1544729132.13
1544729132.22
1544729132.3
1544729132.37
1544729132.45
1544729132.53
1544729132.64
1544729132.74
1544729132.84
1544729132.93
1544729133.01
1544729133.1
1544729133.17
1544729133.26
1544729133.36
1544729133.43
1544729133.54
1544729133.61
1544729133.7
1544729133.78
1544729133.85
1544729133.92
1544729134.0
1544729134.05
1544729134.11
1544729134.2
1544729134.27
1544729134.36
1544729134.46
1544729134.56
1544729134.66
1544729134.74
1544729134.81
1544729134.88
1544729135.01
1544729135.12
1544729135.23
1544729135.35
1544729135.45
1544729135.51
1544729135.58
1544729135.63
1544729135.69
1544729135.79
1544729135.88
1544729135.97
1544729136.1
1544729136.16
1544729136.25
1544729136.33
1544729136.42
1544729136.52
1544729136.65
1544729136.74
1544729136.88
1544729136.97
1544729137.06
1544729137.12
1544729137.2
1544729137.3
1544729137.39
1544729137.48
1544729137.55
1544729137.65
1544729137.74
1544729137.85
1544729137.93
1544729138.04
1544729138.13
1544729138.21
1544729138.31
1544729138.39
1544729138.46
1544729138.6
1544729138.7
1544729138.79
1544729138.86
1544729138.96
1544729139.03
1544729139.12
1544729139.19
1544729139.3
1544729139.38
1544729139.48
1544729139.52
1544729139.59
1544729139.69
1544729139.76
1544729139.85
1544729139.95
1544729140.06
1544729140.15
1544729140.3
1544729140.4
1544729140.52
1544729140.59
1544729140.68
1544729140.75
1544729140.87
1544729140.93
1544729141.0
1544729141.1
1544729141.17
1544729141.29
1544729141.39
1544729141.5
1544729141.59
1544729141.68
1544729141.76
1544729141.87
1544729141.94
1544729142.03
1544729142.13
1544729142.19
1544729142.26
1544729142.34
1544729142.39
1544729142.45
1544729142.54
1544729142.62
1544729142.69
1544729142.79
1544729142.87
1544729142.96
1544729143.02
1544729143.13
1544729143.23
1544729143.33
1544729143.41
1544729143.5
1544729143.57
1544729143.66
1544729143.73
1544729143.81
1544729143.89
1544729143.97
1544729144.06
1544729144.16
1544729144.23
1544729144.29
1544729144.36
1544729144.45
1544729144.53
1544729144.6
1544729144.65
1544729144.73
1544729144.8
1544729144.85
1544729144.92
1544729145.0
1544729145.09
1544729145.17
1544729145.25
1544729145.34
1544729145.42
1544729145.51
1544729145.59
1544729145.69
1544729145.79
1544729145.88
1544729145.98
1544729146.07
1544729146.16
1544729146.24
1544729146.33
1544729146.41
1544729146.49
1544729146.58
1544729146.65
1544729146.74
1544729146.81
1544729146.89
1544729146.96
1544729147.05
1544729147.13
1544729147.19
1544729147.32
1544729147.41
1544729147.49
1544729147.54
1544729147.58
1544729147.7
1544729147.77
1544729147.88
1544729147.98
1544729148.05
1544729148.14
1544729148.23
1544729148.3
1544729148.41
1544729148.54
1544729148.61
1544729148.71
1544729148.78
1544729148.89
1544729148.97
1544729149.05
1544729149.13
1544729149.2
1544729149.28
1544729149.35
1544729149.43
1544729149.52
1544729149.61
1544729149.66
1544729149.75
1544729149.84
1544729149.93
1544729150.0
1544729150.07
1544729150.12
1544729150.21
1544729150.28
1544729150.35
1544729150.42
1544729150.48
1544729150.53
1544729150.59
1544729150.66
1544729150.72
1544729150.77
1544729150.84
1544729150.9
1544729150.96
1544729151.02
1544729151.08
1544729151.13
1544729151.2
1544729151.24
1544729151.31
1544729151.4
1544729151.46
1544729151.54
1544729151.62
1544729151.7
1544729151.77
1544729151.85
1544729151.92
1544729151.99
1544729152.07
1544729152.13
1544729152.2
1544729152.27
1544729152.36
1544729152.43
1544729152.51
1544729152.58
1544729152.66
1544729152.73
1544729152.81
1544729152.88
1544729152.95
1544729153.02
1544729153.1
1544729153.17
1544729153.25
1544729153.33
1544729153.41
1544729153.48
1544729153.56
1544729153.64
1544729153.7
1544729153.79
1544729153.86
1544729153.94
1544729154.0
1544729154.08
1544729154.17
1544729154.25
1544729154.34
1544729154.42
1544729154.48
1544729154.56
1544729154.64
1544729154.72
1544729154.79
1544729154.85
1544729154.94
1544729155.02
1544729155.1
1544729155.17
1544729155.26
1544729155.36
1544729155.49
1544729155.55
1544729155.62
1544729155.69
1544729155.75
1544729155.82
1544729155.89
1544729155.95
1544729156.03
1544729156.1
1544729156.19
1544729156.3
1544729156.38
1544729156.45
1544729156.53
1544729156.6
1544729156.68
1544729156.74
1544729156.8
1544729156.93
1544729157.0
1544729157.08
1544729157.16
1544729157.24
1544729157.32
1544729157.39
1544729157.46
1544729157.53
1544729157.62
1544729157.69
1544729157.76
1544729157.85
1544729157.93
1544729158.0
1544729158.07
1544729158.14
1544729158.2
1544729158.23
1544729158.3
1544729158.38
1544729158.46
1544729158.59
1544729158.7
1544729158.8
1544729158.88
1544729159.0
1544729159.11
1544729159.21
1544729159.3
1544729159.41
1544729159.51
1544729159.57
1544729159.64
1544729159.69
1544729159.74
1544729159.83
1544729159.91
1544729160.0
1544729160.09
1544729160.23
1544729160.3
1544729160.37
1544729160.45
1544729160.51
1544729160.56
1544729160.62
1544729160.7
1544729160.78
1544729160.85
1544729160.97
1544729161.06
1544729161.13
1544729161.18
1544729161.25
1544729161.31
1544729161.37
1544729161.49
1544729161.62
1544729161.82
1544729161.92
1544729161.98
1544729162.08
1544729162.15
1544729162.27
1544729162.4
1544729162.48
1544729162.55
1544729162.67
1544729162.77
1544729162.88
1544729162.95
1544729163.05
1544729163.12
1544729163.21
1544729163.3
1544729163.38
1544729163.48
1544729163.58
1544729163.67
1544729163.74
1544729163.81
1544729163.86
1544729163.93
1544729163.98
1544729164.05
1544729164.11
1544729164.16
1544729164.27
1544729164.4
1544729164.48
1544729164.55
1544729164.66
1544729164.74
1544729164.79
1544729164.89
1544729164.95
1544729165.07
1544729165.14
1544729165.28
1544729165.38
1544729165.46
1544729165.53
1544729165.6
1544729165.68
1544729165.75
1544729165.81
1544729165.9
1544729165.94
1544729166.02
1544729166.06
1544729166.12
1544729166.19
1544729166.25
1544729166.31
1544729166.37
1544729166.41
1544729166.49
1544729166.55
1544729166.65
1544729166.75
1544729166.85
1544729166.96
1544729167.02
1544729167.15
1544729167.25
1544729167.33
1544729167.42
1544729167.53
1544729167.6
1544729167.65
1544729167.72
1544729167.8
1544729167.85
1544729167.94
1544729168.04
1544729168.12
1544729168.2
1544729168.28
1544729168.36
1544729168.43
1544729168.51
1544729168.63
1544729168.75
1544729168.83
1544729168.92
1544729169.01
1544729169.1
1544729169.19
1544729169.3
1544729169.39
1544729169.48
1544729169.55
1544729169.62
1544729169.67
1544729169.73
1544729169.78
1544729169.86
1544729169.9
1544729169.98
1544729170.05
1544729170.09
1544729170.16
1544729170.22
1544729170.3
1544729170.37
1544729170.44
1544729170.52
1544729170.58
1544729170.67
1544729170.74
1544729170.82
1544729170.88
1544729170.95
1544729171.02
1544729171.1
1544729171.17
1544729171.24
1544729171.31
1544729171.38
1544729171.44
1544729171.51
1544729171.57
1544729171.63
1544729171.69
1544729171.75
1544729171.86
1544729171.98
1544729172.09
1544729172.17
1544729172.23
1544729172.3
1544729172.37
1544729172.48
1544729172.55
1544729172.66
1544729172.76
1544729172.86
1544729172.95
1544729173.07
1544729173.16
1544729173.25
1544729173.32
1544729173.45
1544729173.53
1544729173.61
1544729173.69
1544729173.76
1544729173.84
1544729173.93
1544729174.02
1544729174.09
1544729174.18
1544729174.25
1544729174.31
1544729174.39
1544729174.49
1544729174.57
1544729174.66
1544729174.74
1544729174.82
1544729174.9
1544729174.99
1544729175.08
1544729175.16
1544729175.26
1544729175.35
1544729175.46
1544729175.56
1544729175.65
1544729175.73
1544729175.81
1544729175.9
1544729175.94
1544729176.03
1544729176.16
1544729176.32
1544729176.47
1544729176.6
1544729176.72
1544729176.82
1544729177.02
1544729177.1
1544729177.25
1544729177.33
1544729177.44
1544729177.52
1544729177.58
1544729177.63
1544729177.72
1544729177.8
1544729177.89
1544729177.96
1544729178.03
1544729178.1
1544729178.15
1544729178.28
1544729178.35
1544729178.44
1544729178.53
1544729178.59
1544729178.66
1544729178.72
1544729178.79
1544729178.86
1544729178.93
1544729178.99
1544729179.05
1544729179.14
1544729179.23
1544729179.3
1544729179.38
1544729179.49
1544729179.55
1544729179.66
1544729179.73
1544729179.8
1544729179.86
1544729179.96
1544729180.04
1544729180.11
1544729180.16
1544729180.28
1544729180.37
1544729180.49
1544729180.54
1544729180.58
1544729180.72
1544729180.82
1544729180.9
1544729180.97
1544729181.05
1544729181.13
1544729181.2
1544729181.27
1544729181.34
1544729181.42
1544729181.51
1544729181.57
1544729181.65
1544729181.73
1544729181.84
1544729181.94
1544729182.04
1544729182.15
1544729182.25
1544729182.35
1544729182.44
1544729182.52
1544729182.61
1544729182.69
1544729182.76
1544729182.84
1544729182.94
1544729183.03
1544729183.11
1544729183.21
1544729183.29
1544729183.38
1544729183.46
1544729183.6
1544729183.72
1544729183.82
1544729183.92
1544729184.01
1544729184.1
1544729184.19
1544729184.29
1544729184.38
1544729184.46
1544729184.55
1544729184.69
1544729184.8
1544729184.9
1544729184.99
1544729185.11
1544729185.23
1544729185.36
1544729185.44
1544729185.6
1544729185.73
1544729185.83
1544729185.92
1544729186.1
1544729186.23
1544729186.35
1544729186.44
1544729186.53
1544729186.6
1544729186.74
1544729186.85
1544729187.04
1544729187.28
1544729187.44
1544729187.54
1544729187.65
1544729187.74
1544729187.83
1544729187.9
1544729188.0
1544729188.09
1544729188.17
1544729188.31
1544729188.44
1544729188.58
1544729188.69
1544729188.78
1544729188.86
1544729188.93
1544729189.01
1544729189.06
1544729189.16
1544729189.22
1544729189.3
1544729189.36
1544729189.49
1544729189.58
1544729189.69
1544729189.78
1544729189.87
1544729189.98
1544729190.05
1544729190.13
1544729190.21
1544729190.29
1544729190.36
1544729190.43
1544729190.49
1544729190.56
1544729190.64
1544729190.73
1544729190.81
1544729190.89
1544729190.98
