1544801693.0
1544801693.44
1544801693.5
1544801693.55
1544801693.6
1544801693.66
1544801693.7
1544801693.76
1544801693.83
1544801693.9
1544801693.97
1544801694.03
1544801694.1
1544801694.18
1544801694.23
1544801694.3
1544801694.36
1544801694.41
1544801694.45
1544801694.5
1544801694.55
1544801694.59
1544801694.64
1544801694.7
1544801694.76
1544801694.8
1544801694.84
1544801694.9
1544801694.97
1544801695.01
1544801695.05
1544801695.11
1544801695.17
1544801695.22
1544801695.27
1544801695.33
1544801695.39
1544801695.45
1544801695.5
1544801695.57
1544801695.62
1544801695.67
1544801695.72
1544801695.79
1544801695.83
1544801695.88
1544801695.92
1544801695.97
1544801696.01
1544801696.07
1544801696.1
1544801696.14
1544801696.18
1544801696.21
1544801696.26
1544801696.29
1544801696.33
1544801696.38
1544801696.44
1544801696.51
1544801696.57
1544801696.62
1544801696.68
1544801696.73
1544801696.79
1544801696.85
1544801696.91
1544801696.96
1544801696.99
1544801697.02
1544801697.07
1544801697.12
1544801697.17
1544801697.21
1544801697.24
1544801697.29
1544801697.34
1544801697.38
1544801697.41
1544801697.45
1544801697.5
1544801697.54
1544801697.59
1544801697.63
1544801697.67
1544801697.72
1544801697.77
1544801697.8
1544801697.85
1544801697.9
1544801697.95
1544801697.99
1544801698.02
1544801698.06
1544801698.11
1544801698.16
1544801698.2
1544801698.23
1544801698.26
1544801698.31
1544801698.36
1544801698.4
1544801698.43
1544801698.48
1544801698.52
1544801698.57
1544801698.61
1544801698.65
1544801698.71
1544801698.76
1544801698.79
1544801698.82
1544801698.87
1544801698.91
1544801698.96
1544801699.0
1544801699.04
1544801699.13
1544801699.17
1544801699.21
1544801699.25
1544801699.32
1544801699.37
1544801699.41
1544801699.45
1544801699.49
1544801699.52
1544801699.56
1544801699.6
1544801699.63
1544801699.67
1544801699.71
1544801699.76
1544801699.79
1544801699.82
1544801699.85
1544801699.89
1544801699.92
1544801699.97
1544801700.0
1544801700.03
1544801700.09
1544801700.12
1544801700.16
1544801700.19
1544801700.23
1544801700.27
1544801700.34
1544801700.38
1544801700.42
1544801700.46
1544801700.52
1544801700.58
1544801700.61
1544801700.65
1544801700.71
1544801700.77
1544801700.8
1544801700.83
1544801700.89
1544801700.94
1544801700.98
1544801701.01
1544801701.04
1544801701.14
1544801701.19
1544801701.23
1544801701.29
1544801701.36
1544801701.4
1544801701.43
1544801701.48
1544801701.54
1544801701.58
1544801701.62
1544801701.66
1544801701.72
1544801701.77
1544801701.82
1544801701.87
1544801701.94
1544801701.99
1544801702.02
1544801702.06
1544801702.1
1544801702.14
1544801702.18
1544801702.22
1544801702.26
1544801702.34
1544801702.38
1544801702.42
1544801702.46
1544801702.56
1544801702.6
1544801702.64
1544801702.68
1544801702.72
1544801702.77
1544801702.8
1544801702.84
1544801702.89
1544801702.94
1544801702.99
1544801703.02
1544801703.06
1544801703.11
1544801703.18
1544801703.21
1544801703.26
1544801703.34
1544801703.38
1544801703.41
1544801703.44
1544801703.5
1544801703.57
1544801703.6
1544801703.64
1544801703.68
1544801703.72
1544801703.77
1544801703.81
1544801703.85
1544801703.91
1544801703.95
1544801703.99
1544801704.02
1544801704.07
1544801704.14
1544801704.18
1544801704.22
1544801704.26
1544801704.33
1544801704.38
1544801704.41
1544801704.45
1544801704.49
1544801704.55
1544801704.59
1544801704.62
1544801704.66
1544801704.69
1544801704.73
1544801704.8
1544801704.83
1544801704.88
1544801704.92
1544801704.97
1544801705.01
1544801705.05
1544801705.13
1544801705.19
1544801705.23
1544801705.27
1544801705.32
1544801705.37
1544801705.4
1544801705.44
1544801705.49
1544801705.53
1544801705.59
1544801705.62
1544801705.66
1544801705.73
1544801705.78
1544801705.81
1544801705.84
1544801705.9
1544801705.96
1544801706.0
1544801706.03
1544801706.07
1544801706.13
1544801706.18
1544801706.22
1544801706.26
1544801706.32
1544801706.38
1544801706.41
1544801706.46
1544801706.56
1544801706.6
1544801706.63
1544801706.68
1544801706.71
1544801706.76
1544801706.8
1544801706.83
1544801706.87
1544801706.91
1544801706.96
1544801707.0
1544801707.03
1544801707.08
1544801707.13
1544801707.18
1544801707.22
1544801707.26
1544801707.33
1544801707.38
1544801707.41
1544801707.45
1544801707.49
1544801707.56
1544801707.6
1544801707.64
1544801707.68
1544801707.72
1544801707.77
1544801707.81
1544801707.85
1544801707.9
1544801707.94
1544801708.0
1544801708.04
1544801708.1
1544801708.15
1544801708.2
1544801708.24
1544801708.29
1544801708.34
1544801708.39
1544801708.44
1544801708.49
1544801708.54
1544801708.6
1544801708.64
1544801708.69
1544801708.73
1544801708.78
1544801708.82
1544801708.87
1544801708.91
1544801708.96
1544801709.01
1544801709.06
1544801709.11
1544801709.16
1544801709.21
1544801709.26
1544801709.31
1544801709.36
1544801709.41
1544801709.46
1544801709.51
1544801709.56
1544801709.62
1544801709.68
1544801709.73
1544801709.79
1544801709.83
1544801709.9
1544801709.96
1544801710.02
1544801710.07
1544801710.1
1544801710.13
1544801710.17
1544801710.22
1544801710.28
1544801710.36
1544801710.41
1544801710.46
1544801710.5
1544801710.54
1544801710.58
1544801710.62
1544801710.67
1544801710.72
1544801710.77
1544801710.8
1544801710.84
1544801710.89
1544801710.93
1544801710.98
1544801711.03
1544801711.07
1544801711.13
1544801711.18
1544801711.22
1544801711.26
1544801711.31
1544801711.37
1544801711.41
1544801711.45
1544801711.5
1544801711.54
1544801711.58
1544801711.62
1544801711.65
1544801711.71
1544801711.76
1544801711.8
1544801711.84
1544801711.89
1544801711.93
1544801711.98
1544801712.01
1544801712.05
1544801712.11
1544801712.16
1544801712.19
1544801712.22
1544801712.25
1544801712.29
1544801712.37
1544801712.41
1544801712.44
1544801712.49
1544801712.55
1544801712.59
1544801712.64
1544801712.69
1544801712.75
1544801712.79
1544801712.82
1544801712.86
1544801712.92
1544801712.97
1544801713.0
1544801713.04
1544801713.08
1544801713.12
1544801713.18
1544801713.22
1544801713.26
1544801713.31
1544801713.37
1544801713.4
1544801713.44
1544801713.49
1544801713.53
1544801713.59
1544801713.62
1544801713.66
1544801713.72
1544801713.77
1544801713.81
1544801713.84
1544801713.88
1544801713.93
1544801713.99
1544801714.03
1544801714.08
1544801714.13
1544801714.17
1544801714.21
1544801714.24
1544801714.3
1544801714.36
1544801714.41
1544801714.44
1544801714.48
1544801714.53
1544801714.58
1544801714.61
1544801714.64
1544801714.69
1544801714.73
1544801714.77
1544801714.8
1544801714.83
1544801714.88
1544801714.93
1544801714.97
1544801715.01
1544801715.05
1544801715.1
1544801715.14
1544801715.19
1544801715.22
1544801715.26
1544801715.3
1544801715.35
1544801715.4
1544801715.44
1544801715.49
1544801715.53
1544801715.59
1544801715.63
1544801715.69
1544801715.74
1544801715.8
1544801715.83
1544801715.88
1544801715.92
1544801715.97
1544801716.02
1544801716.07
1544801716.12
1544801716.17
1544801716.21
1544801716.24
1544801716.3
1544801716.34
1544801716.4
1544801716.44
1544801716.51
1544801716.57
1544801716.62
1544801716.67
1544801716.72
1544801716.77
1544801716.8
1544801716.84
1544801716.89
1544801716.94
1544801716.99
1544801717.04
1544801717.09
1544801717.13
1544801717.18
1544801717.23
1544801717.29
1544801717.34
1544801717.4
1544801717.45
1544801717.51
1544801717.56
1544801717.6
1544801717.64
1544801717.7
1544801717.74
1544801717.8
1544801717.84
1544801717.9
1544801717.96
1544801718.01
1544801718.05
1544801718.11
1544801718.15
1544801718.2
1544801718.26
1544801718.3
1544801718.35
1544801718.4
1544801718.44
1544801718.49
1544801718.53
1544801718.59
1544801718.65
1544801718.72
1544801718.77
1544801718.84
1544801718.87
1544801718.91
1544801718.94
1544801718.98
1544801719.06
1544801719.1
1544801719.14
1544801719.18
1544801719.22
1544801719.28
1544801719.31
1544801719.35
1544801719.39
1544801719.43
1544801719.47
1544801719.52
1544801719.57
1544801719.62
1544801719.67
1544801719.71
1544801719.74
1544801719.8
1544801719.85
1544801719.89
1544801719.93
1544801719.97
1544801720.03
1544801720.09
1544801720.12
1544801720.17
1544801720.21
1544801720.25
1544801720.29
1544801720.32
1544801720.39
1544801720.46
1544801720.51
1544801720.56
1544801720.63
1544801720.68
1544801720.72
1544801720.77
1544801720.81
1544801720.86
1544801720.9
1544801720.93
1544801720.97
1544801721.05
1544801721.1
1544801721.13
1544801721.19
1544801721.26
1544801721.3
1544801721.33
1544801721.4
1544801721.47
1544801721.5
1544801721.54
1544801721.6
1544801721.67
1544801721.7
1544801721.74
1544801721.82
1544801721.88
1544801721.92
1544801721.97
1544801722.02
1544801722.07
1544801722.11
1544801722.16
1544801722.21
1544801722.26
1544801722.29
1544801722.32
1544801722.36
1544801722.42
1544801722.47
1544801722.5
1544801722.53
1544801722.57
1544801722.62
1544801722.66
1544801722.7
1544801722.73
1544801722.78
1544801722.84
1544801722.89
1544801722.93
1544801722.97
1544801723.01
1544801723.06
1544801723.1
1544801723.13
1544801723.18
1544801723.22
1544801723.27
1544801723.31
1544801723.35
1544801723.4
1544801723.47
1544801723.51
1544801723.54
1544801723.61
1544801723.66
1544801723.7
1544801723.74
1544801723.81
1544801723.87
1544801723.91
1544801723.96
1544801724.01
1544801724.07
1544801724.11
1544801724.16
1544801724.2
1544801724.24
1544801724.3
1544801724.33
1544801724.36
1544801724.42
1544801724.47
1544801724.52
1544801724.56
1544801724.6
1544801724.67
1544801724.71
1544801724.75
1544801724.79
1544801724.84
1544801724.89
1544801724.92
1544801724.96
1544801725.01
1544801725.06
1544801725.1
1544801725.14
1544801725.19
1544801725.26
1544801725.3
1544801725.36
1544801725.41
1544801725.46
1544801725.5
1544801725.54
1544801725.6
1544801725.67
1544801725.71
1544801725.75
1544801725.81
1544801725.87
1544801725.91
1544801725.94
1544801725.99
1544801726.07
1544801726.1
1544801726.13
1544801726.17
1544801726.22
1544801726.27
1544801726.3
1544801726.34
1544801726.37
1544801726.44
1544801726.49
1544801726.53
1544801726.58
1544801726.62
1544801726.67
1544801726.71
1544801726.74
1544801726.79
1544801726.84
1544801726.88
1544801726.92
1544801726.97
1544801727.02
1544801727.06
1544801727.09
1544801727.12
1544801727.16
1544801727.22
1544801727.28
1544801727.31
1544801727.36
1544801727.4
1544801727.46
1544801727.5
1544801727.53
1544801727.58
1544801727.66
1544801727.69
1544801727.72
1544801727.76
1544801727.84
1544801727.89
1544801727.93
1544801727.98
1544801728.02
1544801728.07
1544801728.11
1544801728.14
1544801728.21
1544801728.26
1544801728.29
1544801728.33
1544801728.36
1544801728.43
1544801728.47
1544801728.51
1544801728.56
1544801728.64
1544801728.69
1544801728.73
1544801728.79
1544801728.85
1544801728.9
1544801728.94
1544801728.99
1544801729.03
1544801729.07
1544801729.12
1544801729.16
1544801729.2
1544801729.27
1544801729.33
1544801729.39
1544801729.44
1544801729.5
1544801729.56
1544801729.6
1544801729.65
1544801729.7
1544801729.75
1544801729.8
1544801729.86
1544801729.91
1544801729.96
1544801730.02
1544801730.07
1544801730.11
1544801730.15
1544801730.2
1544801730.24
1544801730.3
1544801730.34
1544801730.38
1544801730.43
1544801730.48
1544801730.54
1544801730.59
1544801730.64
1544801730.7
1544801730.76
1544801730.82
1544801730.88
1544801730.94
1544801731.01
1544801731.07
1544801731.13
1544801731.2
1544801731.25
1544801731.3
1544801731.35
1544801731.39
1544801731.44
1544801731.5
1544801731.54
1544801731.6
1544801731.66
1544801731.7
1544801731.75
1544801731.79
1544801731.83
1544801731.88
1544801731.92
1544801731.96
1544801732.01
1544801732.05
1544801732.09
1544801732.12
1544801732.18
1544801732.24
1544801732.31
1544801732.38
1544801732.44
1544801732.52
1544801732.58
1544801732.65
1544801732.72
1544801732.8
1544801732.87
1544801732.93
1544801733.0
1544801733.07
1544801733.13
1544801733.2
1544801733.27
1544801733.33
1544801733.38
1544801733.42
1544801733.48
1544801733.52
1544801733.57
1544801733.62
1544801733.67
1544801733.73
1544801733.78
1544801733.82
1544801733.88
1544801733.93
1544801733.99
1544801734.06
1544801734.11
1544801734.17
1544801734.21
1544801734.26
1544801734.31
1544801734.37
1544801734.42
1544801734.48
1544801734.53
1544801734.59
1544801734.64
1544801734.68
1544801734.72
1544801734.77
1544801734.81
1544801734.87
1544801734.91
1544801734.95
1544801734.99
1544801735.04
1544801735.08
1544801735.12
1544801735.15
1544801735.21
1544801735.27
1544801735.31
1544801735.35
1544801735.41
1544801735.46
1544801735.5
1544801735.54
1544801735.58
1544801735.64
1544801735.69
1544801735.72
1544801735.76
1544801735.81
1544801735.87
1544801735.91
1544801735.94
1544801736.01
1544801736.06
1544801736.12
1544801736.16
1544801736.22
1544801736.28
1544801736.31
1544801736.35
1544801736.41
1544801736.47
1544801736.51
1544801736.55
1544801736.61
1544801736.66
1544801736.71
1544801736.75
1544801736.79
1544801736.83
1544801736.87
1544801736.91
1544801736.95
1544801737.0
1544801737.06
1544801737.1
1544801737.14
1544801737.19
1544801737.27
1544801737.31
1544801737.34
1544801737.39
1544801737.43
1544801737.48
1544801737.52
1544801737.57
1544801737.64
1544801737.69
1544801737.74
1544801737.8
1544801737.86
1544801737.92
1544801737.97
1544801738.01
1544801738.04
1544801738.09
1544801738.17
1544801738.22
1544801738.27
1544801738.31
1544801738.36
1544801738.41
1544801738.45
1544801738.5
1544801738.56
1544801738.62
1544801738.69
1544801738.75
1544801738.82
1544801738.9
1544801738.96
1544801739.03
1544801739.11
1544801739.18
1544801739.24
1544801739.32
1544801739.4
1544801739.48
1544801739.54
1544801739.61
1544801739.67
1544801739.74
1544801739.81
1544801739.88
1544801739.94
1544801739.98
1544801740.02
1544801740.08
1544801740.12
1544801740.18
1544801740.21
1544801740.26
1544801740.31
1544801740.36
1544801740.41
1544801740.47
1544801740.52
1544801740.58
1544801740.62
1544801740.68
1544801740.73
1544801740.79
1544801740.84
1544801740.9
1544801740.96
1544801741.03
1544801741.08
1544801741.13
1544801741.18
1544801741.21
1544801741.26
1544801741.31
1544801741.36
1544801741.4
1544801741.43
1544801741.49
1544801741.54
1544801741.59
1544801741.62
1544801741.65
1544801741.69
1544801741.73
1544801741.77
1544801741.81
1544801741.84
1544801741.89
1544801741.94
1544801741.98
1544801742.02
1544801742.07
1544801742.11
1544801742.16
1544801742.19
1544801742.23
1544801742.26
1544801742.32
1544801742.38
1544801742.41
1544801742.45
1544801742.49
1544801742.53
1544801742.58
1544801742.62
1544801742.66
1544801742.73
1544801742.78
1544801742.82
1544801742.86
1544801742.9
1544801742.94
1544801742.98
1544801743.02
1544801743.06
1544801743.12
1544801743.17
1544801743.21
1544801743.24
1544801743.3
1544801743.34
1544801743.39
1544801743.42
1544801743.48
1544801743.53
1544801743.59
1544801743.63
1544801743.67
1544801743.72
1544801743.76
1544801743.81
1544801743.84
1544801743.89
1544801743.94
1544801743.98
1544801744.02
1544801744.07
1544801744.14
1544801744.19
1544801744.23
1544801744.29
1544801744.35
1544801744.39
1544801744.42
1544801744.46
1544801744.5
1544801744.53
1544801744.58
1544801744.61
1544801744.64
1544801744.68
1544801744.72
1544801744.76
1544801744.8
1544801744.84
1544801744.88
1544801744.92
1544801744.96
1544801745.01
1544801745.06
1544801745.09
1544801745.13
1544801745.16
1544801745.21
1544801745.25
1544801745.3
1544801745.35
1544801745.39
1544801745.42
1544801745.47
1544801745.5
1544801745.56
1544801745.59
1544801745.63
1544801745.67
1544801745.73
1544801745.79
1544801745.83
1544801745.88
1544801745.92
1544801745.97
1544801746.01
1544801746.04
1544801746.11
1544801746.16
1544801746.2
1544801746.24
1544801746.28
1544801746.32
1544801746.36
1544801746.4
1544801746.43
1544801746.48
1544801746.52
1544801746.58
1544801746.61
1544801746.65
1544801746.69
1544801746.73
1544801746.78
1544801746.82
1544801746.86
1544801746.93
1544801746.98
1544801747.02
1544801747.06
1544801747.1
1544801747.15
1544801747.19
1544801747.22
1544801747.28
1544801747.34
1544801747.38
1544801747.42
1544801747.48
1544801747.53
1544801747.58
1544801747.62
1544801747.66
1544801747.71
1544801747.77
1544801747.81
1544801747.84
1544801747.9
1544801747.94
1544801747.99
1544801748.03
1544801748.08
1544801748.13
1544801748.17
1544801748.22
1544801748.26
1544801748.3
1544801748.36
1544801748.39
1544801748.43
1544801748.47
1544801748.56
1544801748.59
1544801748.64
1544801748.68
1544801748.73
1544801748.79
1544801748.82
1544801748.86
1544801748.92
1544801748.97
1544801749.01
1544801749.04
1544801749.1
1544801749.15
1544801749.19
1544801749.25
1544801749.33
1544801749.37
1544801749.4
1544801749.43
1544801749.47
1544801749.53
1544801749.58
1544801749.61
1544801749.65
1544801749.69
1544801749.73
1544801749.78
1544801749.81
1544801749.85
1544801749.9
1544801749.94
1544801749.98
1544801750.02
1544801750.06
1544801750.12
1544801750.17
1544801750.21
1544801750.24
1544801750.29
1544801750.35
1544801750.39
1544801750.42
1544801750.46
1544801750.51
1544801750.57
1544801750.61
1544801750.65
1544801750.69
1544801750.73
1544801750.77
1544801750.8
1544801750.84
1544801750.89
1544801750.95
1544801750.98
1544801751.02
1544801751.06
1544801751.11
1544801751.16
1544801751.21
1544801751.25
1544801751.31
1544801751.36
1544801751.41
1544801751.44
1544801751.51
1544801751.56
1544801751.59
1544801751.63
1544801751.66
1544801751.71
1544801751.76
1544801751.8
1544801751.84
1544801751.88
1544801751.96
1544801752.01
1544801752.06
1544801752.11
1544801752.16
1544801752.2
1544801752.24
1544801752.3
1544801752.34
1544801752.39
1544801752.42
1544801752.46
1544801752.52
1544801752.57
1544801752.6
1544801752.64
1544801752.68
1544801752.72
1544801752.78
1544801752.81
1544801752.87
1544801752.92
1544801752.97
1544801753.03
1544801753.08
1544801753.13
1544801753.19
1544801753.23
1544801753.3
1544801753.36
1544801753.42
1544801753.48
1544801753.53
1544801753.6
1544801753.66
1544801753.72
1544801753.78
1544801753.83
1544801753.89
1544801753.94
1544801753.99
1544801754.03
1544801754.09
1544801754.13
1544801754.17
1544801754.22
1544801754.27
1544801754.31
1544801754.37
1544801754.42
1544801754.46
1544801754.5
1544801754.53
1544801754.58
1544801754.62
1544801754.67
1544801754.72
1544801754.78
1544801754.82
1544801754.87
1544801754.92
1544801754.97
1544801755.01
1544801755.05
1544801755.12
1544801755.17
1544801755.21
1544801755.26
1544801755.31
1544801755.36
1544801755.4
1544801755.44
1544801755.49
1544801755.53
1544801755.57
1544801755.61
1544801755.65
1544801755.72
1544801755.8
1544801755.84
1544801755.9
1544801755.94
1544801756.0
1544801756.05
1544801756.09
1544801756.14
1544801756.19
1544801756.22
1544801756.27
1544801756.35
1544801756.39
1544801756.44
1544801756.48
1544801756.54
1544801756.58
1544801756.62
1544801756.68
1544801756.72
1544801756.76
1544801756.8
1544801756.84
1544801756.89
1544801756.96
1544801756.99
1544801757.02
1544801757.06
1544801757.1
1544801757.16
1544801757.19
1544801757.23
1544801757.27
1544801757.3
1544801757.34
1544801757.38
1544801757.41
1544801757.44
1544801757.51
1544801757.56
1544801757.59
1544801757.63
1544801757.67
1544801757.72
1544801757.77
1544801757.8
1544801757.83
1544801757.88
1544801757.92
1544801757.96
1544801758.01
1544801758.04
1544801758.09
1544801758.12
1544801758.17
1544801758.2
1544801758.24
1544801758.29
1544801758.33
1544801758.38
1544801758.41
1544801758.45
1544801758.5
1544801758.54
1544801758.57
1544801758.61
1544801758.66
1544801758.7
1544801758.77
1544801758.8
1544801758.85
1544801758.92
1544801758.97
1544801759.0
1544801759.03
1544801759.07
1544801759.11
1544801759.15
1544801759.19
1544801759.22
1544801759.29
1544801759.34
1544801759.38
1544801759.41
1544801759.46
1544801759.5
1544801759.56
1544801759.59
1544801759.63
1544801759.67
1544801759.73
1544801759.77
1544801759.81
1544801759.84
1544801759.89
1544801759.93
1544801759.97
1544801760.01
1544801760.06
1544801760.11
1544801760.16
1544801760.19
1544801760.23
1544801760.28
1544801760.33
1544801760.37
1544801760.4
1544801760.44
1544801760.5
1544801760.54
1544801760.6
1544801760.64
1544801760.7
1544801760.74
1544801760.77
1544801760.82
1544801760.87
1544801760.92
1544801760.97
1544801761.03
1544801761.08
1544801761.12
1544801761.17
1544801761.22
1544801761.27
1544801761.32
1544801761.38
1544801761.42
1544801761.49
1544801761.54
1544801761.6
1544801761.64
1544801761.71
1544801761.77
1544801761.83
1544801761.91
1544801761.98
1544801762.04
1544801762.11
1544801762.18
1544801762.24
1544801762.31
1544801762.37
1544801762.44
1544801762.51
1544801762.59
1544801762.66
1544801762.73
1544801762.8
1544801762.86
1544801762.93
1544801762.98
1544801763.02
1544801763.07
1544801763.14
1544801763.21
1544801763.29
1544801763.36
1544801763.42
1544801763.48
1544801763.51
1544801763.54
1544801763.64
1544801763.68
1544801763.71
1544801763.74
1544801763.78
1544801763.82
1544801763.87
1544801763.91
1544801763.94
1544801763.98
1544801764.02
1544801764.07
1544801764.1
1544801764.13
1544801764.18
1544801764.23
1544801764.27
1544801764.31
1544801764.34
1544801764.4
1544801764.44
1544801764.49
1544801764.53
1544801764.57
1544801764.62
1544801764.67
1544801764.71
1544801764.74
1544801764.79
1544801764.85
1544801764.9
1544801764.93
1544801764.98
1544801765.02
1544801765.06
1544801765.1
1544801765.14
1544801765.19
1544801765.23
1544801765.27
1544801765.31
1544801765.35
1544801765.39
1544801765.43
1544801765.47
1544801765.51
1544801765.56
1544801765.6
1544801765.65
1544801765.69
1544801765.72
1544801765.76
1544801765.82
1544801765.87
1544801765.91
1544801765.96
1544801766.0
1544801766.04
1544801766.08
1544801766.11
1544801766.16
1544801766.22
1544801766.27
1544801766.3
1544801766.34
1544801766.4
1544801766.44
1544801766.49
1544801766.52
1544801766.57
1544801766.63
1544801766.68
1544801766.72
1544801766.78
1544801766.82
1544801766.87
1544801766.91
1544801766.96
1544801767.03
1544801767.07
1544801767.11
1544801767.16
1544801767.2
1544801767.25
1544801767.28
1544801767.32
1544801767.36
1544801767.41
1544801767.45
1544801767.49
1544801767.52
1544801767.57
1544801767.62
1544801767.67
1544801767.71
1544801767.75
1544801767.79
1544801767.83
1544801767.88
1544801767.9
1544801767.94
1544801768.0
1544801768.03
1544801768.08
1544801768.11
1544801768.16
1544801768.2
1544801768.24
1544801768.29
1544801768.32
1544801768.37
1544801768.41
1544801768.45
1544801768.49
1544801768.52
1544801768.56
1544801768.61
1544801768.64
1544801768.69
1544801768.71
1544801768.76
1544801768.82
1544801768.86
1544801768.9
1544801768.94
1544801769.01
1544801769.06
1544801769.1
1544801769.13
1544801769.17
1544801769.24
1544801769.29
1544801769.33
1544801769.38
1544801769.44
1544801769.48
1544801769.51
1544801769.54
1544801769.59
1544801769.63
1544801769.66
1544801769.7
1544801769.73
1544801769.78
1544801769.83
1544801769.87
1544801769.91
1544801769.94
1544801770.0
1544801770.08
1544801770.12
1544801770.16
1544801770.21
1544801770.27
1544801770.31
1544801770.36
1544801770.44
1544801770.49
1544801770.52
1544801770.58
1544801770.65
1544801770.69
1544801770.72
1544801770.78
1544801770.86
1544801770.9
1544801770.93
1544801771.0
1544801771.06
1544801771.09
1544801771.13
1544801771.17
1544801771.23
1544801771.28
1544801771.31
1544801771.33
1544801771.39
1544801771.44
1544801771.48
1544801771.53
1544801771.59
1544801771.64
1544801771.69
1544801771.71
1544801771.75
1544801771.82
1544801771.88
1544801771.91
1544801771.95
1544801772.02
1544801772.07
1544801772.11
1544801772.14
1544801772.2
1544801772.27
1544801772.3
1544801772.34
1544801772.4
1544801772.44
1544801772.51
1544801772.58
1544801772.62
1544801772.69
1544801772.74
1544801772.8
1544801772.88
1544801772.94
1544801773.01
1544801773.08
1544801773.14
1544801773.2
1544801773.27
1544801773.33
1544801773.4
1544801773.46
1544801773.52
1544801773.59
1544801773.64
1544801773.71
1544801773.78
1544801773.85
1544801773.92
1544801774.0
1544801774.08
1544801774.14
1544801774.21
1544801774.28
1544801774.35
1544801774.41
1544801774.51
1544801774.57
1544801774.61
1544801774.65
1544801774.7
1544801774.76
1544801774.79
1544801774.83
1544801774.89
1544801774.93
1544801774.97
1544801775.0
1544801775.03
1544801775.08
1544801775.13
1544801775.19
1544801775.24
1544801775.28
1544801775.32
1544801775.38
1544801775.41
1544801775.46
1544801775.51
1544801775.56
1544801775.6
1544801775.63
1544801775.69
1544801775.75
1544801775.79
1544801775.83
1544801775.88
1544801775.95
1544801775.99
1544801776.03
1544801776.08
1544801776.14
1544801776.19
1544801776.22
1544801776.26
1544801776.34
1544801776.39
1544801776.42
1544801776.49
1544801776.53
1544801776.57
1544801776.61
1544801776.64
1544801776.7
1544801776.75
1544801776.79
1544801776.83
1544801776.9
1544801776.95
1544801777.0
1544801777.03
1544801777.09
1544801777.14
1544801777.19
1544801777.22
1544801777.26
1544801777.31
1544801777.37
1544801777.4
1544801777.43
1544801777.48
1544801777.52
1544801777.57
1544801777.61
1544801777.66
1544801777.71
1544801777.75
1544801777.79
1544801777.82
1544801777.87
1544801777.92
1544801777.98
1544801778.02
1544801778.08
1544801778.12
1544801778.17
1544801778.21
1544801778.25
1544801778.29
1544801778.32
1544801778.36
1544801778.4
1544801778.43
1544801778.47
1544801778.52
1544801778.56
1544801778.61
1544801778.65
1544801778.71
1544801778.76
1544801778.8
1544801778.84
1544801778.89
1544801778.94
1544801778.98
1544801779.01
1544801779.06
1544801779.11
1544801779.16
1544801779.19
1544801779.22
1544801779.27
1544801779.35
1544801779.38
1544801779.42
1544801779.46
1544801779.5
1544801779.56
1544801779.6
1544801779.63
1544801779.67
1544801779.72
1544801779.77
1544801779.81
1544801779.85
1544801779.93
1544801779.98
1544801780.02
1544801780.06
1544801780.14
1544801780.18
1544801780.23
1544801780.29
1544801780.36
1544801780.4
1544801780.44
1544801780.49
1544801780.53
1544801780.58
1544801780.63
1544801780.67
1544801780.72
1544801780.8
1544801780.87
1544801780.94
1544801781.01
1544801781.06
1544801781.11
1544801781.16
1544801781.22
1544801781.29
1544801781.33
1544801781.39
1544801781.44
1544801781.5
1544801781.55
1544801781.6
1544801781.66
1544801781.72
1544801781.78
1544801781.84
1544801781.9
1544801781.95
1544801782.01
1544801782.07
1544801782.15
1544801782.22
1544801782.3
1544801782.38
1544801782.46
1544801782.52
1544801782.59
1544801782.65
1544801782.72
1544801782.79
1544801782.85
1544801782.91
1544801782.96
1544801783.0
1544801783.04
1544801783.08
1544801783.12
1544801783.17
1544801783.21
1544801783.26
1544801783.31
1544801783.36
1544801783.41
1544801783.46
1544801783.49
1544801783.53
1544801783.6
1544801783.65
1544801783.7
1544801783.74
1544801783.8
1544801783.87
1544801783.91
1544801783.95
1544801783.99
1544801784.03
1544801784.07
1544801784.12
1544801784.16
1544801784.21
1544801784.25
1544801784.3
1544801784.33
1544801784.37
1544801784.44
1544801784.48
1544801784.52
1544801784.55
1544801784.59
1544801784.68
1544801784.72
1544801784.77
1544801784.83
1544801784.87
1544801784.91
1544801784.95
1544801784.99
1544801785.03
1544801785.07
1544801785.11
1544801785.15
1544801785.22
1544801785.28
1544801785.32
1544801785.36
1544801785.41
1544801785.47
1544801785.51
1544801785.55
1544801785.6
1544801785.67
1544801785.71
1544801785.76
1544801785.81
1544801785.88
1544801785.91
1544801785.95
1544801786.02
1544801786.06
1544801786.1
1544801786.14
1544801786.21
1544801786.27
1544801786.3
1544801786.33
1544801786.4
1544801786.44
1544801786.49
1544801786.53
1544801786.57
1544801786.63
1544801786.69
1544801786.72
1544801786.78
1544801786.84
1544801786.87
1544801786.91
1544801786.96
1544801787.02
1544801787.07
1544801787.11
1544801787.16
1544801787.22
1544801787.28
1544801787.31
1544801787.34
1544801787.39
1544801787.42
1544801787.48
1544801787.52
1544801787.57
1544801787.63
1544801787.68
1544801787.72
1544801787.76
1544801787.8
1544801787.85
1544801787.89
1544801787.93
1544801787.97
1544801788.04
1544801788.09
1544801788.14
1544801788.19
1544801788.24
1544801788.28
1544801788.32
1544801788.35
1544801788.4
1544801788.45
1544801788.49
1544801788.52
1544801788.57
1544801788.64
1544801788.69
1544801788.73
1544801788.77
1544801788.8
1544801788.85
1544801788.89
1544801788.92
1544801788.98
1544801789.06
1544801789.1
1544801789.13
1544801789.18
1544801789.23
1544801789.28
1544801789.33
1544801789.38
1544801789.42
1544801789.46
1544801789.5
1544801789.53
1544801789.58
1544801789.62
1544801789.66
1544801789.7
1544801789.73
1544801789.77
1544801789.81
1544801789.87
1544801789.91
1544801789.95
1544801790.01
1544801790.06
1544801790.1
1544801790.14
1544801790.19
1544801790.23
1544801790.27
1544801790.31
1544801790.35
1544801790.39
1544801790.43
1544801790.48
1544801790.51
1544801790.55
1544801790.62
1544801790.65
1544801790.69
1544801790.72
1544801790.77
1544801790.82
1544801790.86
1544801790.9
1544801790.94
1544801790.99
1544801791.03
1544801791.08
1544801791.13
1544801791.18
1544801791.22
1544801791.27
1544801791.31
1544801791.35
1544801791.39
1544801791.42
1544801791.48
1544801791.53
1544801791.58
1544801791.62
1544801791.68
1544801791.72
1544801791.77
1544801791.82
1544801791.86
1544801791.91
1544801791.96
1544801792.0
1544801792.04
1544801792.1
1544801792.15
1544801792.2
1544801792.26
1544801792.32
1544801792.38
1544801792.41
1544801792.45
1544801792.5
1544801792.55
1544801792.59
1544801792.63
1544801792.69
1544801792.77
1544801792.82
1544801792.88
1544801792.94
1544801793.01
1544801793.09
1544801793.16
1544801793.22
1544801793.29
1544801793.36
1544801793.43
1544801793.5
1544801793.56
1544801793.63
1544801793.71
1544801793.76
1544801793.83
1544801793.9
1544801793.96
1544801794.01
1544801794.06
1544801794.11
1544801794.16
1544801794.21
1544801794.26
1544801794.31
1544801794.36
1544801794.41
1544801794.47
1544801794.52
1544801794.57
1544801794.62
1544801794.67
1544801794.72
1544801794.77
1544801794.83
1544801794.89
1544801794.95
1544801795.01
1544801795.06
1544801795.1
1544801795.15
1544801795.19
1544801795.24
1544801795.29
1544801795.34
1544801795.4
1544801795.46
1544801795.52
1544801795.58
1544801795.62
1544801795.67
1544801795.7
1544801795.75
1544801795.8
1544801795.84
1544801795.88
1544801795.92
1544801795.97
1544801796.02
1544801796.09
1544801796.14
1544801796.19
1544801796.22
1544801796.27
1544801796.35
1544801796.4
1544801796.44
1544801796.49
1544801796.54
1544801796.59
1544801796.64
1544801796.68
1544801796.73
1544801796.79
1544801796.82
1544801796.87
1544801796.92
1544801796.97
1544801797.0
1544801797.04
1544801797.09
1544801797.13
1544801797.17
1544801797.21
1544801797.25
1544801797.32
1544801797.37
1544801797.42
1544801797.47
1544801797.53
1544801797.57
1544801797.6
1544801797.63
1544801797.7
1544801797.76
1544801797.8
1544801797.84
1544801797.9
1544801797.94
1544801797.99
1544801798.02
1544801798.08
1544801798.13
1544801798.17
1544801798.21
1544801798.25
1544801798.3
1544801798.37
1544801798.41
1544801798.45
1544801798.49
1544801798.53
1544801798.58
1544801798.61
1544801798.66
1544801798.72
1544801798.75
1544801798.8
1544801798.84
1544801798.88
1544801798.94
1544801798.98
1544801799.02
1544801799.06
1544801799.1
1544801799.15
1544801799.19
1544801799.23
1544801799.28
1544801799.31
1544801799.35
1544801799.39
1544801799.43
1544801799.47
1544801799.51
1544801799.56
1544801799.6
1544801799.64
1544801799.71
1544801799.79
1544801799.85
1544801799.91
1544801799.98
1544801800.01
1544801800.06
1544801800.13
1544801800.19
1544801800.26
1544801800.3
1544801800.35
1544801800.39
1544801800.42
1544801800.5
1544801800.57
1544801800.63
1544801800.74
1544801800.82
1544801800.89
1544801800.94
1544801801.02
1544801801.1
1544801801.16
1544801801.22
1544801801.27
1544801801.33
1544801801.39
1544801801.45
1544801801.5
1544801801.56
1544801801.61
1544801801.67
1544801801.72
1544801801.78
1544801801.83
1544801801.89
1544801801.97
1544801802.02
1544801802.09
1544801802.15
1544801802.2
1544801802.24
1544801802.29
1544801802.33
1544801802.39
1544801802.44
1544801802.5
1544801802.55
1544801802.6
1544801802.66
1544801802.69
1544801802.72
1544801802.76
1544801802.82
1544801802.86
1544801802.89
1544801802.93
1544801803.0
1544801803.05
1544801803.09
1544801803.12
1544801803.17
1544801803.22
1544801803.27
1544801803.31
1544801803.35
1544801803.41
1544801803.44
1544801803.49
1544801803.52
1544801803.57
1544801803.62
1544801803.68
1544801803.72
1544801803.78
1544801803.82
1544801803.87
1544801803.91
1544801803.95
1544801803.99
1544801804.03
1544801804.07
1544801804.11
1544801804.14
1544801804.2
1544801804.25
1544801804.31
1544801804.34
1544801804.41
1544801804.46
1544801804.49
1544801804.52
1544801804.58
1544801804.63
1544801804.67
1544801804.7
1544801804.74
1544801804.81
1544801804.87
1544801804.9
1544801804.94
1544801804.97
1544801805.04
1544801805.08
1544801805.12
1544801805.15
1544801805.18
1544801805.22
1544801805.27
1544801805.31
1544801805.34
1544801805.4
1544801805.46
1544801805.49
1544801805.53
1544801805.58
1544801805.65
1544801805.69
1544801805.73
1544801805.77
1544801805.85
1544801805.89
1544801805.94
1544801806.01
1544801806.06
1544801806.1
1544801806.16
1544801806.22
1544801806.27
1544801806.31
1544801806.34
1544801806.39
1544801806.44
1544801806.49
1544801806.53
1544801806.59
1544801806.66
1544801806.69
1544801806.73
1544801806.78
1544801806.84
1544801806.88
1544801806.92
1544801806.95
1544801806.99
1544801807.06
1544801807.1
1544801807.14
1544801807.17
1544801807.21
1544801807.24
1544801807.28
1544801807.31
1544801807.35
1544801807.42
1544801807.46
1544801807.5
1544801807.55
1544801807.59
1544801807.63
1544801807.68
1544801807.72
1544801807.77
1544801807.81
1544801807.87
1544801807.91
1544801807.95
1544801808.0
1544801808.06
1544801808.09
1544801808.13
1544801808.18
1544801808.24
1544801808.28
1544801808.32
1544801808.36
1544801808.4
1544801808.44
1544801808.48
1544801808.53
1544801808.57
1544801808.66
1544801808.71
1544801808.74
1544801808.79
1544801808.84
1544801808.89
1544801808.92
1544801808.99
1544801809.04
1544801809.08
1544801809.12
1544801809.17
1544801809.24
1544801809.29
1544801809.32
1544801809.36
1544801809.4
1544801809.46
1544801809.5
1544801809.54
1544801809.6
1544801809.65
1544801809.69
1544801809.73
1544801809.78
1544801809.82
1544801809.86
1544801809.9
1544801809.93
1544801809.99
1544801810.05
1544801810.09
1544801810.14
1544801810.2
1544801810.27
1544801810.31
1544801810.36
1544801810.43
1544801810.48
1544801810.52
1544801810.56
1544801810.62
1544801810.67
1544801810.71
1544801810.74
1544801810.79
1544801810.83
1544801810.88
1544801810.92
1544801810.95
1544801811.0
1544801811.05
1544801811.09
1544801811.13
1544801811.17
1544801811.22
1544801811.26
1544801811.31
1544801811.36
1544801811.4
1544801811.44
1544801811.48
1544801811.52
1544801811.57
1544801811.61
1544801811.67
1544801811.71
1544801811.75
1544801811.8
1544801811.85
1544801811.9
1544801811.93
1544801811.98
1544801812.02
1544801812.06
1544801812.1
1544801812.15
1544801812.2
1544801812.24
1544801812.31
1544801812.38
1544801812.43
1544801812.5
1544801812.56
1544801812.59
1544801812.63
1544801812.7
1544801812.77
1544801812.84
1544801812.92
1544801812.97
1544801813.02
1544801813.1
1544801813.17
1544801813.22
1544801813.3
1544801813.35
1544801813.39
1544801813.43
1544801813.47
1544801813.51
1544801813.54
1544801813.58
1544801813.62
1544801813.67
1544801813.71
1544801813.76
1544801813.81
1544801813.86
1544801813.91
1544801813.95
1544801814.01
1544801814.05
1544801814.11
1544801814.16
1544801814.2
1544801814.24
1544801814.29
1544801814.34
1544801814.38
1544801814.42
1544801814.47
1544801814.52
1544801814.57
1544801814.6
1544801814.65
1544801814.69
1544801814.73
1544801814.8
1544801814.85
1544801814.89
1544801814.92
1544801814.96
1544801815.0
1544801815.04
1544801815.09
1544801815.12
1544801815.15
1544801815.2
1544801815.27
1544801815.31
1544801815.34
1544801815.39
1544801815.42
1544801815.47
1544801815.51
1544801815.55
1544801815.64
1544801815.68
1544801815.72
1544801815.75
1544801815.78
1544801815.82
1544801815.86
1544801815.9
1544801815.94
1544801816.0
1544801816.06
1544801816.09
1544801816.12
1544801816.18
1544801816.22
1544801816.27
1544801816.3
1544801816.34
1544801816.39
1544801816.44
1544801816.49
1544801816.53
1544801816.58
1544801816.65
1544801816.69
1544801816.72
1544801816.77
1544801816.81
1544801816.87
1544801816.91
1544801816.96
1544801816.99
1544801817.03
1544801817.07
1544801817.11
1544801817.15
1544801817.19
1544801817.24
1544801817.29
1544801817.32
1544801817.37
1544801817.42
1544801817.46
1544801817.5
1544801817.54
1544801817.58
1544801817.66
1544801817.69
1544801817.73
1544801817.77
1544801817.81
1544801817.85
1544801817.88
1544801817.92
1544801817.97
1544801818.02
1544801818.08
1544801818.12
1544801818.17
1544801818.22
1544801818.26
1544801818.3
1544801818.33
1544801818.38
1544801818.43
1544801818.48
1544801818.53
1544801818.59
1544801818.63
1544801818.67
1544801818.74
1544801818.8
1544801818.87
1544801818.92
1544801818.99
1544801819.04
1544801819.1
1544801819.17
1544801819.22
1544801819.29
1544801819.35
1544801819.41
1544801819.49
1544801819.56
1544801819.63
1544801819.71
1544801819.78
1544801819.83
1544801819.9
1544801819.97
1544801820.03
1544801820.07
1544801820.12
1544801820.18
1544801820.23
1544801820.28
1544801820.33
1544801820.39
1544801820.44
1544801820.5
1544801820.55
1544801820.61
1544801820.67
1544801820.72
1544801820.78
1544801820.83
1544801820.89
1544801820.93
1544801820.99
1544801821.04
1544801821.08
1544801821.11
1544801821.14
1544801821.18
1544801821.23
1544801821.28
1544801821.32
1544801821.38
1544801821.43
1544801821.48
1544801821.52
1544801821.55
1544801821.6
1544801821.66
1544801821.69
1544801821.73
1544801821.79
1544801821.86
1544801821.9
1544801821.93
1544801821.98
1544801822.02
1544801822.07
1544801822.11
1544801822.14
1544801822.2
1544801822.24
1544801822.29
1544801822.32
1544801822.36
1544801822.41
1544801822.46
1544801822.51
1544801822.55
1544801822.61
1544801822.67
1544801822.7
1544801822.74
1544801822.81
1544801822.88
1544801822.94
1544801822.99
1544801823.05
1544801823.11
1544801823.15
1544801823.21
1544801823.27
1544801823.33
1544801823.39
1544801823.44
1544801823.51
1544801823.56
1544801823.62
1544801823.68
1544801823.72
1544801823.78
1544801823.82
1544801823.87
1544801823.92
1544801823.98
1544801824.03
1544801824.09
1544801824.16
1544801824.21
1544801824.24
1544801824.3
1544801824.38
1544801824.42
1544801824.47
1544801824.52
1544801824.58
1544801824.61
1544801824.64
1544801824.68
1544801824.76
1544801824.79
1544801824.83
1544801824.88
1544801824.93
1544801824.99
1544801825.02
1544801825.08
1544801825.16
1544801825.19
1544801825.23
1544801825.26
1544801825.31
1544801825.36
1544801825.4
1544801825.43
1544801825.46
1544801825.52
1544801825.57
1544801825.61
1544801825.66
1544801825.71
1544801825.76
1544801825.79
1544801825.86
1544801825.93
1544801825.98
1544801826.01
1544801826.04
1544801826.1
1544801826.17
1544801826.22
1544801826.29
1544801826.37
1544801826.41
1544801826.46
1544801826.51
1544801826.58
1544801826.63
1544801826.69
1544801826.73
1544801826.78
1544801826.83
1544801826.87
1544801826.91
1544801826.96
1544801827.0
1544801827.03
1544801827.09
1544801827.16
1544801827.2
1544801827.23
1544801827.27
1544801827.32
1544801827.37
1544801827.4
1544801827.43
1544801827.48
1544801827.52
1544801827.57
1544801827.61
1544801827.66
1544801827.72
1544801827.78
1544801827.81
1544801827.86
1544801827.9
1544801827.96
1544801827.99
1544801828.03
1544801828.09
1544801828.16
1544801828.21
1544801828.26
1544801828.31
1544801828.36
1544801828.39
1544801828.42
1544801828.45
1544801828.54
1544801828.59
1544801828.62
1544801828.65
1544801828.68
1544801828.78
1544801828.83
1544801828.87
1544801828.94
1544801828.98
1544801829.02
1544801829.06
1544801829.1
1544801829.16
1544801829.2
1544801829.23
1544801829.28
1544801829.36
1544801829.4
1544801829.45
1544801829.52
1544801829.57
1544801829.61
1544801829.64
1544801829.71
1544801829.77
1544801829.82
1544801829.88
1544801829.92
1544801829.97
1544801830.02
1544801830.09
1544801830.16
1544801830.22
1544801830.27
1544801830.33
1544801830.39
1544801830.44
1544801830.5
1544801830.57
1544801830.63
1544801830.7
1544801830.77
1544801830.84
1544801830.91
1544801830.97
1544801831.03
1544801831.12
1544801831.19
1544801831.23
1544801831.28
1544801831.36
1544801831.39
1544801831.42
1544801831.49
1544801831.54
1544801831.58
1544801831.62
1544801831.66
1544801831.72
1544801831.77
1544801831.81
1544801831.85
1544801831.91
1544801831.96
1544801832.01
1544801832.08
1544801832.14
1544801832.18
1544801832.21
1544801832.26
1544801832.32
1544801832.37
1544801832.4
1544801832.44
1544801832.48
1544801832.52
1544801832.58
1544801832.62
1544801832.66
1544801832.7
1544801832.75
1544801832.79
1544801832.83
1544801832.88
1544801832.95
1544801832.98
1544801833.02
1544801833.05
1544801833.11
1544801833.16
1544801833.2
1544801833.23
1544801833.27
1544801833.32
1544801833.37
1544801833.41
1544801833.45
1544801833.52
1544801833.58
1544801833.61
1544801833.65
1544801833.72
1544801833.77
1544801833.8
1544801833.84
1544801833.89
1544801833.94
1544801833.99
1544801834.03
1544801834.07
1544801834.13
1544801834.17
1544801834.22
1544801834.27
1544801834.33
1544801834.38
1544801834.42
1544801834.46
1544801834.52
1544801834.59
1544801834.62
1544801834.66
1544801834.74
1544801834.78
1544801834.81
1544801834.85
1544801834.91
1544801834.95
1544801835.0
1544801835.04
1544801835.11
1544801835.16
1544801835.21
1544801835.24
1544801835.32
1544801835.36
1544801835.4
1544801835.45
1544801835.49
1544801835.56
1544801835.6
1544801835.63
1544801835.7
1544801835.76
1544801835.8
1544801835.85
1544801835.89
1544801835.93
1544801835.97
1544801836.01
1544801836.04
1544801836.1
1544801836.16
1544801836.21
1544801836.26
1544801836.31
1544801836.36
1544801836.4
1544801836.43
1544801836.46
1544801836.52
1544801836.58
1544801836.62
1544801836.67
1544801836.72
1544801836.79
1544801836.83
1544801836.88
1544801836.96
1544801837.0
1544801837.05
1544801837.11
1544801837.16
1544801837.2
1544801837.24
1544801837.29
1544801837.34
1544801837.38
1544801837.41
1544801837.46
1544801837.55
1544801837.6
1544801837.63
1544801837.69
1544801837.73
1544801837.8
1544801837.86
1544801837.91
1544801837.96
1544801838.01
1544801838.07
1544801838.13
1544801838.21
1544801838.28
1544801838.33
1544801838.4
1544801838.44
1544801838.5
1544801838.54
1544801838.6
1544801838.64
1544801838.69
1544801838.74
1544801838.8
1544801838.86
1544801838.9
1544801838.94
1544801839.01
1544801839.07
1544801839.13
1544801839.21
1544801839.27
1544801839.34
1544801839.42
1544801839.47
1544801839.52
1544801839.56
1544801839.62
1544801839.68
1544801839.73
1544801839.8
1544801839.86
1544801839.92
1544801839.99
1544801840.04
1544801840.11
1544801840.17
1544801840.2
1544801840.24
1544801840.3
1544801840.36
1544801840.4
1544801840.47
1544801840.53
1544801840.6
1544801840.64
1544801840.7
1544801840.76
1544801840.83
1544801840.9
1544801840.97
1544801841.03
1544801841.1
1544801841.14
1544801841.21
1544801841.26
1544801841.32
1544801841.37
1544801841.42
1544801841.49
1544801841.54
1544801841.61
1544801841.68
1544801841.74
1544801841.8
1544801841.87
1544801841.9
1544801841.94
1544801841.99
1544801842.03
1544801842.08
1544801842.11
1544801842.16
1544801842.2
1544801842.27
1544801842.31
1544801842.35
1544801842.4
1544801842.47
1544801842.51
1544801842.54
1544801842.58
1544801842.64
1544801842.69
1544801842.73
1544801842.79
1544801842.84
1544801842.89
1544801842.92
1544801842.96
1544801843.01
1544801843.06
1544801843.1
1544801843.13
1544801843.17
1544801843.22
1544801843.27
1544801843.31
1544801843.35
1544801843.39
1544801843.43
1544801843.47
1544801843.51
1544801843.55
1544801843.62
1544801843.67
1544801843.72
1544801843.77
1544801843.81
1544801843.89
1544801843.98
1544801844.04
1544801844.09
1544801844.15
1544801844.21
1544801844.27
1544801844.31
1544801844.35
1544801844.4
1544801844.46
1544801844.52
1544801844.6
1544801844.67
1544801844.71
1544801844.77
1544801844.84
1544801844.89
1544801844.94
1544801844.98
1544801845.03
1544801845.08
1544801845.14
1544801845.22
1544801845.3
1544801845.37
1544801845.44
1544801845.51
1544801845.59
1544801845.64
1544801845.7
1544801845.77
1544801845.82
1544801845.87
1544801845.91
1544801845.96
1544801846.03
1544801846.08
1544801846.12
1544801846.17
1544801846.23
1544801846.3
1544801846.35
1544801846.4
1544801846.44
1544801846.51
1544801846.56
1544801846.59
1544801846.63
1544801846.68
1544801846.72
1544801846.77
1544801846.81
1544801846.84
1544801846.89
1544801846.94
1544801846.99
1544801847.02
1544801847.08
1544801847.14
1544801847.19
1544801847.22
1544801847.27
1544801847.33
1544801847.39
1544801847.43
1544801847.49
1544801847.57
1544801847.62
1544801847.66
1544801847.73
1544801847.78
1544801847.82
1544801847.88
1544801847.96
1544801848.0
1544801848.03
1544801848.08
1544801848.13
1544801848.17
1544801848.2
1544801848.24
1544801848.31
1544801848.38
1544801848.41
1544801848.46
1544801848.53
1544801848.58
1544801848.61
1544801848.66
1544801848.71
1544801848.76
1544801848.8
1544801848.84
1544801848.91
1544801848.96
1544801848.99
1544801849.03
1544801849.08
1544801849.15
1544801849.2
1544801849.23
1544801849.28
1544801849.33
1544801849.38
1544801849.41
1544801849.46
1544801849.52
1544801849.57
1544801849.62
1544801849.65
1544801849.71
1544801849.76
1544801849.81
1544801849.85
1544801849.93
1544801849.98
1544801850.02
1544801850.09
1544801850.17
1544801850.21
1544801850.26
1544801850.33
1544801850.38
1544801850.42
1544801850.47
1544801850.53
1544801850.57
1544801850.62
1544801850.68
1544801850.73
1544801850.78
1544801850.81
1544801850.86
1544801850.9
1544801850.94
1544801850.98
1544801851.02
1544801851.06
1544801851.11
1544801851.15
1544801851.19
1544801851.22
1544801851.26
1544801851.29
1544801851.36
1544801851.4
1544801851.43
1544801851.47
1544801851.51
1544801851.58
1544801851.61
1544801851.66
1544801851.71
1544801851.77
1544801851.81
1544801851.86
1544801851.92
1544801851.96
1544801852.0
1544801852.04
1544801852.09
1544801852.15
1544801852.19
1544801852.23
1544801852.28
1544801852.33
1544801852.37
1544801852.41
1544801852.45
1544801852.51
1544801852.56
1544801852.59
1544801852.62
1544801852.66
1544801852.71
1544801852.76
1544801852.8
1544801852.83
1544801852.88
1544801852.93
1544801852.98
1544801853.01
1544801853.04
1544801853.1
1544801853.16
1544801853.19
1544801853.23
1544801853.28
1544801853.33
1544801853.37
1544801853.41
1544801853.45
1544801853.52
1544801853.6
1544801853.67
1544801853.74
1544801853.8
1544801853.86
1544801853.91
1544801853.97
1544801854.02
1544801854.09
1544801854.14
1544801854.2
1544801854.26
1544801854.31
1544801854.39
1544801854.46
1544801854.49
1544801854.55
1544801854.62
1544801854.69
1544801854.75
1544801854.8
1544801854.86
1544801854.9
1544801854.94
1544801854.99
1544801855.04
1544801855.08
1544801855.14
1544801855.19
1544801855.25
1544801855.31
1544801855.37
1544801855.43
1544801855.49
1544801855.56
1544801855.61
1544801855.68
1544801855.74
1544801855.81
1544801855.87
1544801855.94
1544801856.01
1544801856.07
1544801856.14
1544801856.2
1544801856.26
1544801856.32
1544801856.39
1544801856.45
1544801856.49
1544801856.52
1544801856.59
1544801856.67
1544801856.74
1544801856.81
1544801856.9
1544801856.98
1544801857.05
1544801857.11
1544801857.16
1544801857.22
1544801857.28
1544801857.32
1544801857.41
1544801857.49
1544801857.55
1544801857.6
1544801857.64
1544801857.7
1544801857.74
1544801857.78
1544801857.81
1544801857.85
1544801857.89
1544801857.91
1544801857.96
1544801858.0
1544801858.06
1544801858.1
1544801858.13
1544801858.18
1544801858.23
1544801858.28
1544801858.32
1544801858.36
1544801858.43
1544801858.47
1544801858.51
1544801858.55
1544801858.6
1544801858.67
1544801858.76
1544801858.82
1544801858.9
1544801858.98
1544801859.02
1544801859.09
1544801859.16
1544801859.21
1544801859.27
1544801859.33
1544801859.4
1544801859.47
1544801859.53
1544801859.59
1544801859.66
1544801859.72
1544801859.8
1544801859.87
1544801859.92
1544801859.99
1544801860.06
1544801860.11
1544801860.18
1544801860.23
1544801860.3
1544801860.37
1544801860.43
1544801860.5
1544801860.57
1544801860.62
1544801860.67
1544801860.72
1544801860.76
1544801860.81
1544801860.88
1544801860.93
1544801860.98
1544801861.07
1544801861.1
1544801861.13
1544801861.17
1544801861.22
1544801861.27
1544801861.3
1544801861.34
1544801861.39
1544801861.43
1544801861.47
1544801861.51
1544801861.56
1544801861.6
1544801861.64
1544801861.68
1544801861.72
1544801861.77
1544801861.84
1544801861.88
1544801861.92
1544801861.96
1544801862.02
1544801862.06
1544801862.1
1544801862.14
1544801862.19
1544801862.23
1544801862.28
1544801862.32
1544801862.35
1544801862.41
1544801862.46
1544801862.49
1544801862.54
1544801862.62
1544801862.66
1544801862.7
1544801862.73
1544801862.78
1544801862.82
1544801862.87
1544801862.9
1544801862.95
1544801863.0
1544801863.05
1544801863.09
1544801863.13
1544801863.17
1544801863.27
1544801863.31
1544801863.35
1544801863.39
1544801863.43
1544801863.48
1544801863.51
1544801863.55
1544801863.59
1544801863.64
1544801863.69
1544801863.72
1544801863.77
1544801863.82
1544801863.88
1544801863.92
1544801863.97
1544801864.03
1544801864.08
1544801864.11
1544801864.15
1544801864.2
1544801864.25
1544801864.29
1544801864.34
1544801864.39
1544801864.44
1544801864.49
1544801864.53
1544801864.59
1544801864.66
1544801864.7
1544801864.77
1544801864.82
1544801864.87
1544801864.91
1544801864.96
1544801865.01
1544801865.06
1544801865.1
1544801865.16
1544801865.21
1544801865.27
1544801865.32
1544801865.37
1544801865.41
1544801865.47
1544801865.51
1544801865.56
1544801865.6
1544801865.68
1544801865.71
1544801865.76
1544801865.8
1544801865.86
1544801865.9
1544801865.94
1544801865.99
1544801866.05
1544801866.09
1544801866.12
1544801866.18
1544801866.24
1544801866.29
1544801866.33
1544801866.37
1544801866.45
1544801866.49
1544801866.53
1544801866.57
1544801866.61
1544801866.66
1544801866.7
1544801866.73
1544801866.77
1544801866.82
1544801866.89
1544801866.92
1544801866.97
1544801867.02
1544801867.08
1544801867.11
1544801867.15
1544801867.19
1544801867.24
1544801867.29
1544801867.32
1544801867.36
1544801867.42
1544801867.48
1544801867.52
1544801867.57
1544801867.61
1544801867.67
1544801867.7
1544801867.75
1544801867.8
1544801867.86
1544801867.91
1544801867.96
1544801867.99
1544801868.04
1544801868.09
1544801868.13
1544801868.17
1544801868.22
1544801868.28
1544801868.31
1544801868.36
1544801868.41
1544801868.46
1544801868.5
1544801868.53
1544801868.57
1544801868.61
1544801868.64
1544801868.68
1544801868.74
1544801868.81
1544801868.88
1544801868.95
1544801869.02
1544801869.09
1544801869.13
1544801869.2
1544801869.28
1544801869.34
1544801869.4
1544801869.47
1544801869.53
1544801869.61
1544801869.68
1544801869.74
1544801869.8
1544801869.88
1544801869.93
1544801869.99
1544801870.03
1544801870.1
1544801870.19
1544801870.27
1544801870.34
1544801870.41
1544801870.49
1544801870.57
1544801870.64
1544801870.72
1544801870.77
1544801870.81
1544801870.86
1544801870.92
1544801870.97
1544801871.0
1544801871.05
1544801871.11
1544801871.17
1544801871.22
1544801871.29
1544801871.36
1544801871.42
1544801871.48
1544801871.54
1544801871.61
1544801871.68
1544801871.73
1544801871.8
1544801871.87
1544801871.92
1544801871.97
1544801872.02
1544801872.06
1544801872.12
1544801872.19
1544801872.23
1544801872.29
1544801872.34
1544801872.42
1544801872.49
1544801872.56
1544801872.62
1544801872.69
1544801872.74
1544801872.82
1544801872.87
1544801872.92
1544801872.97
1544801873.02
1544801873.06
1544801873.11
1544801873.17
1544801873.21
1544801873.25
1544801873.32
1544801873.37
1544801873.4
1544801873.44
1544801873.48
1544801873.53
1544801873.58
1544801873.61
1544801873.65
1544801873.71
1544801873.75
1544801873.8
1544801873.83
1544801873.89
1544801873.94
1544801874.0
1544801874.04
1544801874.08
1544801874.14
1544801874.2
1544801874.23
1544801874.27
1544801874.33
1544801874.38
1544801874.41
1544801874.46
1544801874.52
1544801874.58
1544801874.62
1544801874.66
1544801874.74
1544801874.79
1544801874.83
1544801874.87
1544801874.93
1544801874.97
1544801875.01
1544801875.05
1544801875.11
1544801875.17
1544801875.21
1544801875.26
1544801875.33
1544801875.4
1544801875.46
1544801875.53
1544801875.58
1544801875.61
1544801875.66
1544801875.72
1544801875.77
1544801875.81
1544801875.85
1544801875.91
1544801875.97
1544801876.01
1544801876.06
1544801876.13
1544801876.18
1544801876.21
1544801876.24
1544801876.29
1544801876.33
1544801876.38
1544801876.42
1544801876.46
1544801876.5
1544801876.54
1544801876.58
1544801876.62
1544801876.67
1544801876.71
1544801876.76
1544801876.89
1544801876.97
1544801877.05
1544801877.12
1544801877.16
1544801877.24
1544801877.29
1544801877.33
1544801877.37
1544801877.42
1544801877.47
1544801877.52
1544801877.57
1544801877.62
1544801877.67
1544801877.73
1544801877.8
1544801877.86
1544801877.9
1544801877.95
1544801878.0
1544801878.06
1544801878.1
1544801878.16
1544801878.21
1544801878.26
1544801878.32
1544801878.39
1544801878.44
1544801878.51
1544801878.59
1544801878.66
1544801878.72
1544801878.8
1544801878.86
1544801878.93
1544801878.99
1544801879.06
1544801879.1
1544801879.16
1544801879.19
1544801879.23
1544801879.28
1544801879.32
1544801879.39
1544801879.44
1544801879.52
1544801879.57
1544801879.63
1544801879.69
1544801879.72
1544801879.77
1544801879.8
1544801879.86
1544801879.91
1544801879.96
1544801880.0
1544801880.05
1544801880.11
1544801880.16
1544801880.21
1544801880.26
1544801880.31
1544801880.35
1544801880.41
1544801880.49
1544801880.53
1544801880.57
1544801880.66
1544801880.7
1544801880.74
1544801880.79
1544801880.83
1544801880.89
1544801880.93
1544801881.01
1544801881.06
1544801881.11
1544801881.16
1544801881.22
1544801881.3
1544801881.33
1544801881.37
1544801881.45
1544801881.49
1544801881.53
1544801881.57
1544801881.61
1544801881.66
1544801881.7
1544801881.76
1544801881.84
1544801881.89
1544801881.93
1544801881.98
1544801882.04
1544801882.09
1544801882.13
1544801882.19
1544801882.27
1544801882.3
1544801882.34
1544801882.4
1544801882.46
1544801882.5
1544801882.54
1544801882.61
1544801882.67
1544801882.71
1544801882.76
1544801882.83
1544801882.89
1544801882.94
1544801883.0
1544801883.04
1544801883.08
1544801883.12
1544801883.17
1544801883.22
1544801883.26
1544801883.3
1544801883.34
1544801883.38
1544801883.44
1544801883.48
1544801883.52
1544801883.56
1544801883.61
1544801883.66
1544801883.69
1544801883.73
1544801883.77
1544801883.83
1544801883.89
1544801883.92
1544801883.96
1544801884.0
1544801884.06
1544801884.1
1544801884.13
1544801884.19
1544801884.25
1544801884.29
1544801884.33
1544801884.37
1544801884.43
1544801884.49
1544801884.52
1544801884.55
1544801884.61
1544801884.66
1544801884.71
1544801884.74
1544801884.79
1544801884.86
1544801884.9
1544801884.94
1544801884.98
1544801885.02
1544801885.08
1544801885.13
1544801885.2
1544801885.27
1544801885.32
1544801885.37
1544801885.43
1544801885.48
1544801885.51
1544801885.55
1544801885.61
1544801885.67
1544801885.7
1544801885.74
1544801885.77
1544801885.81
1544801885.85
1544801885.89
1544801885.92
1544801885.96
1544801886.0
1544801886.03
1544801886.08
1544801886.11
1544801886.16
1544801886.19
1544801886.24
1544801886.28
1544801886.32
1544801886.36
1544801886.43
1544801886.48
1544801886.52
1544801886.56
1544801886.62
1544801886.68
1544801886.72
1544801886.76
1544801886.79
1544801886.83
1544801886.87
1544801886.91
1544801886.95
1544801887.02
1544801887.07
1544801887.11
1544801887.14
1544801887.2
1544801887.26
1544801887.29
1544801887.33
1544801887.37
1544801887.43
1544801887.48
1544801887.51
1544801887.55
1544801887.62
1544801887.67
1544801887.71
1544801887.75
1544801887.8
1544801887.85
1544801887.9
1544801887.94
1544801888.05
1544801888.09
1544801888.12
1544801888.16
1544801888.2
1544801888.26
1544801888.3
1544801888.33
1544801888.38
1544801888.41
1544801888.48
1544801888.52
1544801888.58
1544801888.62
1544801888.67
1544801888.71
1544801888.75
1544801888.79
1544801888.83
1544801888.88
1544801888.92
1544801888.97
1544801889.01
1544801889.06
1544801889.1
1544801889.14
1544801889.19
1544801889.23
1544801889.28
1544801889.32
1544801889.36
1544801889.41
1544801889.47
1544801889.51
1544801889.54
1544801889.58
1544801889.66
1544801889.71
1544801889.74
1544801889.8
1544801889.85
1544801889.9
1544801889.95
1544801890.02
1544801890.07
1544801890.1
1544801890.13
1544801890.18
1544801890.26
1544801890.34
1544801890.42
1544801890.5
1544801890.57
1544801890.6
1544801890.65
1544801890.71
1544801890.78
1544801890.83
1544801890.89
1544801890.93
1544801890.99
1544801891.05
1544801891.11
1544801891.17
1544801891.22
1544801891.27
1544801891.34
1544801891.39
1544801891.42
1544801891.48
1544801891.56
1544801891.6
1544801891.64
1544801891.69
1544801891.73
1544801891.78
1544801891.84
1544801891.92
1544801891.99
1544801892.05
1544801892.12
1544801892.19
1544801892.27
1544801892.33
1544801892.38
1544801892.41
1544801892.46
1544801892.53
1544801892.58
1544801892.62
1544801892.66
1544801892.71
1544801892.75
1544801892.81
1544801892.86
1544801892.91
1544801892.95
1544801892.99
1544801893.04
1544801893.08
1544801893.12
1544801893.16
1544801893.21
1544801893.26
1544801893.31
1544801893.34
1544801893.41
1544801893.46
1544801893.5
1544801893.54
1544801893.61
1544801893.67
1544801893.71
1544801893.74
1544801893.79
1544801893.85
1544801893.9
1544801893.92
1544801893.99
1544801894.04
1544801894.08
1544801894.11
1544801894.16
1544801894.2
1544801894.25
1544801894.29
1544801894.34
1544801894.38
1544801894.43
1544801894.46
1544801894.5
1544801894.55
1544801894.59
1544801894.64
1544801894.69
1544801894.72
1544801894.78
1544801894.84
1544801894.87
1544801894.91
1544801894.94
1544801894.99
1544801895.05
1544801895.1
1544801895.14
1544801895.2
1544801895.26
1544801895.29
1544801895.33
1544801895.37
1544801895.47
1544801895.51
1544801895.55
1544801895.59
1544801895.64
1544801895.69
1544801895.73
1544801895.79
1544801895.85
1544801895.9
1544801895.93
1544801895.99
1544801896.03
1544801896.07
1544801896.11
1544801896.14
1544801896.2
1544801896.26
1544801896.31
1544801896.37
1544801896.44
1544801896.48
1544801896.51
1544801896.54
1544801896.59
1544801896.62
1544801896.67
1544801896.7
1544801896.73
1544801896.77
1544801896.82
1544801896.87
1544801896.93
1544801896.97
1544801897.01
1544801897.06
1544801897.13
1544801897.19
1544801897.25
1544801897.29
1544801897.34
1544801897.4
1544801897.44
1544801897.5
1544801897.56
1544801897.62
1544801897.69
1544801897.76
1544801897.82
1544801897.91
1544801897.98
1544801898.01
1544801898.05
1544801898.14
1544801898.22
1544801898.29
1544801898.34
1544801898.4
1544801898.47
1544801898.51
1544801898.55
1544801898.63
1544801898.72
1544801898.79
1544801898.85
1544801898.91
1544801898.96
1544801899.01
1544801899.05
1544801899.1
1544801899.15
1544801899.21
1544801899.28
1544801899.36
1544801899.43
1544801899.5
1544801899.57
1544801899.66
1544801899.74
1544801899.82
1544801899.87
1544801899.94
1544801900.01
1544801900.08
1544801900.14
1544801900.21
1544801900.28
1544801900.34
1544801900.41
1544801900.48
1544801900.56
1544801900.62
1544801900.7
1544801900.78
1544801900.83
1544801900.88
1544801900.92
1544801900.98
1544801901.06
1544801901.12
