1544729823.24
1544729824.47
1544729824.73
1544729824.93
1544729825.11
1544729825.29
1544729825.5
1544729825.76
1544729825.94
1544729826.1
1544729826.27
1544729826.47
1544729826.65
1544729826.82
1544729826.98
1544729827.18
1544729827.35
1544729827.54
1544729827.75
1544729827.94
1544729828.12
1544729828.32
1544729828.51
1544729828.72
1544729828.96
1544729829.13
1544729829.33
1544729829.52
1544729829.72
1544729829.91
1544729830.15
1544729830.36
1544729830.56
1544729830.78
1544729830.94
1544729831.08
1544729831.23
1544729831.39
1544729831.52
1544729831.71
1544729831.87
1544729832.04
1544729832.21
1544729832.37
1544729832.53
1544729832.7
1544729832.86
1544729833.03
1544729833.19
1544729833.35
1544729833.47
1544729833.63
1544729833.79
1544729833.93
1544729834.08
1544729834.25
1544729834.39
1544729834.54
1544729834.68
1544729834.82
1544729834.96
1544729835.11
1544729835.21
1544729835.35
1544729835.5
1544729835.61
1544729835.73
1544729835.85
1544729835.96
1544729836.08
1544729836.2
1544729836.32
1544729836.42
1544729836.58
1544729836.68
1544729836.83
1544729836.98
1544729837.11
1544729837.24
1544729837.35
1544729837.47
1544729837.58
1544729837.7
1544729837.79
1544729837.89
1544729838.02
1544729838.13
1544729838.24
1544729838.41
1544729838.51
1544729838.58
1544729838.76
1544729838.91
1544729839.02
1544729839.13
1544729839.28
1544729839.42
1544729839.56
1544729839.66
1544729839.79
1544729839.93
1544729840.07
1544729840.23
1544729840.37
1544729840.52
1544729840.68
1544729840.85
1544729840.98
1544729841.12
1544729841.23
1544729841.4
1544729841.56
1544729841.75
1544729841.89
1544729842.02
1544729842.15
1544729842.33
1544729842.47
1544729842.64
1544729842.79
1544729842.95
1544729843.12
1544729843.26
1544729843.43
1544729843.6
1544729843.75
1544729843.94
1544729844.11
1544729844.28
1544729844.43
1544729844.6
1544729844.76
1544729844.89
1544729845.03
1544729845.16
1544729845.31
1544729845.45
1544729845.61
1544729845.75
1544729845.89
1544729846.03
1544729846.16
1544729846.29
1544729846.42
1544729846.57
1544729846.7
1544729846.82
1544729846.95
1544729847.12
1544729847.27
1544729847.4
1544729847.51
1544729847.64
1544729847.76
1544729847.87
1544729847.99
1544729848.1
1544729848.23
1544729848.34
1544729848.46
1544729848.58
1544729848.7
1544729848.83
1544729848.97
1544729849.11
1544729849.25
1544729849.41
1544729849.57
1544729849.74
1544729849.92
1544729850.06
1544729850.25
1544729850.41
1544729850.57
1544729850.75
1544729850.91
1544729851.08
1544729851.23
1544729851.4
1544729851.56
1544729851.74
1544729851.9
1544729852.05
1544729852.21
1544729852.31
1544729852.43
1544729852.58
1544729852.74
1544729852.88
1544729853.04
1544729853.18
1544729853.32
1544729853.44
1544729853.57
1544729853.68
1544729853.82
1544729853.94
1544729854.07
1544729854.22
1544729854.36
1544729854.48
1544729854.61
1544729854.72
1544729854.83
1544729854.99
1544729855.14
1544729855.25
1544729855.39
1544729855.47
1544729855.59
1544729855.73
1544729855.85
1544729856.0
1544729856.14
1544729856.25
1544729856.38
1544729856.49
1544729856.6
1544729856.71
1544729856.82
1544729856.95
1544729857.08
1544729857.19
1544729857.32
1544729857.45
1544729857.62
1544729857.79
1544729857.92
1544729858.05
1544729858.19
1544729858.32
1544729858.46
1544729858.58
1544729858.72
1544729858.85
1544729858.98
1544729859.1
1544729859.19
1544729859.29
1544729859.41
1544729859.52
1544729859.64
1544729859.74
1544729859.85
1544729859.96
1544729860.07
1544729860.16
1544729860.28
1544729860.38
1544729860.48
1544729860.58
1544729860.67
1544729860.77
1544729860.87
1544729860.96
1544729861.05
1544729861.18
1544729861.31
1544729861.43
1544729861.65
1544729861.77
1544729861.88
1544729861.97
1544729862.06
1544729862.13
1544729862.24
1544729862.42
1544729862.58
1544729862.73
1544729862.86
1544729863.0
1544729863.23
1544729863.36
1544729863.5
1544729863.66
1544729863.83
1544729863.98
1544729864.13
1544729864.24
1544729864.37
1544729864.5
1544729864.59
1544729864.66
1544729864.73
1544729864.8
1544729864.91
1544729865.02
1544729865.12
1544729865.23
1544729865.34
1544729865.57
1544729865.8
1544729866.0
1544729866.17
1544729866.36
1544729866.53
1544729866.72
1544729866.84
1544729867.06
1544729867.28
1544729867.47
1544729867.73
1544729867.93
1544729868.11
1544729868.3
1544729868.5
1544729868.64
1544729868.76
1544729868.85
1544729868.94
1544729869.03
1544729869.15
1544729869.24
1544729869.33
1544729869.41
1544729869.54
1544729869.72
1544729869.93
1544729870.09
1544729870.23
1544729870.43
1544729870.6
1544729870.81
1544729870.98
1544729871.12
1544729871.23
1544729871.34
1544729871.47
1544729871.61
1544729871.74
1544729871.83
1544729871.95
1544729872.06
1544729872.17
1544729872.27
1544729872.39
1544729872.49
1544729872.61
1544729872.73
1544729872.86
1544729872.98
1544729873.08
1544729873.2
1544729873.28
1544729873.43
1544729873.53
1544729873.64
1544729873.75
1544729873.85
1544729873.97
1544729874.08
1544729874.23
1544729874.38
1544729874.53
1544729874.65
1544729874.78
1544729874.89
1544729875.02
1544729875.14
1544729875.26
1544729875.38
1544729875.49
1544729875.6
1544729875.72
1544729875.84
1544729875.99
1544729876.12
1544729876.25
1544729876.38
1544729876.53
1544729876.66
1544729876.79
1544729876.92
1544729877.08
1544729877.19
1544729877.41
1544729877.58
1544729877.73
1544729877.86
1544729877.96
1544729878.12
1544729878.26
1544729878.4
1544729878.53
1544729878.67
1544729878.8
1544729878.93
1544729879.06
1544729879.18
1544729879.31
1544729879.44
1544729879.57
1544729879.72
1544729879.84
1544729879.95
1544729880.09
1544729880.23
1544729880.37
1544729880.49
1544729880.63
1544729880.73
1544729880.84
1544729880.98
1544729881.11
1544729881.23
1544729881.37
1544729881.5
1544729881.63
1544729881.77
1544729881.91
1544729882.02
1544729882.16
1544729882.28
1544729882.4
1544729882.52
1544729882.64
1544729882.77
1544729882.9
1544729883.03
1544729883.16
1544729883.28
1544729883.41
1544729883.51
1544729883.62
1544729883.74
1544729883.87
1544729884.0
1544729884.13
1544729884.27
1544729884.4
1544729884.5
1544729884.56
1544729884.72
1544729884.84
1544729884.95
1544729885.07
1544729885.18
1544729885.3
1544729885.42
1544729885.56
1544729885.68
1544729885.8
1544729885.93
1544729886.07
1544729886.19
1544729886.28
1544729886.35
1544729886.45
1544729886.54
1544729886.65
1544729886.75
1544729886.88
1544729887.01
1544729887.13
1544729887.23
1544729887.38
1544729887.52
1544729887.65
1544729887.76
1544729887.91
1544729888.02
1544729888.19
1544729888.34
1544729888.45
1544729888.62
1544729888.75
1544729888.89
1544729889.02
1544729889.15
1544729889.28
1544729889.39
1544729889.51
1544729889.62
1544729889.74
1544729889.83
1544729889.95
1544729890.05
1544729890.16
1544729890.3
1544729890.42
1544729890.54
1544729890.69
1544729890.89
1544729891.09
1544729891.23
1544729891.37
1544729891.48
1544729891.64
1544729891.81
1544729891.93
1544729892.05
1544729892.15
1544729892.29
1544729892.39
1544729892.46
1544729892.55
1544729892.63
1544729892.7
1544729892.78
1544729892.88
1544729892.98
1544729893.08
1544729893.19
1544729893.32
1544729893.43
1544729893.55
1544729893.63
1544729893.75
1544729893.86
1544729893.96
1544729894.05
1544729894.14
1544729894.23
1544729894.33
1544729894.43
1544729894.53
1544729894.61
1544729894.69
1544729894.77
1544729894.88
1544729894.96
1544729895.04
1544729895.15
1544729895.26
1544729895.36
1544729895.46
1544729895.56
1544729895.66
1544729895.76
1544729895.86
1544729895.95
1544729896.04
1544729896.13
1544729896.23
1544729896.31
1544729896.37
1544729896.44
1544729896.51
1544729896.58
1544729896.68
1544729896.77
1544729896.86
1544729896.91
1544729896.98
1544729897.05
1544729897.11
1544729897.17
1544729897.24
1544729897.3
1544729897.36
1544729897.44
1544729897.52
1544729897.62
1544729897.73
1544729897.83
1544729897.91
1544729897.98
1544729898.05
1544729898.09
1544729898.18
1544729898.28
1544729898.37
1544729898.44
1544729898.52
1544729898.62
1544729898.72
1544729898.79
1544729898.85
1544729898.91
1544729898.98
1544729899.04
1544729899.11
1544729899.16
1544729899.25
1544729899.31
1544729899.38
1544729899.44
1544729899.5
1544729899.58
1544729899.68
1544729899.77
1544729899.85
1544729899.91
1544729900.0
1544729900.09
1544729900.16
1544729900.22
1544729900.29
1544729900.35
1544729900.41
1544729900.48
1544729900.54
1544729900.61
1544729900.68
1544729900.75
1544729900.81
1544729900.89
1544729900.97
1544729901.04
1544729901.12
1544729901.17
1544729901.22
1544729901.26
1544729901.32
1544729901.4
1544729901.47
1544729901.53
1544729901.61
1544729901.7
1544729901.77
1544729901.83
1544729901.88
1544729901.93
1544729901.98
1544729902.03
1544729902.07
1544729902.11
1544729902.18
1544729902.26
1544729902.31
1544729902.44
1544729902.49
1544729902.62
1544729902.72
1544729902.82
1544729902.92
1544729903.01
1544729903.07
1544729903.13
1544729903.25
1544729903.35
1544729903.42
1544729903.5
1544729903.59
1544729903.67
1544729903.76
1544729903.84
1544729903.91
1544729903.98
1544729904.05
1544729904.12
1544729904.17
1544729904.26
1544729904.34
1544729904.4
1544729904.46
1544729904.52
1544729904.59
1544729904.66
1544729904.74
1544729904.79
1544729904.86
1544729904.94
1544729905.02
1544729905.06
1544729905.1
1544729905.19
1544729905.27
1544729905.35
1544729905.43
1544729905.54
1544729905.63
1544729905.7
1544729905.8
1544729905.88
1544729905.96
1544729906.05
1544729906.12
1544729906.18
1544729906.23
1544729906.29
1544729906.34
1544729906.41
1544729906.47
1544729906.51
1544729906.57
1544729906.63
1544729906.68
1544729906.74
1544729906.8
1544729906.86
1544729906.91
1544729906.99
1544729907.05
1544729907.11
1544729907.19
1544729907.24
1544729907.3
1544729907.35
1544729907.41
1544729907.47
1544729907.55
1544729907.61
1544729907.68
1544729907.75
1544729907.8
1544729907.87
1544729907.94
1544729908.0
1544729908.07
1544729908.13
1544729908.2
1544729908.26
1544729908.3
1544729908.35
1544729908.42
1544729908.49
1544729908.55
1544729908.6
1544729908.66
1544729908.7
1544729908.76
1544729908.83
1544729908.89
1544729908.94
1544729909.0
1544729909.07
1544729909.12
1544729909.19
1544729909.27
1544729909.32
1544729909.44
1544729909.5
1544729909.61
1544729909.68
1544729909.75
1544729909.85
1544729909.94
1544729910.04
1544729910.11
1544729910.23
1544729910.31
1544729910.4
1544729910.47
1544729910.52
1544729910.64
1544729910.74
1544729910.84
1544729910.93
1544729911.0
1544729911.1
1544729911.19
1544729911.25
1544729911.32
1544729911.39
1544729911.46
1544729911.51
1544729911.58
1544729911.65
1544729911.71
1544729911.78
1544729911.85
1544729911.91
1544729911.97
1544729912.03
1544729912.09
1544729912.15
1544729912.21
1544729912.28
1544729912.34
1544729912.39
1544729912.44
1544729912.5
1544729912.56
1544729912.61
1544729912.67
1544729912.73
1544729912.79
1544729912.85
1544729912.9
1544729912.96
1544729913.03
1544729913.09
1544729913.15
1544729913.22
1544729913.29
1544729913.35
1544729913.44
1544729913.53
1544729913.61
1544729913.71
1544729913.81
1544729913.89
1544729913.99
1544729914.07
1544729914.16
1544729914.25
1544729914.33
1544729914.41
1544729914.5
1544729914.58
1544729914.67
1544729914.74
1544729914.81
1544729914.9
1544729914.98
1544729915.06
1544729915.14
1544729915.23
1544729915.31
1544729915.4
1544729915.49
1544729915.56
1544729915.62
1544729915.65
1544729915.71
1544729915.75
1544729915.81
1544729915.86
1544729915.91
1544729915.95
1544729916.0
1544729916.05
1544729916.1
1544729916.15
1544729916.19
1544729916.24
1544729916.29
1544729916.34
1544729916.39
1544729916.45
1544729916.51
1544729916.56
1544729916.6
1544729916.65
1544729916.7
1544729916.75
1544729916.8
1544729916.85
1544729916.89
1544729916.93
1544729916.99
1544729917.04
1544729917.1
1544729917.16
1544729917.27
1544729917.38
1544729917.46
1544729917.54
1544729917.62
1544729917.67
1544729917.75
1544729917.81
1544729917.86
1544729917.94
1544729917.98
1544729918.04
1544729918.09
1544729918.14
1544729918.18
1544729918.23
1544729918.33
1544729918.37
1544729918.47
1544729918.55
1544729918.63
1544729918.69
1544729918.76
1544729918.81
1544729918.9
1544729918.98
1544729919.05
1544729919.13
1544729919.19
1544729919.26
1544729919.33
1544729919.39
1544729919.46
1544729919.55
1544729919.63
1544729919.69
1544729919.78
1544729919.84
1544729919.91
1544729919.98
1544729920.05
1544729920.12
1544729920.19
1544729920.26
1544729920.33
1544729920.41
1544729920.48
1544729920.55
1544729920.62
1544729920.69
1544729920.78
1544729920.85
1544729920.94
1544729921.0
1544729921.08
1544729921.14
1544729921.21
1544729921.29
1544729921.37
1544729921.45
1544729921.53
1544729921.59
1544729921.68
1544729921.76
1544729921.84
1544729921.93
1544729922.0
1544729922.08
1544729922.15
1544729922.23
1544729922.32
1544729922.4
1544729922.48
1544729922.57
1544729922.63
1544729922.71
1544729922.81
1544729922.89
1544729922.97
1544729923.04
1544729923.12
1544729923.2
1544729923.29
1544729923.38
1544729923.46
1544729923.54
1544729923.62
1544729923.7
1544729923.78
1544729923.85
1544729923.91
1544729923.99
1544729924.05
1544729924.12
1544729924.21
1544729924.3
1544729924.37
1544729924.43
1544729924.49
1544729924.55
1544729924.6
1544729924.66
1544729924.73
1544729924.79
1544729924.86
1544729924.92
1544729924.99
1544729925.06
1544729925.14
1544729925.2
1544729925.3
1544729925.39
1544729925.49
1544729925.56
1544729925.63
1544729925.69
1544729925.76
1544729925.82
1544729925.89
1544729925.98
1544729926.06
1544729926.14
1544729926.21
1544729926.28
1544729926.36
1544729926.43
1544729926.49
1544729926.55
1544729926.61
1544729926.69
1544729926.77
1544729926.85
1544729926.93
1544729927.0
1544729927.08
1544729927.14
1544729927.22
1544729927.29
1544729927.4
1544729927.46
1544729927.55
1544729927.63
1544729927.7
1544729927.79
1544729927.86
1544729927.94
1544729928.01
1544729928.08
1544729928.13
1544729928.19
1544729928.28
1544729928.32
1544729928.41
1544729928.48
1544729928.58
1544729928.68
1544729928.77
1544729928.84
1544729928.9
1544729928.97
1544729929.03
1544729929.1
1544729929.16
1544729929.22
1544729929.28
1544729929.34
1544729929.4
1544729929.45
1544729929.52
1544729929.57
1544729929.64
1544729929.7
1544729929.79
1544729929.85
1544729929.9
1544729929.98
1544729930.04
1544729930.1
1544729930.17
1544729930.23
1544729930.33
1544729930.4
1544729930.46
1544729930.52
1544729930.59
1544729930.65
1544729930.71
1544729930.77
1544729930.85
1544729930.9
1544729931.02
1544729931.1
1544729931.21
1544729931.31
1544729931.41
1544729931.49
1544729931.57
1544729931.65
1544729931.71
1544729931.77
1544729931.86
1544729931.93
1544729932.0
1544729932.05
1544729932.12
1544729932.19
1544729932.27
1544729932.36
1544729932.43
1544729932.51
1544729932.6
1544729932.67
1544729932.77
1544729932.86
1544729932.98
1544729933.07
1544729933.15
1544729933.25
1544729933.37
1544729933.48
1544729933.6
1544729933.73
1544729933.8
1544729933.87
1544729933.97
1544729934.08
1544729934.2
1544729934.29
1544729934.39
1544729934.47
1544729934.56
1544729934.64
1544729934.74
1544729934.82
1544729934.9
1544729934.97
1544729935.06
1544729935.13
1544729935.24
1544729935.33
1544729935.41
1544729935.48
1544729935.55
1544729935.62
1544729935.7
1544729935.79
1544729935.88
1544729935.93
1544729936.01
1544729936.1
1544729936.2
1544729936.27
1544729936.38
1544729936.44
1544729936.52
1544729936.6
1544729936.67
1544729936.77
1544729936.85
1544729936.91
1544729936.98
1544729937.05
1544729937.11
1544729937.2
1544729937.27
1544729937.34
1544729937.42
1544729937.48
1544729937.54
1544729937.61
1544729937.67
1544729937.72
1544729937.8
1544729937.85
1544729937.89
1544729937.98
1544729938.04
1544729938.1
1544729938.2
1544729938.29
1544729938.37
1544729938.42
1544729938.5
1544729938.6
1544729938.7
1544729938.78
1544729938.85
1544729938.93
1544729939.0
1544729939.07
1544729939.15
1544729939.26
1544729939.34
1544729939.43
1544729939.56
1544729939.63
1544729939.73
1544729939.8
1544729939.86
1544729939.93
1544729939.99
1544729940.07
1544729940.14
1544729940.21
1544729940.29
1544729940.36
1544729940.42
1544729940.49
1544729940.56
1544729940.63
1544729940.74
1544729940.82
1544729940.89
1544729940.95
1544729941.01
1544729941.07
1544729941.13
1544729941.19
1544729941.29
1544729941.34
1544729941.41
1544729941.49
1544729941.54
1544729941.61
1544729941.73
1544729941.81
1544729941.9
1544729941.97
1544729942.04
1544729942.09
1544729942.23
1544729942.33
1544729942.4
1544729942.46
1544729942.56
1544729942.64
1544729942.72
1544729942.76
1544729942.82
1544729942.89
1544729942.95
1544729943.01
1544729943.1
1544729943.16
1544729943.22
1544729943.27
1544729943.33
1544729943.38
1544729943.46
1544729943.55
1544729943.63
1544729943.72
1544729943.77
1544729943.81
1544729943.9
1544729943.96
1544729944.03
1544729944.11
1544729944.17
1544729944.22
1544729944.29
1544729944.38
1544729944.49
1544729944.57
1544729944.67
1544729944.76
1544729944.82
1544729944.89
1544729944.98
1544729945.06
1544729945.15
1544729945.25
1544729945.31
1544729945.39
1544729945.47
1544729945.54
1544729945.61
1544729945.68
1544729945.75
1544729945.81
1544729945.89
1544729945.96
1544729946.04
1544729946.12
1544729946.19
1544729946.26
1544729946.33
1544729946.4
1544729946.48
1544729946.55
1544729946.61
1544729946.67
1544729946.75
1544729946.81
1544729946.88
1544729946.95
1544729946.99
1544729947.07
1544729947.14
1544729947.2
1544729947.28
1544729947.37
1544729947.46
1544729947.53
1544729947.61
1544729947.69
1544729947.78
1544729947.85
1544729947.93
1544729948.02
1544729948.1
1544729948.16
1544729948.23
1544729948.29
1544729948.35
1544729948.41
1544729948.49
1544729948.55
1544729948.62
1544729948.71
1544729948.78
1544729948.86
1544729948.95
1544729949.03
1544729949.12
1544729949.19
1544729949.25
1544729949.3
1544729949.35
1544729949.39
1544729949.44
1544729949.56
1544729949.62
1544729949.7
1544729949.79
1544729949.88
1544729949.95
1544729949.99
1544729950.06
1544729950.13
1544729950.2
1544729950.28
1544729950.34
1544729950.39
1544729950.47
1544729950.54
1544729950.61
1544729950.68
1544729950.74
1544729950.8
1544729950.88
1544729950.94
1544729950.99
1544729951.06
1544729951.13
1544729951.2
1544729951.26
1544729951.33
1544729951.39
1544729951.46
1544729951.52
1544729951.57
1544729951.65
1544729951.7
1544729951.76
1544729951.81
1544729951.87
1544729951.94
1544729952.01
1544729952.07
1544729952.13
1544729952.19
1544729952.25
1544729952.32
1544729952.39
1544729952.45
1544729952.54
1544729952.61
1544729952.67
1544729952.75
1544729952.84
1544729952.9
1544729952.98
1544729953.04
1544729953.1
1544729953.18
1544729953.24
1544729953.3
1544729953.37
1544729953.45
1544729953.52
1544729953.59
1544729953.68
1544729953.77
1544729953.87
1544729953.94
1544729954.07
1544729954.17
1544729954.26
1544729954.33
1544729954.42
1544729954.5
1544729954.58
1544729954.66
1544729954.73
1544729954.8
1544729954.87
1544729954.94
1544729954.99
1544729955.05
1544729955.11
1544729955.17
1544729955.24
1544729955.31
1544729955.38
1544729955.46
1544729955.53
1544729955.61
1544729955.69
1544729955.77
1544729955.84
1544729955.93
1544729955.99
1544729956.05
1544729956.11
1544729956.18
1544729956.24
1544729956.29
1544729956.38
1544729956.46
1544729956.56
1544729956.61
1544729956.74
1544729956.84
1544729956.94
1544729957.03
1544729957.13
1544729957.18
1544729957.27
1544729957.36
1544729957.41
1544729957.5
1544729957.61
1544729957.68
1544729957.75
1544729957.8
1544729957.87
1544729957.96
1544729958.07
1544729958.17
1544729958.24
1544729958.36
1544729958.41
1544729958.58
1544729958.65
1544729958.78
1544729958.87
1544729958.95
1544729959.04
1544729959.11
1544729959.19
1544729959.26
1544729959.3
1544729959.36
1544729959.4
1544729959.49
1544729959.6
1544729959.69
1544729959.74
1544729959.79
1544729959.91
1544729960.01
1544729960.1
1544729960.17
1544729960.24
1544729960.32
1544729960.4
1544729960.47
1544729960.55
1544729960.61
1544729960.69
1544729960.77
1544729960.85
1544729960.91
1544729960.96
1544729961.01
1544729961.09
1544729961.16
1544729961.21
1544729961.27
1544729961.38
1544729961.5
1544729961.55
1544729961.61
1544729961.66
1544729961.73
1544729961.79
1544729961.84
1544729961.91
1544729961.97
1544729962.0
1544729962.04
1544729962.08
1544729962.11
1544729962.19
1544729962.24
1544729962.32
1544729962.36
1544729962.47
1544729962.54
1544729962.61
1544729962.68
1544729962.75
1544729962.81
1544729962.87
1544729962.94
1544729963.01
1544729963.07
1544729963.16
1544729963.21
1544729963.33
1544729963.41
1544729963.49
1544729963.57
1544729963.63
1544729963.72
1544729963.78
1544729963.84
1544729963.93
1544729964.01
1544729964.07
1544729964.14
1544729964.25
1544729964.36
1544729964.4
1544729964.49
1544729964.54
1544729964.59
1544729964.65
1544729964.74
1544729964.81
1544729964.88
1544729964.98
1544729965.03
1544729965.11
1544729965.2
1544729965.29
1544729965.37
1544729965.44
1544729965.53
1544729965.6
1544729965.67
1544729965.74
1544729965.81
1544729965.88
1544729965.95
1544729966.02
1544729966.11
1544729966.18
1544729966.28
1544729966.37
1544729966.44
1544729966.52
1544729966.61
1544729966.68
1544729966.77
1544729966.85
1544729966.91
1544729966.99
1544729967.08
1544729967.16
1544729967.22
1544729967.31
1544729967.39
1544729967.47
1544729967.54
1544729967.6
1544729967.65
1544729967.72
1544729967.77
1544729967.84
1544729967.91
1544729967.98
1544729968.05
1544729968.11
1544729968.18
1544729968.25
1544729968.31
1544729968.38
1544729968.44
1544729968.51
1544729968.59
1544729968.68
1544729968.75
1544729968.82
1544729968.88
1544729968.94
1544729969.02
1544729969.13
1544729969.24
1544729969.31
1544729969.38
1544729969.44
1544729969.5
1544729969.58
1544729969.65
1544729969.72
1544729969.8
1544729969.88
1544729969.96
1544729970.06
1544729970.13
1544729970.2
1544729970.27
1544729970.34
1544729970.41
1544729970.48
1544729970.55
1544729970.62
1544729970.71
1544729970.78
1544729970.85
1544729970.92
1544729970.99
1544729971.04
1544729971.12
1544729971.19
1544729971.25
1544729971.31
1544729971.38
1544729971.44
1544729971.5
1544729971.57
1544729971.63
1544729971.69
1544729971.76
1544729971.82
1544729971.88
1544729971.94
1544729972.0
1544729972.06
1544729972.14
1544729972.22
1544729972.28
1544729972.35
1544729972.43
1544729972.49
1544729972.55
1544729972.6
1544729972.66
1544729972.71
1544729972.79
1544729972.86
1544729972.92
1544729972.99
1544729973.06
1544729973.16
1544729973.24
1544729973.29
1544729973.35
1544729973.43
1544729973.49
1544729973.57
1544729973.64
1544729973.72
1544729973.8
1544729973.88
1544729973.96
1544729974.04
1544729974.11
1544729974.21
1544729974.28
1544729974.35
1544729974.42
1544729974.5
1544729974.55
1544729974.65
1544729974.73
1544729974.82
1544729974.91
1544729974.98
1544729975.06
1544729975.12
1544729975.19
1544729975.26
1544729975.32
1544729975.41
1544729975.45
1544729975.55
1544729975.61
1544729975.68
1544729975.77
1544729975.85
1544729975.94
1544729976.01
1544729976.07
1544729976.15
1544729976.21
1544729976.26
1544729976.31
1544729976.37
1544729976.43
1544729976.49
1544729976.55
1544729976.61
1544729976.67
1544729976.72
1544729976.79
1544729976.86
1544729976.91
1544729976.97
1544729977.03
1544729977.09
1544729977.15
1544729977.21
1544729977.28
1544729977.36
1544729977.43
1544729977.5
1544729977.57
1544729977.68
1544729977.77
1544729977.85
1544729977.91
1544729977.98
1544729978.06
1544729978.14
1544729978.21
1544729978.29
1544729978.37
1544729978.45
1544729978.54
1544729978.61
1544729978.68
1544729978.76
1544729978.81
1544729978.88
1544729978.94
1544729979.0
1544729979.07
1544729979.15
1544729979.23
1544729979.29
1544729979.36
1544729979.43
1544729979.48
1544729979.53
1544729979.57
1544729979.64
1544729979.69
1544729979.82
1544729979.92
1544729979.99
1544729980.09
1544729980.16
1544729980.24
1544729980.29
1544729980.36
1544729980.41
1544729980.47
1544729980.55
1544729980.65
1544729980.72
1544729980.79
1544729980.85
1544729980.91
1544729980.99
1544729981.07
1544729981.19
1544729981.29
1544729981.38
1544729981.44
1544729981.5
1544729981.63
1544729981.69
1544729981.83
1544729981.91
1544729981.98
1544729982.06
1544729982.13
1544729982.18
1544729982.24
1544729982.3
1544729982.34
1544729982.4
1544729982.46
1544729982.52
1544729982.59
1544729982.64
1544729982.71
1544729982.79
1544729982.87
1544729982.96
1544729983.03
1544729983.11
1544729983.17
1544729983.27
1544729983.36
1544729983.44
1544729983.51
1544729983.59
1544729983.66
1544729983.73
1544729983.8
1544729983.88
1544729983.98
1544729984.05
1544729984.1
1544729984.16
1544729984.22
1544729984.28
1544729984.33
1544729984.37
1544729984.43
1544729984.51
1544729984.59
1544729984.65
1544729984.7
1544729984.77
1544729984.82
1544729984.89
1544729984.97
1544729985.04
1544729985.1
1544729985.17
1544729985.23
1544729985.29
1544729985.35
1544729985.41
1544729985.47
1544729985.52
1544729985.57
1544729985.64
1544729985.71
1544729985.79
1544729985.86
1544729985.95
1544729986.06
1544729986.15
1544729986.24
1544729986.33
1544729986.38
1544729986.44
1544729986.51
1544729986.6
1544729986.67
1544729986.76
1544729986.85
1544729986.94
1544729987.03
1544729987.12
1544729987.2
1544729987.28
1544729987.36
1544729987.44
1544729987.5
1544729987.58
1544729987.66
1544729987.75
1544729987.8
1544729987.87
1544729988.01
1544729988.13
1544729988.24
1544729988.35
1544729988.43
1544729988.5
1544729988.56
1544729988.63
1544729988.7
1544729988.76
1544729988.82
1544729988.9
1544729988.98
1544729989.06
1544729989.13
1544729989.2
1544729989.27
1544729989.34
1544729989.4
1544729989.48
1544729989.56
1544729989.64
1544729989.71
1544729989.79
1544729989.87
1544729989.94
1544729990.0
1544729990.06
1544729990.11
1544729990.15
1544729990.2
1544729990.29
1544729990.35
1544729990.4
1544729990.46
1544729990.53
1544729990.59
1544729990.65
1544729990.73
1544729990.79
1544729990.86
1544729990.91
1544729990.97
1544729991.01
1544729991.07
1544729991.13
1544729991.18
1544729991.26
1544729991.34
1544729991.42
1544729991.5
1544729991.58
1544729991.66
1544729991.72
1544729991.78
1544729991.85
1544729991.9
1544729991.97
1544729992.04
1544729992.09
1544729992.15
1544729992.19
1544729992.25
1544729992.29
1544729992.34
1544729992.43
1544729992.49
1544729992.57
1544729992.65
1544729992.73
1544729992.84
1544729992.9
1544729993.04
1544729993.14
1544729993.28
1544729993.34
1544729993.42
1544729993.48
1544729993.51
1544729993.58
1544729993.63
1544729993.69
1544729993.76
1544729993.83
1544729993.94
1544729994.03
1544729994.13
1544729994.21
1544729994.33
1544729994.38
1544729994.47
1544729994.57
1544729994.67
1544729994.75
1544729994.81
1544729994.91
1544729995.01
1544729995.09
1544729995.17
1544729995.27
1544729995.37
1544729995.45
1544729995.52
1544729995.6
1544729995.65
1544729995.69
1544729995.78
1544729995.85
1544729995.91
1544729996.0
1544729996.07
1544729996.15
1544729996.23
1544729996.31
1544729996.41
1544729996.5
1544729996.59
1544729996.64
1544729996.71
1544729996.79
1544729996.84
1544729996.92
1544729996.98
1544729997.03
1544729997.08
1544729997.16
1544729997.21
1544729997.29
1544729997.36
1544729997.44
1544729997.5
1544729997.57
1544729997.64
1544729997.7
1544729997.77
1544729997.84
1544729997.9
1544729997.97
1544729998.03
1544729998.1
1544729998.17
1544729998.23
1544729998.29
1544729998.36
1544729998.43
1544729998.49
1544729998.55
1544729998.62
1544729998.69
1544729998.76
1544729998.81
1544729998.86
1544729998.91
1544729999.0
1544729999.06
1544729999.14
1544729999.19
1544729999.26
1544729999.33
1544729999.41
1544729999.5
1544729999.56
1544729999.63
1544729999.67
1544729999.75
1544729999.82
1544729999.9
1544730000.02
1544730000.1
1544730000.19
1544730000.27
1544730000.34
1544730000.41
1544730000.46
1544730000.52
1544730000.6
1544730000.66
1544730000.72
1544730000.81
1544730000.88
1544730000.95
1544730001.02
1544730001.08
1544730001.14
1544730001.21
1544730001.28
1544730001.34
1544730001.41
1544730001.47
1544730001.54
1544730001.6
1544730001.67
1544730001.74
1544730001.8
1544730001.87
1544730001.94
1544730002.01
1544730002.07
1544730002.13
1544730002.2
1544730002.27
1544730002.34
1544730002.43
1544730002.49
1544730002.56
1544730002.63
1544730002.69
1544730002.76
1544730002.82
1544730002.9
1544730002.98
1544730003.06
1544730003.14
1544730003.21
1544730003.28
1544730003.35
1544730003.42
1544730003.48
1544730003.56
1544730003.64
1544730003.71
1544730003.79
1544730003.85
1544730003.92
1544730004.0
1544730004.08
1544730004.16
1544730004.24
1544730004.31
1544730004.39
1544730004.46
1544730004.52
1544730004.63
1544730004.72
1544730004.8
1544730004.89
1544730004.95
1544730005.01
1544730005.08
1544730005.14
1544730005.21
1544730005.3
1544730005.38
1544730005.48
1544730005.57
1544730005.65
1544730005.72
1544730005.81
1544730005.89
1544730005.96
1544730006.03
1544730006.1
1544730006.18
1544730006.24
1544730006.3
1544730006.37
1544730006.43
1544730006.5
1544730006.56
1544730006.63
1544730006.69
1544730006.78
1544730006.83
1544730006.89
1544730006.95
1544730007.0
1544730007.05
1544730007.14
1544730007.23
1544730007.3
1544730007.35
1544730007.43
1544730007.5
1544730007.56
1544730007.64
1544730007.7
1544730007.77
1544730007.85
1544730007.91
1544730007.98
1544730008.05
1544730008.1
1544730008.2
1544730008.31
1544730008.42
1544730008.54
1544730008.66
1544730008.76
1544730008.86
1544730008.98
1544730009.09
1544730009.17
1544730009.23
1544730009.27
1544730009.34
1544730009.41
1544730009.48
1544730009.56
1544730009.6
1544730009.67
1544730009.73
1544730009.8
1544730009.86
1544730009.92
1544730010.0
1544730010.07
1544730010.12
1544730010.19
1544730010.25
1544730010.28
1544730010.33
1544730010.4
1544730010.47
1544730010.53
1544730010.6
1544730010.67
1544730010.74
1544730010.81
1544730010.87
1544730010.93
1544730010.99
1544730011.06
1544730011.11
1544730011.17
1544730011.22
1544730011.28
1544730011.37
1544730011.47
1544730011.54
1544730011.63
1544730011.7
1544730011.75
1544730011.88
1544730011.95
1544730012.02
1544730012.09
1544730012.19
1544730012.28
1544730012.37
1544730012.45
1544730012.53
1544730012.58
1544730012.66
1544730012.72
1544730012.77
1544730012.83
1544730012.91
1544730013.0
1544730013.04
1544730013.09
1544730013.15
1544730013.21
1544730013.28
1544730013.39
1544730013.45
1544730013.52
1544730013.58
1544730013.65
1544730013.69
1544730013.74
1544730013.8
1544730013.85
1544730013.89
1544730013.97
1544730014.02
1544730014.08
1544730014.15
1544730014.24
1544730014.28
1544730014.31
1544730014.39
1544730014.46
1544730014.53
1544730014.59
1544730014.67
1544730014.73
1544730014.82
1544730014.89
1544730014.94
1544730015.0
1544730015.05
1544730015.11
1544730015.17
1544730015.22
1544730015.27
1544730015.3
1544730015.35
1544730015.45
1544730015.53
1544730015.62
1544730015.68
1544730015.76
1544730015.83
1544730015.89
1544730015.97
1544730016.06
1544730016.14
1544730016.22
1544730016.29
1544730016.35
1544730016.45
1544730016.53
1544730016.59
1544730016.66
1544730016.76
1544730016.88
1544730016.96
1544730017.06
1544730017.16
1544730017.23
1544730017.33
1544730017.42
1544730017.5
1544730017.59
1544730017.66
1544730017.73
1544730017.8
1544730017.87
1544730017.94
1544730018.0
1544730018.08
1544730018.15
1544730018.22
1544730018.29
1544730018.36
1544730018.43
1544730018.49
1544730018.55
1544730018.62
1544730018.71
1544730018.8
1544730018.88
1544730018.96
1544730019.03
1544730019.1
1544730019.16
1544730019.23
1544730019.3
1544730019.38
1544730019.46
1544730019.52
1544730019.61
1544730019.7
1544730019.78
1544730019.85
1544730019.92
1544730020.0
1544730020.05
1544730020.17
1544730020.23
1544730020.29
1544730020.38
1544730020.45
1544730020.52
1544730020.58
1544730020.65
1544730020.72
1544730020.8
1544730020.86
1544730020.93
1544730021.0
1544730021.06
1544730021.13
1544730021.21
1544730021.26
1544730021.31
1544730021.4
1544730021.5
1544730021.6
1544730021.69
1544730021.79
1544730021.86
1544730021.92
1544730022.06
1544730022.12
1544730022.22
1544730022.3
1544730022.39
1544730022.46
1544730022.53
1544730022.58
1544730022.63
1544730022.73
1544730022.86
1544730022.96
1544730023.06
1544730023.12
1544730023.22
1544730023.28
1544730023.34
1544730023.41
1544730023.47
1544730023.54
1544730023.61
1544730023.67
1544730023.73
1544730023.79
1544730023.85
1544730023.9
1544730023.97
1544730024.04
1544730024.11
1544730024.17
1544730024.25
1544730024.33
1544730024.42
1544730024.51
1544730024.59
1544730024.68
1544730024.75
1544730024.81
1544730024.89
1544730024.97
1544730025.04
1544730025.16
1544730025.24
1544730025.31
1544730025.38
1544730025.43
1544730025.5
1544730025.57
1544730025.63
1544730025.68
1544730025.73
1544730025.8
1544730025.86
1544730025.91
1544730025.98
1544730026.05
1544730026.1
1544730026.22
1544730026.34
1544730026.42
1544730026.5
1544730026.56
1544730026.7
1544730026.78
1544730026.86
1544730026.93
1544730027.0
1544730027.15
1544730027.22
1544730027.3
1544730027.37
1544730027.47
1544730027.56
1544730027.6
1544730027.65
1544730027.73
1544730027.79
1544730027.89
1544730027.96
1544730028.04
1544730028.16
1544730028.29
1544730028.38
1544730028.45
1544730028.49
1544730028.58
1544730028.65
1544730028.77
1544730028.87
1544730028.96
1544730029.05
1544730029.17
1544730029.3
1544730029.43
1544730029.51
1544730029.59
1544730029.66
1544730029.71
1544730029.79
1544730029.86
1544730029.93
1544730030.01
1544730030.08
1544730030.15
1544730030.22
1544730030.29
1544730030.35
1544730030.42
1544730030.5
1544730030.56
1544730030.66
1544730030.7
1544730030.79
1544730030.87
1544730030.94
1544730031.0
1544730031.06
1544730031.14
1544730031.2
1544730031.28
1544730031.35
1544730031.42
1544730031.49
1544730031.56
1544730031.67
1544730031.77
1544730031.84
1544730031.92
1544730032.0
1544730032.11
1544730032.19
1544730032.25
1544730032.34
1544730032.41
1544730032.46
1544730032.56
1544730032.6
1544730032.69
1544730032.77
1544730032.86
1544730032.93
1544730033.0
1544730033.07
1544730033.15
1544730033.23
1544730033.3
1544730033.39
1544730033.46
1544730033.54
1544730033.6
1544730033.68
1544730033.76
1544730033.82
1544730033.9
1544730033.98
1544730034.04
1544730034.11
1544730034.17
1544730034.25
1544730034.35
1544730034.44
1544730034.53
1544730034.6
1544730034.69
1544730034.76
1544730034.84
1544730034.91
1544730035.01
1544730035.09
1544730035.17
1544730035.25
1544730035.33
1544730035.4
1544730035.47
1544730035.53
1544730035.58
1544730035.66
1544730035.8
1544730035.88
1544730035.95
1544730036.03
1544730036.1
1544730036.2
1544730036.31
1544730036.4
1544730036.47
1544730036.54
1544730036.61
1544730036.69
1544730036.77
1544730036.85
1544730036.95
1544730037.03
1544730037.1
1544730037.19
1544730037.27
1544730037.36
1544730037.4
1544730037.45
1544730037.51
1544730037.57
1544730037.61
1544730037.68
1544730037.75
1544730037.83
1544730037.91
1544730037.96
1544730038.01
1544730038.09
1544730038.18
1544730038.25
1544730038.32
1544730038.38
1544730038.44
1544730038.51
1544730038.57
1544730038.64
1544730038.7
1544730038.78
1544730038.84
1544730038.91
1544730038.97
1544730039.04
1544730039.11
1544730039.17
1544730039.23
1544730039.28
1544730039.37
1544730039.45
1544730039.52
1544730039.6
1544730039.68
1544730039.76
1544730039.84
1544730039.91
1544730039.98
1544730040.06
1544730040.13
1544730040.19
1544730040.27
1544730040.34
1544730040.4
1544730040.48
1544730040.59
1544730040.68
1544730040.74
1544730040.79
1544730040.85
1544730040.92
1544730040.98
1544730041.07
1544730041.15
1544730041.21
1544730041.3
1544730041.43
1544730041.52
1544730041.61
1544730041.66
1544730041.7
1544730041.82
1544730041.93
1544730041.99
1544730042.09
1544730042.15
1544730042.25
1544730042.33
1544730042.42
1544730042.5
1544730042.59
1544730042.66
1544730042.74
1544730042.82
1544730042.88
1544730042.95
1544730043.03
1544730043.13
1544730043.19
1544730043.26
1544730043.38
1544730043.44
1544730043.5
1544730043.56
1544730043.62
1544730043.68
1544730043.74
1544730043.79
1544730043.91
1544730043.98
1544730044.06
1544730044.16
1544730044.25
1544730044.31
1544730044.37
1544730044.41
1544730044.51
1544730044.56
1544730044.63
1544730044.7
1544730044.76
1544730044.84
1544730044.91
1544730044.98
1544730045.06
1544730045.14
1544730045.28
1544730045.34
1544730045.39
1544730045.47
1544730045.55
1544730045.61
1544730045.68
1544730045.75
1544730045.81
1544730045.87
1544730045.94
1544730046.0
1544730046.09
1544730046.15
1544730046.21
1544730046.28
1544730046.34
1544730046.4
1544730046.52
1544730046.65
1544730046.77
1544730046.85
1544730046.92
1544730046.99
1544730047.06
1544730047.12
1544730047.19
1544730047.25
1544730047.31
1544730047.36
1544730047.42
1544730047.49
1544730047.57
1544730047.62
1544730047.71
1544730047.79
1544730047.88
1544730047.96
1544730048.07
1544730048.18
1544730048.28
1544730048.39
1544730048.5
1544730048.59
1544730048.66
1544730048.73
1544730048.79
1544730048.85
1544730048.93
1544730048.99
1544730049.05
1544730049.1
1544730049.16
1544730049.22
1544730049.29
1544730049.35
1544730049.41
1544730049.5
1544730049.59
1544730049.66
1544730049.76
1544730049.83
1544730049.9
1544730049.99
1544730050.07
1544730050.15
1544730050.2
1544730050.29
1544730050.37
1544730050.43
1544730050.51
1544730050.58
1544730050.66
1544730050.89
1544730050.95
1544730051.03
1544730051.08
1544730051.15
1544730051.21
1544730051.3
1544730051.36
1544730051.44
1544730051.52
1544730051.6
1544730051.68
1544730051.75
1544730051.82
1544730051.89
1544730051.95
1544730052.02
1544730052.09
1544730052.17
1544730052.25
1544730052.31
1544730052.41
1544730052.49
1544730052.56
1544730052.61
1544730052.68
1544730052.74
1544730052.81
1544730052.9
1544730052.97
1544730053.05
1544730053.13
1544730053.19
1544730053.28
1544730053.34
1544730053.42
1544730053.51
1544730053.62
1544730053.73
1544730053.83
1544730053.89
1544730054.01
1544730054.09
1544730054.16
1544730054.22
1544730054.29
1544730054.36
1544730054.44
1544730054.51
1544730054.58
1544730054.66
1544730054.74
1544730054.8
1544730054.9
1544730055.03
1544730055.11
1544730055.19
1544730055.27
1544730055.35
1544730055.44
1544730055.51
1544730055.6
1544730055.69
1544730055.78
1544730055.87
1544730055.95
1544730056.03
1544730056.1
1544730056.16
1544730056.21
1544730056.28
1544730056.34
1544730056.42
1544730056.5
1544730056.57
1544730056.61
1544730056.68
1544730056.74
1544730056.83
1544730056.9
1544730056.96
1544730057.04
1544730057.1
1544730057.16
1544730057.23
1544730057.28
1544730057.34
1544730057.4
1544730057.46
1544730057.51
1544730057.56
1544730057.62
1544730057.66
1544730057.71
1544730057.75
1544730057.79
1544730057.88
1544730057.96
1544730058.03
1544730058.1
1544730058.18
1544730058.26
1544730058.34
1544730058.41
1544730058.48
1544730058.55
1544730058.61
1544730058.69
1544730058.76
1544730058.82
1544730058.88
1544730058.94
1544730059.0
1544730059.07
1544730059.12
1544730059.19
1544730059.25
1544730059.31
1544730059.37
1544730059.43
1544730059.49
1544730059.55
1544730059.65
1544730059.8
1544730059.87
1544730059.94
1544730059.99
1544730060.07
1544730060.14
1544730060.22
1544730060.3
1544730060.39
1544730060.47
1544730060.55
1544730060.62
1544730060.7
1544730060.77
1544730060.85
1544730060.92
1544730060.99
1544730061.05
1544730061.12
1544730061.21
1544730061.28
1544730061.35
1544730061.41
1544730061.47
1544730061.53
1544730061.59
1544730061.65
1544730061.72
1544730061.79
1544730061.85
1544730061.92
1544730061.99
1544730062.07
1544730062.15
1544730062.23
1544730062.31
1544730062.39
1544730062.46
1544730062.53
1544730062.6
1544730062.66
1544730062.72
1544730062.8
1544730062.86
1544730062.93
1544730063.0
1544730063.06
1544730063.13
1544730063.17
1544730063.23
1544730063.3
1544730063.35
1544730063.41
1544730063.46
1544730063.52
1544730063.57
1544730063.62
1544730063.67
1544730063.73
1544730063.78
1544730063.85
1544730063.9
1544730063.95
1544730064.02
1544730064.11
1544730064.17
1544730064.25
1544730064.29
1544730064.34
1544730064.41
1544730064.47
1544730064.51
1544730064.58
1544730064.65
1544730064.7
1544730064.8
1544730064.9
1544730064.97
1544730065.07
1544730065.16
1544730065.24
1544730065.34
1544730065.43
1544730065.48
1544730065.57
1544730065.65
1544730065.71
1544730065.82
1544730065.92
1544730066.0
1544730066.08
1544730066.15
1544730066.2
1544730066.25
1544730066.33
1544730066.39
1544730066.46
1544730066.52
1544730066.6
1544730066.65
1544730066.71
1544730066.76
1544730066.82
1544730066.86
1544730066.91
1544730066.97
1544730067.06
1544730067.13
1544730067.21
1544730067.27
1544730067.37
1544730067.45
1544730067.51
1544730067.66
1544730067.72
1544730067.83
1544730067.91
1544730068.0
1544730068.07
1544730068.17
1544730068.24
1544730068.3
1544730068.38
1544730068.45
1544730068.52
1544730068.59
1544730068.67
1544730068.71
1544730068.79
1544730068.87
1544730068.93
1544730069.02
1544730069.15
1544730069.29
1544730069.43
1544730069.53
1544730069.64
1544730069.71
1544730069.8
1544730069.89
1544730069.96
1544730070.05
1544730070.14
1544730070.23
1544730070.31
1544730070.4
1544730070.49
1544730070.58
1544730070.71
1544730070.77
1544730070.84
1544730070.92
1544730070.99
1544730071.05
1544730071.11
1544730071.18
1544730071.26
1544730071.33
1544730071.4
1544730071.49
1544730071.55
1544730071.6
1544730071.68
1544730071.77
1544730071.88
1544730071.98
1544730072.07
1544730072.16
1544730072.24
1544730072.4
1544730072.5
1544730072.56
1544730072.63
1544730072.68
1544730072.76
1544730072.83
1544730072.9
1544730072.97
1544730073.04
1544730073.13
1544730073.2
1544730073.26
1544730073.36
1544730073.42
1544730073.5
1544730073.55
1544730073.61
1544730073.73
1544730073.8
1544730073.86
1544730073.94
1544730073.99
1544730074.08
1544730074.15
1544730074.24
1544730074.34
1544730074.41
1544730074.49
1544730074.57
1544730074.65
1544730074.71
1544730074.81
1544730074.9
1544730074.98
1544730075.08
1544730075.17
1544730075.26
1544730075.33
1544730075.41
1544730075.49
1544730075.56
1544730075.67
1544730075.77
1544730075.84
1544730075.9
1544730075.96
1544730076.05
1544730076.12
1544730076.19
1544730076.26
1544730076.34
1544730076.41
1544730076.48
1544730076.55
1544730076.62
1544730076.7
1544730076.78
1544730076.89
1544730076.98
1544730077.06
1544730077.15
1544730077.2
1544730077.36
1544730077.43
1544730077.55
1544730077.69
1544730077.81
1544730077.93
1544730078.03
1544730078.18
1544730078.33
1544730078.43
1544730078.51
1544730078.58
1544730078.66
1544730078.71
1544730078.78
1544730078.85
1544730078.9
1544730078.98
1544730079.05
1544730079.12
1544730079.18
1544730079.24
1544730079.3
1544730079.37
1544730079.43
1544730079.48
1544730079.55
1544730079.61
1544730079.68
1544730079.74
1544730079.8
1544730079.88
1544730079.95
1544730080.02
1544730080.08
1544730080.15
1544730080.21
1544730080.27
1544730080.34
1544730080.41
1544730080.48
1544730080.54
1544730080.62
1544730080.7
1544730080.77
1544730080.83
1544730080.89
1544730080.95
1544730081.01
1544730081.06
1544730081.12
1544730081.17
1544730081.21
1544730081.26
1544730081.35
1544730081.41
1544730081.49
1544730081.58
1544730081.64
1544730081.71
1544730081.79
1544730081.84
1544730081.88
1544730081.93
1544730081.98
1544730082.07
1544730082.15
1544730082.2
1544730082.33
1544730082.37
1544730082.44
1544730082.51
1544730082.57
1544730082.63
1544730082.73
1544730082.79
1544730082.94
1544730083.07
1544730083.19
1544730083.25
1544730083.3
1544730083.37
1544730083.44
1544730083.5
1544730083.58
1544730083.64
1544730083.7
1544730083.79
1544730083.89
1544730083.95
1544730084.01
1544730084.06
1544730084.13
1544730084.27
1544730084.35
1544730084.39
1544730084.46
1544730084.52
1544730084.61
1544730084.66
1544730084.72
1544730084.81
1544730084.87
1544730084.92
1544730084.97
1544730085.01
1544730085.09
1544730085.14
1544730085.21
1544730085.27
1544730085.32
1544730085.37
1544730085.43
1544730085.47
1544730085.53
1544730085.64
1544730085.73
1544730085.85
1544730085.97
1544730086.08
1544730086.17
1544730086.23
1544730086.31
1544730086.4
1544730086.54
1544730086.6
1544730086.75
1544730086.85
1544730086.93
1544730087.05
1544730087.15
1544730087.26
1544730087.32
1544730087.38
1544730087.46
1544730087.52
1544730087.59
1544730087.66
1544730087.74
1544730087.79
1544730087.87
1544730087.93
1544730088.0
1544730088.05
1544730088.09
1544730088.18
1544730088.3
1544730088.37
1544730088.44
1544730088.49
1544730088.56
1544730088.64
1544730088.71
1544730088.78
1544730088.85
1544730088.89
1544730088.99
1544730089.07
1544730089.13
1544730089.21
1544730089.28
1544730089.35
1544730089.45
1544730089.51
1544730089.58
1544730089.67
1544730089.74
1544730089.8
1544730089.86
1544730089.9
1544730089.98
1544730090.07
1544730090.14
1544730090.19
1544730090.26
1544730090.32
1544730090.38
1544730090.43
1544730090.49
1544730090.55
1544730090.6
1544730090.66
1544730090.72
1544730090.8
1544730090.87
1544730090.97
1544730091.05
1544730091.11
1544730091.2
1544730091.29
1544730091.37
1544730091.43
1544730091.5
1544730091.58
1544730091.64
1544730091.69
1544730091.76
1544730091.82
1544730091.91
1544730091.99
1544730092.07
1544730092.14
1544730092.19
1544730092.3
1544730092.38
1544730092.44
1544730092.51
1544730092.58
1544730092.65
1544730092.71
1544730092.82
1544730092.9
1544730092.98
1544730093.07
1544730093.15
1544730093.23
1544730093.29
1544730093.35
1544730093.43
1544730093.5
1544730093.57
1544730093.65
1544730093.74
1544730093.81
1544730093.87
1544730093.94
1544730094.0
1544730094.07
1544730094.14
1544730094.2
1544730094.26
1544730094.32
1544730094.39
1544730094.45
1544730094.51
1544730094.58
1544730094.63
1544730094.68
1544730094.75
1544730094.81
1544730094.86
1544730094.91
1544730094.97
1544730095.03
1544730095.09
1544730095.15
1544730095.21
1544730095.27
1544730095.33
1544730095.4
1544730095.47
1544730095.53
1544730095.59
1544730095.67
1544730095.75
1544730095.84
1544730095.93
1544730095.99
1544730096.06
1544730096.13
1544730096.19
1544730096.26
1544730096.31
1544730096.38
1544730096.43
1544730096.49
1544730096.56
1544730096.63
1544730096.69
1544730096.76
1544730096.83
1544730096.89
1544730096.96
1544730097.02
1544730097.09
1544730097.17
1544730097.23
1544730097.29
1544730097.36
1544730097.44
1544730097.54
1544730097.62
1544730097.7
1544730097.76
1544730097.87
1544730097.96
1544730098.06
1544730098.15
1544730098.24
1544730098.32
1544730098.42
1544730098.51
1544730098.59
1544730098.66
1544730098.75
1544730098.81
1544730098.87
1544730098.93
1544730099.01
1544730099.09
1544730099.17
1544730099.24
1544730099.33
1544730099.42
1544730099.5
1544730099.57
1544730099.65
1544730099.72
1544730099.82
1544730099.89
1544730099.95
1544730100.02
1544730100.07
1544730100.12
1544730100.17
1544730100.23
1544730100.29
1544730100.35
1544730100.39
1544730100.49
1544730100.56
1544730100.64
1544730100.7
1544730100.74
1544730100.8
1544730100.87
1544730100.94
1544730101.01
1544730101.1
1544730101.16
1544730101.21
1544730101.3
1544730101.37
1544730101.44
1544730101.49
1544730101.55
1544730101.6
1544730101.65
1544730101.74
1544730101.84
1544730101.93
1544730102.03
1544730102.1
1544730102.18
1544730102.27
1544730102.35
1544730102.47
1544730102.54
1544730102.64
1544730102.72
1544730102.83
1544730102.9
1544730102.97
1544730103.03
1544730103.11
1544730103.18
1544730103.25
1544730103.31
1544730103.39
1544730103.46
1544730103.53
1544730103.59
1544730103.68
1544730103.77
1544730103.84
1544730103.92
1544730103.99
1544730104.07
1544730104.16
1544730104.24
1544730104.31
1544730104.38
1544730104.46
1544730104.51
1544730104.58
1544730104.65
1544730104.72
1544730104.79
1544730104.85
1544730104.93
1544730105.0
1544730105.07
1544730105.15
1544730105.22
1544730105.3
1544730105.35
1544730105.41
1544730105.48
1544730105.56
1544730105.63
1544730105.7
1544730105.77
1544730105.85
1544730105.93
1544730106.0
1544730106.07
1544730106.15
1544730106.22
