1544801693.31
1544801693.49
1544801693.54
1544801693.59
1544801693.63
1544801693.68
1544801693.74
1544801693.81
1544801693.88
1544801693.94
1544801694.01
1544801694.08
1544801694.16
1544801694.21
1544801694.28
1544801694.34
1544801694.39
1544801694.44
1544801694.48
1544801694.53
1544801694.58
1544801694.62
1544801694.67
1544801694.74
1544801694.79
1544801694.82
1544801694.86
1544801694.96
1544801695.0
1544801695.04
1544801695.1
1544801695.14
1544801695.2
1544801695.26
1544801695.31
1544801695.37
1544801695.43
1544801695.48
1544801695.54
1544801695.6
1544801695.66
1544801695.7
1544801695.77
1544801695.82
1544801695.87
1544801695.91
1544801695.96
1544801696.0
1544801696.05
1544801696.09
1544801696.13
1544801696.17
1544801696.2
1544801696.24
1544801696.28
1544801696.31
1544801696.36
1544801696.42
1544801696.49
1544801696.54
1544801696.6
1544801696.66
1544801696.71
1544801696.78
1544801696.83
1544801696.89
1544801696.94
1544801696.98
1544801697.01
1544801697.04
1544801697.1
1544801697.15
1544801697.2
1544801697.23
1544801697.28
1544801697.32
1544801697.37
1544801697.4
1544801697.44
1544801697.48
1544801697.53
1544801697.58
1544801697.62
1544801697.66
1544801697.7
1544801697.75
1544801697.79
1544801697.83
1544801697.89
1544801697.93
1544801697.98
1544801698.01
1544801698.05
1544801698.1
1544801698.15
1544801698.19
1544801698.22
1544801698.25
1544801698.29
1544801698.34
1544801698.39
1544801698.42
1544801698.46
1544801698.51
1544801698.56
1544801698.6
1544801698.64
1544801698.69
1544801698.74
1544801698.78
1544801698.81
1544801698.85
1544801698.89
1544801698.94
1544801698.99
1544801699.03
1544801699.11
1544801699.16
1544801699.2
1544801699.23
1544801699.3
1544801699.35
1544801699.4
1544801699.44
1544801699.47
1544801699.51
1544801699.55
1544801699.59
1544801699.62
1544801699.66
1544801699.7
1544801699.74
1544801699.78
1544801699.81
1544801699.84
1544801699.88
1544801699.91
1544801699.96
1544801699.99
1544801700.02
1544801700.06
1544801700.11
1544801700.14
1544801700.18
1544801700.21
1544801700.26
1544801700.33
1544801700.37
1544801700.41
1544801700.45
1544801700.5
1544801700.57
1544801700.6
1544801700.64
1544801700.69
1544801700.75
1544801700.79
1544801700.82
1544801700.88
1544801700.92
1544801700.97
1544801701.0
1544801701.03
1544801701.11
1544801701.18
1544801701.22
1544801701.26
1544801701.34
1544801701.39
1544801701.42
1544801701.46
1544801701.52
1544801701.57
1544801701.61
1544801701.65
1544801701.7
1544801701.75
1544801701.81
1544801701.85
1544801701.92
1544801701.97
1544801702.01
1544801702.05
1544801702.09
1544801702.13
1544801702.17
1544801702.21
1544801702.24
1544801702.32
1544801702.37
1544801702.41
1544801702.45
1544801702.52
1544801702.58
1544801702.62
1544801702.67
1544801702.71
1544801702.75
1544801702.79
1544801702.82
1544801702.87
1544801702.93
1544801702.98
1544801703.01
1544801703.05
1544801703.1
1544801703.16
1544801703.2
1544801703.25
1544801703.32
1544801703.37
1544801703.4
1544801703.43
1544801703.47
1544801703.54
1544801703.59
1544801703.63
1544801703.67
1544801703.71
1544801703.75
1544801703.8
1544801703.83
1544801703.89
1544801703.93
1544801703.98
1544801704.01
1544801704.06
1544801704.12
1544801704.17
1544801704.21
1544801704.25
1544801704.32
1544801704.37
1544801704.4
1544801704.44
1544801704.48
1544801704.52
1544801704.57
1544801704.61
1544801704.65
1544801704.68
1544801704.72
1544801704.79
1544801704.82
1544801704.86
1544801704.91
1544801704.96
1544801705.0
1544801705.04
1544801705.11
1544801705.18
1544801705.22
1544801705.26
1544801705.31
1544801705.36
1544801705.39
1544801705.43
1544801705.46
1544801705.51
1544801705.57
1544801705.61
1544801705.64
1544801705.71
1544801705.77
1544801705.8
1544801705.83
1544801705.87
1544801705.94
1544801705.99
1544801706.02
1544801706.05
1544801706.11
1544801706.17
1544801706.21
1544801706.25
1544801706.31
1544801706.36
1544801706.4
1544801706.44
1544801706.55
1544801706.59
1544801706.62
1544801706.66
1544801706.7
1544801706.74
1544801706.78
1544801706.82
1544801706.86
1544801706.9
1544801706.94
1544801706.98
1544801707.02
1544801707.06
1544801707.11
1544801707.16
1544801707.2
1544801707.24
1544801707.31
1544801707.37
1544801707.4
1544801707.43
1544801707.47
1544801707.54
1544801707.59
1544801707.62
1544801707.67
1544801707.71
1544801707.75
1544801707.79
1544801707.83
1544801707.88
1544801707.92
1544801707.98
1544801708.02
1544801708.09
1544801708.13
1544801708.19
1544801708.22
1544801708.27
1544801708.32
1544801708.37
1544801708.42
1544801708.47
1544801708.52
1544801708.58
1544801708.63
1544801708.68
1544801708.72
1544801708.76
1544801708.81
1544801708.85
1544801708.9
1544801708.94
1544801708.99
1544801709.04
1544801709.09
1544801709.14
1544801709.19
1544801709.24
1544801709.3
1544801709.35
1544801709.4
1544801709.44
1544801709.49
1544801709.54
1544801709.6
1544801709.66
1544801709.71
1544801709.76
1544801709.82
1544801709.88
1544801709.93
1544801710.0
1544801710.05
1544801710.09
1544801710.12
1544801710.16
1544801710.21
1544801710.26
1544801710.34
1544801710.4
1544801710.45
1544801710.49
1544801710.53
1544801710.56
1544801710.6
1544801710.65
1544801710.71
1544801710.76
1544801710.79
1544801710.83
1544801710.86
1544801710.92
1544801710.96
1544801711.0
1544801711.06
1544801711.11
1544801711.17
1544801711.2
1544801711.24
1544801711.3
1544801711.35
1544801711.39
1544801711.43
1544801711.48
1544801711.52
1544801711.57
1544801711.6
1544801711.64
1544801711.69
1544801711.74
1544801711.79
1544801711.82
1544801711.87
1544801711.92
1544801711.96
1544801712.0
1544801712.03
1544801712.1
1544801712.14
1544801712.18
1544801712.21
1544801712.24
1544801712.28
1544801712.35
1544801712.4
1544801712.43
1544801712.47
1544801712.54
1544801712.58
1544801712.62
1544801712.67
1544801712.73
1544801712.78
1544801712.81
1544801712.85
1544801712.9
1544801712.96
1544801712.99
1544801713.03
1544801713.07
1544801713.11
1544801713.17
1544801713.2
1544801713.24
1544801713.3
1544801713.36
1544801713.39
1544801713.43
1544801713.47
1544801713.52
1544801713.57
1544801713.61
1544801713.64
1544801713.7
1544801713.75
1544801713.8
1544801713.83
1544801713.87
1544801713.92
1544801713.98
1544801714.02
1544801714.06
1544801714.12
1544801714.16
1544801714.2
1544801714.23
1544801714.27
1544801714.34
1544801714.39
1544801714.43
1544801714.47
1544801714.52
1544801714.57
1544801714.6
1544801714.63
1544801714.67
1544801714.71
1544801714.76
1544801714.79
1544801714.82
1544801714.86
1544801714.91
1544801714.96
1544801715.0
1544801715.03
1544801715.08
1544801715.12
1544801715.17
1544801715.2
1544801715.24
1544801715.29
1544801715.33
1544801715.38
1544801715.42
1544801715.47
1544801715.52
1544801715.57
1544801715.62
1544801715.67
1544801715.73
1544801715.78
1544801715.82
1544801715.87
1544801715.91
1544801715.96
1544801716.0
1544801716.06
1544801716.11
1544801716.16
1544801716.2
1544801716.23
1544801716.29
1544801716.32
1544801716.38
1544801716.42
1544801716.49
1544801716.55
1544801716.6
1544801716.65
1544801716.71
1544801716.76
1544801716.79
1544801716.83
1544801716.88
1544801716.92
1544801716.98
1544801717.02
1544801717.07
1544801717.12
1544801717.17
1544801717.21
1544801717.28
1544801717.32
1544801717.38
1544801717.43
1544801717.49
1544801717.53
1544801717.58
1544801717.62
1544801717.67
1544801717.72
1544801717.79
1544801717.83
1544801717.89
1544801717.93
1544801717.99
1544801718.03
1544801718.09
1544801718.13
1544801718.19
1544801718.23
1544801718.29
1544801718.33
1544801718.38
1544801718.43
1544801718.47
1544801718.52
1544801718.57
1544801718.63
1544801718.69
1544801718.75
1544801718.81
1544801718.86
1544801718.9
1544801718.93
1544801718.97
1544801719.05
1544801719.09
1544801719.12
1544801719.16
1544801719.21
1544801719.27
1544801719.3
1544801719.34
1544801719.38
1544801719.42
1544801719.46
1544801719.51
1544801719.56
1544801719.61
1544801719.66
1544801719.7
1544801719.73
1544801719.79
1544801719.83
1544801719.88
1544801719.92
1544801719.96
1544801720.01
1544801720.07
1544801720.11
1544801720.14
1544801720.2
1544801720.24
1544801720.27
1544801720.31
1544801720.34
1544801720.44
1544801720.49
1544801720.54
1544801720.61
1544801720.67
1544801720.71
1544801720.75
1544801720.79
1544801720.84
1544801720.89
1544801720.92
1544801720.95
1544801721.02
1544801721.08
1544801721.12
1544801721.16
1544801721.24
1544801721.28
1544801721.32
1544801721.38
1544801721.44
1544801721.49
1544801721.53
1544801721.58
1544801721.65
1544801721.69
1544801721.73
1544801721.8
1544801721.86
1544801721.91
1544801721.94
1544801722.01
1544801722.06
1544801722.1
1544801722.14
1544801722.19
1544801722.24
1544801722.28
1544801722.31
1544801722.35
1544801722.39
1544801722.46
1544801722.49
1544801722.52
1544801722.56
1544801722.61
1544801722.64
1544801722.69
1544801722.72
1544801722.77
1544801722.82
1544801722.87
1544801722.91
1544801722.95
1544801722.99
1544801723.04
1544801723.08
1544801723.12
1544801723.16
1544801723.21
1544801723.26
1544801723.3
1544801723.34
1544801723.38
1544801723.46
1544801723.5
1544801723.53
1544801723.59
1544801723.64
1544801723.69
1544801723.73
1544801723.8
1544801723.86
1544801723.9
1544801723.94
1544801724.0
1544801724.06
1544801724.1
1544801724.14
1544801724.18
1544801724.22
1544801724.28
1544801724.32
1544801724.35
1544801724.41
1544801724.46
1544801724.51
1544801724.54
1544801724.59
1544801724.63
1544801724.7
1544801724.73
1544801724.77
1544801724.82
1544801724.87
1544801724.91
1544801724.94
1544801725.0
1544801725.04
1544801725.09
1544801725.13
1544801725.17
1544801725.24
1544801725.29
1544801725.33
1544801725.39
1544801725.44
1544801725.49
1544801725.53
1544801725.59
1544801725.65
1544801725.7
1544801725.74
1544801725.79
1544801725.84
1544801725.89
1544801725.93
1544801725.98
1544801726.06
1544801726.09
1544801726.12
1544801726.16
1544801726.2
1544801726.26
1544801726.29
1544801726.33
1544801726.36
1544801726.43
1544801726.48
1544801726.51
1544801726.56
1544801726.6
1544801726.66
1544801726.7
1544801726.73
1544801726.77
1544801726.82
1544801726.87
1544801726.91
1544801726.95
1544801727.0
1544801727.04
1544801727.08
1544801727.11
1544801727.14
1544801727.21
1544801727.27
1544801727.3
1544801727.34
1544801727.39
1544801727.45
1544801727.49
1544801727.52
1544801727.56
1544801727.63
1544801727.68
1544801727.71
1544801727.75
1544801727.81
1544801727.88
1544801727.92
1544801727.96
1544801728.01
1544801728.06
1544801728.09
1544801728.13
1544801728.19
1544801728.23
1544801728.28
1544801728.31
1544801728.35
1544801728.41
1544801728.46
1544801728.5
1544801728.54
1544801728.62
1544801728.68
1544801728.72
1544801728.77
1544801728.84
1544801728.89
1544801728.93
1544801728.97
1544801729.01
1544801729.06
1544801729.1
1544801729.14
1544801729.18
1544801729.24
1544801729.31
1544801729.36
1544801729.42
1544801729.47
1544801729.54
1544801729.59
1544801729.63
1544801729.68
1544801729.72
1544801729.78
1544801729.84
1544801729.89
1544801729.94
1544801730.01
1544801730.05
1544801730.1
1544801730.13
1544801730.19
1544801730.22
1544801730.28
1544801730.33
1544801730.37
1544801730.41
1544801730.47
1544801730.52
1544801730.57
1544801730.63
1544801730.69
1544801730.74
1544801730.8
1544801730.86
1544801730.92
1544801730.99
1544801731.04
1544801731.11
1544801731.17
1544801731.23
1544801731.29
1544801731.33
1544801731.37
1544801731.42
1544801731.48
1544801731.53
1544801731.59
1544801731.63
1544801731.68
1544801731.73
1544801731.78
1544801731.82
1544801731.86
1544801731.9
1544801731.95
1544801731.99
1544801732.03
1544801732.08
1544801732.11
1544801732.15
1544801732.22
1544801732.29
1544801732.35
1544801732.42
1544801732.49
1544801732.56
1544801732.63
1544801732.7
1544801732.77
1544801732.84
1544801732.91
1544801732.98
1544801733.04
1544801733.11
1544801733.17
1544801733.25
1544801733.32
1544801733.36
1544801733.41
1544801733.46
1544801733.51
1544801733.55
1544801733.61
1544801733.65
1544801733.71
1544801733.77
1544801733.8
1544801733.84
1544801733.91
1544801733.97
1544801734.03
1544801734.1
1544801734.14
1544801734.2
1544801734.25
1544801734.3
1544801734.35
1544801734.4
1544801734.46
1544801734.52
1544801734.57
1544801734.62
1544801734.67
1544801734.7
1544801734.74
1544801734.8
1544801734.85
1544801734.9
1544801734.93
1544801734.97
1544801735.02
1544801735.07
1544801735.11
1544801735.14
1544801735.19
1544801735.24
1544801735.3
1544801735.33
1544801735.4
1544801735.45
1544801735.49
1544801735.53
1544801735.57
1544801735.62
1544801735.67
1544801735.71
1544801735.75
1544801735.8
1544801735.85
1544801735.89
1544801735.93
1544801735.99
1544801736.04
1544801736.1
1544801736.14
1544801736.21
1544801736.26
1544801736.3
1544801736.33
1544801736.4
1544801736.45
1544801736.5
1544801736.54
1544801736.59
1544801736.64
1544801736.69
1544801736.73
1544801736.77
1544801736.81
1544801736.85
1544801736.9
1544801736.93
1544801736.99
1544801737.03
1544801737.09
1544801737.12
1544801737.17
1544801737.24
1544801737.3
1544801737.33
1544801737.37
1544801737.41
1544801737.46
1544801737.51
1544801737.55
1544801737.62
1544801737.68
1544801737.72
1544801737.77
1544801737.84
1544801737.9
1544801737.96
1544801737.99
1544801738.03
1544801738.08
1544801738.14
1544801738.2
1544801738.25
1544801738.3
1544801738.34
1544801738.39
1544801738.43
1544801738.48
1544801738.54
1544801738.61
1544801738.67
1544801738.72
1544801738.81
1544801738.88
1544801738.94
1544801739.02
1544801739.09
1544801739.15
1544801739.22
1544801739.31
1544801739.38
1544801739.44
1544801739.51
1544801739.59
1544801739.65
1544801739.72
1544801739.78
1544801739.87
1544801739.92
1544801739.97
1544801740.01
1544801740.06
1544801740.11
1544801740.16
1544801740.2
1544801740.24
1544801740.29
1544801740.35
1544801740.4
1544801740.45
1544801740.51
1544801740.57
1544801740.61
1544801740.64
1544801740.71
1544801740.77
1544801740.82
1544801740.88
1544801740.94
1544801741.01
1544801741.07
1544801741.11
1544801741.16
1544801741.2
1544801741.24
1544801741.29
1544801741.34
1544801741.38
1544801741.42
1544801741.47
1544801741.53
1544801741.58
1544801741.61
1544801741.64
1544801741.68
1544801741.72
1544801741.76
1544801741.79
1544801741.83
1544801741.87
1544801741.92
1544801741.97
1544801742.01
1544801742.05
1544801742.1
1544801742.14
1544801742.18
1544801742.21
1544801742.25
1544801742.3
1544801742.36
1544801742.4
1544801742.43
1544801742.47
1544801742.52
1544801742.56
1544801742.61
1544801742.64
1544801742.71
1544801742.77
1544801742.81
1544801742.84
1544801742.89
1544801742.93
1544801742.97
1544801743.01
1544801743.04
1544801743.1
1544801743.16
1544801743.19
1544801743.23
1544801743.28
1544801743.33
1544801743.38
1544801743.41
1544801743.46
1544801743.51
1544801743.57
1544801743.62
1544801743.66
1544801743.71
1544801743.75
1544801743.79
1544801743.83
1544801743.88
1544801743.92
1544801743.97
1544801744.01
1544801744.06
1544801744.13
1544801744.18
1544801744.21
1544801744.27
1544801744.32
1544801744.37
1544801744.41
1544801744.45
1544801744.49
1544801744.52
1544801744.57
1544801744.6
1544801744.63
1544801744.67
1544801744.71
1544801744.74
1544801744.79
1544801744.82
1544801744.87
1544801744.9
1544801744.94
1544801744.99
1544801745.04
1544801745.08
1544801745.12
1544801745.15
1544801745.19
1544801745.23
1544801745.28
1544801745.33
1544801745.38
1544801745.41
1544801745.44
1544801745.49
1544801745.53
1544801745.58
1544801745.62
1544801745.66
1544801745.71
1544801745.77
1544801745.82
1544801745.86
1544801745.91
1544801745.96
1544801745.99
1544801746.03
1544801746.09
1544801746.14
1544801746.19
1544801746.22
1544801746.27
1544801746.31
1544801746.35
1544801746.38
1544801746.42
1544801746.46
1544801746.51
1544801746.56
1544801746.6
1544801746.63
1544801746.67
1544801746.71
1544801746.76
1544801746.8
1544801746.84
1544801746.91
1544801746.97
1544801747.01
1544801747.04
1544801747.09
1544801747.13
1544801747.18
1544801747.21
1544801747.25
1544801747.32
1544801747.37
1544801747.41
1544801747.45
1544801747.51
1544801747.56
1544801747.6
1544801747.64
1544801747.69
1544801747.75
1544801747.79
1544801747.83
1544801747.87
1544801747.93
1544801747.97
1544801748.02
1544801748.06
1544801748.12
1544801748.16
1544801748.2
1544801748.24
1544801748.29
1544801748.33
1544801748.38
1544801748.42
1544801748.46
1544801748.53
1544801748.58
1544801748.62
1544801748.66
1544801748.71
1544801748.78
1544801748.81
1544801748.84
1544801748.9
1544801748.96
1544801749.0
1544801749.03
1544801749.08
1544801749.13
1544801749.18
1544801749.23
1544801749.31
1544801749.36
1544801749.39
1544801749.42
1544801749.46
1544801749.52
1544801749.57
1544801749.6
1544801749.64
1544801749.68
1544801749.72
1544801749.77
1544801749.8
1544801749.84
1544801749.88
1544801749.92
1544801749.97
1544801750.01
1544801750.04
1544801750.1
1544801750.15
1544801750.19
1544801750.23
1544801750.28
1544801750.32
1544801750.38
1544801750.41
1544801750.45
1544801750.5
1544801750.56
1544801750.6
1544801750.64
1544801750.68
1544801750.72
1544801750.76
1544801750.79
1544801750.83
1544801750.88
1544801750.93
1544801750.97
1544801751.01
1544801751.04
1544801751.09
1544801751.15
1544801751.2
1544801751.23
1544801751.3
1544801751.35
1544801751.39
1544801751.43
1544801751.5
1544801751.54
1544801751.58
1544801751.62
1544801751.65
1544801751.7
1544801751.74
1544801751.79
1544801751.82
1544801751.87
1544801751.94
1544801752.0
1544801752.04
1544801752.1
1544801752.15
1544801752.19
1544801752.22
1544801752.28
1544801752.33
1544801752.37
1544801752.41
1544801752.45
1544801752.49
1544801752.55
1544801752.59
1544801752.62
1544801752.67
1544801752.7
1544801752.76
1544801752.8
1544801752.85
1544801752.9
1544801752.96
1544801753.01
1544801753.07
1544801753.11
1544801753.17
1544801753.22
1544801753.28
1544801753.33
1544801753.4
1544801753.46
1544801753.52
1544801753.58
1544801753.63
1544801753.7
1544801753.76
1544801753.82
1544801753.87
1544801753.92
1544801753.97
1544801754.02
1544801754.07
1544801754.12
1544801754.16
1544801754.2
1544801754.25
1544801754.3
1544801754.35
1544801754.4
1544801754.45
1544801754.48
1544801754.52
1544801754.56
1544801754.61
1544801754.66
1544801754.71
1544801754.76
1544801754.81
1544801754.86
1544801754.9
1544801754.96
1544801754.99
1544801755.03
1544801755.1
1544801755.16
1544801755.2
1544801755.24
1544801755.3
1544801755.34
1544801755.39
1544801755.42
1544801755.48
1544801755.52
1544801755.56
1544801755.6
1544801755.63
1544801755.71
1544801755.78
1544801755.83
1544801755.88
1544801755.93
1544801755.99
1544801756.03
1544801756.07
1544801756.12
1544801756.17
1544801756.2
1544801756.25
1544801756.32
1544801756.37
1544801756.42
1544801756.47
1544801756.52
1544801756.57
1544801756.61
1544801756.66
1544801756.71
1544801756.75
1544801756.79
1544801756.83
1544801756.87
1544801756.94
1544801756.98
1544801757.01
1544801757.05
1544801757.09
1544801757.13
1544801757.18
1544801757.22
1544801757.25
1544801757.29
1544801757.32
1544801757.36
1544801757.4
1544801757.43
1544801757.49
1544801757.55
1544801757.59
1544801757.62
1544801757.66
1544801757.7
1544801757.75
1544801757.79
1544801757.82
1544801757.86
1544801757.9
1544801757.95
1544801758.0
1544801758.03
1544801758.07
1544801758.11
1544801758.15
1544801758.19
1544801758.23
1544801758.27
1544801758.32
1544801758.36
1544801758.4
1544801758.44
1544801758.49
1544801758.52
1544801758.56
1544801758.6
1544801758.64
1544801758.69
1544801758.75
1544801758.79
1544801758.83
1544801758.9
1544801758.96
1544801758.99
1544801759.02
1544801759.06
1544801759.1
1544801759.13
1544801759.17
1544801759.21
1544801759.27
1544801759.32
1544801759.36
1544801759.4
1544801759.44
1544801759.49
1544801759.53
1544801759.58
1544801759.62
1544801759.66
1544801759.71
1544801759.76
1544801759.8
1544801759.83
1544801759.87
1544801759.91
1544801759.96
1544801760.0
1544801760.04
1544801760.1
1544801760.14
1544801760.18
1544801760.21
1544801760.26
1544801760.31
1544801760.36
1544801760.39
1544801760.43
1544801760.48
1544801760.53
1544801760.59
1544801760.63
1544801760.68
1544801760.72
1544801760.76
1544801760.81
1544801760.86
1544801760.9
1544801760.95
1544801761.01
1544801761.07
1544801761.11
1544801761.15
1544801761.2
1544801761.26
1544801761.3
1544801761.36
1544801761.41
1544801761.47
1544801761.52
1544801761.58
1544801761.63
1544801761.69
1544801761.74
1544801761.81
1544801761.89
1544801761.96
1544801762.02
1544801762.09
1544801762.16
1544801762.22
1544801762.29
1544801762.35
1544801762.41
1544801762.49
1544801762.56
1544801762.63
1544801762.71
1544801762.77
1544801762.84
1544801762.91
1544801762.97
1544801763.01
1544801763.04
1544801763.11
1544801763.19
1544801763.26
1544801763.33
1544801763.4
1544801763.46
1544801763.5
1544801763.53
1544801763.61
1544801763.67
1544801763.7
1544801763.73
1544801763.77
1544801763.81
1544801763.86
1544801763.9
1544801763.93
1544801763.96
1544801764.0
1544801764.05
1544801764.09
1544801764.12
1544801764.17
1544801764.21
1544801764.26
1544801764.3
1544801764.33
1544801764.39
1544801764.43
1544801764.48
1544801764.51
1544801764.56
1544801764.6
1544801764.66
1544801764.7
1544801764.73
1544801764.77
1544801764.83
1544801764.89
1544801764.92
1544801764.97
1544801765.01
1544801765.05
1544801765.09
1544801765.13
1544801765.17
1544801765.22
1544801765.26
1544801765.3
1544801765.33
1544801765.38
1544801765.42
1544801765.46
1544801765.5
1544801765.54
1544801765.58
1544801765.63
1544801765.68
1544801765.71
1544801765.74
1544801765.79
1544801765.86
1544801765.9
1544801765.94
1544801765.98
1544801766.03
1544801766.07
1544801766.1
1544801766.14
1544801766.21
1544801766.26
1544801766.29
1544801766.33
1544801766.39
1544801766.43
1544801766.47
1544801766.51
1544801766.54
1544801766.6
1544801766.67
1544801766.71
1544801766.75
1544801766.81
1544801766.86
1544801766.9
1544801766.94
1544801767.01
1544801767.06
1544801767.09
1544801767.14
1544801767.19
1544801767.23
1544801767.27
1544801767.31
1544801767.34
1544801767.4
1544801767.44
1544801767.48
1544801767.51
1544801767.55
1544801767.6
1544801767.65
1544801767.7
1544801767.74
1544801767.78
1544801767.82
1544801767.87
1544801767.89
1544801767.93
1544801767.98
1544801768.02
1544801768.06
1544801768.1
1544801768.13
1544801768.19
1544801768.22
1544801768.28
1544801768.31
1544801768.36
1544801768.4
1544801768.44
1544801768.47
1544801768.51
1544801768.54
1544801768.6
1544801768.63
1544801768.67
1544801768.71
1544801768.74
1544801768.8
1544801768.85
1544801768.89
1544801768.92
1544801768.98
1544801769.04
1544801769.09
1544801769.12
1544801769.16
1544801769.21
1544801769.27
1544801769.31
1544801769.37
1544801769.41
1544801769.47
1544801769.5
1544801769.53
1544801769.57
1544801769.61
1544801769.65
1544801769.69
1544801769.72
1544801769.76
1544801769.81
1544801769.86
1544801769.89
1544801769.93
1544801769.98
1544801770.06
1544801770.11
1544801770.14
1544801770.2
1544801770.26
1544801770.3
1544801770.34
1544801770.41
1544801770.47
1544801770.51
1544801770.54
1544801770.63
1544801770.68
1544801770.71
1544801770.75
1544801770.84
1544801770.89
1544801770.92
1544801770.97
1544801771.04
1544801771.08
1544801771.11
1544801771.15
1544801771.21
1544801771.26
1544801771.3
1544801771.32
1544801771.37
1544801771.42
1544801771.47
1544801771.51
1544801771.57
1544801771.62
1544801771.67
1544801771.7
1544801771.74
1544801771.8
1544801771.86
1544801771.9
1544801771.93
1544801771.99
1544801772.05
1544801772.1
1544801772.13
1544801772.18
1544801772.25
1544801772.29
1544801772.33
1544801772.39
1544801772.43
1544801772.49
1544801772.54
1544801772.61
1544801772.68
1544801772.72
1544801772.78
1544801772.86
1544801772.92
1544801772.99
1544801773.05
1544801773.11
1544801773.18
1544801773.24
1544801773.31
1544801773.38
1544801773.44
1544801773.5
1544801773.56
1544801773.62
1544801773.69
1544801773.75
1544801773.83
1544801773.9
1544801773.98
1544801774.04
1544801774.11
1544801774.19
1544801774.26
1544801774.32
1544801774.4
1544801774.49
1544801774.55
1544801774.6
1544801774.63
1544801774.68
1544801774.74
1544801774.78
1544801774.82
1544801774.87
1544801774.91
1544801774.96
1544801774.99
1544801775.02
1544801775.06
1544801775.11
1544801775.17
1544801775.22
1544801775.26
1544801775.3
1544801775.36
1544801775.4
1544801775.44
1544801775.48
1544801775.54
1544801775.59
1544801775.62
1544801775.67
1544801775.73
1544801775.78
1544801775.82
1544801775.86
1544801775.93
1544801775.98
1544801776.02
1544801776.06
1544801776.13
1544801776.18
1544801776.21
1544801776.25
1544801776.32
1544801776.37
1544801776.41
1544801776.47
1544801776.51
1544801776.55
1544801776.59
1544801776.63
1544801776.68
1544801776.74
1544801776.78
1544801776.82
1544801776.89
1544801776.94
1544801776.99
1544801777.02
1544801777.06
1544801777.12
1544801777.17
1544801777.21
1544801777.24
1544801777.29
1544801777.35
1544801777.38
1544801777.42
1544801777.46
1544801777.51
1544801777.56
1544801777.59
1544801777.64
1544801777.69
1544801777.73
1544801777.77
1544801777.81
1544801777.86
1544801777.9
1544801777.95
1544801778.01
1544801778.06
1544801778.1
1544801778.14
1544801778.2
1544801778.23
1544801778.27
1544801778.31
1544801778.35
1544801778.39
1544801778.42
1544801778.46
1544801778.51
1544801778.55
1544801778.59
1544801778.63
1544801778.7
1544801778.75
1544801778.79
1544801778.82
1544801778.88
1544801778.93
1544801778.97
1544801779.0
1544801779.04
1544801779.09
1544801779.15
1544801779.19
1544801779.22
1544801779.24
1544801779.32
1544801779.37
1544801779.41
1544801779.44
1544801779.49
1544801779.54
1544801779.59
1544801779.62
1544801779.66
1544801779.71
1544801779.75
1544801779.79
1544801779.83
1544801779.92
1544801779.97
1544801780.01
1544801780.04
1544801780.12
1544801780.17
1544801780.22
1544801780.27
1544801780.33
1544801780.38
1544801780.42
1544801780.47
1544801780.52
1544801780.57
1544801780.61
1544801780.66
1544801780.71
1544801780.78
1544801780.84
1544801780.91
1544801780.98
1544801781.04
1544801781.09
1544801781.14
1544801781.21
1544801781.26
1544801781.32
1544801781.37
1544801781.42
1544801781.48
1544801781.53
1544801781.59
1544801781.64
1544801781.7
1544801781.76
1544801781.82
1544801781.87
1544801781.93
1544801781.99
1544801782.05
1544801782.12
1544801782.2
1544801782.27
1544801782.35
1544801782.43
1544801782.5
1544801782.57
1544801782.63
1544801782.71
1544801782.77
1544801782.83
1544801782.89
1544801782.95
1544801782.98
1544801783.02
1544801783.07
1544801783.11
1544801783.15
1544801783.2
1544801783.24
1544801783.29
1544801783.34
1544801783.39
1544801783.43
1544801783.48
1544801783.52
1544801783.56
1544801783.63
1544801783.69
1544801783.73
1544801783.78
1544801783.84
1544801783.9
1544801783.93
1544801783.98
1544801784.02
1544801784.06
1544801784.11
1544801784.14
1544801784.2
1544801784.24
1544801784.28
1544801784.32
1544801784.35
1544801784.43
1544801784.47
1544801784.51
1544801784.53
1544801784.58
1544801784.65
1544801784.71
1544801784.74
1544801784.81
1544801784.86
1544801784.9
1544801784.93
1544801784.98
1544801785.02
1544801785.06
1544801785.1
1544801785.13
1544801785.21
1544801785.26
1544801785.31
1544801785.34
1544801785.4
1544801785.46
1544801785.5
1544801785.53
1544801785.59
1544801785.64
1544801785.7
1544801785.74
1544801785.8
1544801785.86
1544801785.9
1544801785.94
1544801786.01
1544801786.05
1544801786.09
1544801786.13
1544801786.19
1544801786.26
1544801786.29
1544801786.32
1544801786.37
1544801786.43
1544801786.48
1544801786.51
1544801786.55
1544801786.61
1544801786.67
1544801786.71
1544801786.76
1544801786.82
1544801786.86
1544801786.9
1544801786.94
1544801787.01
1544801787.06
1544801787.1
1544801787.14
1544801787.2
1544801787.26
1544801787.3
1544801787.33
1544801787.37
1544801787.41
1544801787.46
1544801787.5
1544801787.54
1544801787.61
1544801787.67
1544801787.71
1544801787.74
1544801787.79
1544801787.83
1544801787.88
1544801787.91
1544801787.95
1544801788.0
1544801788.07
1544801788.12
1544801788.18
1544801788.22
1544801788.27
1544801788.3
1544801788.33
1544801788.39
1544801788.43
1544801788.48
1544801788.51
1544801788.56
1544801788.62
1544801788.67
1544801788.71
1544801788.75
1544801788.79
1544801788.84
1544801788.88
1544801788.91
1544801788.95
1544801789.03
1544801789.08
1544801789.12
1544801789.16
1544801789.22
1544801789.26
1544801789.31
1544801789.36
1544801789.41
1544801789.45
1544801789.49
1544801789.52
1544801789.56
1544801789.6
1544801789.65
1544801789.69
1544801789.72
1544801789.75
1544801789.79
1544801789.86
1544801789.9
1544801789.93
1544801789.99
1544801790.04
1544801790.09
1544801790.12
1544801790.16
1544801790.21
1544801790.26
1544801790.29
1544801790.33
1544801790.38
1544801790.42
1544801790.47
1544801790.5
1544801790.54
1544801790.6
1544801790.64
1544801790.68
1544801790.71
1544801790.75
1544801790.81
1544801790.85
1544801790.89
1544801790.93
1544801790.98
1544801791.02
1544801791.07
1544801791.11
1544801791.16
1544801791.21
1544801791.26
1544801791.3
1544801791.33
1544801791.37
1544801791.41
1544801791.46
1544801791.51
1544801791.56
1544801791.61
1544801791.66
1544801791.71
1544801791.76
1544801791.81
1544801791.85
1544801791.89
1544801791.93
1544801791.98
1544801792.02
1544801792.08
1544801792.13
1544801792.19
1544801792.25
1544801792.3
1544801792.36
1544801792.4
1544801792.44
1544801792.48
1544801792.52
1544801792.58
1544801792.62
1544801792.66
1544801792.74
1544801792.8
1544801792.86
1544801792.91
1544801792.99
1544801793.06
1544801793.13
1544801793.2
1544801793.26
1544801793.32
1544801793.4
1544801793.49
1544801793.55
1544801793.6
1544801793.68
1544801793.73
1544801793.81
1544801793.88
1544801793.94
1544801793.99
1544801794.04
1544801794.09
1544801794.14
1544801794.19
1544801794.24
1544801794.29
1544801794.34
1544801794.39
1544801794.44
1544801794.5
1544801794.56
1544801794.61
1544801794.66
1544801794.71
1544801794.75
1544801794.8
1544801794.87
1544801794.93
1544801794.99
1544801795.04
1544801795.09
1544801795.13
1544801795.18
1544801795.23
1544801795.28
1544801795.33
1544801795.38
1544801795.43
1544801795.5
1544801795.56
1544801795.61
1544801795.65
1544801795.69
1544801795.73
1544801795.78
1544801795.82
1544801795.87
1544801795.91
1544801795.96
1544801796.0
1544801796.06
1544801796.13
1544801796.17
1544801796.21
1544801796.26
1544801796.33
1544801796.39
1544801796.43
1544801796.47
1544801796.53
1544801796.57
1544801796.62
1544801796.67
1544801796.71
1544801796.77
1544801796.8
1544801796.84
1544801796.9
1544801796.96
1544801797.0
1544801797.02
1544801797.06
1544801797.12
1544801797.16
1544801797.2
1544801797.23
1544801797.29
1544801797.36
1544801797.41
1544801797.45
1544801797.51
1544801797.56
1544801797.59
1544801797.62
1544801797.67
1544801797.75
1544801797.79
1544801797.83
1544801797.88
1544801797.92
1544801797.97
1544801798.02
1544801798.06
1544801798.11
1544801798.16
1544801798.2
1544801798.24
1544801798.27
1544801798.34
1544801798.4
1544801798.44
1544801798.48
1544801798.52
1544801798.56
1544801798.6
1544801798.64
1544801798.7
1544801798.74
1544801798.79
1544801798.83
1544801798.86
1544801798.93
1544801798.97
1544801799.0
1544801799.04
1544801799.09
1544801799.14
1544801799.18
1544801799.22
1544801799.26
1544801799.3
1544801799.34
1544801799.38
1544801799.41
1544801799.46
1544801799.5
1544801799.55
1544801799.59
1544801799.63
1544801799.68
1544801799.76
1544801799.82
1544801799.9
1544801799.97
1544801800.0
1544801800.04
1544801800.11
1544801800.17
1544801800.23
1544801800.29
1544801800.33
1544801800.37
1544801800.41
1544801800.47
1544801800.54
1544801800.61
1544801800.71
1544801800.8
1544801800.87
1544801800.92
1544801801.0
1544801801.07
1544801801.14
1544801801.2
1544801801.25
1544801801.31
1544801801.37
1544801801.42
1544801801.48
1544801801.53
1544801801.6
1544801801.64
1544801801.7
1544801801.77
1544801801.81
1544801801.87
1544801801.93
1544801802.0
1544801802.06
1544801802.12
1544801802.19
1544801802.23
1544801802.27
1544801802.32
1544801802.37
1544801802.42
1544801802.48
1544801802.53
1544801802.59
1544801802.64
1544801802.68
1544801802.71
1544801802.75
1544801802.8
1544801802.85
1544801802.88
1544801802.92
1544801802.98
1544801803.04
1544801803.07
1544801803.11
1544801803.15
1544801803.2
1544801803.26
1544801803.3
1544801803.34
1544801803.4
1544801803.43
1544801803.48
1544801803.51
1544801803.55
1544801803.59
1544801803.67
1544801803.71
1544801803.76
1544801803.8
1544801803.85
1544801803.9
1544801803.94
1544801803.98
1544801804.02
1544801804.07
1544801804.1
1544801804.13
1544801804.18
1544801804.24
1544801804.28
1544801804.33
1544801804.4
1544801804.44
1544801804.48
1544801804.51
1544801804.56
1544801804.61
1544801804.66
1544801804.69
1544801804.73
1544801804.79
1544801804.85
1544801804.89
1544801804.92
1544801804.96
1544801805.02
1544801805.07
1544801805.11
1544801805.14
1544801805.17
1544801805.21
1544801805.26
1544801805.3
1544801805.33
1544801805.38
1544801805.44
1544801805.49
1544801805.52
1544801805.56
1544801805.63
1544801805.68
1544801805.72
1544801805.75
1544801805.82
1544801805.88
1544801805.92
1544801805.99
1544801806.05
1544801806.09
1544801806.13
1544801806.18
1544801806.26
1544801806.29
1544801806.33
1544801806.37
1544801806.42
1544801806.47
1544801806.51
1544801806.57
1544801806.64
1544801806.69
1544801806.72
1544801806.77
1544801806.83
1544801806.87
1544801806.91
1544801806.94
1544801806.98
1544801807.04
1544801807.08
1544801807.12
1544801807.16
1544801807.2
1544801807.23
1544801807.27
1544801807.3
1544801807.34
1544801807.4
1544801807.44
1544801807.49
1544801807.53
1544801807.57
1544801807.62
1544801807.66
1544801807.71
1544801807.76
1544801807.79
1544801807.84
1544801807.9
1544801807.93
1544801807.98
1544801808.04
1544801808.08
1544801808.12
1544801808.16
1544801808.23
1544801808.27
1544801808.31
1544801808.34
1544801808.38
1544801808.43
1544801808.46
1544801808.51
1544801808.56
1544801808.64
1544801808.69
1544801808.73
1544801808.78
1544801808.82
1544801808.88
1544801808.91
1544801808.96
1544801809.02
1544801809.07
1544801809.11
1544801809.15
1544801809.22
1544801809.27
1544801809.31
1544801809.34
1544801809.39
1544801809.44
1544801809.49
1544801809.53
1544801809.59
1544801809.64
1544801809.67
1544801809.71
1544801809.75
1544801809.81
1544801809.85
1544801809.89
1544801809.92
1544801809.98
1544801810.03
1544801810.08
1544801810.12
1544801810.18
1544801810.24
1544801810.3
1544801810.34
1544801810.41
1544801810.47
1544801810.51
1544801810.54
1544801810.61
1544801810.66
1544801810.69
1544801810.73
1544801810.78
1544801810.82
1544801810.87
1544801810.91
1544801810.94
1544801810.98
1544801811.03
1544801811.08
1544801811.12
1544801811.16
1544801811.2
1544801811.24
1544801811.3
1544801811.34
1544801811.39
1544801811.42
1544801811.47
1544801811.51
1544801811.55
1544801811.6
1544801811.65
1544801811.7
1544801811.73
1544801811.79
1544801811.84
1544801811.88
1544801811.92
1544801811.97
1544801812.01
1544801812.05
1544801812.09
1544801812.13
1544801812.18
1544801812.22
1544801812.29
1544801812.35
1544801812.41
1544801812.47
1544801812.53
1544801812.58
1544801812.62
1544801812.67
1544801812.73
1544801812.82
1544801812.9
1544801812.95
1544801812.99
1544801813.07
1544801813.14
1544801813.2
1544801813.27
1544801813.33
1544801813.38
1544801813.42
1544801813.46
1544801813.49
1544801813.53
1544801813.57
1544801813.61
1544801813.66
1544801813.7
1544801813.74
1544801813.79
1544801813.84
1544801813.89
1544801813.94
1544801813.99
1544801814.04
1544801814.1
1544801814.14
1544801814.19
1544801814.23
1544801814.28
1544801814.32
1544801814.37
1544801814.4
1544801814.44
1544801814.5
1544801814.56
1544801814.59
1544801814.63
1544801814.68
1544801814.72
1544801814.78
1544801814.83
1544801814.87
1544801814.91
1544801814.94
1544801814.99
1544801815.03
1544801815.08
1544801815.11
1544801815.14
1544801815.17
1544801815.24
1544801815.29
1544801815.33
1544801815.37
1544801815.41
1544801815.45
1544801815.5
1544801815.53
1544801815.61
1544801815.67
1544801815.7
1544801815.73
1544801815.77
1544801815.81
1544801815.85
1544801815.89
1544801815.93
1544801815.97
1544801816.03
1544801816.08
1544801816.11
1544801816.15
1544801816.21
1544801816.26
1544801816.29
1544801816.32
1544801816.38
1544801816.43
1544801816.48
1544801816.52
1544801816.57
1544801816.62
1544801816.68
1544801816.71
1544801816.75
1544801816.8
1544801816.86
1544801816.9
1544801816.93
1544801816.98
1544801817.01
1544801817.06
1544801817.1
1544801817.13
1544801817.18
1544801817.23
1544801817.27
1544801817.31
1544801817.36
1544801817.4
1544801817.45
1544801817.49
1544801817.52
1544801817.57
1544801817.63
1544801817.68
1544801817.71
1544801817.75
1544801817.8
1544801817.83
1544801817.87
1544801817.9
1544801817.95
1544801818.0
1544801818.06
1544801818.11
1544801818.15
1544801818.2
1544801818.25
1544801818.29
1544801818.32
1544801818.35
1544801818.41
1544801818.46
1544801818.51
1544801818.57
1544801818.61
1544801818.66
1544801818.71
1544801818.78
1544801818.84
1544801818.91
1544801818.97
1544801819.01
1544801819.09
1544801819.14
1544801819.2
1544801819.27
1544801819.33
1544801819.39
1544801819.46
1544801819.52
1544801819.61
1544801819.68
1544801819.75
1544801819.81
1544801819.87
1544801819.94
1544801820.01
1544801820.05
1544801820.11
1544801820.16
1544801820.21
1544801820.26
1544801820.32
1544801820.37
1544801820.42
1544801820.48
1544801820.53
1544801820.59
1544801820.65
1544801820.7
1544801820.76
1544801820.81
1544801820.87
1544801820.92
1544801820.98
1544801821.02
1544801821.07
1544801821.1
1544801821.13
1544801821.17
1544801821.22
1544801821.27
1544801821.31
1544801821.37
1544801821.42
1544801821.47
1544801821.5
1544801821.54
1544801821.57
1544801821.63
1544801821.68
1544801821.72
1544801821.76
1544801821.84
1544801821.89
1544801821.92
1544801821.97
1544801822.01
1544801822.06
1544801822.1
1544801822.13
1544801822.18
1544801822.22
1544801822.27
1544801822.31
1544801822.34
1544801822.4
1544801822.45
1544801822.49
1544801822.53
1544801822.59
1544801822.66
1544801822.69
1544801822.72
1544801822.78
1544801822.86
1544801822.92
1544801822.98
1544801823.03
1544801823.08
1544801823.14
1544801823.2
1544801823.25
1544801823.31
1544801823.38
1544801823.42
1544801823.49
1544801823.54
1544801823.6
1544801823.66
1544801823.7
1544801823.76
1544801823.81
1544801823.85
1544801823.9
1544801823.96
1544801824.01
1544801824.07
1544801824.13
1544801824.19
1544801824.23
1544801824.28
1544801824.35
1544801824.41
1544801824.45
1544801824.5
1544801824.56
1544801824.6
1544801824.63
1544801824.67
1544801824.74
1544801824.78
1544801824.82
1544801824.86
1544801824.92
1544801824.98
1544801825.01
1544801825.06
1544801825.12
1544801825.18
1544801825.22
1544801825.25
1544801825.29
1544801825.34
1544801825.39
1544801825.42
1544801825.45
1544801825.5
1544801825.55
1544801825.6
1544801825.64
1544801825.69
1544801825.74
1544801825.78
1544801825.83
1544801825.91
1544801825.96
1544801826.0
1544801826.03
1544801826.07
1544801826.15
1544801826.21
1544801826.25
1544801826.34
1544801826.4
1544801826.44
1544801826.49
1544801826.56
1544801826.61
1544801826.67
1544801826.71
1544801826.77
1544801826.81
1544801826.86
1544801826.9
1544801826.95
1544801826.99
1544801827.02
1544801827.07
1544801827.14
1544801827.19
1544801827.22
1544801827.26
1544801827.31
1544801827.36
1544801827.39
1544801827.42
1544801827.46
1544801827.51
1544801827.56
1544801827.6
1544801827.64
1544801827.7
1544801827.76
1544801827.8
1544801827.84
1544801827.89
1544801827.93
1544801827.98
1544801828.01
1544801828.06
1544801828.13
1544801828.19
1544801828.24
1544801828.28
1544801828.33
1544801828.38
1544801828.41
1544801828.44
1544801828.52
1544801828.57
1544801828.61
1544801828.64
1544801828.66
1544801828.74
1544801828.82
1544801828.85
1544801828.92
1544801828.97
1544801829.01
1544801829.05
1544801829.09
1544801829.13
1544801829.19
1544801829.22
1544801829.26
1544801829.33
1544801829.39
1544801829.43
1544801829.51
1544801829.56
1544801829.6
1544801829.63
1544801829.69
1544801829.74
1544801829.81
1544801829.87
1544801829.9
1544801829.95
1544801830.0
1544801830.07
1544801830.12
1544801830.2
1544801830.26
1544801830.32
1544801830.37
1544801830.42
1544801830.48
1544801830.54
1544801830.61
1544801830.68
1544801830.74
1544801830.82
1544801830.89
1544801830.95
1544801831.01
1544801831.1
1544801831.17
1544801831.22
1544801831.25
1544801831.32
1544801831.38
1544801831.41
1544801831.46
1544801831.53
1544801831.57
1544801831.61
1544801831.64
1544801831.7
1544801831.75
1544801831.8
1544801831.83
1544801831.89
1544801831.95
1544801831.99
1544801832.06
1544801832.13
1544801832.17
1544801832.2
1544801832.23
1544801832.31
1544801832.36
1544801832.39
1544801832.43
1544801832.47
1544801832.51
1544801832.57
1544801832.6
1544801832.64
1544801832.69
1544801832.73
1544801832.78
1544801832.82
1544801832.86
1544801832.93
1544801832.97
1544801833.01
1544801833.04
1544801833.09
1544801833.14
1544801833.19
1544801833.22
1544801833.26
1544801833.3
1544801833.35
1544801833.4
1544801833.43
1544801833.5
1544801833.56
1544801833.6
1544801833.64
1544801833.7
1544801833.75
1544801833.79
1544801833.83
1544801833.87
1544801833.92
1544801833.98
1544801834.01
1544801834.05
1544801834.11
1544801834.16
1544801834.2
1544801834.24
1544801834.32
1544801834.36
1544801834.4
1544801834.45
1544801834.5
1544801834.57
1544801834.61
1544801834.65
1544801834.71
1544801834.77
1544801834.8
1544801834.83
1544801834.89
1544801834.94
1544801834.99
1544801835.03
1544801835.09
1544801835.14
1544801835.19
1544801835.23
1544801835.3
1544801835.35
1544801835.39
1544801835.43
1544801835.47
1544801835.54
1544801835.59
1544801835.62
1544801835.68
1544801835.74
1544801835.79
1544801835.83
1544801835.88
1544801835.91
1544801835.96
1544801836.0
1544801836.03
1544801836.07
1544801836.14
1544801836.19
1544801836.24
1544801836.3
1544801836.34
1544801836.39
1544801836.42
1544801836.45
1544801836.5
1544801836.56
1544801836.61
1544801836.66
1544801836.7
1544801836.77
1544801836.81
1544801836.86
1544801836.94
1544801836.99
1544801837.03
1544801837.09
1544801837.14
1544801837.19
1544801837.23
1544801837.28
1544801837.33
1544801837.37
1544801837.4
1544801837.44
1544801837.52
1544801837.58
1544801837.62
1544801837.66
1544801837.72
1544801837.79
1544801837.83
1544801837.89
1544801837.94
1544801838.0
1544801838.05
1544801838.11
1544801838.19
1544801838.24
1544801838.31
1544801838.38
1544801838.43
1544801838.48
1544801838.53
1544801838.58
1544801838.63
1544801838.68
1544801838.72
1544801838.79
1544801838.84
1544801838.89
1544801838.93
1544801838.98
1544801839.04
1544801839.12
1544801839.18
1544801839.24
1544801839.32
1544801839.4
1544801839.46
1544801839.5
1544801839.54
1544801839.6
1544801839.66
1544801839.71
1544801839.78
1544801839.83
1544801839.9
1544801839.96
1544801840.02
1544801840.09
1544801840.16
1544801840.19
1544801840.23
1544801840.28
1544801840.33
1544801840.39
1544801840.44
1544801840.51
1544801840.58
1544801840.63
1544801840.68
1544801840.74
1544801840.81
1544801840.88
1544801840.94
1544801841.01
1544801841.08
1544801841.13
1544801841.18
1544801841.24
1544801841.3
1544801841.36
1544801841.4
1544801841.46
1544801841.52
1544801841.59
1544801841.65
1544801841.72
1544801841.77
1544801841.84
1544801841.89
1544801841.93
1544801841.97
1544801842.02
1544801842.06
1544801842.1
1544801842.14
1544801842.19
1544801842.24
1544801842.29
1544801842.33
1544801842.37
1544801842.45
1544801842.5
1544801842.53
1544801842.57
1544801842.63
1544801842.68
1544801842.72
1544801842.77
1544801842.83
1544801842.87
1544801842.91
1544801842.94
1544801842.99
1544801843.04
1544801843.09
1544801843.12
1544801843.16
1544801843.21
1544801843.25
1544801843.3
1544801843.34
1544801843.38
1544801843.42
1544801843.46
1544801843.5
1544801843.54
1544801843.6
1544801843.66
1544801843.7
1544801843.74
1544801843.79
1544801843.86
1544801843.93
1544801844.02
1544801844.08
1544801844.13
1544801844.19
1544801844.25
1544801844.29
1544801844.33
1544801844.39
1544801844.44
1544801844.5
1544801844.58
1544801844.64
1544801844.7
1544801844.74
1544801844.81
1544801844.87
1544801844.92
1544801844.97
1544801845.01
1544801845.07
1544801845.12
1544801845.2
1544801845.27
1544801845.34
1544801845.42
1544801845.5
1544801845.55
1544801845.62
1544801845.68
1544801845.74
1544801845.8
1544801845.85
1544801845.89
1544801845.94
1544801846.0
1544801846.07
1544801846.1
1544801846.14
1544801846.21
1544801846.28
1544801846.33
1544801846.38
1544801846.42
1544801846.49
1544801846.54
1544801846.58
1544801846.62
1544801846.66
1544801846.71
1544801846.75
1544801846.8
1544801846.83
1544801846.87
1544801846.93
1544801846.97
1544801847.01
1544801847.07
1544801847.12
1544801847.17
1544801847.21
1544801847.26
1544801847.31
1544801847.37
1544801847.41
1544801847.46
1544801847.56
1544801847.6
1544801847.64
1544801847.71
1544801847.77
1544801847.81
1544801847.84
1544801847.93
1544801847.98
1544801848.01
1544801848.07
1544801848.11
1544801848.16
1544801848.19
1544801848.22
1544801848.3
1544801848.35
1544801848.4
1544801848.44
1544801848.51
1544801848.56
1544801848.6
1544801848.64
1544801848.69
1544801848.74
1544801848.79
1544801848.82
1544801848.89
1544801848.94
1544801848.98
1544801849.02
1544801849.06
1544801849.14
1544801849.18
1544801849.22
1544801849.26
1544801849.31
1544801849.36
1544801849.4
1544801849.44
1544801849.51
1544801849.56
1544801849.6
1544801849.64
1544801849.68
1544801849.74
1544801849.79
1544801849.84
1544801849.91
1544801849.97
1544801850.01
1544801850.04
1544801850.16
1544801850.2
1544801850.24
1544801850.31
1544801850.37
1544801850.41
1544801850.45
1544801850.51
1544801850.56
1544801850.6
1544801850.64
1544801850.72
1544801850.76
1544801850.8
1544801850.84
1544801850.88
1544801850.93
1544801850.97
1544801851.0
1544801851.04
1544801851.09
1544801851.13
1544801851.18
1544801851.21
1544801851.24
1544801851.28
1544801851.33
1544801851.38
1544801851.42
1544801851.46
1544801851.5
1544801851.54
1544801851.6
1544801851.64
1544801851.7
1544801851.75
1544801851.8
1544801851.84
1544801851.91
1544801851.94
1544801851.99
1544801852.03
1544801852.07
1544801852.12
1544801852.18
1544801852.21
1544801852.27
1544801852.31
1544801852.36
1544801852.4
1544801852.43
1544801852.49
1544801852.54
1544801852.58
1544801852.61
1544801852.65
1544801852.7
1544801852.75
1544801852.79
1544801852.82
1544801852.86
1544801852.92
1544801852.97
1544801853.0
1544801853.03
1544801853.09
1544801853.14
1544801853.18
1544801853.22
1544801853.25
1544801853.32
1544801853.36
1544801853.4
1544801853.44
1544801853.51
1544801853.57
1544801853.64
1544801853.71
1544801853.78
1544801853.84
1544801853.89
1544801853.95
1544801854.01
1544801854.07
1544801854.12
1544801854.19
1544801854.24
1544801854.29
1544801854.35
1544801854.42
1544801854.48
1544801854.52
1544801854.6
1544801854.67
1544801854.73
1544801854.78
1544801854.83
1544801854.88
1544801854.92
1544801854.98
1544801855.02
1544801855.07
1544801855.12
1544801855.18
1544801855.23
1544801855.29
1544801855.34
1544801855.41
1544801855.47
1544801855.53
1544801855.59
1544801855.65
1544801855.72
1544801855.79
1544801855.85
1544801855.92
1544801855.99
1544801856.05
1544801856.12
1544801856.18
1544801856.24
1544801856.31
1544801856.36
1544801856.42
1544801856.47
1544801856.51
1544801856.57
1544801856.64
1544801856.71
1544801856.79
1544801856.87
1544801856.96
1544801857.02
1544801857.09
1544801857.15
1544801857.2
1544801857.26
1544801857.31
1544801857.39
1544801857.46
1544801857.53
1544801857.58
1544801857.62
1544801857.68
1544801857.73
1544801857.76
1544801857.8
1544801857.83
1544801857.87
1544801857.9
1544801857.95
1544801857.99
1544801858.04
1544801858.09
1544801858.12
1544801858.17
1544801858.21
1544801858.26
1544801858.3
1544801858.34
1544801858.42
1544801858.46
1544801858.5
1544801858.53
1544801858.58
1544801858.64
1544801858.72
1544801858.8
1544801858.88
1544801858.96
1544801859.01
1544801859.07
1544801859.13
1544801859.19
1544801859.25
1544801859.31
1544801859.38
1544801859.44
1544801859.51
1544801859.57
1544801859.63
1544801859.7
1544801859.78
1544801859.84
1544801859.9
1544801859.95
1544801860.04
1544801860.09
1544801860.15
1544801860.22
1544801860.28
1544801860.35
1544801860.41
1544801860.47
1544801860.54
1544801860.6
1544801860.66
1544801860.7
1544801860.74
1544801860.79
1544801860.86
1544801860.91
1544801860.96
1544801861.05
1544801861.09
1544801861.12
1544801861.16
1544801861.21
1544801861.26
1544801861.29
1544801861.33
1544801861.36
1544801861.42
1544801861.46
1544801861.49
1544801861.54
1544801861.58
1544801861.63
1544801861.67
1544801861.71
1544801861.75
1544801861.82
1544801861.87
1544801861.91
1544801861.94
1544801862.01
1544801862.05
1544801862.09
1544801862.12
1544801862.16
1544801862.22
1544801862.27
1544801862.31
1544801862.34
1544801862.39
1544801862.44
1544801862.48
1544801862.52
1544801862.57
1544801862.64
1544801862.69
1544801862.72
1544801862.76
1544801862.81
1544801862.86
1544801862.89
1544801862.93
1544801862.98
1544801863.04
1544801863.08
1544801863.12
1544801863.15
1544801863.25
1544801863.3
1544801863.33
1544801863.38
1544801863.42
1544801863.46
1544801863.5
1544801863.54
1544801863.58
1544801863.63
1544801863.67
1544801863.71
1544801863.76
1544801863.81
1544801863.86
1544801863.91
1544801863.95
1544801864.01
1544801864.06
1544801864.1
1544801864.14
1544801864.19
1544801864.24
1544801864.28
1544801864.32
1544801864.38
1544801864.42
1544801864.48
1544801864.52
1544801864.57
1544801864.64
1544801864.69
1544801864.74
1544801864.81
1544801864.86
1544801864.9
1544801864.93
1544801864.99
1544801865.05
1544801865.09
1544801865.14
1544801865.19
1544801865.26
1544801865.3
1544801865.35
1544801865.39
1544801865.45
1544801865.49
1544801865.55
1544801865.58
1544801865.65
1544801865.7
1544801865.74
1544801865.77
1544801865.84
1544801865.89
1544801865.93
1544801865.97
1544801866.03
1544801866.08
1544801866.11
1544801866.15
1544801866.23
1544801866.28
1544801866.32
1544801866.35
1544801866.43
1544801866.48
1544801866.51
1544801866.55
1544801866.59
1544801866.64
1544801866.69
1544801866.72
1544801866.76
1544801866.81
1544801866.87
1544801866.91
1544801866.95
1544801867.01
1544801867.07
1544801867.1
1544801867.13
1544801867.17
1544801867.22
1544801867.27
1544801867.31
1544801867.35
1544801867.4
1544801867.46
1544801867.51
1544801867.55
1544801867.6
1544801867.64
1544801867.69
1544801867.73
1544801867.77
1544801867.84
1544801867.89
1544801867.94
1544801867.98
1544801868.02
1544801868.07
1544801868.12
1544801868.16
1544801868.21
1544801868.26
1544801868.3
1544801868.34
1544801868.4
1544801868.44
1544801868.49
1544801868.52
1544801868.56
1544801868.59
1544801868.63
1544801868.67
1544801868.72
1544801868.78
1544801868.86
1544801868.93
1544801869.0
1544801869.07
1544801869.12
1544801869.18
1544801869.25
1544801869.31
1544801869.38
1544801869.44
1544801869.51
1544801869.59
1544801869.66
1544801869.72
1544801869.79
1544801869.84
1544801869.91
1544801869.97
1544801870.01
1544801870.08
1544801870.16
1544801870.24
1544801870.31
1544801870.38
1544801870.46
1544801870.53
1544801870.62
1544801870.7
1544801870.76
1544801870.8
1544801870.84
1544801870.9
1544801870.96
1544801870.99
1544801871.03
1544801871.07
1544801871.16
1544801871.2
1544801871.25
1544801871.33
1544801871.39
1544801871.46
1544801871.52
1544801871.59
1544801871.65
1544801871.71
1544801871.78
1544801871.84
1544801871.9
1544801871.94
1544801871.99
1544801872.05
1544801872.1
1544801872.17
1544801872.21
1544801872.27
1544801872.32
1544801872.4
1544801872.46
1544801872.53
1544801872.6
1544801872.66
1544801872.72
1544801872.79
1544801872.86
1544801872.9
1544801872.94
1544801873.01
1544801873.04
1544801873.1
1544801873.15
1544801873.19
1544801873.23
1544801873.3
1544801873.36
1544801873.39
1544801873.43
1544801873.46
1544801873.52
1544801873.57
1544801873.6
1544801873.64
1544801873.69
1544801873.74
1544801873.78
1544801873.82
1544801873.86
1544801873.93
1544801873.98
1544801874.02
1544801874.06
1544801874.13
1544801874.18
1544801874.22
1544801874.26
1544801874.31
1544801874.36
1544801874.4
1544801874.44
1544801874.5
1544801874.56
1544801874.61
1544801874.64
1544801874.72
1544801874.77
1544801874.81
1544801874.85
1544801874.91
1544801874.96
1544801875.0
1544801875.04
1544801875.1
1544801875.14
1544801875.2
1544801875.24
1544801875.31
1544801875.37
1544801875.44
1544801875.51
1544801875.57
1544801875.6
1544801875.64
1544801875.7
1544801875.76
1544801875.8
1544801875.83
1544801875.89
1544801875.96
1544801876.0
1544801876.04
1544801876.1
1544801876.16
1544801876.2
1544801876.23
1544801876.28
1544801876.32
1544801876.37
1544801876.41
1544801876.44
1544801876.49
1544801876.53
1544801876.57
1544801876.61
1544801876.66
1544801876.7
1544801876.74
1544801876.83
1544801876.93
1544801877.03
1544801877.1
1544801877.14
1544801877.22
1544801877.28
1544801877.32
1544801877.36
1544801877.4
1544801877.45
1544801877.51
1544801877.56
1544801877.6
1544801877.65
1544801877.71
1544801877.77
1544801877.83
1544801877.89
1544801877.93
1544801877.99
1544801878.03
1544801878.09
1544801878.14
1544801878.19
1544801878.24
1544801878.31
1544801878.36
1544801878.42
1544801878.49
1544801878.56
1544801878.63
1544801878.7
1544801878.77
1544801878.84
1544801878.9
1544801878.97
1544801879.04
1544801879.09
1544801879.13
1544801879.18
1544801879.22
1544801879.26
1544801879.31
1544801879.36
1544801879.42
1544801879.49
1544801879.56
1544801879.61
1544801879.67
1544801879.71
1544801879.76
1544801879.79
1544801879.84
1544801879.9
1544801879.95
1544801879.98
1544801880.03
1544801880.09
1544801880.13
1544801880.2
1544801880.25
1544801880.3
1544801880.33
1544801880.39
1544801880.47
1544801880.51
1544801880.56
1544801880.63
1544801880.68
1544801880.72
1544801880.77
1544801880.82
1544801880.87
1544801880.92
1544801880.99
1544801881.04
1544801881.1
1544801881.14
1544801881.2
1544801881.28
1544801881.32
1544801881.36
1544801881.43
1544801881.48
1544801881.52
1544801881.56
1544801881.61
1544801881.64
1544801881.69
1544801881.73
1544801881.82
1544801881.87
1544801881.92
1544801881.96
1544801882.02
1544801882.07
1544801882.12
1544801882.17
1544801882.24
1544801882.29
1544801882.33
1544801882.39
1544801882.45
1544801882.49
1544801882.53
1544801882.59
1544801882.65
1544801882.7
1544801882.73
1544801882.81
1544801882.88
1544801882.92
1544801882.97
1544801883.03
1544801883.07
1544801883.11
1544801883.14
1544801883.21
1544801883.25
1544801883.29
1544801883.32
1544801883.37
1544801883.41
1544801883.47
1544801883.51
1544801883.55
1544801883.6
1544801883.64
1544801883.68
1544801883.72
1544801883.76
1544801883.81
1544801883.87
1544801883.91
1544801883.95
1544801883.98
1544801884.04
1544801884.08
1544801884.12
1544801884.17
1544801884.23
1544801884.28
1544801884.32
1544801884.36
1544801884.41
1544801884.48
1544801884.51
1544801884.54
1544801884.6
1544801884.65
1544801884.69
1544801884.73
1544801884.77
1544801884.83
1544801884.89
1544801884.93
1544801884.97
1544801885.01
1544801885.07
1544801885.11
1544801885.18
1544801885.26
1544801885.31
1544801885.34
1544801885.41
1544801885.47
1544801885.5
1544801885.53
1544801885.59
1544801885.64
1544801885.69
1544801885.72
1544801885.76
1544801885.8
1544801885.84
1544801885.87
1544801885.91
1544801885.95
1544801885.99
1544801886.02
1544801886.07
1544801886.1
1544801886.14
1544801886.18
1544801886.22
1544801886.27
1544801886.31
1544801886.35
1544801886.42
1544801886.47
1544801886.51
1544801886.54
1544801886.61
1544801886.67
1544801886.7
1544801886.74
1544801886.78
1544801886.82
1544801886.86
1544801886.9
1544801886.93
1544801887.01
1544801887.06
1544801887.09
1544801887.13
1544801887.18
1544801887.23
1544801887.28
1544801887.32
1544801887.36
1544801887.41
1544801887.47
1544801887.5
1544801887.53
1544801887.6
1544801887.65
1544801887.7
1544801887.74
1544801887.78
1544801887.83
1544801887.88
1544801887.93
1544801888.01
1544801888.07
1544801888.11
1544801888.14
1544801888.18
1544801888.24
1544801888.28
1544801888.32
1544801888.36
1544801888.4
1544801888.45
1544801888.5
1544801888.56
1544801888.6
1544801888.65
1544801888.7
1544801888.73
1544801888.78
1544801888.82
1544801888.87
1544801888.91
1544801888.96
1544801888.99
1544801889.04
1544801889.09
1544801889.13
1544801889.17
1544801889.21
1544801889.26
1544801889.3
1544801889.34
1544801889.4
1544801889.45
1544801889.5
1544801889.53
1544801889.57
1544801889.64
1544801889.69
1544801889.73
1544801889.78
1544801889.83
1544801889.88
1544801889.93
1544801890.0
1544801890.06
1544801890.09
1544801890.12
1544801890.16
1544801890.22
1544801890.31
1544801890.4
1544801890.48
1544801890.55
1544801890.59
1544801890.63
1544801890.7
1544801890.75
1544801890.81
1544801890.87
1544801890.92
1544801890.97
1544801891.03
1544801891.09
1544801891.15
1544801891.21
1544801891.25
1544801891.32
1544801891.37
1544801891.41
1544801891.44
1544801891.53
1544801891.58
1544801891.63
1544801891.67
1544801891.72
1544801891.77
1544801891.81
1544801891.89
1544801891.97
1544801892.03
1544801892.1
1544801892.17
1544801892.24
1544801892.31
1544801892.37
1544801892.4
1544801892.43
1544801892.51
1544801892.56
1544801892.6
1544801892.64
1544801892.69
1544801892.73
1544801892.79
1544801892.84
1544801892.89
1544801892.93
1544801892.98
1544801893.02
1544801893.07
1544801893.1
1544801893.15
1544801893.19
1544801893.23
1544801893.29
1544801893.32
1544801893.39
1544801893.44
1544801893.49
1544801893.52
1544801893.58
1544801893.64
1544801893.69
1544801893.73
1544801893.77
1544801893.83
1544801893.89
1544801893.91
1544801893.97
1544801894.02
1544801894.07
1544801894.1
1544801894.14
1544801894.19
1544801894.24
1544801894.28
1544801894.32
1544801894.37
1544801894.41
1544801894.45
1544801894.49
1544801894.53
1544801894.58
1544801894.63
1544801894.67
1544801894.71
1544801894.76
1544801894.82
1544801894.86
1544801894.9
1544801894.93
1544801894.97
1544801895.03
1544801895.09
1544801895.13
1544801895.19
1544801895.24
1544801895.28
1544801895.32
1544801895.36
1544801895.44
1544801895.5
1544801895.53
1544801895.58
1544801895.63
1544801895.68
1544801895.72
1544801895.77
1544801895.83
1544801895.88
1544801895.92
1544801895.97
1544801896.01
1544801896.06
1544801896.1
1544801896.13
1544801896.18
1544801896.23
1544801896.29
1544801896.34
1544801896.42
1544801896.47
1544801896.5
1544801896.53
1544801896.57
1544801896.61
1544801896.65
1544801896.69
1544801896.72
1544801896.76
1544801896.81
1544801896.86
1544801896.91
1544801896.96
1544801897.0
1544801897.04
1544801897.11
1544801897.17
1544801897.23
1544801897.28
1544801897.32
1544801897.38
1544801897.43
1544801897.48
1544801897.53
1544801897.6
1544801897.67
1544801897.74
1544801897.8
1544801897.88
1544801897.96
1544801898.0
1544801898.04
1544801898.12
1544801898.19
1544801898.26
1544801898.32
1544801898.38
1544801898.44
1544801898.49
1544801898.53
1544801898.6
1544801898.69
1544801898.76
1544801898.83
1544801898.9
1544801898.94
1544801898.99
1544801899.04
1544801899.09
1544801899.13
1544801899.19
1544801899.26
1544801899.33
1544801899.41
1544801899.48
1544801899.55
1544801899.62
1544801899.71
1544801899.8
1544801899.86
1544801899.92
1544801899.99
1544801900.05
1544801900.12
1544801900.2
1544801900.26
1544801900.32
1544801900.38
1544801900.45
1544801900.52
1544801900.61
1544801900.69
1544801900.77
1544801900.81
1544801900.87
1544801900.91
1544801900.96
1544801901.02
1544801901.11
1544801901.18
