1544801962.03
1544801962.42
1544801962.5
1544801962.56
1544801962.66
1544801962.73
1544801962.8
1544801962.85
1544801962.89
1544801962.94
1544801962.99
1544801963.03
1544801963.07
1544801963.12
1544801963.16
1544801963.22
1544801963.29
1544801963.34
1544801963.41
1544801963.49
1544801963.55
1544801963.62
1544801963.68
1544801963.74
1544801963.82
1544801963.89
1544801963.98
1544801964.05
1544801964.13
1544801964.22
1544801964.3
1544801964.37
1544801964.44
1544801964.51
1544801964.59
1544801964.64
1544801964.69
1544801964.76
1544801964.83
1544801964.91
1544801964.97
1544801965.01
1544801965.06
1544801965.11
1544801965.16
1544801965.2
1544801965.26
1544801965.34
1544801965.42
1544801965.48
1544801965.52
1544801965.56
1544801965.61
1544801965.66
1544801965.7
1544801965.74
1544801965.79
1544801965.84
1544801965.88
1544801965.92
1544801965.97
1544801966.03
1544801966.08
1544801966.12
1544801966.16
1544801966.22
1544801966.27
1544801966.32
1544801966.36
1544801966.43
1544801966.48
1544801966.52
1544801966.59
1544801966.65
1544801966.7
1544801966.73
1544801966.8
1544801966.88
1544801966.91
1544801966.96
1544801966.99
1544801967.03
1544801967.08
1544801967.12
1544801967.19
1544801967.24
1544801967.29
1544801967.32
1544801967.39
1544801967.46
1544801967.5
1544801967.54
1544801967.59
1544801967.66
1544801967.7
1544801967.74
1544801967.79
1544801967.84
1544801967.89
1544801967.93
1544801968.02
1544801968.07
1544801968.11
1544801968.14
1544801968.2
1544801968.26
1544801968.3
1544801968.36
1544801968.42
1544801968.47
1544801968.51
1544801968.56
1544801968.6
1544801968.66
1544801968.72
1544801968.76
1544801968.82
1544801968.87
1544801968.91
1544801968.94
1544801968.99
1544801969.06
1544801969.1
1544801969.13
1544801969.17
1544801969.22
1544801969.27
1544801969.31
1544801969.36
1544801969.4
1544801969.43
1544801969.48
1544801969.52
1544801969.57
1544801969.63
1544801969.68
1544801969.72
1544801969.76
1544801969.81
1544801969.89
1544801969.92
1544801969.98
1544801970.03
1544801970.08
1544801970.11
1544801970.15
1544801970.21
1544801970.27
1544801970.3
1544801970.33
1544801970.38
1544801970.44
1544801970.49
1544801970.53
1544801970.58
1544801970.66
1544801970.7
1544801970.73
1544801970.77
1544801970.82
1544801970.86
1544801970.9
1544801970.95
1544801971.0
1544801971.05
1544801971.09
1544801971.12
1544801971.19
1544801971.25
1544801971.3
1544801971.33
1544801971.42
1544801971.48
1544801971.52
1544801971.57
1544801971.65
1544801971.7
1544801971.73
1544801971.79
1544801971.84
1544801971.88
1544801971.91
1544801971.96
1544801972.02
1544801972.07
1544801972.11
1544801972.16
1544801972.23
1544801972.27
1544801972.31
1544801972.35
1544801972.43
1544801972.47
1544801972.52
1544801972.57
1544801972.63
1544801972.67
1544801972.72
1544801972.78
1544801972.82
1544801972.88
1544801972.92
1544801972.97
1544801973.01
1544801973.06
1544801973.09
1544801973.12
1544801973.16
1544801973.2
1544801973.26
1544801973.3
1544801973.33
1544801973.37
1544801973.46
1544801973.5
1544801973.54
1544801973.62
1544801973.67
1544801973.71
1544801973.74
1544801973.86
1544801973.9
1544801973.94
1544801974.02
1544801974.08
1544801974.13
1544801974.18
1544801974.24
1544801974.3
1544801974.35
1544801974.4
1544801974.48
1544801974.56
1544801974.62
1544801974.69
1544801974.77
1544801974.83
1544801974.91
1544801975.0
1544801975.08
1544801975.16
1544801975.23
1544801975.3
1544801975.35
1544801975.41
1544801975.47
1544801975.51
1544801975.56
1544801975.63
1544801975.71
1544801975.8
1544801975.87
1544801975.93
1544801976.01
1544801976.08
1544801976.12
1544801976.18
1544801976.26
1544801976.36
1544801976.41
1544801976.46
1544801976.54
1544801976.59
1544801976.64
1544801976.69
1544801976.74
1544801976.8
1544801976.84
1544801976.9
1544801976.95
1544801976.99
1544801977.04
1544801977.09
1544801977.15
1544801977.19
1544801977.24
1544801977.29
1544801977.36
1544801977.4
1544801977.45
1544801977.49
1544801977.57
1544801977.61
1544801977.66
1544801977.74
1544801977.79
1544801977.83
1544801977.89
1544801977.95
1544801977.99
1544801978.02
1544801978.08
1544801978.13
1544801978.17
1544801978.21
1544801978.26
1544801978.29
1544801978.34
1544801978.39
1544801978.43
1544801978.49
1544801978.54
1544801978.58
1544801978.62
1544801978.67
1544801978.71
1544801978.76
1544801978.8
1544801978.84
1544801978.89
1544801978.94
1544801978.99
1544801979.03
1544801979.09
1544801979.17
1544801979.21
1544801979.26
1544801979.33
1544801979.38
1544801979.42
1544801979.46
1544801979.52
1544801979.58
1544801979.62
1544801979.68
1544801979.71
1544801979.76
1544801979.8
1544801979.84
1544801979.88
1544801979.93
1544801980.0
1544801980.03
1544801980.11
1544801980.17
1544801980.22
1544801980.26
1544801980.33
1544801980.37
1544801980.42
1544801980.46
1544801980.49
1544801980.52
1544801980.56
1544801980.6
1544801980.64
1544801980.68
1544801980.74
1544801980.78
1544801980.81
1544801980.85
1544801980.89
1544801980.96
1544801980.99
1544801981.04
1544801981.1
1544801981.15
1544801981.19
1544801981.24
1544801981.32
1544801981.37
1544801981.41
1544801981.45
1544801981.48
1544801981.52
1544801981.56
1544801981.6
1544801981.65
1544801981.7
1544801981.76
1544801981.8
1544801981.84
1544801981.88
1544801981.94
1544801981.99
1544801982.02
1544801982.07
1544801982.11
1544801982.18
1544801982.21
1544801982.26
1544801982.33
1544801982.37
1544801982.41
1544801982.47
1544801982.52
1544801982.56
1544801982.6
1544801982.64
1544801982.7
1544801982.77
1544801982.82
1544801982.87
1544801982.92
1544801982.95
1544801983.0
1544801983.04
1544801983.09
1544801983.13
1544801983.17
1544801983.22
1544801983.26
1544801983.31
1544801983.37
1544801983.4
1544801983.44
1544801983.49
1544801983.53
1544801983.58
1544801983.62
1544801983.65
1544801983.7
1544801983.76
1544801983.8
1544801983.86
1544801983.92
1544801983.98
1544801984.01
1544801984.05
1544801984.13
1544801984.18
1544801984.22
1544801984.26
1544801984.32
1544801984.38
1544801984.44
1544801984.5
1544801984.57
1544801984.63
1544801984.71
1544801984.78
1544801984.84
1544801984.91
1544801984.98
1544801985.02
1544801985.08
1544801985.15
1544801985.19
1544801985.23
1544801985.29
1544801985.37
1544801985.44
1544801985.48
1544801985.53
1544801985.58
1544801985.66
1544801985.72
1544801985.8
1544801985.91
1544801985.98
1544801986.02
1544801986.09
1544801986.16
1544801986.24
1544801986.32
1544801986.36
1544801986.41
1544801986.5
1544801986.57
1544801986.63
1544801986.7
1544801986.78
1544801986.86
1544801986.9
1544801986.94
1544801987.0
1544801987.07
1544801987.13
1544801987.2
1544801987.24
1544801987.29
1544801987.34
1544801987.4
1544801987.44
1544801987.48
1544801987.55
1544801987.58
1544801987.62
1544801987.66
1544801987.72
1544801987.76
1544801987.8
1544801987.83
1544801987.88
1544801987.92
1544801987.98
1544801988.01
1544801988.05
1544801988.09
1544801988.14
1544801988.19
1544801988.23
1544801988.29
1544801988.34
1544801988.38
1544801988.41
1544801988.45
1544801988.51
1544801988.56
1544801988.61
1544801988.66
1544801988.74
1544801988.8
1544801988.83
1544801988.9
1544801988.97
1544801989.0
1544801989.04
1544801989.09
1544801989.16
1544801989.2
1544801989.23
1544801989.27
1544801989.32
1544801989.38
1544801989.42
1544801989.48
1544801989.56
1544801989.6
1544801989.64
1544801989.71
1544801989.76
1544801989.81
1544801989.84
1544801989.89
1544801989.93
1544801990.0
1544801990.05
1544801990.11
1544801990.18
1544801990.21
1544801990.26
1544801990.32
1544801990.4
1544801990.44
1544801990.52
1544801990.58
1544801990.61
1544801990.66
1544801990.77
1544801990.81
1544801990.87
1544801990.92
1544801990.98
1544801991.02
1544801991.06
1544801991.12
1544801991.17
1544801991.21
1544801991.25
1544801991.31
1544801991.38
1544801991.42
1544801991.49
1544801991.54
1544801991.59
1544801991.62
1544801991.69
1544801991.76
1544801991.8
1544801991.84
1544801991.88
1544801991.95
1544801992.0
1544801992.04
1544801992.11
1544801992.17
1544801992.22
1544801992.29
1544801992.33
1544801992.39
1544801992.49
1544801992.55
1544801992.61
1544801992.69
1544801992.76
1544801992.83
1544801992.91
1544801992.97
1544801993.03
1544801993.1
1544801993.15
1544801993.21
1544801993.29
1544801993.36
1544801993.43
1544801993.49
1544801993.53
1544801993.58
1544801993.62
1544801993.66
1544801993.71
1544801993.76
1544801993.8
1544801993.83
1544801993.86
1544801993.9
1544801993.96
1544801994.01
1544801994.07
1544801994.16
1544801994.2
1544801994.24
1544801994.29
1544801994.35
1544801994.4
1544801994.43
1544801994.48
1544801994.56
1544801994.59
1544801994.67
1544801994.73
1544801994.79
1544801994.83
1544801994.89
1544801994.94
1544801994.98
1544801995.02
1544801995.07
1544801995.13
1544801995.19
1544801995.22
1544801995.29
1544801995.36
1544801995.4
1544801995.46
1544801995.49
1544801995.54
1544801995.59
1544801995.64
1544801995.71
1544801995.76
1544801995.81
1544801995.87
1544801995.93
1544801995.99
1544801996.02
1544801996.08
1544801996.13
1544801996.19
1544801996.26
1544801996.29
1544801996.33
1544801996.39
1544801996.42
1544801996.46
1544801996.51
1544801996.56
1544801996.6
1544801996.65
1544801996.69
1544801996.73
1544801996.79
1544801996.82
1544801996.88
1544801996.93
1544801996.99
1544801997.03
1544801997.09
1544801997.16
1544801997.21
1544801997.28
1544801997.33
1544801997.39
1544801997.42
1544801997.47
1544801997.52
1544801997.57
1544801997.61
1544801997.66
1544801997.71
1544801997.76
1544801997.8
1544801997.84
1544801997.9
1544801997.97
1544801998.01
1544801998.06
1544801998.09
1544801998.14
1544801998.19
1544801998.23
1544801998.27
1544801998.32
1544801998.38
1544801998.43
1544801998.49
1544801998.55
1544801998.59
1544801998.63
1544801998.7
1544801998.77
1544801998.83
1544801998.9
1544801998.97
1544801999.03
1544801999.1
1544801999.17
1544801999.22
1544801999.28
1544801999.35
1544801999.39
1544801999.43
1544801999.48
1544801999.52
1544801999.58
1544801999.64
1544801999.71
1544801999.77
1544801999.86
1544801999.91
1544801999.97
1544802000.01
1544802000.05
1544802000.1
1544802000.16
1544802000.22
1544802000.3
1544802000.36
1544802000.43
1544802000.5
1544802000.56
1544802000.6
1544802000.63
1544802000.69
1544802000.75
1544802000.82
1544802000.89
1544802000.97
1544802001.03
1544802001.1
1544802001.17
1544802001.22
1544802001.29
1544802001.34
1544802001.41
1544802001.49
1544802001.53
1544802001.59
1544802001.63
1544802001.69
1544802001.76
1544802001.84
1544802001.92
1544802001.97
1544802002.01
1544802002.05
1544802002.1
1544802002.17
1544802002.22
1544802002.3
1544802002.36
1544802002.4
1544802002.43
1544802002.47
1544802002.5
1544802002.55
1544802002.59
1544802002.62
1544802002.66
1544802002.72
1544802002.78
1544802002.82
1544802002.87
1544802002.91
1544802002.96
1544802003.0
1544802003.04
1544802003.08
1544802003.16
1544802003.2
1544802003.23
1544802003.28
1544802003.33
1544802003.38
1544802003.41
1544802003.45
1544802003.56
1544802003.6
1544802003.64
1544802003.71
1544802003.77
1544802003.81
1544802003.87
1544802003.93
1544802003.99
1544802004.03
1544802004.11
1544802004.16
1544802004.2
1544802004.24
1544802004.29
1544802004.35
1544802004.39
1544802004.42
1544802004.49
1544802004.56
1544802004.6
1544802004.63
1544802004.69
1544802004.76
1544802004.82
1544802004.86
1544802004.91
1544802004.98
1544802005.02
1544802005.06
1544802005.11
1544802005.17
1544802005.21
1544802005.26
1544802005.31
1544802005.35
1544802005.39
1544802005.43
1544802005.49
1544802005.54
1544802005.59
1544802005.62
1544802005.67
1544802005.72
1544802005.78
1544802005.82
1544802005.87
1544802005.93
1544802005.99
1544802006.03
1544802006.07
1544802006.11
1544802006.15
1544802006.18
1544802006.22
1544802006.27
1544802006.31
1544802006.35
1544802006.4
1544802006.43
1544802006.47
1544802006.53
1544802006.58
1544802006.62
1544802006.66
1544802006.72
1544802006.79
1544802006.83
1544802006.89
1544802006.94
1544802006.99
1544802007.03
1544802007.09
1544802007.12
1544802007.17
1544802007.21
1544802007.26
1544802007.32
1544802007.37
1544802007.41
1544802007.46
1544802007.51
1544802007.59
1544802007.63
1544802007.68
1544802007.74
1544802007.79
1544802007.83
1544802007.88
1544802007.93
1544802007.99
1544802008.02
1544802008.07
1544802008.14
1544802008.2
1544802008.25
1544802008.33
1544802008.38
1544802008.43
1544802008.49
1544802008.53
1544802008.57
1544802008.6
1544802008.64
1544802008.69
1544802008.73
1544802008.77
1544802008.81
1544802008.86
1544802008.92
1544802008.98
1544802009.02
1544802009.08
1544802009.12
1544802009.17
1544802009.21
1544802009.26
1544802009.32
1544802009.4
1544802009.48
1544802009.51
1544802009.57
1544802009.63
1544802009.71
1544802009.79
1544802009.87
1544802009.94
1544802010.01
1544802010.1
1544802010.17
1544802010.23
1544802010.27
1544802010.32
1544802010.38
1544802010.43
1544802010.49
1544802010.54
1544802010.59
1544802010.65
1544802010.72
1544802010.8
1544802010.87
1544802010.94
1544802011.01
1544802011.09
1544802011.18
1544802011.25
1544802011.33
1544802011.4
1544802011.47
1544802011.56
1544802011.64
1544802011.72
1544802011.8
1544802011.88
1544802011.97
1544802012.05
1544802012.13
1544802012.21
1544802012.29
1544802012.36
1544802012.42
1544802012.51
1544802012.57
1544802012.62
1544802012.67
1544802012.73
1544802012.78
1544802012.82
1544802012.87
1544802012.93
1544802012.98
1544802013.03
1544802013.11
1544802013.15
1544802013.18
1544802013.22
1544802013.26
1544802013.31
1544802013.36
1544802013.41
1544802013.47
1544802013.52
1544802013.58
1544802013.64
1544802013.68
1544802013.72
1544802013.77
1544802013.81
1544802013.85
1544802013.9
1544802013.94
1544802014.01
1544802014.08
1544802014.12
1544802014.17
1544802014.25
1544802014.3
1544802014.36
1544802014.46
1544802014.5
1544802014.54
1544802014.61
1544802014.68
1544802014.73
1544802014.8
1544802014.86
1544802014.9
1544802014.95
1544802014.98
1544802015.04
1544802015.09
1544802015.13
1544802015.21
1544802015.28
1544802015.33
1544802015.4
1544802015.48
1544802015.58
1544802015.68
1544802015.76
1544802015.84
1544802015.92
1544802016.01
1544802016.08
1544802016.14
1544802016.21
1544802016.26
1544802016.31
1544802016.39
1544802016.47
1544802016.53
1544802016.6
1544802016.68
1544802016.75
1544802016.8
1544802016.84
1544802016.87
1544802016.94
1544802016.98
1544802017.02
1544802017.07
1544802017.13
1544802017.17
1544802017.21
1544802017.23
1544802017.28
1544802017.34
1544802017.39
1544802017.43
1544802017.47
1544802017.52
1544802017.58
1544802017.61
1544802017.66
1544802017.72
1544802017.78
1544802017.81
1544802017.87
1544802017.95
1544802018.01
1544802018.06
1544802018.11
1544802018.15
1544802018.2
1544802018.24
1544802018.29
1544802018.33
1544802018.38
1544802018.42
1544802018.47
1544802018.52
1544802018.56
1544802018.6
1544802018.64
1544802018.7
1544802018.75
1544802018.8
1544802018.84
1544802018.89
1544802018.94
1544802018.99
1544802019.03
1544802019.09
1544802019.13
1544802019.18
1544802019.23
1544802019.27
1544802019.33
1544802019.39
1544802019.43
1544802019.49
1544802019.55
1544802019.6
1544802019.64
1544802019.68
1544802019.73
1544802019.78
1544802019.82
1544802019.87
1544802019.92
1544802019.98
1544802020.01
1544802020.06
1544802020.12
1544802020.18
1544802020.24
1544802020.32
1544802020.39
1544802020.42
1544802020.48
1544802020.57
1544802020.61
1544802020.69
1544802020.76
1544802020.83
1544802020.89
1544802020.93
1544802020.98
1544802021.03
1544802021.09
1544802021.14
1544802021.2
1544802021.26
1544802021.32
1544802021.4
1544802021.48
1544802021.55
1544802021.63
1544802021.68
1544802021.72
1544802021.77
1544802021.84
1544802021.92
1544802022.0
1544802022.08
1544802022.14
1544802022.22
1544802022.28
1544802022.35
1544802022.41
1544802022.46
1544802022.51
1544802022.57
1544802022.61
1544802022.66
1544802022.72
1544802022.78
1544802022.82
1544802022.86
1544802022.91
1544802022.94
1544802023.0
1544802023.08
1544802023.12
1544802023.17
1544802023.22
1544802023.27
1544802023.31
1544802023.36
1544802023.43
1544802023.48
1544802023.52
1544802023.57
1544802023.61
1544802023.66
1544802023.74
1544802023.8
1544802023.88
1544802023.95
1544802024.0
1544802024.03
1544802024.11
1544802024.19
1544802024.23
1544802024.3
1544802024.39
1544802024.5
1544802024.58
1544802024.66
1544802024.74
1544802024.81
1544802024.88
1544802024.95
1544802025.01
1544802025.08
1544802025.14
1544802025.21
1544802025.29
1544802025.36
1544802025.42
1544802025.47
1544802025.53
1544802025.59
1544802025.62
1544802025.66
1544802025.72
1544802025.77
1544802025.81
1544802025.84
1544802025.89
1544802025.92
1544802025.96
1544802026.0
1544802026.03
1544802026.08
1544802026.14
1544802026.19
1544802026.24
1544802026.29
1544802026.37
1544802026.41
1544802026.46
1544802026.5
1544802026.57
1544802026.61
1544802026.65
1544802026.71
1544802026.76
1544802026.8
1544802026.84
1544802026.91
1544802026.96
1544802026.99
1544802027.03
1544802027.07
1544802027.11
1544802027.15
1544802027.2
1544802027.23
1544802027.28
1544802027.33
1544802027.39
1544802027.42
1544802027.47
1544802027.54
1544802027.59
1544802027.62
1544802027.66
1544802027.71
1544802027.77
1544802027.82
1544802027.87
1544802027.91
1544802027.96
1544802028.0
1544802028.05
1544802028.1
1544802028.16
1544802028.19
1544802028.24
1544802028.28
1544802028.32
1544802028.37
1544802028.41
1544802028.46
1544802028.52
1544802028.58
1544802028.63
1544802028.68
1544802028.74
1544802028.79
1544802028.83
1544802028.89
1544802028.98
1544802029.01
1544802029.04
1544802029.1
1544802029.16
1544802029.22
1544802029.26
1544802029.34
1544802029.4
1544802029.44
1544802029.49
1544802029.54
1544802029.59
1544802029.62
1544802029.65
1544802029.71
1544802029.76
1544802029.81
1544802029.85
1544802029.88
1544802029.92
1544802029.96
1544802030.01
1544802030.06
1544802030.13
1544802030.19
1544802030.25
1544802030.33
1544802030.43
1544802030.52
1544802030.62
1544802030.72
1544802030.79
1544802030.82
1544802030.88
1544802030.96
1544802031.02
1544802031.09
1544802031.13
1544802031.16
1544802031.26
1544802031.31
1544802031.37
1544802031.44
1544802031.5
1544802031.53
1544802031.58
1544802031.62
1544802031.66
1544802031.7
1544802031.73
1544802031.78
1544802031.82
1544802031.87
1544802031.91
1544802031.95
1544802032.0
1544802032.05
1544802032.09
1544802032.12
1544802032.18
1544802032.23
1544802032.3
1544802032.36
1544802032.43
1544802032.5
1544802032.59
1544802032.63
1544802032.69
1544802032.74
1544802032.8
1544802032.86
1544802032.97
1544802033.06
1544802033.17
1544802033.25
1544802033.33
1544802033.41
1544802033.49
1544802033.56
1544802033.6
1544802033.64
1544802033.72
1544802033.82
1544802033.9
1544802033.96
1544802034.03
1544802034.12
1544802034.18
1544802034.22
1544802034.31
1544802034.35
1544802034.41
1544802034.46
1544802034.53
1544802034.59
1544802034.64
1544802034.71
1544802034.77
1544802034.85
1544802034.93
1544802034.99
1544802035.03
1544802035.07
1544802035.12
1544802035.18
1544802035.22
1544802035.27
1544802035.32
1544802035.36
1544802035.4
1544802035.44
1544802035.49
1544802035.56
1544802035.59
1544802035.63
1544802035.7
1544802035.74
1544802035.79
1544802035.83
1544802035.87
1544802035.93
1544802035.99
1544802036.03
1544802036.08
1544802036.14
1544802036.21
1544802036.26
1544802036.33
1544802036.38
1544802036.42
1544802036.46
1544802036.53
1544802036.59
1544802036.62
1544802036.69
1544802036.73
1544802036.78
1544802036.81
1544802036.85
1544802036.91
1544802036.95
1544802036.99
1544802037.02
1544802037.06
1544802037.13
1544802037.18
1544802037.22
1544802037.26
1544802037.32
1544802037.39
1544802037.43
1544802037.47
1544802037.52
1544802037.59
1544802037.64
1544802037.7
1544802037.76
1544802037.79
1544802037.84
1544802037.89
1544802037.96
1544802037.99
1544802038.02
1544802038.06
1544802038.1
1544802038.17
1544802038.2
1544802038.24
1544802038.3
1544802038.37
1544802038.42
1544802038.46
1544802038.51
1544802038.58
1544802038.62
1544802038.68
1544802038.72
1544802038.76
1544802038.8
1544802038.84
1544802038.9
1544802038.96
1544802039.01
1544802039.06
1544802039.12
1544802039.18
1544802039.23
1544802039.32
1544802039.37
1544802039.4
1544802039.44
1544802039.49
1544802039.57
1544802039.61
1544802039.65
1544802039.7
1544802039.76
1544802039.79
1544802039.82
1544802039.87
1544802039.93
1544802039.97
1544802040.02
1544802040.07
1544802040.13
1544802040.2
1544802040.24
1544802040.29
1544802040.33
1544802040.38
1544802040.42
1544802040.46
1544802040.53
1544802040.58
1544802040.62
1544802040.67
1544802040.72
1544802040.76
1544802040.8
1544802040.83
1544802040.88
1544802040.93
1544802040.98
1544802041.02
1544802041.06
1544802041.14
1544802041.18
1544802041.22
1544802041.28
1544802041.33
1544802041.4
1544802041.47
1544802041.51
1544802041.54
1544802041.59
1544802041.64
1544802041.7
1544802041.76
1544802041.8
1544802041.84
1544802041.92
1544802041.99
1544802042.06
1544802042.14
1544802042.21
1544802042.28
1544802042.32
1544802042.37
1544802042.42
1544802042.48
1544802042.52
1544802042.58
1544802042.63
1544802042.72
1544802042.78
1544802042.83
1544802042.9
1544802043.0
1544802043.08
1544802043.16
1544802043.19
1544802043.24
1544802043.32
1544802043.39
1544802043.46
1544802043.5
1544802043.54
1544802043.61
1544802043.7
1544802043.83
1544802043.89
1544802043.93
1544802044.0
1544802044.08
1544802044.14
1544802044.21
1544802044.26
1544802044.32
1544802044.37
1544802044.42
1544802044.48
1544802044.53
1544802044.59
1544802044.63
1544802044.68
1544802044.72
1544802044.8
1544802044.87
1544802044.95
1544802045.02
1544802045.1
1544802045.16
1544802045.23
1544802045.3
1544802045.36
1544802045.43
1544802045.49
1544802045.56
1544802045.63
1544802045.7
1544802045.77
1544802045.84
1544802045.93
1544802046.0
1544802046.06
1544802046.12
1544802046.18
1544802046.24
1544802046.28
1544802046.32
1544802046.36
1544802046.42
1544802046.48
1544802046.53
1544802046.6
1544802046.64
1544802046.72
1544802046.78
1544802046.83
1544802046.87
1544802046.9
1544802046.96
1544802047.04
1544802047.07
1544802047.1
1544802047.13
1544802047.2
1544802047.25
1544802047.29
1544802047.33
1544802047.39
1544802047.43
1544802047.47
1544802047.51
1544802047.54
1544802047.58
1544802047.62
1544802047.67
1544802047.7
1544802047.74
1544802047.79
1544802047.85
1544802047.89
1544802047.92
1544802047.96
1544802048.0
1544802048.04
1544802048.09
1544802048.13
1544802048.18
1544802048.24
1544802048.29
1544802048.34
1544802048.39
1544802048.44
1544802048.48
1544802048.52
1544802048.56
1544802048.65
1544802048.7
1544802048.74
1544802048.79
1544802048.84
1544802048.87
1544802048.92
1544802048.97
1544802049.02
1544802049.08
1544802049.12
1544802049.16
1544802049.24
1544802049.29
1544802049.33
1544802049.39
1544802049.44
1544802049.49
1544802049.54
1544802049.64
1544802049.68
1544802049.72
1544802049.77
1544802049.83
1544802049.89
1544802049.93
1544802049.98
1544802050.04
1544802050.09
1544802050.13
1544802050.19
1544802050.24
1544802050.29
1544802050.32
1544802050.36
1544802050.4
1544802050.44
1544802050.48
1544802050.51
1544802050.55
1544802050.61
1544802050.66
1544802050.7
1544802050.73
1544802050.78
1544802050.83
1544802050.87
1544802050.92
1544802050.97
1544802051.03
1544802051.08
1544802051.12
1544802051.17
1544802051.23
1544802051.28
1544802051.32
1544802051.37
1544802051.44
1544802051.48
1544802051.52
1544802051.57
1544802051.63
1544802051.68
1544802051.71
1544802051.75
1544802051.8
1544802051.86
1544802051.9
1544802051.93
1544802051.97
1544802052.03
1544802052.08
1544802052.12
1544802052.17
1544802052.22
1544802052.28
1544802052.32
1544802052.36
1544802052.43
1544802052.48
1544802052.51
1544802052.56
1544802052.62
1544802052.67
1544802052.71
1544802052.75
1544802052.83
1544802052.88
1544802052.92
1544802052.99
1544802053.06
1544802053.1
1544802053.15
1544802053.21
1544802053.27
1544802053.31
1544802053.36
1544802053.4
1544802053.47
1544802053.52
1544802053.56
1544802053.62
1544802053.68
1544802053.72
1544802053.76
1544802053.8
1544802053.84
1544802053.89
1544802053.93
1544802053.98
1544802054.03
1544802054.08
1544802054.12
1544802054.16
1544802054.21
1544802054.25
1544802054.29
1544802054.33
1544802054.36
1544802054.41
1544802054.46
1544802054.5
1544802054.53
1544802054.58
1544802054.63
1544802054.68
1544802054.72
1544802054.75
1544802054.84
1544802054.89
1544802054.92
1544802054.98
1544802055.05
1544802055.1
1544802055.13
1544802055.18
1544802055.23
1544802055.28
1544802055.33
1544802055.38
1544802055.45
1544802055.49
1544802055.52
1544802055.57
1544802055.63
1544802055.68
1544802055.71
1544802055.76
1544802055.81
1544802055.87
1544802055.91
1544802055.98
1544802056.04
1544802056.09
1544802056.13
1544802056.19
1544802056.23
1544802056.27
1544802056.3
1544802056.34
1544802056.4
1544802056.46
1544802056.49
1544802056.52
1544802056.56
1544802056.61
1544802056.64
1544802056.69
1544802056.72
1544802056.75
1544802056.87
1544802056.9
1544802056.95
1544802057.03
1544802057.08
1544802057.12
1544802057.18
1544802057.26
1544802057.3
1544802057.33
1544802057.4
1544802057.46
1544802057.5
1544802057.54
1544802057.59
1544802057.63
1544802057.68
1544802057.72
1544802057.79
1544802057.86
1544802057.9
1544802057.98
1544802058.04
1544802058.11
1544802058.18
1544802058.26
1544802058.32
1544802058.4
1544802058.46
1544802058.53
1544802058.59
1544802058.66
1544802058.74
1544802058.82
1544802058.9
1544802058.94
1544802059.01
1544802059.08
1544802059.15
1544802059.21
1544802059.27
1544802059.31
1544802059.35
1544802059.39
1544802059.43
1544802059.48
1544802059.52
1544802059.56
1544802059.63
1544802059.69
1544802059.74
1544802059.81
1544802059.88
1544802059.92
1544802059.96
1544802060.03
1544802060.08
1544802060.12
1544802060.18
1544802060.27
1544802060.31
1544802060.38
1544802060.46
1544802060.54
1544802060.62
1544802060.7
1544802060.78
1544802060.83
1544802060.88
1544802060.96
1544802061.02
1544802061.07
1544802061.14
1544802061.2
1544802061.29
1544802061.37
1544802061.47
1544802061.55
1544802061.62
1544802061.7
1544802061.78
1544802061.87
1544802061.95
1544802062.04
1544802062.13
1544802062.23
1544802062.3
1544802062.34
1544802062.4
1544802062.45
1544802062.5
1544802062.57
1544802062.63
1544802062.69
1544802062.74
1544802062.8
1544802062.86
1544802062.91
1544802062.98
1544802063.02
1544802063.06
1544802063.11
1544802063.18
1544802063.23
1544802063.29
1544802063.36
1544802063.4
1544802063.44
1544802063.52
1544802063.57
1544802063.62
1544802063.66
1544802063.72
1544802063.78
1544802063.82
1544802063.87
1544802063.91
1544802063.96
1544802064.0
1544802064.03
1544802064.11
1544802064.2
1544802064.23
1544802064.3
1544802064.36
1544802064.41
1544802064.45
1544802064.5
1544802064.54
1544802064.6
1544802064.64
1544802064.69
1544802064.75
1544802064.79
1544802064.82
1544802064.88
1544802064.93
1544802064.97
1544802065.02
1544802065.06
1544802065.11
1544802065.18
1544802065.22
1544802065.28
1544802065.36
1544802065.4
1544802065.44
1544802065.5
1544802065.57
1544802065.6
1544802065.64
1544802065.69
1544802065.78
1544802065.83
1544802065.92
1544802066.01
1544802066.06
1544802066.14
1544802066.19
1544802066.23
1544802066.29
1544802066.34
1544802066.38
1544802066.42
1544802066.48
1544802066.55
1544802066.59
1544802066.62
1544802066.66
1544802066.71
1544802066.76
1544802066.8
1544802066.84
1544802066.89
1544802066.94
1544802066.99
1544802067.02
1544802067.09
1544802067.17
1544802067.22
1544802067.27
1544802067.35
1544802067.4
1544802067.44
1544802067.48
1544802067.52
1544802067.59
1544802067.63
1544802067.68
1544802067.73
1544802067.78
1544802067.82
1544802067.86
1544802067.9
1544802067.96
1544802067.99
1544802068.03
1544802068.08
1544802068.12
1544802068.16
1544802068.2
1544802068.24
1544802068.29
1544802068.35
1544802068.39
1544802068.44
1544802068.52
1544802068.59
1544802068.64
1544802068.71
1544802068.78
1544802068.82
1544802068.86
1544802068.91
1544802068.99
1544802069.02
1544802069.07
1544802069.13
1544802069.21
1544802069.29
1544802069.35
1544802069.43
1544802069.49
1544802069.58
1544802069.65
1544802069.74
1544802069.8
1544802069.86
1544802069.92
1544802069.97
1544802070.02
1544802070.09
1544802070.17
1544802070.22
1544802070.28
1544802070.36
1544802070.42
1544802070.52
1544802070.59
1544802070.66
1544802070.74
1544802070.79
1544802070.85
1544802070.9
1544802070.99
1544802071.06
1544802071.1
1544802071.17
1544802071.23
1544802071.3
1544802071.34
1544802071.39
1544802071.43
1544802071.48
1544802071.51
1544802071.56
1544802071.62
1544802071.68
1544802071.72
1544802071.79
1544802071.85
1544802071.89
1544802071.93
1544802071.97
1544802072.05
1544802072.11
1544802072.14
1544802072.21
1544802072.26
1544802072.3
1544802072.33
1544802072.39
1544802072.42
1544802072.48
1544802072.53
1544802072.59
1544802072.65
1544802072.71
1544802072.76
1544802072.82
1544802072.88
1544802072.92
1544802072.96
1544802073.0
1544802073.03
1544802073.09
1544802073.13
1544802073.17
1544802073.25
1544802073.3
1544802073.34
1544802073.43
1544802073.49
1544802073.52
1544802073.58
1544802073.67
1544802073.72
1544802073.78
1544802073.83
1544802073.88
1544802073.93
1544802073.99
1544802074.04
1544802074.08
1544802074.12
1544802074.17
1544802074.25
1544802074.28
1544802074.31
1544802074.36
1544802074.39
1544802074.45
1544802074.5
1544802074.53
1544802074.58
1544802074.61
1544802074.65
1544802074.7
1544802074.75
1544802074.81
1544802074.86
1544802074.91
1544802074.97
1544802075.03
1544802075.11
1544802075.18
1544802075.22
1544802075.3
1544802075.39
1544802075.48
1544802075.57
1544802075.65
1544802075.71
1544802075.8
1544802075.89
1544802075.97
1544802076.03
1544802076.1
1544802076.17
1544802076.25
1544802076.3
1544802076.37
1544802076.44
1544802076.51
1544802076.57
1544802076.63
1544802076.68
1544802076.72
1544802076.79
1544802076.89
1544802076.96
1544802077.04
1544802077.1
1544802077.16
1544802077.2
1544802077.26
1544802077.3
1544802077.36
1544802077.41
1544802077.46
1544802077.51
1544802077.58
1544802077.64
1544802077.69
1544802077.73
1544802077.78
1544802077.81
1544802077.86
1544802077.93
1544802078.02
1544802078.07
1544802078.12
1544802078.2
1544802078.29
1544802078.37
1544802078.44
1544802078.5
1544802078.56
1544802078.6
1544802078.63
1544802078.66
1544802078.72
1544802078.78
1544802078.82
1544802078.86
1544802078.91
1544802078.96
1544802079.01
1544802079.06
1544802079.12
1544802079.18
1544802079.22
1544802079.26
1544802079.32
1544802079.38
1544802079.42
1544802079.46
1544802079.54
1544802079.59
1544802079.62
1544802079.69
1544802079.75
1544802079.79
1544802079.82
1544802079.87
1544802079.91
1544802079.96
1544802080.0
1544802080.06
1544802080.12
1544802080.18
1544802080.22
1544802080.29
1544802080.37
1544802080.41
1544802080.46
1544802080.52
1544802080.58
1544802080.62
1544802080.67
1544802080.71
1544802080.76
1544802080.8
1544802080.83
1544802080.88
1544802080.98
1544802081.01
1544802081.05
1544802081.1
1544802081.16
1544802081.21
1544802081.26
1544802081.31
1544802081.38
1544802081.43
1544802081.5
1544802081.57
1544802081.61
1544802081.65
1544802081.72
1544802081.76
1544802081.81
1544802081.86
1544802081.92
1544802082.0
1544802082.04
1544802082.08
1544802082.13
1544802082.18
1544802082.22
1544802082.27
1544802082.34
1544802082.38
1544802082.42
1544802082.46
1544802082.5
1544802082.57
1544802082.62
1544802082.67
1544802082.7
1544802082.75
1544802082.82
1544802082.87
1544802082.93
1544802082.98
1544802083.01
1544802083.05
1544802083.1
1544802083.17
1544802083.21
1544802083.25
1544802083.3
1544802083.35
1544802083.38
1544802083.42
1544802083.48
1544802083.52
1544802083.57
1544802083.62
1544802083.65
1544802083.7
1544802083.75
1544802083.79
1544802083.82
1544802083.86
1544802083.9
1544802083.94
1544802084.0
1544802084.03
1544802084.08
1544802084.17
1544802084.22
1544802084.26
1544802084.33
1544802084.38
1544802084.41
1544802084.45
1544802084.49
1544802084.54
1544802084.59
1544802084.62
1544802084.66
1544802084.73
1544802084.78
1544802084.82
1544802084.87
1544802084.94
1544802084.98
1544802085.02
1544802085.07
1544802085.12
1544802085.19
1544802085.22
1544802085.28
1544802085.37
1544802085.42
1544802085.46
1544802085.53
1544802085.59
1544802085.63
1544802085.7
1544802085.75
1544802085.8
1544802085.85
1544802085.9
1544802085.97
1544802086.0
1544802086.05
1544802086.09
1544802086.14
1544802086.19
1544802086.22
1544802086.27
1544802086.3
1544802086.36
1544802086.4
1544802086.43
1544802086.49
1544802086.56
1544802086.61
1544802086.64
1544802086.69
1544802086.75
1544802086.79
1544802086.83
1544802086.87
1544802086.93
1544802086.98
1544802087.01
1544802087.06
1544802087.1
1544802087.17
1544802087.21
1544802087.25
1544802087.3
1544802087.37
1544802087.42
1544802087.46
1544802087.5
1544802087.55
1544802087.58
1544802087.63
1544802087.68
1544802087.74
1544802087.79
1544802087.83
1544802087.87
1544802087.92
1544802087.97
1544802088.02
1544802088.06
1544802088.1
1544802088.14
1544802088.18
1544802088.21
1544802088.26
1544802088.3
1544802088.34
1544802088.4
1544802088.47
1544802088.54
1544802088.61
1544802088.68
1544802088.77
1544802088.83
1544802088.91
1544802088.99
1544802089.05
1544802089.12
1544802089.2
1544802089.28
1544802089.34
1544802089.41
1544802089.5
1544802089.56
1544802089.62
1544802089.67
1544802089.71
1544802089.8
1544802089.86
1544802089.94
1544802090.07
1544802090.16
1544802090.24
1544802090.36
1544802090.44
1544802090.53
1544802090.6
1544802090.64
1544802090.7
1544802090.76
1544802090.83
1544802090.91
1544802091.01
1544802091.09
1544802091.13
1544802091.17
1544802091.22
1544802091.27
1544802091.31
1544802091.34
1544802091.4
1544802091.46
1544802091.49
1544802091.54
1544802091.62
1544802091.68
1544802091.71
1544802091.75
1544802091.84
1544802091.88
1544802091.91
1544802091.95
1544802092.03
1544802092.08
1544802092.11
1544802092.16
1544802092.2
1544802092.24
1544802092.29
1544802092.33
1544802092.38
1544802092.42
1544802092.49
1544802092.52
1544802092.58
1544802092.64
1544802092.7
1544802092.74
1544802092.81
1544802092.88
1544802092.91
1544802092.96
1544802093.04
1544802093.09
1544802093.13
1544802093.2
1544802093.26
1544802093.31
1544802093.34
1544802093.38
1544802093.41
1544802093.46
1544802093.51
1544802093.55
1544802093.59
1544802093.68
1544802093.71
1544802093.74
1544802093.8
1544802093.84
1544802093.88
1544802093.92
1544802093.98
1544802094.04
1544802094.09
1544802094.13
1544802094.19
1544802094.25
1544802094.3
1544802094.33
1544802094.37
1544802094.41
1544802094.47
1544802094.5
1544802094.54
1544802094.6
1544802094.64
1544802094.69
1544802094.72
1544802094.79
1544802094.84
1544802094.88
1544802094.93
1544802094.98
1544802095.03
1544802095.08
1544802095.11
1544802095.17
1544802095.25
1544802095.3
1544802095.34
1544802095.4
1544802095.46
1544802095.49
1544802095.53
1544802095.61
1544802095.7
1544802095.78
1544802095.85
1544802095.92
1544802095.99
1544802096.06
1544802096.14
1544802096.22
1544802096.28
1544802096.32
1544802096.37
1544802096.42
1544802096.53
1544802096.65
1544802096.77
1544802096.86
1544802096.96
1544802097.05
1544802097.13
1544802097.19
1544802097.25
1544802097.3
1544802097.37
1544802097.43
1544802097.48
1544802097.52
1544802097.57
1544802097.61
1544802097.68
1544802097.73
1544802097.81
1544802097.88
1544802097.93
1544802097.99
1544802098.06
1544802098.11
1544802098.17
1544802098.21
1544802098.25
1544802098.31
1544802098.38
1544802098.45
1544802098.52
1544802098.59
1544802098.66
1544802098.73
1544802098.78
1544802098.82
1544802098.89
1544802098.93
1544802098.97
1544802099.02
1544802099.07
1544802099.11
1544802099.14
1544802099.19
1544802099.25
1544802099.29
1544802099.33
1544802099.36
1544802099.41
1544802099.47
1544802099.5
1544802099.54
1544802099.58
1544802099.64
1544802099.68
1544802099.72
1544802099.76
1544802099.8
1544802099.86
1544802099.91
1544802099.95
1544802099.99
1544802100.03
1544802100.08
1544802100.11
1544802100.17
1544802100.22
1544802100.27
1544802100.31
1544802100.36
1544802100.41
1544802100.47
1544802100.51
1544802100.56
1544802100.64
1544802100.69
1544802100.74
1544802100.79
1544802100.87
1544802100.91
1544802100.94
1544802101.0
1544802101.07
1544802101.11
1544802101.15
1544802101.21
1544802101.26
1544802101.3
1544802101.33
1544802101.39
1544802101.44
1544802101.49
1544802101.52
1544802101.56
1544802101.62
1544802101.67
1544802101.72
1544802101.78
1544802101.83
1544802101.91
1544802101.96
1544802102.04
1544802102.1
1544802102.14
1544802102.2
1544802102.25
1544802102.29
1544802102.33
1544802102.41
1544802102.47
1544802102.52
1544802102.56
1544802102.65
1544802102.69
1544802102.74
1544802102.81
1544802102.87
1544802102.91
1544802102.96
1544802103.01
1544802103.06
1544802103.1
1544802103.14
1544802103.21
1544802103.27
1544802103.3
1544802103.35
1544802103.45
1544802103.49
1544802103.53
1544802103.61
1544802103.68
1544802103.72
1544802103.77
1544802103.88
1544802103.92
1544802103.99
1544802104.07
1544802104.11
1544802104.16
1544802104.21
1544802104.26
1544802104.3
1544802104.34
1544802104.39
1544802104.43
1544802104.48
1544802104.52
1544802104.57
1544802104.62
1544802104.67
1544802104.71
1544802104.76
1544802104.82
1544802104.89
1544802104.93
1544802104.97
1544802105.04
1544802105.1
1544802105.14
1544802105.18
1544802105.24
1544802105.29
1544802105.33
1544802105.37
1544802105.41
1544802105.45
1544802105.49
1544802105.54
1544802105.62
1544802105.67
1544802105.72
1544802105.77
1544802105.82
1544802105.87
1544802105.91
1544802105.97
1544802106.01
1544802106.07
1544802106.11
1544802106.15
1544802106.21
1544802106.26
1544802106.3
1544802106.34
1544802106.39
1544802106.46
1544802106.51
1544802106.56
1544802106.59
1544802106.66
1544802106.69
1544802106.73
1544802106.78
1544802106.82
1544802106.9
1544802106.98
1544802107.06
1544802107.16
1544802107.24
1544802107.3
1544802107.38
1544802107.44
1544802107.51
1544802107.57
1544802107.61
1544802107.68
1544802107.75
1544802107.82
1544802107.9
1544802107.98
1544802108.05
1544802108.12
1544802108.2
1544802108.28
1544802108.36
1544802108.45
1544802108.52
1544802108.6
1544802108.66
1544802108.71
1544802108.77
1544802108.82
1544802108.88
1544802108.95
1544802109.01
1544802109.08
1544802109.12
1544802109.19
1544802109.26
1544802109.32
1544802109.38
1544802109.46
1544802109.52
1544802109.61
1544802109.69
1544802109.77
1544802109.83
1544802109.91
1544802110.0
1544802110.08
1544802110.15
1544802110.23
1544802110.31
1544802110.4
1544802110.49
1544802110.56
1544802110.65
1544802110.72
1544802110.77
1544802110.82
1544802110.86
1544802110.91
1544802110.98
1544802111.03
1544802111.11
1544802111.19
1544802111.26
1544802111.34
1544802111.41
1544802111.46
1544802111.52
1544802111.58
1544802111.63
1544802111.68
1544802111.71
1544802111.76
1544802111.8
1544802111.85
1544802111.89
1544802111.93
1544802111.98
1544802112.06
1544802112.09
1544802112.13
1544802112.18
1544802112.27
1544802112.31
1544802112.35
1544802112.4
1544802112.46
1544802112.5
1544802112.55
1544802112.63
1544802112.67
1544802112.71
1544802112.75
1544802112.81
1544802112.88
1544802112.92
1544802112.96
1544802112.99
1544802113.03
1544802113.1
1544802113.13
1544802113.2
1544802113.24
1544802113.29
1544802113.34
1544802113.41
1544802113.46
1544802113.5
1544802113.54
1544802113.59
1544802113.65
1544802113.69
1544802113.73
1544802113.79
1544802113.86
1544802113.9
1544802113.94
1544802113.98
1544802114.05
1544802114.09
1544802114.13
1544802114.2
1544802114.26
1544802114.3
1544802114.34
1544802114.38
1544802114.43
1544802114.49
1544802114.52
1544802114.58
1544802114.62
1544802114.67
1544802114.71
1544802114.74
1544802114.8
1544802114.86
1544802114.9
1544802114.93
1544802114.97
1544802115.01
1544802115.06
1544802115.1
1544802115.14
1544802115.18
1544802115.24
1544802115.28
1544802115.32
1544802115.38
1544802115.46
1544802115.5
1544802115.54
1544802115.61
1544802115.66
1544802115.71
1544802115.75
1544802115.8
1544802115.84
1544802115.88
1544802115.92
1544802115.98
1544802116.03
1544802116.09
1544802116.13
1544802116.19
1544802116.25
1544802116.29
1544802116.33
1544802116.4
1544802116.46
1544802116.5
1544802116.53
1544802116.62
1544802116.68
1544802116.72
1544802116.78
1544802116.85
1544802116.89
1544802116.95
1544802117.03
1544802117.09
1544802117.12
1544802117.18
1544802117.24
1544802117.29
1544802117.32
1544802117.38
1544802117.45
1544802117.5
1544802117.56
1544802117.64
1544802117.69
1544802117.72
1544802117.81
1544802117.9
1544802117.94
1544802118.02
1544802118.07
1544802118.11
1544802118.16
1544802118.21
1544802118.26
1544802118.3
1544802118.33
1544802118.41
1544802118.47
1544802118.51
1544802118.54
1544802118.6
1544802118.66
1544802118.7
1544802118.75
1544802118.8
1544802118.86
1544802118.89
1544802118.97
1544802119.02
1544802119.11
1544802119.16
1544802119.24
1544802119.3
1544802119.36
1544802119.43
1544802119.47
1544802119.5
1544802119.55
1544802119.6
1544802119.65
1544802119.7
1544802119.75
1544802119.81
1544802119.87
1544802119.92
1544802119.97
1544802120.03
1544802120.08
1544802120.12
1544802120.19
1544802120.23
1544802120.27
1544802120.31
1544802120.36
1544802120.4
1544802120.46
1544802120.5
1544802120.54
1544802120.6
1544802120.67
1544802120.71
1544802120.76
1544802120.79
1544802120.85
1544802120.9
1544802120.94
1544802120.99
1544802121.05
1544802121.09
1544802121.13
1544802121.18
1544802121.22
1544802121.26
1544802121.3
1544802121.33
1544802121.39
1544802121.43
1544802121.47
1544802121.51
1544802121.56
1544802121.64
1544802121.68
1544802121.72
1544802121.76
1544802121.83
1544802121.89
1544802121.93
1544802121.97
1544802122.02
1544802122.06
1544802122.1
1544802122.14
1544802122.2
1544802122.29
1544802122.32
1544802122.38
1544802122.42
1544802122.46
1544802122.5
1544802122.54
1544802122.6
1544802122.65
1544802122.7
1544802122.73
1544802122.8
1544802122.86
1544802122.91
1544802122.96
1544802122.99
1544802123.06
1544802123.1
1544802123.13
1544802123.16
1544802123.23
1544802123.27
1544802123.3
1544802123.34
1544802123.41
1544802123.46
1544802123.51
1544802123.55
1544802123.62
1544802123.69
1544802123.73
1544802123.81
1544802123.86
1544802123.91
1544802123.95
1544802123.99
1544802124.03
1544802124.07
1544802124.11
1544802124.14
1544802124.19
1544802124.22
1544802124.28
1544802124.33
1544802124.37
1544802124.42
1544802124.46
1544802124.51
1544802124.58
1544802124.66
1544802124.7
1544802124.74
1544802124.83
1544802124.89
1544802124.92
1544802124.97
1544802125.01
1544802125.06
1544802125.1
1544802125.13
1544802125.19
1544802125.22
1544802125.29
1544802125.33
1544802125.37
1544802125.41
1544802125.46
1544802125.5
1544802125.53
1544802125.58
1544802125.66
1544802125.69
1544802125.72
1544802125.76
1544802125.82
1544802125.87
1544802125.92
1544802125.99
1544802126.06
1544802126.1
1544802126.16
1544802126.24
1544802126.29
1544802126.32
1544802126.37
1544802126.41
1544802126.46
1544802126.51
1544802126.59
1544802126.67
1544802126.73
1544802126.8
1544802126.87
1544802126.94
1544802127.03
1544802127.1
1544802127.16
1544802127.2
1544802127.25
1544802127.3
1544802127.36
1544802127.43
1544802127.5
1544802127.55
1544802127.61
1544802127.69
1544802127.74
1544802127.79
1544802127.85
1544802127.93
1544802127.97
1544802128.0
1544802128.05
1544802128.11
1544802128.17
1544802128.21
1544802128.27
1544802128.32
1544802128.39
1544802128.44
1544802128.53
1544802128.62
1544802128.71
1544802128.76
1544802128.81
1544802128.86
1544802128.91
1544802128.98
1544802129.06
1544802129.11
1544802129.16
1544802129.2
1544802129.25
1544802129.29
1544802129.32
1544802129.36
1544802129.4
1544802129.46
1544802129.5
1544802129.53
1544802129.58
1544802129.64
1544802129.68
1544802129.71
1544802129.75
1544802129.81
1544802129.86
1544802129.89
1544802129.93
1544802129.97
1544802130.02
1544802130.07
1544802130.12
1544802130.16
1544802130.24
1544802130.29
1544802130.32
1544802130.38
1544802130.44
1544802130.48
1544802130.53
1544802130.6
1544802130.69
1544802130.73
1544802130.81
1544802130.87
1544802130.91
1544802130.95
1544802130.99
1544802131.04
1544802131.09
1544802131.13
1544802131.17
1544802131.24
1544802131.29
1544802131.33
1544802131.38
1544802131.45
1544802131.49
1544802131.53
1544802131.6
1544802131.68
1544802131.73
1544802131.79
1544802131.86
1544802131.9
1544802131.93
1544802131.99
1544802132.04
1544802132.08
1544802132.13
1544802132.19
1544802132.26
1544802132.3
1544802132.33
1544802132.37
1544802132.43
1544802132.48
1544802132.52
1544802132.58
1544802132.65
1544802132.7
1544802132.73
1544802132.78
1544802132.83
1544802132.87
1544802132.93
1544802132.98
1544802133.04
1544802133.1
1544802133.14
1544802133.19
1544802133.26
1544802133.32
1544802133.4
1544802133.46
1544802133.52
1544802133.59
1544802133.64
1544802133.71
1544802133.77
1544802133.83
1544802133.9
1544802133.95
1544802134.01
1544802134.06
1544802134.16
1544802134.23
1544802134.31
1544802134.4
1544802134.49
1544802134.57
1544802134.66
1544802134.74
1544802134.82
1544802134.9
1544802134.98
1544802135.06
1544802135.13
1544802135.21
1544802135.3
1544802135.4
1544802135.47
1544802135.51
1544802135.56
1544802135.67
1544802135.75
1544802135.82
1544802135.88
1544802135.95
1544802136.01
1544802136.08
1544802136.12
1544802136.17
1544802136.23
1544802136.28
1544802136.33
1544802136.4
1544802136.46
1544802136.5
1544802136.54
1544802136.6
1544802136.68
1544802136.72
1544802136.76
1544802136.81
1544802136.87
1544802136.91
1544802136.94
1544802137.02
1544802137.07
1544802137.12
1544802137.17
1544802137.24
1544802137.28
1544802137.32
1544802137.38
1544802137.44
1544802137.49
1544802137.53
1544802137.59
1544802137.64
1544802137.69
1544802137.72
1544802137.79
1544802137.84
1544802137.88
1544802137.91
1544802137.98
1544802138.02
1544802138.07
1544802138.11
1544802138.16
1544802138.2
1544802138.24
1544802138.29
1544802138.33
1544802138.37
1544802138.42
1544802138.48
1544802138.52
1544802138.59
1544802138.65
1544802138.69
1544802138.73
1544802138.77
1544802138.82
1544802138.86
1544802138.9
1544802138.94
1544802138.99
1544802139.07
1544802139.11
1544802139.17
1544802139.26
1544802139.29
1544802139.33
1544802139.4
1544802139.44
1544802139.49
1544802139.53
1544802139.59
1544802139.65
1544802139.69
1544802139.74
1544802139.77
1544802139.81
1544802139.84
1544802139.88
1544802139.92
1544802139.97
1544802140.02
1544802140.07
1544802140.11
1544802140.14
1544802140.22
1544802140.29
1544802140.36
1544802140.42
1544802140.47
1544802140.52
1544802140.59
1544802140.68
1544802140.72
1544802140.8
1544802140.85
1544802140.9
1544802140.93
1544802140.99
1544802141.04
1544802141.09
1544802141.11
1544802141.17
1544802141.21
1544802141.26
1544802141.3
1544802141.33
1544802141.38
1544802141.44
1544802141.48
1544802141.51
1544802141.57
1544802141.67
1544802141.7
1544802141.74
1544802141.8
1544802141.85
1544802141.9
1544802141.95
1544802142.02
1544802142.07
1544802142.11
1544802142.15
1544802142.18
1544802142.22
1544802142.26
1544802142.3
1544802142.35
1544802142.41
1544802142.46
1544802142.51
1544802142.54
1544802142.63
1544802142.68
1544802142.73
1544802142.79
1544802142.83
1544802142.87
1544802142.91
1544802142.96
1544802143.0
1544802143.08
1544802143.12
1544802143.17
1544802143.22
1544802143.28
1544802143.32
1544802143.37
1544802143.42
1544802143.47
1544802143.51
1544802143.56
1544802143.59
1544802143.63
1544802143.68
1544802143.71
1544802143.77
1544802143.84
1544802143.89
1544802143.94
1544802143.99
1544802144.04
1544802144.13
1544802144.19
1544802144.25
1544802144.31
1544802144.39
1544802144.43
1544802144.5
1544802144.57
1544802144.62
1544802144.66
1544802144.71
1544802144.75
1544802144.81
1544802144.86
1544802144.92
1544802144.99
1544802145.07
1544802145.13
1544802145.2
1544802145.26
1544802145.31
1544802145.39
1544802145.45
1544802145.51
1544802145.57
1544802145.63
1544802145.69
1544802145.74
1544802145.79
1544802145.84
1544802145.91
1544802145.97
1544802146.02
1544802146.09
1544802146.15
1544802146.19
1544802146.24
1544802146.29
1544802146.32
1544802146.36
1544802146.41
1544802146.47
1544802146.51
1544802146.55
1544802146.61
1544802146.65
1544802146.69
1544802146.72
1544802146.77
1544802146.82
1544802146.87
1544802146.92
1544802146.96
1544802147.02
1544802147.06
1544802147.11
1544802147.16
1544802147.21
1544802147.26
1544802147.3
1544802147.34
1544802147.43
1544802147.47
1544802147.51
1544802147.54
1544802147.58
1544802147.62
1544802147.68
1544802147.71
1544802147.76
1544802147.81
1544802147.88
1544802147.92
1544802147.98
1544802148.06
1544802148.1
1544802148.14
1544802148.21
1544802148.26
1544802148.3
1544802148.33
1544802148.39
1544802148.45
1544802148.5
1544802148.55
1544802148.62
1544802148.69
1544802148.73
1544802148.79
1544802148.86
1544802148.9
1544802148.96
1544802149.0
1544802149.07
1544802149.11
1544802149.16
1544802149.25
1544802149.29
1544802149.32
1544802149.38
1544802149.42
1544802149.47
1544802149.52
1544802149.58
1544802149.62
1544802149.67
1544802149.7
1544802149.75
1544802149.81
1544802149.86
1544802149.89
1544802149.93
1544802149.98
1544802150.04
1544802150.1
1544802150.14
1544802150.21
1544802150.27
1544802150.31
1544802150.35
1544802150.41
1544802150.49
1544802150.54
1544802150.61
1544802150.68
1544802150.72
1544802150.77
1544802150.84
1544802150.9
1544802150.99
1544802151.08
1544802151.17
1544802151.26
1544802151.36
1544802151.46
1544802151.56
1544802151.63
1544802151.72
1544802151.78
1544802151.84
1544802151.9
1544802151.96
1544802152.03
1544802152.1
1544802152.17
1544802152.26
1544802152.32
1544802152.39
1544802152.43
1544802152.49
1544802152.53
1544802152.59
1544802152.65
1544802152.7
1544802152.75
1544802152.83
1544802152.91
1544802152.98
1544802153.04
1544802153.09
1544802153.12
1544802153.2
1544802153.24
1544802153.29
1544802153.33
1544802153.39
1544802153.44
1544802153.49
1544802153.53
1544802153.57
1544802153.63
1544802153.68
1544802153.72
1544802153.76
1544802153.81
1544802153.87
1544802153.91
1544802153.96
1544802154.02
1544802154.06
1544802154.1
1544802154.14
1544802154.2
1544802154.26
1544802154.3
1544802154.37
1544802154.42
1544802154.47
1544802154.51
1544802154.57
1544802154.65
1544802154.68
1544802154.72
1544802154.78
1544802154.85
1544802154.89
1544802154.93
1544802154.99
1544802155.07
1544802155.11
1544802155.17
1544802155.22
1544802155.27
1544802155.3
1544802155.34
1544802155.39
1544802155.48
1544802155.52
1544802155.56
1544802155.64
1544802155.69
1544802155.72
1544802155.78
1544802155.85
1544802155.9
1544802155.94
1544802156.0
1544802156.05
1544802156.11
1544802156.16
1544802156.21
1544802156.26
1544802156.31
1544802156.36
1544802156.4
1544802156.47
1544802156.5
1544802156.54
1544802156.59
1544802156.63
1544802156.67
1544802156.72
1544802156.78
1544802156.83
1544802156.88
1544802156.92
1544802156.98
1544802157.03
1544802157.07
1544802157.1
1544802157.15
1544802157.22
1544802157.26
1544802157.3
1544802157.34
1544802157.42
1544802157.48
1544802157.51
1544802157.56
1544802157.64
1544802157.69
1544802157.73
1544802157.79
1544802157.86
1544802157.89
1544802157.93
1544802157.97
1544802158.04
1544802158.09
1544802158.13
1544802158.2
1544802158.27
1544802158.3
1544802158.34
1544802158.41
1544802158.47
1544802158.51
1544802158.54
1544802158.61
1544802158.66
1544802158.71
1544802158.78
1544802158.86
1544802158.89
1544802158.92
1544802158.97
1544802159.05
1544802159.09
1544802159.13
1544802159.19
1544802159.25
1544802159.3
1544802159.34
1544802159.4
1544802159.45
1544802159.5
1544802159.54
1544802159.6
1544802159.68
1544802159.72
1544802159.78
1544802159.84
1544802159.89
1544802159.92
1544802159.97
1544802160.07
1544802160.11
1544802160.15
1544802160.19
1544802160.24
1544802160.29
1544802160.32
1544802160.4
1544802160.47
1544802160.51
1544802160.57
1544802160.62
1544802160.66
1544802160.71
1544802160.77
1544802160.82
1544802160.86
1544802160.9
1544802160.95
1544802161.01
1544802161.05
1544802161.1
1544802161.13
1544802161.21
1544802161.27
1544802161.31
1544802161.39
1544802161.46
1544802161.5
1544802161.53
1544802161.59
1544802161.66
1544802161.7
1544802161.75
1544802161.8
1544802161.85
1544802161.89
1544802161.93
1544802161.98
1544802162.03
1544802162.08
1544802162.12
1544802162.18
1544802162.23
1544802162.28
1544802162.32
1544802162.38
1544802162.45
1544802162.5
1544802162.54
1544802162.59
1544802162.66
1544802162.71
1544802162.74
1544802162.79
1544802162.83
1544802162.87
1544802162.91
1544802162.97
1544802163.01
1544802163.06
1544802163.11
1544802163.15
1544802163.23
1544802163.28
1544802163.32
1544802163.36
1544802163.44
1544802163.49
1544802163.53
1544802163.6
1544802163.65
1544802163.69
1544802163.72
1544802163.77
1544802163.85
1544802163.89
1544802163.93
1544802163.99
1544802164.07
1544802164.12
1544802164.17
1544802164.25
1544802164.29
1544802164.33
1544802164.4
1544802164.46
1544802164.51
1544802164.56
1544802164.62
1544802164.67
1544802164.71
1544802164.76
1544802164.82
1544802164.87
1544802164.91
1544802164.95
1544802164.99
1544802165.04
1544802165.08
1544802165.12
1544802165.16
1544802165.22
1544802165.27
1544802165.31
1544802165.34
1544802165.4
1544802165.49
1544802165.55
1544802165.6
1544802165.66
1544802165.73
1544802165.79
1544802165.84
1544802165.9
1544802165.96
1544802166.01
1544802166.08
1544802166.19
1544802166.27
1544802166.34
1544802166.42
1544802166.51
1544802166.59
1544802166.66
1544802166.74
1544802166.82
1544802166.92
1544802167.0
1544802167.07
1544802167.15
1544802167.22
1544802167.28
1544802167.32
1544802167.39
1544802167.47
1544802167.53
1544802167.61
1544802167.66
1544802167.72
1544802167.79
1544802167.89
1544802167.97
1544802168.04
1544802168.12
1544802168.2
1544802168.27
1544802168.36
1544802168.39
1544802168.47
1544802168.52
1544802168.59
1544802168.63
1544802168.7
1544802168.76
1544802168.82
1544802168.87
1544802168.93
1544802169.0
1544802169.07
1544802169.12
1544802169.19
1544802169.26
1544802169.32
1544802169.37
1544802169.43
1544802169.47
1544802169.51
1544802169.56
1544802169.61
1544802169.68
1544802169.74
1544802169.81
1544802169.87
1544802169.92
1544802169.99
1544802170.05
1544802170.09
1544802170.12
1544802170.16
1544802170.2
1544802170.25
1544802170.3
1544802170.36
1544802170.39
1544802170.43
1544802170.5
1544802170.55
1544802170.6
1544802170.64
1544802170.71
1544802170.76
1544802170.8
1544802170.86
1544802170.94
1544802171.0
1544802171.04
1544802171.11
1544802171.16
1544802171.2
1544802171.23
1544802171.28
1544802171.33
1544802171.38
1544802171.42
1544802171.46
1544802171.53
1544802171.58
1544802171.62
1544802171.66
1544802171.7
1544802171.75
1544802171.79
1544802171.83
1544802171.88
1544802171.95
1544802171.99
1544802172.03
1544802172.09
1544802172.13
1544802172.17
1544802172.21
1544802172.24
1544802172.34
1544802172.4
1544802172.44
1544802172.5
1544802172.56
1544802172.62
1544802172.68
1544802172.77
1544802172.8
1544802172.84
1544802172.89
1544802172.94
1544802172.99
1544802173.02
1544802173.07
1544802173.12
1544802173.16
1544802173.2
1544802173.24
1544802173.28
1544802173.33
1544802173.36
1544802173.4
1544802173.45
1544802173.53
1544802173.58
1544802173.62
1544802173.66
1544802173.69
1544802173.73
1544802173.79
1544802173.84
1544802173.92
1544802173.99
1544802174.04
1544802174.11
1544802174.16
1544802174.2
1544802174.24
1544802174.3
1544802174.36
1544802174.4
1544802174.45
1544802174.5
1544802174.56
1544802174.6
1544802174.67
1544802174.72
1544802174.77
1544802174.82
1544802174.9
1544802174.96
1544802175.01
1544802175.04
1544802175.08
1544802175.12
1544802175.16
1544802175.19
1544802175.23
1544802175.27
1544802175.32
1544802175.36
1544802175.4
1544802175.45
1544802175.52
1544802175.57
1544802175.61
1544802175.67
1544802175.71
1544802175.76
1544802175.8
1544802175.85
1544802175.89
1544802175.95
1544802176.0
1544802176.05
1544802176.15
1544802176.19
1544802176.23
1544802176.3
1544802176.36
1544802176.4
1544802176.44
1544802176.49
1544802176.55
1544802176.6
1544802176.66
1544802176.71
1544802176.78
1544802176.82
1544802176.88
1544802176.93
1544802176.98
1544802177.02
1544802177.08
1544802177.15
1544802177.2
1544802177.23
1544802177.29
1544802177.36
1544802177.4
1544802177.44
1544802177.49
1544802177.54
1544802177.59
1544802177.62
1544802177.66
1544802177.69
1544802177.75
1544802177.8
1544802177.84
1544802177.91
1544802177.97
1544802178.01
1544802178.08
1544802178.15
1544802178.19
1544802178.22
1544802178.28
1544802178.32
1544802178.38
1544802178.44
1544802178.5
1544802178.58
1544802178.68
1544802178.75
1544802178.81
1544802178.85
1544802178.93
1544802179.0
1544802179.08
1544802179.14
1544802179.21
1544802179.27
1544802179.34
1544802179.44
1544802179.53
1544802179.59
1544802179.67
1544802179.72
1544802179.76
1544802179.8
1544802179.84
1544802179.89
1544802179.93
1544802179.99
1544802180.04
1544802180.08
1544802180.11
1544802180.14
1544802180.19
1544802180.24
1544802180.29
1544802180.34
1544802180.39
1544802180.44
1544802180.49
1544802180.52
1544802180.57
1544802180.61
1544802180.65
1544802180.69
1544802180.73
1544802180.76
1544802180.8
1544802180.84
1544802180.88
1544802180.92
1544802180.96
1544802181.05
1544802181.09
1544802181.13
1544802181.18
1544802181.24
1544802181.3
1544802181.33
1544802181.38
1544802181.46
1544802181.51
1544802181.55
1544802181.59
1544802181.68
1544802181.72
1544802181.76
1544802181.81
1544802181.86
1544802181.91
1544802181.94
1544802181.99
1544802182.02
1544802182.07
1544802182.11
1544802182.16
1544802182.2
1544802182.24
1544802182.28
1544802182.33
1544802182.38
1544802182.46
1544802182.51
1544802182.55
1544802182.6
1544802182.65
1544802182.69
1544802182.73
1544802182.79
1544802182.86
1544802182.9
1544802182.93
1544802182.99
1544802183.05
1544802183.09
1544802183.13
1544802183.17
1544802183.23
1544802183.28
1544802183.32
1544802183.36
1544802183.42
1544802183.48
1544802183.52
1544802183.58
1544802183.61
1544802183.65
1544802183.69
1544802183.73
1544802183.78
1544802183.83
1544802183.88
1544802183.92
1544802183.95
1544802183.99
1544802184.06
1544802184.11
1544802184.16
1544802184.24
1544802184.29
1544802184.33
1544802184.37
1544802184.43
1544802184.47
1544802184.53
1544802184.59
1544802184.65
1544802184.69
1544802184.73
1544802184.77
1544802184.86
1544802184.9
1544802184.94
1544802185.0
1544802185.08
1544802185.13
1544802185.19
1544802185.26
1544802185.33
1544802185.38
1544802185.46
1544802185.51
1544802185.56
1544802185.6
1544802185.65
1544802185.69
1544802185.73
1544802185.77
1544802185.83
1544802185.88
1544802185.91
1544802185.97
1544802186.05
1544802186.09
1544802186.12
1544802186.16
1544802186.23
1544802186.28
1544802186.31
1544802186.36
1544802186.41
1544802186.47
1544802186.51
1544802186.56
1544802186.62
1544802186.68
1544802186.72
1544802186.77
1544802186.8
1544802186.84
1544802186.89
1544802186.96
1544802187.0
1544802187.08
1544802187.14
1544802187.19
1544802187.23
1544802187.29
1544802187.36
1544802187.42
1544802187.5
1544802187.56
1544802187.63
1544802187.72
1544802187.8
1544802187.91
1544802187.97
1544802188.05
1544802188.12
1544802188.21
1544802188.29
1544802188.35
1544802188.41
1544802188.5
1544802188.57
1544802188.64
1544802188.7
1544802188.76
1544802188.81
1544802188.86
1544802188.91
1544802188.97
1544802189.03
1544802189.09
1544802189.12
1544802189.18
1544802189.22
1544802189.27
1544802189.32
1544802189.38
1544802189.44
1544802189.49
1544802189.52
1544802189.58
1544802189.61
1544802189.66
1544802189.69
1544802189.73
1544802189.79
1544802189.86
1544802189.91
1544802189.94
1544802190.01
1544802190.07
1544802190.11
1544802190.16
1544802190.23
1544802190.29
1544802190.33
1544802190.39
1544802190.45
1544802190.5
1544802190.54
1544802190.59
1544802190.64
1544802190.69
1544802190.72
1544802190.8
1544802190.85
1544802190.89
1544802190.93
1544802190.99
1544802191.05
1544802191.08
1544802191.11
1544802191.15
1544802191.19
1544802191.22
1544802191.27
1544802191.31
1544802191.34
1544802191.38
1544802191.42
1544802191.49
1544802191.54
1544802191.59
1544802191.63
1544802191.68
1544802191.71
1544802191.79
1544802191.9
1544802191.94
1544802191.98
1544802192.03
1544802192.08
1544802192.12
1544802192.17
1544802192.24
1544802192.29
1544802192.34
1544802192.41
1544802192.47
1544802192.5
1544802192.54
1544802192.62
1544802192.69
1544802192.73
1544802192.8
1544802192.84
1544802192.91
1544802193.02
1544802193.16
1544802193.21
1544802193.29
1544802193.38
1544802193.45
1544802193.52
1544802193.58
1544802193.64
1544802193.72
1544802193.78
1544802193.84
1544802193.92
1544802194.0
1544802194.07
1544802194.13
1544802194.21
1544802194.29
1544802194.36
1544802194.43
1544802194.49
1544802194.54
1544802194.6
1544802194.66
1544802194.72
1544802194.81
1544802194.88
1544802194.96
1544802195.06
1544802195.15
1544802195.22
1544802195.31
1544802195.37
1544802195.44
1544802195.48
1544802195.52
1544802195.56
1544802195.61
1544802195.64
1544802195.68
1544802195.72
1544802195.76
1544802195.8
1544802195.83
1544802195.86
1544802195.91
1544802195.97
1544802196.02
1544802196.07
1544802196.16
1544802196.2
1544802196.26
1544802196.3
1544802196.37
1544802196.45
1544802196.5
1544802196.56
1544802196.6
1544802196.67
1544802196.74
1544802196.81
1544802196.87
1544802196.92
1544802196.99
1544802197.03
1544802197.09
1544802197.15
1544802197.2
1544802197.25
1544802197.3
1544802197.36
1544802197.42
1544802197.49
1544802197.55
1544802197.61
1544802197.68
1544802197.74
1544802197.81
1544802197.88
1544802197.96
1544802198.03
1544802198.11
1544802198.19
1544802198.26
1544802198.31
1544802198.38
1544802198.45
1544802198.51
1544802198.59
1544802198.66
1544802198.72
1544802198.79
1544802198.83
1544802198.88
1544802198.93
1544802198.98
1544802199.02
1544802199.09
1544802199.16
1544802199.22
1544802199.3
1544802199.35
1544802199.39
1544802199.46
1544802199.53
1544802199.6
1544802199.65
1544802199.7
1544802199.78
1544802199.84
1544802199.91
1544802199.99
1544802200.06
1544802200.14
1544802200.22
1544802200.29
1544802200.35
1544802200.43
1544802200.51
1544802200.58
1544802200.65
1544802200.72
1544802200.77
1544802200.83
1544802200.88
1544802200.95
1544802201.02
1544802201.08
1544802201.13
1544802201.17
1544802201.21
1544802201.29
1544802201.36
1544802201.42
1544802201.49
1544802201.56
1544802201.63
1544802201.71
1544802201.79
1544802201.87
1544802201.93
1544802202.01
1544802202.1
1544802202.18
1544802202.26
1544802202.32
1544802202.39
1544802202.44
1544802202.53
1544802202.6
1544802202.66
1544802202.71
1544802202.77
1544802202.82
1544802202.89
1544802202.94
1544802202.99
1544802203.04
1544802203.08
1544802203.12
1544802203.17
1544802203.21
1544802203.26
1544802203.31
1544802203.35
1544802203.45
1544802203.5
1544802203.53
1544802203.56
1544802203.6
1544802203.66
1544802203.71
1544802203.76
1544802203.84
1544802203.89
1544802203.93
1544802203.98
1544802204.03
1544802204.08
1544802204.12
1544802204.16
1544802204.24
1544802204.29
1544802204.32
1544802204.36
1544802204.41
1544802204.46
1544802204.5
1544802204.53
1544802204.59
1544802204.67
1544802204.72
1544802204.78
1544802204.85
1544802204.89
1544802204.93
1544802204.99
1544802205.04
1544802205.08
1544802205.12
1544802205.16
1544802205.21
1544802205.26
1544802205.3
1544802205.33
1544802205.4
1544802205.45
1544802205.49
1544802205.52
1544802205.57
1544802205.61
1544802205.65
1544802205.68
1544802205.71
1544802205.78
1544802205.86
1544802205.9
1544802205.97
1544802206.03
1544802206.08
1544802206.15
1544802206.21
1544802206.28
1544802206.34
1544802206.4
1544802206.47
1544802206.55
1544802206.62
1544802206.69
1544802206.76
1544802206.8
1544802206.87
1544802206.91
1544802206.96
1544802207.03
1544802207.11
1544802207.18
1544802207.27
1544802207.37
1544802207.42
1544802207.48
1544802207.52
