1544802501.79
1544802502.41
1544802502.54
1544802502.65
1544802502.73
1544802502.79
1544802502.88
1544802503.0
1544802503.1
1544802503.21
1544802503.28
1544802503.32
1544802503.37
1544802503.48
1544802503.57
1544802503.68
1544802503.77
1544802503.83
1544802503.93
1544802504.01
1544802504.1
1544802504.17
1544802504.22
1544802504.31
1544802504.39
1544802504.46
1544802504.53
1544802504.62
1544802504.71
1544802504.81
1544802504.88
1544802504.97
1544802505.02
1544802505.09
1544802505.16
1544802505.2
1544802505.25
1544802505.37
1544802505.48
1544802505.56
1544802505.65
1544802505.71
1544802505.79
1544802505.87
1544802505.95
1544802506.03
1544802506.1
1544802506.18
1544802506.26
1544802506.33
1544802506.41
1544802506.52
1544802506.62
1544802506.72
1544802506.81
1544802506.87
1544802506.93
1544802507.0
1544802507.06
1544802507.15
1544802507.21
1544802507.27
1544802507.32
1544802507.42
1544802507.52
1544802507.61
1544802507.68
1544802507.75
1544802507.85
1544802507.89
1544802507.93
1544802507.99
1544802508.08
1544802508.16
1544802508.22
1544802508.3
1544802508.4
1544802508.47
1544802508.53
1544802508.6
1544802508.68
1544802508.77
1544802508.86
1544802508.96
1544802509.06
1544802509.12
1544802509.18
1544802509.26
1544802509.31
1544802509.37
1544802509.42
1544802509.52
1544802509.6
1544802509.68
1544802509.73
1544802509.79
1544802509.83
1544802509.9
1544802509.99
1544802510.05
1544802510.1
1544802510.18
1544802510.26
1544802510.32
1544802510.36
1544802510.41
1544802510.46
1544802510.51
1544802510.56
1544802510.62
1544802510.69
1544802510.76
1544802510.81
1544802510.86
1544802510.92
1544802510.99
1544802511.03
1544802511.08
1544802511.13
1544802511.17
1544802511.21
1544802511.26
1544802511.36
1544802511.42
1544802511.49
1544802511.55
1544802511.59
1544802511.62
1544802511.67
1544802511.72
1544802511.78
1544802511.81
1544802511.87
1544802511.93
1544802511.97
1544802512.02
1544802512.1
1544802512.15
1544802512.19
1544802512.23
1544802512.29
1544802512.34
1544802512.39
1544802512.42
1544802512.48
1544802512.55
1544802512.59
1544802512.64
1544802512.71
1544802512.78
1544802512.81
1544802512.84
1544802512.92
1544802512.97
1544802513.0
1544802513.04
1544802513.1
1544802513.15
1544802513.19
1544802513.23
1544802513.32
1544802513.38
1544802513.42
1544802513.47
1544802513.53
1544802513.58
1544802513.62
1544802513.69
1544802513.75
1544802513.81
1544802513.85
1544802513.92
1544802513.99
1544802514.02
1544802514.08
1544802514.14
1544802514.19
1544802514.22
1544802514.27
1544802514.35
1544802514.39
1544802514.44
1544802514.49
1544802514.56
1544802514.61
1544802514.69
1544802514.77
1544802514.81
1544802514.87
1544802514.94
1544802514.99
1544802515.03
1544802515.08
1544802515.15
1544802515.18
1544802515.23
1544802515.3
1544802515.36
1544802515.41
1544802515.46
1544802515.53
1544802515.59
1544802515.63
1544802515.7
1544802515.76
1544802515.8
1544802515.83
1544802515.89
1544802515.96
1544802516.0
1544802516.03
1544802516.1
1544802516.17
1544802516.23
1544802516.3
1544802516.37
1544802516.43
1544802516.5
1544802516.58
1544802516.63
1544802516.71
1544802516.77
1544802516.8
1544802516.83
1544802516.88
1544802516.95
1544802516.99
1544802517.02
1544802517.08
1544802517.16
1544802517.2
1544802517.26
1544802517.32
1544802517.38
1544802517.41
1544802517.48
1544802517.57
1544802517.63
1544802517.73
1544802517.8
1544802517.88
1544802517.97
1544802518.01
1544802518.08
1544802518.16
1544802518.21
1544802518.26
1544802518.34
1544802518.39
1544802518.45
1544802518.5
1544802518.55
1544802518.61
1544802518.67
1544802518.72
1544802518.77
1544802518.81
1544802518.85
1544802518.9
1544802518.95
1544802519.0
1544802519.03
1544802519.08
1544802519.15
1544802519.2
1544802519.24
1544802519.28
1544802519.35
1544802519.4
1544802519.46
1544802519.53
1544802519.59
1544802519.63
1544802519.71
1544802519.76
1544802519.81
1544802519.88
1544802519.92
1544802519.99
1544802520.06
1544802520.1
1544802520.16
1544802520.21
1544802520.27
1544802520.32
1544802520.39
1544802520.46
1544802520.51
1544802520.56
1544802520.61
1544802520.68
1544802520.76
1544802520.85
1544802520.95
1544802521.02
1544802521.11
1544802521.18
1544802521.26
1544802521.33
1544802521.39
1544802521.47
1544802521.54
1544802521.59
1544802521.7
1544802521.82
1544802521.9
1544802522.0
1544802522.06
1544802522.1
1544802522.14
1544802522.22
1544802522.31
1544802522.38
1544802522.46
1544802522.52
1544802522.59
1544802522.63
1544802522.67
1544802522.75
1544802522.8
1544802522.83
1544802522.92
1544802522.98
1544802523.02
1544802523.08
1544802523.12
1544802523.17
1544802523.21
1544802523.25
1544802523.29
1544802523.33
1544802523.4
1544802523.43
1544802523.5
1544802523.57
1544802523.62
1544802523.67
1544802523.73
1544802523.78
1544802523.82
1544802523.87
1544802523.94
1544802523.99
1544802524.05
1544802524.11
1544802524.17
1544802524.21
1544802524.26
1544802524.31
1544802524.37
1544802524.41
1544802524.44
1544802524.51
1544802524.57
1544802524.61
1544802524.66
1544802524.71
1544802524.76
1544802524.81
1544802524.86
1544802524.92
1544802524.98
1544802525.02
1544802525.07
1544802525.13
1544802525.18
1544802525.22
1544802525.28
1544802525.33
1544802525.37
1544802525.41
1544802525.45
1544802525.49
1544802525.56
1544802525.59
1544802525.63
1544802525.68
1544802525.75
1544802525.79
1544802525.83
1544802525.88
1544802525.92
1544802525.97
1544802526.01
1544802526.04
1544802526.09
1544802526.12
1544802526.17
1544802526.21
1544802526.26
1544802526.32
1544802526.38
1544802526.41
1544802526.44
1544802526.51
1544802526.59
1544802526.67
1544802526.73
1544802526.78
1544802526.86
1544802526.94
1544802526.99
1544802527.04
1544802527.09
1544802527.14
1544802527.21
1544802527.29
1544802527.35
1544802527.41
1544802527.48
1544802527.55
1544802527.62
1544802527.66
1544802527.71
1544802527.79
1544802527.85
1544802527.93
1544802528.02
1544802528.11
1544802528.23
1544802528.31
1544802528.39
1544802528.46
1544802528.5
1544802528.58
1544802528.66
1544802528.71
1544802528.74
1544802528.82
1544802528.91
1544802528.96
1544802529.05
1544802529.11
1544802529.16
1544802529.23
1544802529.29
1544802529.33
1544802529.37
1544802529.41
1544802529.48
1544802529.52
1544802529.57
1544802529.66
1544802529.73
1544802529.81
1544802529.9
1544802529.94
1544802529.98
1544802530.05
1544802530.09
1544802530.16
1544802530.23
1544802530.29
1544802530.34
1544802530.44
1544802530.51
1544802530.56
1544802530.6
1544802530.62
1544802530.67
1544802530.71
1544802530.76
1544802530.8
1544802530.86
1544802530.91
1544802530.96
1544802531.03
1544802531.08
1544802531.12
1544802531.17
1544802531.2
1544802531.25
1544802531.29
1544802531.33
1544802531.37
1544802531.43
1544802531.49
1544802531.53
1544802531.57
1544802531.61
1544802531.66
1544802531.7
1544802531.74
1544802531.79
1544802531.84
1544802531.88
1544802531.93
1544802531.99
1544802532.05
1544802532.1
1544802532.14
1544802532.18
1544802532.28
1544802532.31
1544802532.36
1544802532.41
1544802532.47
1544802532.52
1544802532.58
1544802532.64
1544802532.69
1544802532.73
1544802532.77
1544802532.83
1544802532.88
1544802532.92
1544802532.98
1544802533.06
1544802533.11
1544802533.15
1544802533.21
1544802533.28
1544802533.33
1544802533.41
1544802533.49
1544802533.58
1544802533.65
1544802533.7
1544802533.75
1544802533.83
1544802533.93
1544802534.01
1544802534.08
1544802534.12
1544802534.18
1544802534.22
1544802534.27
1544802534.37
1544802534.44
1544802534.53
1544802534.6
1544802534.68
1544802534.76
1544802534.83
1544802534.88
1544802534.93
1544802534.99
1544802535.03
1544802535.09
1544802535.12
1544802535.19
1544802535.26
1544802535.32
1544802535.39
1544802535.46
1544802535.51
1544802535.58
1544802535.65
1544802535.73
1544802535.8
1544802535.88
1544802535.96
1544802536.02
1544802536.11
1544802536.19
1544802536.23
1544802536.29
1544802536.33
1544802536.4
1544802536.46
1544802536.52
1544802536.57
1544802536.63
1544802536.69
1544802536.75
1544802536.82
1544802536.87
1544802536.92
1544802536.97
1544802537.02
1544802537.08
1544802537.11
1544802537.16
1544802537.2
1544802537.26
1544802537.31
1544802537.36
1544802537.44
1544802537.49
1544802537.53
1544802537.61
1544802537.66
1544802537.71
1544802537.78
1544802537.87
1544802537.91
1544802537.96
1544802538.02
1544802538.08
1544802538.12
1544802538.17
1544802538.26
1544802538.3
1544802538.34
1544802538.39
1544802538.45
1544802538.49
1544802538.53
1544802538.61
1544802538.67
1544802538.71
1544802538.75
1544802538.79
1544802538.83
1544802538.88
1544802538.91
1544802538.97
1544802539.02
1544802539.07
1544802539.12
1544802539.18
1544802539.25
1544802539.3
1544802539.36
1544802539.43
1544802539.48
1544802539.51
1544802539.57
1544802539.64
1544802539.69
1544802539.72
1544802539.77
1544802539.85
1544802539.91
1544802539.95
1544802540.02
1544802540.08
1544802540.12
1544802540.17
1544802540.23
1544802540.28
1544802540.32
1544802540.4
1544802540.46
1544802540.5
1544802540.55
1544802540.62
1544802540.68
1544802540.72
1544802540.78
1544802540.85
1544802540.9
1544802540.95
1544802541.01
1544802541.07
1544802541.1
1544802541.14
1544802541.21
1544802541.27
1544802541.31
1544802541.35
1544802541.42
1544802541.47
1544802541.52
1544802541.56
1544802541.62
1544802541.68
1544802541.72
1544802541.77
1544802541.81
1544802541.85
1544802541.89
1544802541.93
1544802542.0
1544802542.07
1544802542.11
1544802542.15
1544802542.21
1544802542.26
1544802542.31
1544802542.37
1544802542.45
1544802542.49
1544802542.53
1544802542.59
1544802542.66
1544802542.71
1544802542.76
1544802542.81
1544802542.87
1544802542.91
1544802542.98
1544802543.06
1544802543.12
1544802543.18
1544802543.22
1544802543.27
1544802543.31
1544802543.36
1544802543.42
1544802543.47
1544802543.51
1544802543.58
1544802543.67
1544802543.71
1544802543.77
1544802543.83
1544802543.88
1544802543.91
1544802543.95
1544802544.02
1544802544.08
1544802544.12
1544802544.22
1544802544.33
1544802544.44
1544802544.54
1544802544.61
1544802544.66
1544802544.7
1544802544.75
1544802544.79
1544802544.84
1544802544.9
1544802544.98
1544802545.05
1544802545.12
1544802545.21
1544802545.28
1544802545.32
1544802545.38
1544802545.42
1544802545.49
1544802545.57
1544802545.64
1544802545.69
1544802545.74
1544802545.79
1544802545.86
1544802545.94
1544802546.0
1544802546.08
1544802546.16
1544802546.25
1544802546.31
1544802546.39
1544802546.43
1544802546.49
1544802546.56
1544802546.6
1544802546.65
1544802546.71
1544802546.77
1544802546.86
1544802546.92
1544802547.0
1544802547.09
1544802547.17
1544802547.25
1544802547.35
1544802547.41
1544802547.5
1544802547.6
1544802547.68
1544802547.72
1544802547.77
1544802547.84
1544802547.9
1544802547.94
1544802548.03
1544802548.09
1544802548.17
1544802548.23
1544802548.31
1544802548.39
1544802548.47
1544802548.56
1544802548.65
1544802548.72
1544802548.8
1544802548.87
1544802548.96
1544802549.02
1544802549.1
1544802549.19
1544802549.26
1544802549.31
1544802549.37
1544802549.47
1544802549.55
1544802549.62
1544802549.71
1544802549.8
1544802549.9
1544802549.98
1544802550.02
1544802550.09
1544802550.16
1544802550.27
1544802550.33
1544802550.41
1544802550.45
1544802550.5
1544802550.57
1544802550.6
1544802550.65
1544802550.71
1544802550.76
1544802550.8
1544802550.84
1544802550.91
1544802550.97
1544802551.01
1544802551.06
1544802551.12
1544802551.17
1544802551.21
1544802551.25
1544802551.32
1544802551.37
1544802551.42
1544802551.48
1544802551.55
1544802551.61
1544802551.65
1544802551.73
1544802551.78
1544802551.82
1544802551.86
1544802551.92
1544802551.97
1544802552.0
1544802552.05
1544802552.09
1544802552.17
1544802552.22
1544802552.29
1544802552.35
1544802552.39
1544802552.45
1544802552.51
1544802552.56
1544802552.6
1544802552.67
1544802552.73
1544802552.78
1544802552.82
1544802552.89
1544802552.97
1544802553.01
1544802553.07
1544802553.14
1544802553.18
1544802553.22
1544802553.27
1544802553.36
1544802553.4
1544802553.46
1544802553.52
1544802553.58
1544802553.62
1544802553.68
1544802553.74
1544802553.79
1544802553.82
1544802553.89
1544802553.97
1544802554.01
1544802554.09
1544802554.17
1544802554.23
1544802554.31
1544802554.37
1544802554.41
1544802554.47
1544802554.57
1544802554.61
1544802554.65
1544802554.71
1544802554.76
1544802554.8
1544802554.85
1544802554.89
1544802554.96
1544802554.99
1544802555.04
1544802555.09
1544802555.15
1544802555.18
1544802555.22
1544802555.26
1544802555.31
1544802555.38
1544802555.44
1544802555.51
1544802555.57
1544802555.62
1544802555.73
1544802555.78
1544802555.82
1544802555.87
1544802555.96
1544802556.0
1544802556.03
1544802556.09
1544802556.14
1544802556.19
1544802556.22
1544802556.29
1544802556.37
1544802556.41
1544802556.46
1544802556.51
1544802556.57
1544802556.64
1544802556.71
1544802556.77
1544802556.81
1544802556.87
1544802556.95
1544802557.01
1544802557.1
1544802557.19
1544802557.23
1544802557.32
1544802557.39
1544802557.45
1544802557.51
1544802557.57
1544802557.6
1544802557.66
1544802557.76
1544802557.8
1544802557.83
1544802557.89
1544802557.94
1544802558.0
1544802558.04
1544802558.09
1544802558.15
1544802558.2
1544802558.24
1544802558.3
1544802558.34
1544802558.39
1544802558.43
1544802558.48
1544802558.53
1544802558.57
1544802558.62
1544802558.67
1544802558.76
1544802558.82
1544802558.9
1544802558.97
1544802559.02
1544802559.09
1544802559.16
1544802559.21
1544802559.27
1544802559.33
1544802559.39
1544802559.42
1544802559.49
1544802559.56
1544802559.6
1544802559.63
1544802559.67
1544802559.71
1544802559.75
1544802559.79
1544802559.83
1544802559.87
1544802559.96
1544802560.0
1544802560.04
1544802560.13
1544802560.19
1544802560.22
1544802560.29
1544802560.35
1544802560.4
1544802560.43
1544802560.51
1544802560.56
1544802560.6
1544802560.65
1544802560.72
1544802560.77
1544802560.82
1544802560.86
1544802560.91
1544802560.98
1544802561.02
1544802561.07
1544802561.14
1544802561.18
1544802561.22
1544802561.29
1544802561.33
1544802561.38
1544802561.42
1544802561.47
1544802561.52
1544802561.56
1544802561.6
1544802561.63
1544802561.71
1544802561.77
1544802561.83
1544802561.89
1544802561.96
1544802562.0
1544802562.07
1544802562.13
1544802562.2
1544802562.27
1544802562.33
1544802562.38
1544802562.42
1544802562.48
1544802562.57
1544802562.65
1544802562.7
1544802562.74
1544802562.83
1544802562.93
1544802563.04
1544802563.15
1544802563.26
1544802563.36
1544802563.42
1544802563.46
1544802563.52
1544802563.58
1544802563.64
1544802563.72
1544802563.79
1544802563.85
1544802563.9
1544802563.98
1544802564.07
1544802564.11
1544802564.15
1544802564.18
1544802564.22
1544802564.27
1544802564.33
1544802564.4
1544802564.46
1544802564.51
1544802564.56
1544802564.64
1544802564.7
1544802564.75
1544802564.82
1544802564.87
1544802564.92
1544802564.98
1544802565.05
1544802565.08
1544802565.11
1544802565.16
1544802565.21
1544802565.26
1544802565.3
1544802565.37
1544802565.47
1544802565.51
1544802565.56
1544802565.61
1544802565.66
1544802565.7
1544802565.73
1544802565.79
1544802565.84
1544802565.88
1544802565.92
1544802565.97
1544802566.02
1544802566.08
1544802566.12
1544802566.18
1544802566.24
1544802566.28
1544802566.32
1544802566.38
1544802566.47
1544802566.51
1544802566.55
1544802566.6
1544802566.65
1544802566.69
1544802566.75
1544802566.81
1544802566.86
1544802566.91
1544802566.98
1544802567.06
1544802567.12
1544802567.16
1544802567.23
1544802567.27
1544802567.31
1544802567.34
1544802567.38
1544802567.45
1544802567.49
1544802567.53
1544802567.59
1544802567.64
1544802567.68
1544802567.73
1544802567.81
1544802567.87
1544802567.91
1544802567.94
1544802567.99
1544802568.07
1544802568.12
1544802568.16
1544802568.22
1544802568.28
1544802568.32
1544802568.36
1544802568.46
1544802568.49
1544802568.53
1544802568.59
1544802568.63
1544802568.68
1544802568.71
1544802568.75
1544802568.81
1544802568.86
1544802568.91
1544802568.96
1544802569.02
1544802569.06
1544802569.11
1544802569.15
1544802569.21
1544802569.27
1544802569.31
1544802569.35
1544802569.45
1544802569.49
1544802569.54
1544802569.59
1544802569.66
1544802569.7
1544802569.75
1544802569.79
1544802569.85
1544802569.9
1544802569.96
1544802570.03
1544802570.1
1544802570.18
1544802570.23
1544802570.3
1544802570.38
1544802570.49
1544802570.57
1544802570.64
1544802570.7
1544802570.77
1544802570.85
1544802570.92
1544802571.0
1544802571.1
1544802571.17
1544802571.24
1544802571.3
1544802571.38
1544802571.47
1544802571.54
1544802571.62
1544802571.7
1544802571.81
1544802571.91
1544802571.97
1544802572.05
1544802572.13
1544802572.21
1544802572.26
1544802572.34
1544802572.39
1544802572.42
1544802572.47
1544802572.52
1544802572.58
1544802572.62
1544802572.7
1544802572.77
1544802572.83
1544802572.88
1544802572.94
1544802572.99
1544802573.05
1544802573.11
1544802573.17
1544802573.2
1544802573.26
1544802573.31
1544802573.38
1544802573.43
1544802573.5
1544802573.57
1544802573.61
1544802573.68
1544802573.76
1544802573.8
1544802573.85
1544802573.91
1544802573.96
1544802574.01
1544802574.06
1544802574.12
1544802574.18
1544802574.22
1544802574.28
1544802574.37
1544802574.42
1544802574.48
1544802574.56
1544802574.61
1544802574.66
1544802574.71
1544802574.76
1544802574.81
1544802574.84
1544802574.9
1544802574.94
1544802574.99
1544802575.03
1544802575.06
1544802575.1
1544802575.15
1544802575.19
1544802575.25
1544802575.28
1544802575.33
1544802575.38
1544802575.42
1544802575.47
1544802575.55
1544802575.61
1544802575.67
1544802575.75
1544802575.83
1544802575.91
1544802575.98
1544802576.03
1544802576.07
1544802576.11
1544802576.14
1544802576.2
1544802576.25
1544802576.3
1544802576.32
1544802576.38
1544802576.43
1544802576.49
1544802576.55
1544802576.61
1544802576.68
1544802576.76
1544802576.82
1544802576.87
1544802576.94
1544802577.02
1544802577.11
1544802577.19
1544802577.3
1544802577.39
1544802577.46
1544802577.52
1544802577.59
1544802577.68
1544802577.78
1544802577.86
1544802577.95
1544802578.06
1544802578.12
1544802578.2
1544802578.28
1544802578.37
1544802578.46
1544802578.54
1544802578.61
1544802578.68
1544802578.73
1544802578.78
1544802578.85
1544802578.89
1544802578.94
1544802579.02
1544802579.07
1544802579.1
1544802579.15
1544802579.2
1544802579.27
1544802579.32
1544802579.38
1544802579.46
1544802579.5
1544802579.56
1544802579.62
1544802579.67
1544802579.71
1544802579.75
1544802579.79
1544802579.84
1544802579.88
1544802579.93
1544802579.98
1544802580.03
1544802580.1
1544802580.16
1544802580.2
1544802580.25
1544802580.29
1544802580.36
1544802580.42
1544802580.52
1544802580.6
1544802580.69
1544802580.73
1544802580.79
1544802580.88
1544802580.95
1544802581.02
1544802581.13
1544802581.22
1544802581.29
1544802581.33
1544802581.39
1544802581.43
1544802581.48
1544802581.51
1544802581.56
1544802581.6
1544802581.65
1544802581.69
1544802581.73
1544802581.78
1544802581.85
1544802581.9
1544802581.95
1544802581.99
1544802582.05
1544802582.09
1544802582.13
1544802582.18
1544802582.22
1544802582.28
1544802582.32
1544802582.37
1544802582.42
1544802582.47
1544802582.51
1544802582.57
1544802582.65
1544802582.69
1544802582.75
1544802582.86
1544802582.91
1544802582.99
1544802583.08
1544802583.13
1544802583.2
1544802583.27
1544802583.32
1544802583.38
1544802583.47
1544802583.51
1544802583.57
1544802583.62
1544802583.67
1544802583.7
1544802583.74
1544802583.82
1544802583.87
1544802583.92
1544802583.97
1544802584.03
1544802584.08
1544802584.12
1544802584.15
1544802584.2
1544802584.27
1544802584.3
1544802584.34
1544802584.4
1544802584.45
1544802584.51
1544802584.56
1544802584.64
1544802584.69
1544802584.73
1544802584.79
1544802584.84
1544802584.88
1544802584.92
1544802584.97
1544802585.02
1544802585.07
1544802585.13
1544802585.18
1544802585.25
1544802585.29
1544802585.33
1544802585.38
1544802585.42
1544802585.48
1544802585.51
1544802585.59
1544802585.69
1544802585.75
1544802585.8
1544802585.87
1544802585.9
1544802585.96
1544802586.02
1544802586.07
1544802586.11
1544802586.15
1544802586.2
1544802586.26
1544802586.31
1544802586.35
1544802586.39
1544802586.46
1544802586.51
1544802586.56
1544802586.6
1544802586.66
1544802586.7
1544802586.75
1544802586.79
1544802586.85
1544802586.9
1544802586.95
1544802587.02
1544802587.08
1544802587.12
1544802587.24
1544802587.29
1544802587.33
1544802587.37
1544802587.43
1544802587.48
1544802587.52
1544802587.57
1544802587.62
1544802587.67
1544802587.71
1544802587.76
1544802587.82
1544802587.87
1544802587.91
1544802587.96
1544802587.99
1544802588.03
1544802588.09
1544802588.13
1544802588.19
1544802588.26
1544802588.31
1544802588.35
1544802588.46
1544802588.51
1544802588.56
1544802588.62
1544802588.67
1544802588.71
1544802588.76
1544802588.82
1544802588.88
1544802588.92
1544802588.97
1544802589.05
1544802589.1
1544802589.13
1544802589.19
1544802589.26
1544802589.3
1544802589.36
1544802589.45
1544802589.51
1544802589.59
1544802589.67
1544802589.73
1544802589.79
1544802589.85
1544802589.89
1544802589.95
1544802590.02
1544802590.08
1544802590.12
1544802590.19
1544802590.27
1544802590.32
1544802590.39
1544802590.46
1544802590.5
1544802590.55
1544802590.61
1544802590.66
1544802590.71
1544802590.75
1544802590.86
1544802590.9
1544802590.97
1544802591.05
1544802591.1
1544802591.17
1544802591.23
1544802591.28
1544802591.33
1544802591.39
1544802591.44
1544802591.49
1544802591.52
1544802591.56
1544802591.64
1544802591.7
1544802591.74
1544802591.83
1544802591.9
1544802591.95
1544802592.02
1544802592.08
1544802592.12
1544802592.19
1544802592.24
1544802592.29
1544802592.33
1544802592.38
1544802592.43
1544802592.49
1544802592.53
1544802592.57
1544802592.67
1544802592.72
1544802592.81
1544802592.88
1544802592.91
1544802593.03
1544802593.09
1544802593.15
1544802593.21
1544802593.27
1544802593.3
1544802593.34
1544802593.38
1544802593.42
1544802593.48
1544802593.53
1544802593.57
1544802593.62
1544802593.66
1544802593.7
1544802593.74
1544802593.79
1544802593.86
1544802593.9
1544802593.93
1544802593.98
1544802594.03
1544802594.09
1544802594.13
1544802594.19
1544802594.28
1544802594.34
1544802594.4
1544802594.46
1544802594.52
1544802594.56
1544802594.6
1544802594.67
1544802594.71
1544802594.81
1544802594.86
1544802594.89
1544802594.97
1544802595.03
1544802595.08
1544802595.11
1544802595.16
1544802595.21
1544802595.26
1544802595.33
1544802595.42
1544802595.56
1544802595.63
1544802595.69
1544802595.77
1544802595.86
1544802595.95
1544802596.04
1544802596.12
1544802596.21
1544802596.3
1544802596.4
1544802596.45
1544802596.51
1544802596.59
1544802596.68
1544802596.77
1544802596.86
1544802596.95
1544802597.04
1544802597.11
1544802597.2
1544802597.28
1544802597.36
1544802597.43
1544802597.52
1544802597.59
1544802597.69
1544802597.76
1544802597.87
1544802597.91
1544802597.94
1544802598.02
1544802598.09
1544802598.13
1544802598.22
1544802598.27
1544802598.31
1544802598.34
1544802598.39
1544802598.46
1544802598.51
1544802598.57
1544802598.63
1544802598.7
1544802598.76
1544802598.81
1544802598.87
1544802598.92
1544802598.98
1544802599.03
1544802599.08
1544802599.13
1544802599.18
1544802599.23
1544802599.28
1544802599.32
1544802599.39
1544802599.45
1544802599.49
1544802599.54
1544802599.59
1544802599.63
1544802599.68
1544802599.73
1544802599.8
1544802599.86
1544802599.91
1544802599.96
1544802600.01
1544802600.06
1544802600.1
1544802600.14
1544802600.22
1544802600.26
1544802600.3
1544802600.33
1544802600.42
1544802600.48
1544802600.52
1544802600.57
1544802600.62
1544802600.67
1544802600.71
1544802600.76
1544802600.82
1544802600.86
1544802600.89
1544802600.93
1544802600.98
1544802601.04
1544802601.09
1544802601.14
1544802601.19
1544802601.25
1544802601.29
1544802601.32
1544802601.39
1544802601.46
1544802601.5
1544802601.54
1544802601.58
1544802601.64
1544802601.68
1544802601.72
1544802601.78
1544802601.84
1544802601.89
1544802601.93
1544802601.97
1544802602.05
1544802602.1
1544802602.15
1544802602.21
1544802602.28
1544802602.33
1544802602.39
1544802602.47
1544802602.52
1544802602.58
1544802602.65
1544802602.69
1544802602.72
1544802602.77
1544802602.86
1544802602.9
1544802602.95
1544802602.99
1544802603.04
1544802603.09
1544802603.12
1544802603.16
1544802603.23
1544802603.29
1544802603.32
1544802603.36
1544802603.45
1544802603.49
1544802603.53
1544802603.61
1544802603.68
1544802603.79
1544802603.87
1544802603.93
1544802603.99
1544802604.07
1544802604.15
1544802604.22
1544802604.3
1544802604.37
1544802604.46
1544802604.55
1544802604.59
1544802604.64
1544802604.73
1544802604.79
1544802604.83
1544802604.92
1544802605.0
1544802605.11
1544802605.19
1544802605.3
1544802605.4
1544802605.48
1544802605.58
1544802605.66
1544802605.7
1544802605.76
1544802605.82
1544802605.88
1544802605.93
1544802606.01
1544802606.07
1544802606.12
1544802606.21
1544802606.29
1544802606.37
1544802606.42
1544802606.51
1544802606.58
1544802606.63
1544802606.67
1544802606.71
1544802606.76
1544802606.84
1544802606.89
1544802606.94
1544802607.01
1544802607.07
1544802607.12
1544802607.26
1544802607.32
1544802607.42
1544802607.47
1544802607.51
1544802607.56
1544802607.61
1544802607.67
1544802607.74
1544802607.79
1544802607.82
1544802607.88
1544802607.96
1544802608.0
1544802608.04
1544802608.1
1544802608.14
1544802608.19
1544802608.23
1544802608.29
1544802608.34
1544802608.39
1544802608.43
1544802608.48
1544802608.56
1544802608.6
1544802608.64
1544802608.7
1544802608.76
1544802608.8
1544802608.85
1544802608.91
1544802608.97
1544802609.02
1544802609.06
1544802609.13
1544802609.19
1544802609.23
1544802609.28
1544802609.34
1544802609.39
1544802609.46
1544802609.57
1544802609.62
1544802609.67
1544802609.73
1544802609.78
1544802609.83
1544802609.88
1544802609.94
1544802609.99
1544802610.03
1544802610.07
1544802610.12
1544802610.18
1544802610.22
1544802610.29
1544802610.34
1544802610.38
1544802610.42
1544802610.48
1544802610.53
1544802610.6
1544802610.63
1544802610.69
1544802610.75
1544802610.78
1544802610.82
1544802610.87
1544802610.92
1544802610.97
1544802611.0
1544802611.05
1544802611.09
1544802611.16
1544802611.2
1544802611.25
1544802611.3
1544802611.37
1544802611.41
1544802611.46
1544802611.56
1544802611.6
1544802611.64
1544802611.71
1544802611.76
1544802611.8
1544802611.84
1544802611.95
1544802611.99
1544802612.03
1544802612.08
1544802612.16
1544802612.2
1544802612.25
1544802612.28
1544802612.32
1544802612.37
1544802612.41
1544802612.48
1544802612.56
1544802612.61
1544802612.69
1544802612.76
1544802612.81
1544802612.89
1544802612.98
1544802613.02
1544802613.07
1544802613.12
1544802613.16
1544802613.21
1544802613.24
1544802613.29
1544802613.35
1544802613.39
1544802613.43
1544802613.49
1544802613.55
1544802613.59
1544802613.63
1544802613.67
1544802613.7
1544802613.75
1544802613.79
1544802613.83
1544802613.87
1544802613.92
1544802613.97
1544802614.0
1544802614.05
1544802614.12
1544802614.19
1544802614.22
1544802614.26
1544802614.37
1544802614.4
1544802614.44
1544802614.48
1544802614.52
1544802614.58
1544802614.62
1544802614.66
1544802614.7
1544802614.76
1544802614.8
1544802614.84
1544802614.9
1544802614.96
1544802615.0
1544802615.04
1544802615.1
1544802615.16
1544802615.2
1544802615.23
1544802615.28
1544802615.32
1544802615.38
1544802615.42
1544802615.47
1544802615.55
1544802615.6
1544802615.64
1544802615.74
1544802615.78
1544802615.82
1544802615.88
1544802615.95
1544802615.99
1544802616.03
1544802616.07
1544802616.12
1544802616.17
1544802616.21
1544802616.26
1544802616.33
1544802616.38
1544802616.42
1544802616.48
1544802616.52
1544802616.58
1544802616.63
1544802616.68
1544802616.75
1544802616.79
1544802616.84
1544802616.93
1544802617.0
1544802617.05
1544802617.1
1544802617.18
1544802617.22
1544802617.27
1544802617.33
1544802617.38
1544802617.44
1544802617.5
1544802617.57
1544802617.62
1544802617.66
1544802617.71
1544802617.76
1544802617.8
1544802617.86
1544802617.91
1544802617.96
1544802618.01
1544802618.06
1544802618.09
1544802618.17
1544802618.21
1544802618.26
1544802618.33
1544802618.39
1544802618.42
1544802618.48
1544802618.57
1544802618.65
1544802618.75
1544802618.81
1544802618.85
1544802618.91
1544802618.99
1544802619.07
1544802619.17
1544802619.22
1544802619.28
1544802619.33
1544802619.4
1544802619.48
1544802619.55
1544802619.62
1544802619.69
1544802619.76
1544802619.83
1544802619.91
1544802620.0
1544802620.07
1544802620.15
1544802620.23
1544802620.29
1544802620.37
1544802620.42
1544802620.46
1544802620.52
1544802620.61
1544802620.68
1544802620.76
1544802620.83
1544802620.9
1544802620.98
1544802621.08
1544802621.16
1544802621.26
1544802621.33
1544802621.39
1544802621.42
1544802621.47
1544802621.55
1544802621.63
1544802621.71
1544802621.79
1544802621.86
1544802621.93
1544802622.02
1544802622.1
1544802622.16
1544802622.2
1544802622.26
1544802622.3
1544802622.37
1544802622.42
1544802622.51
1544802622.62
1544802622.71
1544802622.85
1544802622.9
1544802622.95
1544802622.99
1544802623.05
1544802623.13
1544802623.21
1544802623.31
1544802623.41
1544802623.47
1544802623.52
1544802623.57
1544802623.61
1544802623.64
1544802623.69
1544802623.74
1544802623.79
1544802623.84
1544802623.88
1544802623.96
1544802624.01
1544802624.05
1544802624.09
1544802624.12
1544802624.18
1544802624.21
1544802624.26
1544802624.31
1544802624.35
1544802624.39
1544802624.43
1544802624.48
1544802624.55
1544802624.59
1544802624.63
1544802624.69
1544802624.76
1544802624.8
1544802624.85
1544802624.94
1544802624.98
1544802625.02
1544802625.06
1544802625.12
1544802625.18
1544802625.22
1544802625.27
1544802625.35
1544802625.39
1544802625.42
1544802625.47
1544802625.53
1544802625.58
1544802625.61
1544802625.67
1544802625.74
1544802625.8
1544802625.85
1544802625.92
1544802625.97
1544802626.02
1544802626.09
1544802626.15
1544802626.19
1544802626.24
1544802626.27
1544802626.32
1544802626.36
1544802626.4
1544802626.46
1544802626.51
1544802626.56
1544802626.6
1544802626.64
1544802626.68
1544802626.72
1544802626.79
1544802626.85
1544802626.92
1544802626.98
1544802627.08
1544802627.17
1544802627.21
1544802627.25
1544802627.32
1544802627.39
1544802627.42
1544802627.47
1544802627.53
1544802627.58
1544802627.62
1544802627.66
1544802627.75
1544802627.81
1544802627.88
1544802627.97
1544802628.04
1544802628.12
1544802628.21
1544802628.27
1544802628.35
1544802628.45
1544802628.55
1544802628.62
1544802628.69
1544802628.73
1544802628.78
1544802628.82
1544802628.87
1544802628.91
1544802628.97
1544802629.02
1544802629.12
1544802629.2
1544802629.27
1544802629.37
1544802629.45
1544802629.53
1544802629.6
1544802629.68
1544802629.76
1544802629.86
1544802629.9
1544802629.95
1544802630.0
1544802630.04
1544802630.09
1544802630.14
1544802630.22
1544802630.32
1544802630.41
1544802630.5
1544802630.61
1544802630.68
1544802630.78
1544802630.88
1544802630.96
1544802631.01
1544802631.07
1544802631.12
1544802631.18
1544802631.23
1544802631.29
1544802631.35
1544802631.42
1544802631.53
1544802631.61
1544802631.69
1544802631.76
1544802631.8
1544802631.85
1544802631.92
1544802631.97
1544802632.01
1544802632.05
1544802632.1
1544802632.18
1544802632.22
1544802632.28
1544802632.33
1544802632.37
1544802632.42
1544802632.47
1544802632.51
1544802632.55
1544802632.59
1544802632.63
1544802632.68
1544802632.77
1544802632.81
1544802632.85
1544802632.93
1544802632.99
1544802633.02
1544802633.07
1544802633.12
1544802633.18
1544802633.21
1544802633.28
1544802633.32
1544802633.37
1544802633.4
1544802633.44
1544802633.49
1544802633.56
1544802633.6
1544802633.66
1544802633.7
1544802633.74
1544802633.79
1544802633.82
1544802633.86
1544802633.92
1544802633.96
1544802634.01
1544802634.04
1544802634.09
1544802634.14
1544802634.21
1544802634.26
1544802634.31
1544802634.36
1544802634.41
1544802634.45
1544802634.53
1544802634.59
1544802634.63
1544802634.68
1544802634.73
1544802634.79
1544802634.82
1544802634.88
1544802634.93
1544802634.97
1544802635.02
1544802635.07
1544802635.15
1544802635.19
1544802635.23
1544802635.3
1544802635.37
1544802635.42
1544802635.46
1544802635.5
1544802635.55
1544802635.59
1544802635.62
1544802635.69
1544802635.74
1544802635.78
1544802635.82
1544802635.86
1544802635.95
1544802635.99
1544802636.03
1544802636.1
1544802636.17
1544802636.22
1544802636.28
1544802636.34
1544802636.39
1544802636.43
1544802636.5
1544802636.55
1544802636.59
1544802636.64
1544802636.7
1544802636.74
1544802636.79
1544802636.82
1544802636.85
1544802636.92
1544802636.97
1544802637.01
1544802637.04
1544802637.1
1544802637.16
1544802637.19
1544802637.25
1544802637.31
1544802637.38
1544802637.42
1544802637.47
1544802637.56
1544802637.6
1544802637.64
1544802637.69
1544802637.76
1544802637.8
1544802637.83
1544802637.89
1544802637.94
1544802638.0
1544802638.05
1544802638.12
1544802638.19
1544802638.23
1544802638.28
1544802638.32
1544802638.38
1544802638.41
1544802638.45
1544802638.5
1544802638.54
1544802638.59
1544802638.63
1544802638.7
1544802638.74
1544802638.78
1544802638.83
1544802638.9
1544802638.96
1544802639.0
1544802639.04
1544802639.09
1544802639.17
1544802639.21
1544802639.25
1544802639.32
1544802639.37
1544802639.42
1544802639.49
1544802639.56
1544802639.59
1544802639.64
1544802639.69
1544802639.75
1544802639.79
1544802639.82
1544802639.88
1544802639.95
1544802639.99
1544802640.03
1544802640.11
1544802640.17
1544802640.2
1544802640.24
1544802640.28
1544802640.32
1544802640.36
1544802640.4
1544802640.44
1544802640.49
1544802640.53
1544802640.58
1544802640.61
1544802640.65
1544802640.72
1544802640.77
1544802640.82
1544802640.87
1544802640.91
1544802640.98
1544802641.02
1544802641.07
1544802641.11
1544802641.16
1544802641.2
1544802641.25
1544802641.35
1544802641.45
1544802641.51
1544802641.58
1544802641.61
1544802641.68
1544802641.75
1544802641.83
1544802641.88
1544802641.94
1544802642.01
1544802642.08
1544802642.15
1544802642.23
1544802642.28
1544802642.33
1544802642.43
1544802642.5
1544802642.6
1544802642.69
1544802642.76
1544802642.83
1544802642.92
1544802642.98
1544802643.03
1544802643.09
1544802643.13
1544802643.18
1544802643.23
1544802643.28
1544802643.32
1544802643.38
1544802643.45
1544802643.5
1544802643.57
1544802643.66
1544802643.69
1544802643.73
1544802643.78
1544802643.85
1544802643.89
1544802643.93
1544802643.99
1544802644.05
1544802644.1
1544802644.15
1544802644.2
1544802644.27
1544802644.3
1544802644.35
1544802644.39
1544802644.43
1544802644.47
1544802644.51
1544802644.56
1544802644.63
1544802644.68
1544802644.72
1544802644.79
1544802644.86
1544802644.9
1544802644.96
1544802645.01
1544802645.06
1544802645.11
1544802645.15
1544802645.2
1544802645.24
1544802645.29
1544802645.34
1544802645.41
1544802645.47
1544802645.52
1544802645.58
1544802645.63
1544802645.68
1544802645.73
1544802645.78
1544802645.83
1544802645.89
1544802645.93
1544802645.98
1544802646.03
1544802646.07
1544802646.11
1544802646.16
1544802646.23
1544802646.28
1544802646.32
1544802646.37
1544802646.42
1544802646.46
1544802646.51
1544802646.61
1544802646.68
1544802646.76
1544802646.85
1544802646.9
1544802646.94
1544802647.0
1544802647.06
1544802647.11
1544802647.16
1544802647.21
1544802647.26
1544802647.3
1544802647.34
1544802647.39
1544802647.45
1544802647.5
1544802647.55
1544802647.62
1544802647.7
1544802647.77
1544802647.83
1544802647.89
1544802647.93
1544802648.01
1544802648.09
1544802648.17
1544802648.24
1544802648.31
1544802648.4
1544802648.5
1544802648.56
1544802648.61
1544802648.66
1544802648.75
1544802648.81
1544802648.9
1544802648.98
1544802649.08
1544802649.19
1544802649.3
1544802649.4
1544802649.5
1544802649.6
1544802649.67
1544802649.74
1544802649.82
1544802649.9
1544802649.98
1544802650.07
1544802650.15
1544802650.24
1544802650.31
1544802650.4
1544802650.47
1544802650.55
1544802650.61
1544802650.67
1544802650.71
1544802650.76
1544802650.8
1544802650.85
1544802650.89
1544802650.94
1544802650.99
1544802651.03
1544802651.07
1544802651.11
1544802651.16
1544802651.21
1544802651.27
1544802651.31
1544802651.35
1544802651.42
1544802651.47
1544802651.51
1544802651.55
1544802651.6
1544802651.66
1544802651.72
1544802651.78
1544802651.84
1544802651.9
1544802651.96
1544802652.01
1544802652.08
1544802652.12
1544802652.19
1544802652.27
1544802652.31
1544802652.37
1544802652.43
1544802652.48
1544802652.52
1544802652.58
1544802652.65
1544802652.7
1544802652.73
1544802652.79
1544802652.83
1544802652.88
1544802652.92
1544802652.99
1544802653.06
1544802653.1
1544802653.14
1544802653.2
1544802653.28
1544802653.32
1544802653.39
1544802653.46
1544802653.51
1544802653.56
1544802653.6
1544802653.66
1544802653.7
1544802653.76
1544802653.81
1544802653.86
1544802653.89
1544802653.93
1544802653.98
1544802654.03
1544802654.08
1544802654.12
1544802654.16
1544802654.22
1544802654.28
1544802654.33
1544802654.38
1544802654.41
1544802654.45
1544802654.5
1544802654.55
1544802654.62
1544802654.67
1544802654.71
1544802654.73
1544802654.8
1544802654.87
1544802654.91
1544802654.94
1544802655.0
1544802655.06
1544802655.1
1544802655.14
1544802655.2
1544802655.26
1544802655.3
1544802655.33
1544802655.38
1544802655.42
1544802655.48
1544802655.52
1544802655.58
1544802655.63
1544802655.68
1544802655.72
1544802655.77
1544802655.81
1544802655.85
1544802655.89
1544802655.94
1544802655.99
1544802656.06
1544802656.1
1544802656.17
1544802656.23
1544802656.28
1544802656.32
1544802656.36
1544802656.39
1544802656.42
1544802656.48
1544802656.52
1544802656.57
1544802656.65
1544802656.71
1544802656.76
1544802656.8
1544802656.86
1544802656.89
1544802656.95
1544802657.0
1544802657.06
1544802657.1
1544802657.13
1544802657.19
1544802657.24
1544802657.28
1544802657.32
1544802657.36
1544802657.45
1544802657.5
1544802657.53
1544802657.59
1544802657.65
1544802657.7
1544802657.74
1544802657.81
1544802657.88
1544802657.93
1544802658.0
1544802658.06
1544802658.11
1544802658.15
1544802658.23
1544802658.27
1544802658.31
1544802658.35
1544802658.41
1544802658.46
1544802658.51
1544802658.55
1544802658.62
1544802658.68
1544802658.72
1544802658.77
1544802658.84
1544802658.9
1544802658.94
1544802659.0
1544802659.07
1544802659.11
1544802659.15
1544802659.19
1544802659.26
1544802659.3
1544802659.35
1544802659.42
1544802659.47
1544802659.51
1544802659.56
1544802659.61
1544802659.66
1544802659.69
1544802659.72
1544802659.78
1544802659.85
1544802659.89
1544802659.93
1544802659.99
1544802660.05
1544802660.09
1544802660.14
1544802660.18
1544802660.23
1544802660.29
1544802660.32
1544802660.37
1544802660.41
1544802660.45
1544802660.5
1544802660.53
1544802660.57
1544802660.61
1544802660.66
1544802660.7
1544802660.75
1544802660.79
1544802660.84
1544802660.88
1544802660.93
1544802660.98
1544802661.02
1544802661.08
1544802661.11
1544802661.15
1544802661.22
1544802661.27
1544802661.31
1544802661.36
1544802661.44
1544802661.49
1544802661.53
1544802661.58
1544802661.63
1544802661.68
1544802661.71
1544802661.76
1544802661.82
1544802661.88
1544802661.92
1544802661.97
1544802662.01
1544802662.06
1544802662.09
1544802662.13
1544802662.18
1544802662.24
1544802662.29
1544802662.32
1544802662.37
1544802662.41
1544802662.46
1544802662.5
1544802662.55
1544802662.6
1544802662.67
1544802662.71
1544802662.77
1544802662.82
1544802662.87
1544802662.91
1544802662.96
1544802663.02
1544802663.09
1544802663.13
1544802663.19
1544802663.23
1544802663.29
1544802663.33
1544802663.39
1544802663.43
1544802663.48
1544802663.53
1544802663.58
1544802663.64
1544802663.69
1544802663.73
1544802663.79
1544802663.84
1544802663.89
1544802663.93
1544802663.98
1544802664.04
1544802664.11
1544802664.17
1544802664.25
1544802664.3
1544802664.37
1544802664.46
1544802664.57
1544802664.64
1544802664.72
1544802664.81
1544802664.91
1544802665.0
1544802665.1
1544802665.2
1544802665.31
1544802665.4
1544802665.5
1544802665.59
1544802665.72
1544802665.8
1544802665.91
1544802666.0
1544802666.1
1544802666.18
1544802666.28
1544802666.37
1544802666.45
1544802666.49
1544802666.53
1544802666.62
1544802666.71
1544802666.8
1544802666.88
1544802666.92
1544802667.0
1544802667.03
1544802667.08
1544802667.12
1544802667.17
1544802667.21
1544802667.26
1544802667.37
1544802667.41
1544802667.48
1544802667.55
1544802667.61
1544802667.67
1544802667.76
1544802667.81
1544802667.87
1544802667.91
1544802667.97
1544802668.01
1544802668.08
1544802668.15
1544802668.2
1544802668.24
1544802668.31
1544802668.38
1544802668.43
1544802668.5
1544802668.56
1544802668.6
1544802668.65
1544802668.69
1544802668.75
1544802668.8
1544802668.83
1544802668.9
1544802668.97
1544802669.01
1544802669.08
1544802669.14
1544802669.19
1544802669.25
1544802669.33
1544802669.42
1544802669.46
1544802669.52
1544802669.59
1544802669.63
1544802669.69
1544802669.73
1544802669.78
1544802669.82
1544802669.87
1544802669.94
1544802669.98
1544802670.02
1544802670.1
1544802670.16
1544802670.22
1544802670.29
1544802670.38
1544802670.42
1544802670.49
1544802670.56
1544802670.61
1544802670.66
1544802670.76
1544802670.79
1544802670.83
1544802670.89
1544802670.94
1544802670.99
1544802671.03
1544802671.08
1544802671.16
1544802671.19
1544802671.22
1544802671.27
1544802671.35
1544802671.39
1544802671.43
1544802671.52
1544802671.58
1544802671.62
1544802671.68
1544802671.73
1544802671.8
1544802671.9
1544802671.98
1544802672.05
1544802672.1
1544802672.13
1544802672.21
1544802672.3
1544802672.39
1544802672.47
1544802672.56
1544802672.6
1544802672.63
1544802672.7
1544802672.79
1544802672.86
1544802672.91
1544802672.98
1544802673.03
1544802673.09
1544802673.18
1544802673.25
1544802673.33
1544802673.4
1544802673.48
1544802673.57
1544802673.65
1544802673.71
1544802673.78
1544802673.86
1544802673.93
1544802674.01
1544802674.06
1544802674.11
1544802674.18
1544802674.26
1544802674.33
1544802674.41
1544802674.49
1544802674.56
1544802674.61
1544802674.66
1544802674.72
1544802674.77
1544802674.81
1544802674.85
1544802674.94
1544802674.98
1544802675.02
1544802675.08
1544802675.13
1544802675.19
1544802675.23
1544802675.29
1544802675.33
1544802675.38
1544802675.42
1544802675.47
1544802675.53
1544802675.58
1544802675.63
1544802675.67
1544802675.72
1544802675.77
1544802675.8
1544802675.85
1544802675.9
1544802675.96
1544802676.0
1544802676.05
1544802676.11
1544802676.17
1544802676.21
1544802676.27
1544802676.33
1544802676.39
1544802676.42
1544802676.47
1544802676.52
1544802676.58
1544802676.62
1544802676.67
1544802676.73
1544802676.78
1544802676.83
1544802676.94
1544802677.0
1544802677.05
1544802677.1
1544802677.16
1544802677.2
1544802677.23
1544802677.27
1544802677.32
1544802677.36
1544802677.42
1544802677.45
1544802677.53
1544802677.58
1544802677.61
1544802677.65
1544802677.72
1544802677.78
1544802677.81
1544802677.85
1544802677.91
1544802677.97
1544802678.02
1544802678.07
1544802678.13
1544802678.18
1544802678.22
1544802678.28
1544802678.34
1544802678.38
1544802678.42
1544802678.49
1544802678.6
1544802678.65
1544802678.72
1544802678.78
1544802678.81
1544802678.87
1544802678.94
1544802678.99
1544802679.03
1544802679.09
1544802679.13
1544802679.18
1544802679.22
1544802679.27
1544802679.35
1544802679.4
1544802679.43
1544802679.49
1544802679.56
1544802679.59
1544802679.65
1544802679.69
1544802679.75
1544802679.79
1544802679.83
1544802679.88
1544802679.93
1544802679.98
1544802680.02
1544802680.08
1544802680.15
1544802680.2
1544802680.25
1544802680.36
1544802680.42
1544802680.5
1544802680.57
1544802680.62
1544802680.7
1544802680.76
1544802680.82
1544802680.86
1544802680.93
1544802680.97
1544802681.02
1544802681.08
1544802681.16
1544802681.21
1544802681.29
1544802681.36
1544802681.41
1544802681.46
1544802681.56
1544802681.6
1544802681.65
1544802681.69
1544802681.73
1544802681.79
1544802681.82
1544802681.89
1544802681.94
1544802682.0
1544802682.03
1544802682.11
1544802682.17
1544802682.22
1544802682.27
1544802682.31
1544802682.36
1544802682.42
1544802682.47
1544802682.57
1544802682.61
1544802682.66
1544802682.71
1544802682.76
1544802682.82
1544802682.87
1544802682.92
1544802682.97
1544802683.03
1544802683.08
1544802683.13
1544802683.18
1544802683.22
1544802683.27
1544802683.33
1544802683.46
1544802683.57
1544802683.67
1544802683.73
1544802683.83
1544802683.88
1544802683.92
1544802683.98
1544802684.07
1544802684.17
1544802684.27
1544802684.36
1544802684.45
1544802684.54
1544802684.61
1544802684.69
1544802684.8
1544802684.9
1544802685.0
1544802685.1
1544802685.16
1544802685.23
1544802685.32
1544802685.4
1544802685.46
1544802685.55
1544802685.64
1544802685.71
1544802685.78
1544802685.88
1544802685.96
1544802686.03
1544802686.13
1544802686.18
1544802686.22
1544802686.28
1544802686.34
1544802686.41
1544802686.46
1544802686.52
1544802686.58
1544802686.62
1544802686.66
1544802686.74
1544802686.79
1544802686.83
1544802686.88
1544802686.93
1544802686.98
1544802687.02
1544802687.11
1544802687.17
1544802687.2
1544802687.24
1544802687.32
1544802687.37
1544802687.41
1544802687.46
1544802687.52
1544802687.58
1544802687.63
1544802687.69
1544802687.75
1544802687.79
1544802687.82
1544802687.88
1544802687.94
1544802687.98
1544802688.02
1544802688.08
1544802688.15
1544802688.19
1544802688.23
1544802688.28
1544802688.32
1544802688.37
1544802688.4
1544802688.45
1544802688.52
1544802688.6
1544802688.65
1544802688.7
1544802688.76
1544802688.81
1544802688.87
1544802688.94
1544802688.98
1544802689.02
1544802689.07
1544802689.11
1544802689.16
1544802689.2
1544802689.25
1544802689.31
1544802689.38
1544802689.42
1544802689.48
1544802689.53
1544802689.58
1544802689.62
1544802689.68
1544802689.77
1544802689.82
1544802689.88
1544802689.97
1544802690.01
1544802690.07
1544802690.13
1544802690.19
1544802690.3
1544802690.41
1544802690.51
1544802690.58
1544802690.65
1544802690.75
1544802690.88
1544802690.97
1544802691.03
1544802691.1
1544802691.21
1544802691.27
1544802691.33
1544802691.4
1544802691.48
1544802691.55
1544802691.66
1544802691.71
1544802691.77
1544802691.82
1544802691.9
1544802691.96
1544802692.02
1544802692.1
1544802692.18
1544802692.26
1544802692.32
1544802692.39
1544802692.47
1544802692.55
1544802692.63
1544802692.72
1544802692.76
1544802692.81
1544802692.88
1544802692.92
1544802692.99
1544802693.04
1544802693.08
1544802693.11
1544802693.15
1544802693.21
1544802693.27
1544802693.32
1544802693.41
1544802693.47
1544802693.51
1544802693.57
1544802693.64
1544802693.69
1544802693.72
1544802693.78
1544802693.83
1544802693.88
1544802693.91
1544802693.96
1544802694.01
1544802694.06
1544802694.1
1544802694.13
1544802694.18
1544802694.23
1544802694.28
1544802694.32
1544802694.4
1544802694.45
1544802694.49
1544802694.55
1544802694.6
1544802694.67
1544802694.71
1544802694.77
1544802694.84
1544802694.89
1544802694.93
1544802694.98
1544802695.06
1544802695.1
1544802695.15
1544802695.21
1544802695.26
1544802695.29
1544802695.33
1544802695.39
1544802695.46
1544802695.5
1544802695.54
1544802695.61
1544802695.66
1544802695.7
1544802695.75
1544802695.81
1544802695.86
1544802695.91
1544802695.96
1544802696.01
1544802696.06
1544802696.1
1544802696.14
1544802696.2
1544802696.28
1544802696.32
1544802696.36
1544802696.42
1544802696.48
1544802696.52
1544802696.58
1544802696.64
1544802696.69
1544802696.73
1544802696.8
1544802696.85
1544802696.89
1544802696.94
1544802697.02
1544802697.08
1544802697.13
1544802697.17
1544802697.22
1544802697.28
1544802697.31
1544802697.37
1544802697.43
1544802697.47
1544802697.51
1544802697.55
1544802697.59
1544802697.64
1544802697.68
1544802697.72
1544802697.77
1544802697.85
1544802697.9
1544802697.94
1544802698.03
1544802698.07
1544802698.11
1544802698.15
1544802698.21
1544802698.26
1544802698.3
1544802698.33
1544802698.41
1544802698.49
1544802698.55
1544802698.63
1544802698.69
1544802698.73
1544802698.79
1544802698.85
1544802698.9
1544802698.96
1544802699.02
1544802699.09
1544802699.14
1544802699.2
1544802699.29
1544802699.34
1544802699.4
1544802699.46
1544802699.51
1544802699.57
1544802699.61
1544802699.67
1544802699.71
1544802699.77
1544802699.84
1544802699.9
1544802699.96
1544802700.05
1544802700.09
1544802700.13
1544802700.17
1544802700.21
1544802700.26
1544802700.3
1544802700.33
1544802700.4
1544802700.45
1544802700.49
1544802700.53
1544802700.58
1544802700.63
1544802700.68
1544802700.72
1544802700.76
1544802700.8
1544802700.86
1544802700.9
1544802700.96
1544802701.01
1544802701.06
1544802701.1
1544802701.14
1544802701.2
1544802701.25
1544802701.3
1544802701.34
1544802701.41
1544802701.47
1544802701.52
1544802701.6
1544802701.66
1544802701.7
1544802701.75
1544802701.8
1544802701.84
1544802701.88
1544802701.92
1544802701.98
1544802702.03
1544802702.09
1544802702.16
1544802702.21
1544802702.27
1544802702.32
1544802702.42
1544802702.49
1544802702.57
1544802702.65
1544802702.72
1544802702.78
1544802702.87
1544802702.95
1544802703.03
1544802703.1
1544802703.18
1544802703.27
1544802703.35
1544802703.39
1544802703.44
1544802703.49
1544802703.54
1544802703.6
1544802703.68
1544802703.78
1544802703.86
1544802703.93
1544802704.01
1544802704.1
1544802704.18
1544802704.26
1544802704.33
1544802704.4
1544802704.47
1544802704.51
1544802704.56
1544802704.6
1544802704.65
1544802704.7
1544802704.78
1544802704.86
1544802704.91
1544802704.98
1544802705.06
1544802705.09
1544802705.16
1544802705.23
1544802705.28
1544802705.35
1544802705.42
1544802705.48
1544802705.52
1544802705.58
1544802705.65
1544802705.69
1544802705.72
1544802705.75
1544802705.79
1544802705.85
1544802705.89
1544802705.92
1544802705.97
1544802706.02
1544802706.07
1544802706.11
1544802706.14
1544802706.19
1544802706.26
1544802706.29
1544802706.32
1544802706.39
1544802706.46
1544802706.49
1544802706.53
1544802706.58
1544802706.65
1544802706.7
1544802706.75
1544802706.83
1544802706.89
1544802706.94
1544802707.03
1544802707.09
1544802707.15
1544802707.22
1544802707.3
1544802707.37
1544802707.45
1544802707.5
1544802707.55
1544802707.59
1544802707.63
1544802707.68
1544802707.73
1544802707.79
1544802707.86
1544802707.9
1544802707.93
1544802707.99
1544802708.05
1544802708.12
1544802708.18
1544802708.23
1544802708.27
1544802708.33
1544802708.38
1544802708.46
1544802708.56
1544802708.64
1544802708.73
1544802708.81
1544802708.91
1544802709.02
1544802709.13
1544802709.22
1544802709.29
1544802709.36
1544802709.42
1544802709.5
1544802709.58
1544802709.66
1544802709.74
1544802709.82
1544802709.9
1544802709.97
1544802710.03
1544802710.13
1544802710.22
1544802710.3
1544802710.38
1544802710.42
