1544802502.29
1544802502.5
1544802502.61
1544802502.71
1544802502.77
1544802502.84
1544802502.96
1544802503.06
1544802503.17
1544802503.26
1544802503.31
1544802503.35
1544802503.43
1544802503.52
1544802503.65
1544802503.74
1544802503.8
1544802503.91
1544802503.99
1544802504.07
1544802504.15
1544802504.21
1544802504.29
1544802504.37
1544802504.42
1544802504.51
1544802504.59
1544802504.69
1544802504.77
1544802504.85
1544802504.93
1544802505.0
1544802505.07
1544802505.13
1544802505.19
1544802505.22
1544802505.31
1544802505.44
1544802505.53
1544802505.63
1544802505.69
1544802505.76
1544802505.82
1544802505.91
1544802505.99
1544802506.07
1544802506.15
1544802506.22
1544802506.3
1544802506.37
1544802506.49
1544802506.59
1544802506.69
1544802506.78
1544802506.84
1544802506.91
1544802506.99
1544802507.03
1544802507.12
1544802507.2
1544802507.24
1544802507.3
1544802507.39
1544802507.49
1544802507.59
1544802507.66
1544802507.72
1544802507.82
1544802507.87
1544802507.91
1544802507.96
1544802508.05
1544802508.13
1544802508.19
1544802508.28
1544802508.36
1544802508.45
1544802508.51
1544802508.56
1544802508.65
1544802508.73
1544802508.83
1544802508.91
1544802509.02
1544802509.1
1544802509.16
1544802509.24
1544802509.29
1544802509.35
1544802509.41
1544802509.49
1544802509.56
1544802509.65
1544802509.71
1544802509.77
1544802509.81
1544802509.88
1544802509.94
1544802510.01
1544802510.08
1544802510.13
1544802510.23
1544802510.31
1544802510.35
1544802510.4
1544802510.45
1544802510.5
1544802510.55
1544802510.6
1544802510.66
1544802510.73
1544802510.8
1544802510.84
1544802510.89
1544802510.97
1544802511.01
1544802511.06
1544802511.11
1544802511.16
1544802511.2
1544802511.24
1544802511.32
1544802511.4
1544802511.46
1544802511.52
1544802511.57
1544802511.61
1544802511.65
1544802511.7
1544802511.77
1544802511.8
1544802511.84
1544802511.91
1544802511.96
1544802512.01
1544802512.08
1544802512.13
1544802512.18
1544802512.22
1544802512.28
1544802512.32
1544802512.37
1544802512.41
1544802512.46
1544802512.52
1544802512.57
1544802512.62
1544802512.69
1544802512.76
1544802512.8
1544802512.83
1544802512.9
1544802512.96
1544802512.99
1544802513.02
1544802513.09
1544802513.13
1544802513.17
1544802513.22
1544802513.3
1544802513.37
1544802513.41
1544802513.45
1544802513.51
1544802513.56
1544802513.61
1544802513.66
1544802513.73
1544802513.79
1544802513.83
1544802513.9
1544802513.97
1544802514.01
1544802514.06
1544802514.12
1544802514.17
1544802514.21
1544802514.25
1544802514.32
1544802514.38
1544802514.42
1544802514.47
1544802514.54
1544802514.59
1544802514.67
1544802514.75
1544802514.79
1544802514.84
1544802514.92
1544802514.97
1544802515.01
1544802515.06
1544802515.12
1544802515.17
1544802515.21
1544802515.28
1544802515.35
1544802515.39
1544802515.43
1544802515.51
1544802515.58
1544802515.62
1544802515.69
1544802515.73
1544802515.79
1544802515.82
1544802515.86
1544802515.93
1544802515.99
1544802516.02
1544802516.08
1544802516.16
1544802516.21
1544802516.27
1544802516.35
1544802516.41
1544802516.48
1544802516.56
1544802516.61
1544802516.69
1544802516.75
1544802516.79
1544802516.82
1544802516.87
1544802516.91
1544802516.97
1544802517.01
1544802517.05
1544802517.14
1544802517.19
1544802517.23
1544802517.3
1544802517.36
1544802517.4
1544802517.46
1544802517.55
1544802517.61
1544802517.71
1544802517.79
1544802517.83
1544802517.95
1544802518.0
1544802518.04
1544802518.12
1544802518.2
1544802518.23
1544802518.32
1544802518.38
1544802518.43
1544802518.48
1544802518.53
1544802518.59
1544802518.65
1544802518.7
1544802518.76
1544802518.8
1544802518.83
1544802518.88
1544802518.93
1544802518.98
1544802519.02
1544802519.06
1544802519.12
1544802519.18
1544802519.22
1544802519.26
1544802519.33
1544802519.38
1544802519.43
1544802519.51
1544802519.57
1544802519.61
1544802519.69
1544802519.74
1544802519.79
1544802519.84
1544802519.9
1544802519.96
1544802520.03
1544802520.09
1544802520.14
1544802520.19
1544802520.25
1544802520.31
1544802520.36
1544802520.45
1544802520.5
1544802520.54
1544802520.59
1544802520.65
1544802520.72
1544802520.82
1544802520.91
1544802521.0
1544802521.09
1544802521.16
1544802521.25
1544802521.31
1544802521.38
1544802521.43
1544802521.51
1544802521.57
1544802521.67
1544802521.78
1544802521.86
1544802521.96
1544802522.02
1544802522.09
1544802522.13
1544802522.18
1544802522.29
1544802522.36
1544802522.44
1544802522.51
1544802522.57
1544802522.62
1544802522.66
1544802522.72
1544802522.78
1544802522.82
1544802522.89
1544802522.96
1544802523.01
1544802523.06
1544802523.11
1544802523.15
1544802523.2
1544802523.24
1544802523.28
1544802523.31
1544802523.38
1544802523.42
1544802523.47
1544802523.55
1544802523.6
1544802523.65
1544802523.72
1544802523.76
1544802523.81
1544802523.86
1544802523.92
1544802523.98
1544802524.03
1544802524.09
1544802524.14
1544802524.19
1544802524.23
1544802524.29
1544802524.36
1544802524.4
1544802524.43
1544802524.49
1544802524.55
1544802524.6
1544802524.64
1544802524.69
1544802524.74
1544802524.79
1544802524.84
1544802524.9
1544802524.96
1544802525.01
1544802525.05
1544802525.12
1544802525.17
1544802525.21
1544802525.26
1544802525.31
1544802525.36
1544802525.4
1544802525.43
1544802525.47
1544802525.53
1544802525.58
1544802525.62
1544802525.66
1544802525.71
1544802525.77
1544802525.81
1544802525.87
1544802525.91
1544802525.95
1544802525.99
1544802526.03
1544802526.07
1544802526.11
1544802526.16
1544802526.2
1544802526.24
1544802526.3
1544802526.36
1544802526.4
1544802526.43
1544802526.47
1544802526.56
1544802526.64
1544802526.71
1544802526.77
1544802526.83
1544802526.9
1544802526.97
1544802527.02
1544802527.07
1544802527.12
1544802527.19
1544802527.27
1544802527.33
1544802527.39
1544802527.46
1544802527.52
1544802527.61
1544802527.65
1544802527.69
1544802527.76
1544802527.82
1544802527.9
1544802527.99
1544802528.09
1544802528.2
1544802528.29
1544802528.38
1544802528.44
1544802528.49
1544802528.54
1544802528.64
1544802528.69
1544802528.73
1544802528.8
1544802528.89
1544802528.94
1544802529.01
1544802529.09
1544802529.14
1544802529.21
1544802529.27
1544802529.31
1544802529.36
1544802529.4
1544802529.45
1544802529.5
1544802529.55
1544802529.62
1544802529.71
1544802529.78
1544802529.87
1544802529.92
1544802529.96
1544802530.03
1544802530.08
1544802530.13
1544802530.21
1544802530.27
1544802530.32
1544802530.4
1544802530.49
1544802530.53
1544802530.58
1544802530.61
1544802530.65
1544802530.7
1544802530.74
1544802530.79
1544802530.83
1544802530.9
1544802530.94
1544802531.01
1544802531.06
1544802531.1
1544802531.15
1544802531.18
1544802531.23
1544802531.27
1544802531.31
1544802531.36
1544802531.41
1544802531.47
1544802531.52
1544802531.56
1544802531.59
1544802531.64
1544802531.68
1544802531.72
1544802531.77
1544802531.81
1544802531.87
1544802531.91
1544802531.97
1544802532.03
1544802532.08
1544802532.13
1544802532.17
1544802532.25
1544802532.3
1544802532.34
1544802532.4
1544802532.46
1544802532.51
1544802532.57
1544802532.63
1544802532.68
1544802532.71
1544802532.76
1544802532.81
1544802532.86
1544802532.91
1544802532.96
1544802533.04
1544802533.09
1544802533.13
1544802533.19
1544802533.26
1544802533.31
1544802533.38
1544802533.47
1544802533.55
1544802533.63
1544802533.69
1544802533.73
1544802533.8
1544802533.89
1544802533.98
1544802534.07
1544802534.11
1544802534.16
1544802534.21
1544802534.26
1544802534.33
1544802534.42
1544802534.5
1544802534.58
1544802534.66
1544802534.73
1544802534.81
1544802534.87
1544802534.92
1544802534.97
1544802535.01
1544802535.07
1544802535.11
1544802535.16
1544802535.23
1544802535.3
1544802535.38
1544802535.43
1544802535.49
1544802535.55
1544802535.63
1544802535.69
1544802535.78
1544802535.86
1544802535.92
1544802536.0
1544802536.08
1544802536.16
1544802536.22
1544802536.27
1544802536.31
1544802536.38
1544802536.45
1544802536.5
1544802536.56
1544802536.61
1544802536.68
1544802536.73
1544802536.79
1544802536.86
1544802536.9
1544802536.96
1544802537.0
1544802537.06
1544802537.1
1544802537.14
1544802537.18
1544802537.24
1544802537.29
1544802537.33
1544802537.41
1544802537.47
1544802537.51
1544802537.58
1544802537.65
1544802537.69
1544802537.74
1544802537.85
1544802537.9
1544802537.94
1544802538.0
1544802538.06
1544802538.1
1544802538.15
1544802538.22
1544802538.29
1544802538.33
1544802538.37
1544802538.43
1544802538.48
1544802538.52
1544802538.58
1544802538.65
1544802538.69
1544802538.73
1544802538.77
1544802538.81
1544802538.86
1544802538.9
1544802538.94
1544802539.0
1544802539.06
1544802539.1
1544802539.16
1544802539.22
1544802539.29
1544802539.33
1544802539.41
1544802539.46
1544802539.5
1544802539.55
1544802539.62
1544802539.67
1544802539.71
1544802539.76
1544802539.8
1544802539.89
1544802539.93
1544802540.01
1544802540.06
1544802540.1
1544802540.15
1544802540.22
1544802540.27
1544802540.31
1544802540.37
1544802540.44
1544802540.48
1544802540.52
1544802540.6
1544802540.66
1544802540.7
1544802540.75
1544802540.82
1544802540.88
1544802540.93
1544802540.99
1544802541.06
1544802541.09
1544802541.12
1544802541.19
1544802541.25
1544802541.29
1544802541.33
1544802541.4
1544802541.45
1544802541.5
1544802541.54
1544802541.61
1544802541.66
1544802541.71
1544802541.75
1544802541.79
1544802541.84
1544802541.88
1544802541.92
1544802541.98
1544802542.05
1544802542.1
1544802542.13
1544802542.19
1544802542.25
1544802542.29
1544802542.34
1544802542.41
1544802542.48
1544802542.52
1544802542.56
1544802542.64
1544802542.69
1544802542.75
1544802542.8
1544802542.85
1544802542.9
1544802542.93
1544802543.04
1544802543.11
1544802543.16
1544802543.21
1544802543.26
1544802543.29
1544802543.34
1544802543.41
1544802543.46
1544802543.5
1544802543.54
1544802543.64
1544802543.7
1544802543.74
1544802543.81
1544802543.87
1544802543.9
1544802543.94
1544802544.0
1544802544.07
1544802544.11
1544802544.17
1544802544.3
1544802544.4
1544802544.51
1544802544.58
1544802544.65
1544802544.69
1544802544.73
1544802544.78
1544802544.82
1544802544.87
1544802544.96
1544802545.02
1544802545.1
1544802545.18
1544802545.25
1544802545.31
1544802545.36
1544802545.41
1544802545.46
1544802545.54
1544802545.62
1544802545.67
1544802545.72
1544802545.77
1544802545.82
1544802545.9
1544802545.98
1544802546.06
1544802546.14
1544802546.22
1544802546.29
1544802546.36
1544802546.42
1544802546.47
1544802546.55
1544802546.59
1544802546.63
1544802546.7
1544802546.75
1544802546.82
1544802546.89
1544802546.98
1544802547.05
1544802547.13
1544802547.22
1544802547.31
1544802547.39
1544802547.46
1544802547.56
1544802547.67
1544802547.7
1544802547.75
1544802547.82
1544802547.88
1544802547.92
1544802548.01
1544802548.07
1544802548.14
1544802548.21
1544802548.29
1544802548.37
1544802548.45
1544802548.52
1544802548.62
1544802548.7
1544802548.78
1544802548.83
1544802548.92
1544802549.0
1544802549.08
1544802549.15
1544802549.23
1544802549.29
1544802549.34
1544802549.42
1544802549.52
1544802549.59
1544802549.67
1544802549.75
1544802549.87
1544802549.96
1544802550.01
1544802550.06
1544802550.14
1544802550.21
1544802550.3
1544802550.39
1544802550.43
1544802550.48
1544802550.55
1544802550.59
1544802550.63
1544802550.69
1544802550.75
1544802550.78
1544802550.82
1544802550.89
1544802550.95
1544802551.0
1544802551.04
1544802551.1
1544802551.15
1544802551.2
1544802551.23
1544802551.3
1544802551.35
1544802551.4
1544802551.46
1544802551.52
1544802551.59
1544802551.63
1544802551.71
1544802551.77
1544802551.8
1544802551.84
1544802551.91
1544802551.96
1544802551.99
1544802552.03
1544802552.08
1544802552.14
1544802552.2
1544802552.28
1544802552.33
1544802552.38
1544802552.43
1544802552.49
1544802552.54
1544802552.59
1544802552.63
1544802552.71
1544802552.77
1544802552.81
1544802552.88
1544802552.93
1544802553.0
1544802553.04
1544802553.11
1544802553.17
1544802553.21
1544802553.25
1544802553.34
1544802553.38
1544802553.44
1544802553.49
1544802553.56
1544802553.6
1544802553.65
1544802553.73
1544802553.78
1544802553.81
1544802553.85
1544802553.96
1544802554.0
1544802554.06
1544802554.13
1544802554.21
1544802554.28
1544802554.36
1544802554.4
1544802554.44
1544802554.55
1544802554.59
1544802554.64
1544802554.69
1544802554.74
1544802554.78
1544802554.82
1544802554.88
1544802554.94
1544802554.98
1544802555.02
1544802555.08
1544802555.12
1544802555.17
1544802555.2
1544802555.24
1544802555.29
1544802555.36
1544802555.42
1544802555.48
1544802555.55
1544802555.6
1544802555.69
1544802555.76
1544802555.81
1544802555.85
1544802555.92
1544802555.98
1544802556.02
1544802556.06
1544802556.12
1544802556.17
1544802556.21
1544802556.26
1544802556.35
1544802556.4
1544802556.43
1544802556.5
1544802556.55
1544802556.61
1544802556.69
1544802556.74
1544802556.79
1544802556.83
1544802556.92
1544802556.99
1544802557.08
1544802557.16
1544802557.22
1544802557.28
1544802557.38
1544802557.42
1544802557.49
1544802557.55
1544802557.59
1544802557.64
1544802557.72
1544802557.79
1544802557.82
1544802557.87
1544802557.92
1544802557.99
1544802558.03
1544802558.07
1544802558.12
1544802558.19
1544802558.22
1544802558.28
1544802558.33
1544802558.38
1544802558.41
1544802558.46
1544802558.51
1544802558.56
1544802558.6
1544802558.65
1544802558.73
1544802558.8
1544802558.88
1544802558.95
1544802559.0
1544802559.07
1544802559.13
1544802559.19
1544802559.24
1544802559.31
1544802559.37
1544802559.41
1544802559.46
1544802559.54
1544802559.58
1544802559.62
1544802559.65
1544802559.69
1544802559.73
1544802559.78
1544802559.81
1544802559.85
1544802559.93
1544802559.99
1544802560.03
1544802560.1
1544802560.17
1544802560.21
1544802560.27
1544802560.33
1544802560.39
1544802560.42
1544802560.48
1544802560.54
1544802560.59
1544802560.63
1544802560.7
1544802560.76
1544802560.8
1544802560.85
1544802560.89
1544802560.96
1544802561.01
1544802561.05
1544802561.12
1544802561.17
1544802561.21
1544802561.26
1544802561.32
1544802561.37
1544802561.41
1544802561.46
1544802561.5
1544802561.55
1544802561.58
1544802561.62
1544802561.67
1544802561.76
1544802561.81
1544802561.86
1544802561.94
1544802561.99
1544802562.03
1544802562.11
1544802562.18
1544802562.24
1544802562.31
1544802562.36
1544802562.4
1544802562.46
1544802562.54
1544802562.62
1544802562.68
1544802562.72
1544802562.8
1544802562.89
1544802563.0
1544802563.1
1544802563.21
1544802563.32
1544802563.4
1544802563.44
1544802563.5
1544802563.55
1544802563.61
1544802563.69
1544802563.76
1544802563.83
1544802563.89
1544802563.96
1544802564.04
1544802564.1
1544802564.13
1544802564.17
1544802564.21
1544802564.26
1544802564.31
1544802564.37
1544802564.44
1544802564.49
1544802564.53
1544802564.61
1544802564.68
1544802564.73
1544802564.8
1544802564.85
1544802564.91
1544802564.94
1544802565.02
1544802565.07
1544802565.1
1544802565.14
1544802565.19
1544802565.24
1544802565.28
1544802565.33
1544802565.45
1544802565.5
1544802565.54
1544802565.6
1544802565.65
1544802565.69
1544802565.72
1544802565.77
1544802565.82
1544802565.87
1544802565.91
1544802565.95
1544802566.01
1544802566.05
1544802566.1
1544802566.16
1544802566.22
1544802566.27
1544802566.31
1544802566.36
1544802566.44
1544802566.49
1544802566.53
1544802566.58
1544802566.63
1544802566.68
1544802566.72
1544802566.79
1544802566.84
1544802566.9
1544802566.94
1544802567.04
1544802567.11
1544802567.15
1544802567.21
1544802567.26
1544802567.29
1544802567.33
1544802567.37
1544802567.43
1544802567.48
1544802567.52
1544802567.57
1544802567.62
1544802567.67
1544802567.71
1544802567.78
1544802567.85
1544802567.89
1544802567.92
1544802567.97
1544802568.05
1544802568.11
1544802568.15
1544802568.2
1544802568.26
1544802568.3
1544802568.35
1544802568.44
1544802568.48
1544802568.52
1544802568.57
1544802568.62
1544802568.66
1544802568.7
1544802568.74
1544802568.8
1544802568.85
1544802568.9
1544802568.93
1544802569.0
1544802569.04
1544802569.09
1544802569.13
1544802569.19
1544802569.25
1544802569.29
1544802569.33
1544802569.41
1544802569.48
1544802569.52
1544802569.57
1544802569.65
1544802569.69
1544802569.73
1544802569.77
1544802569.82
1544802569.88
1544802569.92
1544802570.0
1544802570.07
1544802570.16
1544802570.21
1544802570.27
1544802570.35
1544802570.45
1544802570.53
1544802570.62
1544802570.69
1544802570.74
1544802570.81
1544802570.89
1544802570.97
1544802571.06
1544802571.14
1544802571.22
1544802571.27
1544802571.35
1544802571.43
1544802571.5
1544802571.59
1544802571.68
1544802571.77
1544802571.87
1544802571.96
1544802572.01
1544802572.11
1544802572.19
1544802572.25
1544802572.33
1544802572.37
1544802572.41
1544802572.45
1544802572.5
1544802572.56
1544802572.61
1544802572.67
1544802572.74
1544802572.8
1544802572.86
1544802572.93
1544802572.98
1544802573.02
1544802573.09
1544802573.14
1544802573.19
1544802573.23
1544802573.29
1544802573.36
1544802573.41
1544802573.48
1544802573.55
1544802573.6
1544802573.65
1544802573.73
1544802573.78
1544802573.82
1544802573.88
1544802573.94
1544802573.99
1544802574.05
1544802574.1
1544802574.15
1544802574.21
1544802574.26
1544802574.35
1544802574.4
1544802574.46
1544802574.55
1544802574.6
1544802574.64
1544802574.69
1544802574.74
1544802574.79
1544802574.83
1544802574.88
1544802574.93
1544802574.97
1544802575.01
1544802575.05
1544802575.09
1544802575.14
1544802575.18
1544802575.23
1544802575.27
1544802575.31
1544802575.37
1544802575.41
1544802575.45
1544802575.51
1544802575.58
1544802575.63
1544802575.72
1544802575.79
1544802575.87
1544802575.95
1544802576.01
1544802576.06
1544802576.1
1544802576.13
1544802576.17
1544802576.22
1544802576.28
1544802576.31
1544802576.37
1544802576.41
1544802576.47
1544802576.53
1544802576.59
1544802576.65
1544802576.73
1544802576.79
1544802576.85
1544802576.92
1544802577.0
1544802577.08
1544802577.16
1544802577.27
1544802577.36
1544802577.44
1544802577.49
1544802577.57
1544802577.66
1544802577.74
1544802577.83
1544802577.92
1544802578.02
1544802578.1
1544802578.17
1544802578.26
1544802578.34
1544802578.42
1544802578.51
1544802578.58
1544802578.65
1544802578.71
1544802578.77
1544802578.82
1544802578.88
1544802578.92
1544802578.99
1544802579.06
1544802579.09
1544802579.13
1544802579.19
1544802579.24
1544802579.3
1544802579.35
1544802579.42
1544802579.49
1544802579.53
1544802579.6
1544802579.65
1544802579.7
1544802579.74
1544802579.78
1544802579.82
1544802579.87
1544802579.91
1544802579.96
1544802580.01
1544802580.08
1544802580.13
1544802580.18
1544802580.22
1544802580.27
1544802580.34
1544802580.4
1544802580.48
1544802580.58
1544802580.65
1544802580.71
1544802580.78
1544802580.85
1544802580.92
1544802580.99
1544802581.08
1544802581.19
1544802581.27
1544802581.32
1544802581.37
1544802581.41
1544802581.47
1544802581.5
1544802581.54
1544802581.58
1544802581.63
1544802581.68
1544802581.72
1544802581.77
1544802581.82
1544802581.89
1544802581.92
1544802581.97
1544802582.03
1544802582.08
1544802582.12
1544802582.16
1544802582.21
1544802582.26
1544802582.31
1544802582.36
1544802582.4
1544802582.46
1544802582.5
1544802582.54
1544802582.6
1544802582.68
1544802582.72
1544802582.82
1544802582.89
1544802582.93
1544802583.06
1544802583.11
1544802583.18
1544802583.25
1544802583.3
1544802583.36
1544802583.44
1544802583.5
1544802583.54
1544802583.6
1544802583.65
1544802583.69
1544802583.73
1544802583.8
1544802583.85
1544802583.9
1544802583.95
1544802584.01
1544802584.06
1544802584.1
1544802584.14
1544802584.19
1544802584.25
1544802584.28
1544802584.32
1544802584.38
1544802584.44
1544802584.49
1544802584.55
1544802584.62
1544802584.68
1544802584.71
1544802584.76
1544802584.82
1544802584.87
1544802584.9
1544802584.95
1544802585.01
1544802585.06
1544802585.1
1544802585.17
1544802585.21
1544802585.28
1544802585.32
1544802585.36
1544802585.41
1544802585.46
1544802585.5
1544802585.56
1544802585.68
1544802585.73
1544802585.78
1544802585.85
1544802585.89
1544802585.93
1544802586.0
1544802586.05
1544802586.09
1544802586.14
1544802586.18
1544802586.25
1544802586.29
1544802586.33
1544802586.38
1544802586.43
1544802586.49
1544802586.55
1544802586.59
1544802586.64
1544802586.69
1544802586.73
1544802586.77
1544802586.82
1544802586.88
1544802586.93
1544802587.0
1544802587.06
1544802587.1
1544802587.19
1544802587.28
1544802587.31
1544802587.36
1544802587.41
1544802587.46
1544802587.51
1544802587.55
1544802587.61
1544802587.66
1544802587.7
1544802587.73
1544802587.8
1544802587.85
1544802587.9
1544802587.93
1544802587.98
1544802588.02
1544802588.08
1544802588.12
1544802588.17
1544802588.24
1544802588.29
1544802588.33
1544802588.41
1544802588.49
1544802588.53
1544802588.61
1544802588.66
1544802588.69
1544802588.75
1544802588.81
1544802588.86
1544802588.91
1544802588.95
1544802589.02
1544802589.09
1544802589.12
1544802589.16
1544802589.22
1544802589.29
1544802589.33
1544802589.41
1544802589.49
1544802589.54
1544802589.66
1544802589.71
1544802589.77
1544802589.82
1544802589.88
1544802589.93
1544802589.99
1544802590.06
1544802590.11
1544802590.17
1544802590.23
1544802590.3
1544802590.37
1544802590.45
1544802590.49
1544802590.53
1544802590.6
1544802590.65
1544802590.69
1544802590.74
1544802590.81
1544802590.89
1544802590.94
1544802591.03
1544802591.08
1544802591.15
1544802591.21
1544802591.26
1544802591.32
1544802591.38
1544802591.43
1544802591.47
1544802591.5
1544802591.55
1544802591.61
1544802591.68
1544802591.72
1544802591.8
1544802591.89
1544802591.93
1544802592.01
1544802592.06
1544802592.11
1544802592.16
1544802592.22
1544802592.28
1544802592.32
1544802592.36
1544802592.41
1544802592.47
1544802592.51
1544802592.56
1544802592.65
1544802592.7
1544802592.79
1544802592.86
1544802592.9
1544802592.99
1544802593.08
1544802593.12
1544802593.2
1544802593.26
1544802593.29
1544802593.33
1544802593.37
1544802593.41
1544802593.46
1544802593.52
1544802593.55
1544802593.6
1544802593.65
1544802593.69
1544802593.72
1544802593.77
1544802593.83
1544802593.89
1544802593.92
1544802593.96
1544802594.01
1544802594.07
1544802594.12
1544802594.18
1544802594.27
1544802594.32
1544802594.38
1544802594.44
1544802594.5
1544802594.55
1544802594.59
1544802594.63
1544802594.7
1544802594.79
1544802594.85
1544802594.88
1544802594.93
1544802595.01
1544802595.07
1544802595.1
1544802595.13
1544802595.2
1544802595.25
1544802595.3
1544802595.38
1544802595.49
1544802595.61
1544802595.66
1544802595.75
1544802595.82
1544802595.91
1544802596.0
1544802596.09
1544802596.19
1544802596.27
1544802596.36
1544802596.43
1544802596.49
1544802596.54
1544802596.63
1544802596.72
1544802596.81
1544802596.9
1544802597.0
1544802597.09
1544802597.17
1544802597.24
1544802597.33
1544802597.41
1544802597.48
1544802597.56
1544802597.65
1544802597.73
1544802597.85
1544802597.89
1544802597.93
1544802597.99
1544802598.07
1544802598.12
1544802598.2
1544802598.26
1544802598.3
1544802598.33
1544802598.37
1544802598.44
1544802598.49
1544802598.55
1544802598.6
1544802598.68
1544802598.73
1544802598.79
1544802598.85
1544802598.91
1544802598.95
1544802599.01
1544802599.07
1544802599.11
1544802599.17
1544802599.22
1544802599.26
1544802599.3
1544802599.37
1544802599.42
1544802599.47
1544802599.52
1544802599.56
1544802599.62
1544802599.67
1544802599.71
1544802599.78
1544802599.84
1544802599.9
1544802599.94
1544802599.98
1544802600.04
1544802600.09
1544802600.13
1544802600.2
1544802600.25
1544802600.29
1544802600.32
1544802600.39
1544802600.46
1544802600.51
1544802600.56
1544802600.6
1544802600.66
1544802600.7
1544802600.74
1544802600.8
1544802600.85
1544802600.88
1544802600.92
1544802600.96
1544802601.02
1544802601.08
1544802601.12
1544802601.18
1544802601.23
1544802601.28
1544802601.31
1544802601.37
1544802601.42
1544802601.49
1544802601.52
1544802601.56
1544802601.62
1544802601.67
1544802601.71
1544802601.75
1544802601.82
1544802601.88
1544802601.91
1544802601.95
1544802602.01
1544802602.08
1544802602.13
1544802602.19
1544802602.26
1544802602.31
1544802602.37
1544802602.44
1544802602.5
1544802602.54
1544802602.62
1544802602.68
1544802602.71
1544802602.75
1544802602.83
1544802602.89
1544802602.93
1544802602.97
1544802603.02
1544802603.07
1544802603.11
1544802603.15
1544802603.21
1544802603.26
1544802603.3
1544802603.35
1544802603.41
1544802603.47
1544802603.52
1544802603.59
1544802603.65
1544802603.75
1544802603.84
1544802603.91
1544802603.96
1544802604.03
1544802604.11
1544802604.19
1544802604.27
1544802604.35
1544802604.41
1544802604.5
1544802604.58
1544802604.62
1544802604.71
1544802604.77
1544802604.82
1544802604.9
1544802604.98
1544802605.1
1544802605.17
1544802605.26
1544802605.36
1544802605.46
1544802605.54
1544802605.63
1544802605.68
1544802605.73
1544802605.81
1544802605.86
1544802605.91
1544802605.99
1544802606.06
1544802606.11
1544802606.17
1544802606.27
1544802606.33
1544802606.4
1544802606.47
1544802606.56
1544802606.61
1544802606.66
1544802606.69
1544802606.74
1544802606.81
1544802606.88
1544802606.92
1544802606.99
1544802607.05
1544802607.1
1544802607.2
1544802607.3
1544802607.39
1544802607.45
1544802607.49
1544802607.54
1544802607.59
1544802607.64
1544802607.71
1544802607.77
1544802607.81
1544802607.85
1544802607.93
1544802607.98
1544802608.02
1544802608.08
1544802608.12
1544802608.17
1544802608.21
1544802608.26
1544802608.32
1544802608.37
1544802608.42
1544802608.46
1544802608.53
1544802608.58
1544802608.62
1544802608.68
1544802608.73
1544802608.79
1544802608.83
1544802608.9
1544802608.95
1544802609.0
1544802609.04
1544802609.1
1544802609.18
1544802609.22
1544802609.26
1544802609.32
1544802609.37
1544802609.43
1544802609.53
1544802609.6
1544802609.65
1544802609.71
1544802609.76
1544802609.81
1544802609.87
1544802609.92
1544802609.98
1544802610.01
1544802610.05
1544802610.1
1544802610.16
1544802610.2
1544802610.26
1544802610.32
1544802610.37
1544802610.41
1544802610.45
1544802610.51
1544802610.58
1544802610.62
1544802610.68
1544802610.72
1544802610.77
1544802610.81
1544802610.85
1544802610.9
1544802610.95
1544802610.99
1544802611.03
1544802611.07
1544802611.13
1544802611.19
1544802611.23
1544802611.28
1544802611.36
1544802611.4
1544802611.44
1544802611.52
1544802611.59
1544802611.62
1544802611.69
1544802611.75
1544802611.78
1544802611.82
1544802611.91
1544802611.98
1544802612.02
1544802612.07
1544802612.12
1544802612.19
1544802612.22
1544802612.27
1544802612.31
1544802612.35
1544802612.4
1544802612.44
1544802612.53
1544802612.6
1544802612.65
1544802612.73
1544802612.8
1544802612.85
1544802612.94
1544802613.01
1544802613.06
1544802613.11
1544802613.15
1544802613.19
1544802613.23
1544802613.27
1544802613.33
1544802613.38
1544802613.42
1544802613.48
1544802613.53
1544802613.58
1544802613.61
1544802613.66
1544802613.69
1544802613.73
1544802613.77
1544802613.81
1544802613.85
1544802613.9
1544802613.95
1544802613.99
1544802614.03
1544802614.11
1544802614.17
1544802614.21
1544802614.25
1544802614.34
1544802614.39
1544802614.42
1544802614.47
1544802614.51
1544802614.55
1544802614.61
1544802614.65
1544802614.68
1544802614.74
1544802614.78
1544802614.82
1544802614.88
1544802614.92
1544802614.99
1544802615.03
1544802615.07
1544802615.14
1544802615.19
1544802615.22
1544802615.26
1544802615.3
1544802615.36
1544802615.41
1544802615.45
1544802615.51
1544802615.59
1544802615.63
1544802615.71
1544802615.77
1544802615.81
1544802615.85
1544802615.92
1544802615.98
1544802616.01
1544802616.06
1544802616.1
1544802616.16
1544802616.2
1544802616.24
1544802616.31
1544802616.37
1544802616.41
1544802616.47
1544802616.51
1544802616.57
1544802616.61
1544802616.66
1544802616.72
1544802616.78
1544802616.82
1544802616.9
1544802616.97
1544802617.03
1544802617.09
1544802617.16
1544802617.2
1544802617.25
1544802617.31
1544802617.37
1544802617.42
1544802617.47
1544802617.54
1544802617.6
1544802617.65
1544802617.7
1544802617.75
1544802617.79
1544802617.83
1544802617.89
1544802617.94
1544802618.0
1544802618.04
1544802618.08
1544802618.14
1544802618.2
1544802618.25
1544802618.31
1544802618.36
1544802618.41
1544802618.45
1544802618.52
1544802618.62
1544802618.71
1544802618.78
1544802618.83
1544802618.88
1544802618.96
1544802619.03
1544802619.13
1544802619.2
1544802619.26
1544802619.32
1544802619.38
1544802619.44
1544802619.51
1544802619.6
1544802619.66
1544802619.73
1544802619.8
1544802619.88
1544802619.96
1544802620.04
1544802620.12
1544802620.2
1544802620.28
1544802620.35
1544802620.4
1544802620.45
1544802620.49
1544802620.58
1544802620.66
1544802620.74
1544802620.81
1544802620.88
1544802620.95
1544802621.04
1544802621.13
1544802621.22
1544802621.31
1544802621.37
1544802621.41
1544802621.45
1544802621.52
1544802621.61
1544802621.69
1544802621.76
1544802621.82
1544802621.91
1544802621.99
1544802622.07
1544802622.15
1544802622.19
1544802622.25
1544802622.29
1544802622.36
1544802622.41
1544802622.47
1544802622.57
1544802622.68
1544802622.78
1544802622.88
1544802622.92
1544802622.97
1544802623.03
1544802623.09
1544802623.19
1544802623.27
1544802623.37
1544802623.45
1544802623.51
1544802623.56
1544802623.6
1544802623.63
1544802623.67
1544802623.72
1544802623.78
1544802623.82
1544802623.86
1544802623.92
1544802623.99
1544802624.04
1544802624.08
1544802624.11
1544802624.16
1544802624.2
1544802624.25
1544802624.29
1544802624.33
1544802624.38
1544802624.42
1544802624.46
1544802624.51
1544802624.58
1544802624.62
1544802624.67
1544802624.72
1544802624.78
1544802624.83
1544802624.89
1544802624.97
1544802625.01
1544802625.05
1544802625.09
1544802625.16
1544802625.2
1544802625.24
1544802625.31
1544802625.37
1544802625.41
1544802625.46
1544802625.52
1544802625.56
1544802625.6
1544802625.66
1544802625.72
1544802625.79
1544802625.83
1544802625.91
1544802625.96
1544802626.01
1544802626.06
1544802626.13
1544802626.18
1544802626.22
1544802626.26
1544802626.3
1544802626.35
1544802626.39
1544802626.44
1544802626.5
1544802626.54
1544802626.59
1544802626.62
1544802626.67
1544802626.71
1544802626.76
1544802626.83
1544802626.91
1544802626.96
1544802627.03
1544802627.15
1544802627.2
1544802627.23
1544802627.3
1544802627.37
1544802627.41
1544802627.46
1544802627.5
1544802627.56
1544802627.6
1544802627.64
1544802627.71
1544802627.8
1544802627.86
1544802627.94
1544802628.02
1544802628.09
1544802628.18
1544802628.25
1544802628.33
1544802628.41
1544802628.51
1544802628.59
1544802628.67
1544802628.71
1544802628.76
1544802628.8
1544802628.85
1544802628.89
1544802628.95
1544802629.0
1544802629.09
1544802629.16
1544802629.23
1544802629.33
1544802629.42
1544802629.49
1544802629.57
1544802629.66
1544802629.74
1544802629.83
1544802629.89
1544802629.93
1544802629.98
1544802630.02
1544802630.07
1544802630.12
1544802630.2
1544802630.28
1544802630.39
1544802630.46
1544802630.56
1544802630.66
1544802630.73
1544802630.83
1544802630.92
1544802631.0
1544802631.05
1544802631.11
1544802631.16
1544802631.21
1544802631.27
1544802631.33
1544802631.4
1544802631.49
1544802631.58
1544802631.67
1544802631.73
1544802631.79
1544802631.83
1544802631.9
1544802631.96
1544802632.0
1544802632.04
1544802632.08
1544802632.15
1544802632.21
1544802632.26
1544802632.31
1544802632.36
1544802632.4
1544802632.44
1544802632.49
1544802632.53
1544802632.58
1544802632.62
1544802632.66
1544802632.75
1544802632.79
1544802632.83
1544802632.9
1544802632.97
1544802633.01
1544802633.05
1544802633.1
1544802633.16
1544802633.2
1544802633.25
1544802633.31
1544802633.35
1544802633.39
1544802633.43
1544802633.48
1544802633.53
1544802633.58
1544802633.63
1544802633.69
1544802633.72
1544802633.78
1544802633.81
1544802633.84
1544802633.9
1544802633.95
1544802633.99
1544802634.03
1544802634.07
1544802634.12
1544802634.19
1544802634.24
1544802634.28
1544802634.34
1544802634.4
1544802634.43
1544802634.5
1544802634.58
1544802634.62
1544802634.66
1544802634.72
1544802634.77
1544802634.81
1544802634.86
1544802634.92
1544802634.96
1544802635.0
1544802635.05
1544802635.13
1544802635.18
1544802635.22
1544802635.28
1544802635.35
1544802635.4
1544802635.45
1544802635.49
1544802635.53
1544802635.57
1544802635.61
1544802635.66
1544802635.72
1544802635.77
1544802635.8
1544802635.84
1544802635.92
1544802635.97
1544802636.01
1544802636.07
1544802636.14
1544802636.2
1544802636.26
1544802636.32
1544802636.36
1544802636.42
1544802636.48
1544802636.53
1544802636.58
1544802636.62
1544802636.68
1544802636.73
1544802636.77
1544802636.81
1544802636.84
1544802636.9
1544802636.95
1544802636.99
1544802637.03
1544802637.08
1544802637.14
1544802637.18
1544802637.22
1544802637.29
1544802637.37
1544802637.41
1544802637.45
1544802637.53
1544802637.59
1544802637.63
1544802637.67
1544802637.74
1544802637.79
1544802637.82
1544802637.86
1544802637.93
1544802637.99
1544802638.03
1544802638.1
1544802638.18
1544802638.22
1544802638.27
1544802638.31
1544802638.36
1544802638.4
1544802638.44
1544802638.48
1544802638.53
1544802638.58
1544802638.62
1544802638.68
1544802638.73
1544802638.77
1544802638.81
1544802638.87
1544802638.94
1544802638.99
1544802639.02
1544802639.07
1544802639.14
1544802639.19
1544802639.24
1544802639.3
1544802639.36
1544802639.4
1544802639.47
1544802639.54
1544802639.58
1544802639.62
1544802639.67
1544802639.73
1544802639.78
1544802639.81
1544802639.86
1544802639.92
1544802639.97
1544802640.02
1544802640.09
1544802640.15
1544802640.19
1544802640.22
1544802640.27
1544802640.3
1544802640.35
1544802640.39
1544802640.42
1544802640.47
1544802640.51
1544802640.57
1544802640.6
1544802640.64
1544802640.71
1544802640.76
1544802640.79
1544802640.85
1544802640.89
1544802640.96
1544802641.0
1544802641.05
1544802641.1
1544802641.15
1544802641.18
1544802641.23
1544802641.31
1544802641.41
1544802641.49
1544802641.57
1544802641.6
1544802641.65
1544802641.72
1544802641.81
1544802641.86
1544802641.92
1544802641.98
1544802642.06
1544802642.13
1544802642.2
1544802642.26
1544802642.3
1544802642.39
1544802642.48
1544802642.56
1544802642.65
1544802642.73
1544802642.81
1544802642.89
1544802642.96
1544802643.01
1544802643.06
1544802643.11
1544802643.17
1544802643.21
1544802643.26
1544802643.3
1544802643.35
1544802643.42
1544802643.48
1544802643.53
1544802643.65
1544802643.68
1544802643.72
1544802643.76
1544802643.83
1544802643.88
1544802643.92
1544802643.97
1544802644.03
1544802644.08
1544802644.13
1544802644.19
1544802644.23
1544802644.29
1544802644.33
1544802644.37
1544802644.41
1544802644.46
1544802644.49
1544802644.54
1544802644.6
1544802644.67
1544802644.7
1544802644.76
1544802644.83
1544802644.89
1544802644.93
1544802644.99
1544802645.05
1544802645.09
1544802645.13
1544802645.18
1544802645.23
1544802645.27
1544802645.32
1544802645.38
1544802645.46
1544802645.5
1544802645.56
1544802645.62
1544802645.67
1544802645.71
1544802645.76
1544802645.81
1544802645.88
1544802645.91
1544802645.96
1544802646.01
1544802646.06
1544802646.1
1544802646.15
1544802646.21
1544802646.27
1544802646.3
1544802646.35
1544802646.4
1544802646.45
1544802646.49
1544802646.56
1544802646.66
1544802646.73
1544802646.81
1544802646.89
1544802646.92
1544802646.98
1544802647.04
1544802647.1
1544802647.14
1544802647.19
1544802647.25
1544802647.29
1544802647.33
1544802647.37
1544802647.43
1544802647.48
1544802647.53
1544802647.6
1544802647.67
1544802647.75
1544802647.81
1544802647.87
1544802647.91
1544802647.99
1544802648.05
1544802648.14
1544802648.22
1544802648.29
1544802648.38
1544802648.47
1544802648.53
1544802648.59
1544802648.64
1544802648.72
1544802648.79
1544802648.87
1544802648.96
1544802649.05
1544802649.17
1544802649.26
1544802649.36
1544802649.46
1544802649.56
1544802649.65
1544802649.72
1544802649.79
1544802649.88
1544802649.95
1544802650.02
1544802650.11
1544802650.2
1544802650.28
1544802650.37
1544802650.45
1544802650.52
1544802650.59
1544802650.65
1544802650.7
1544802650.74
1544802650.79
1544802650.83
1544802650.88
1544802650.92
1544802650.98
1544802651.01
1544802651.05
1544802651.09
1544802651.13
1544802651.2
1544802651.26
1544802651.29
1544802651.33
1544802651.4
1544802651.46
1544802651.5
1544802651.54
1544802651.59
1544802651.65
1544802651.7
1544802651.76
1544802651.81
1544802651.88
1544802651.93
1544802652.0
1544802652.05
1544802652.11
1544802652.17
1544802652.25
1544802652.29
1544802652.35
1544802652.41
1544802652.46
1544802652.51
1544802652.56
1544802652.63
1544802652.69
1544802652.72
1544802652.77
1544802652.82
1544802652.87
1544802652.9
1544802652.96
1544802653.03
1544802653.09
1544802653.13
1544802653.17
1544802653.26
1544802653.31
1544802653.36
1544802653.43
1544802653.49
1544802653.53
1544802653.59
1544802653.64
1544802653.69
1544802653.73
1544802653.79
1544802653.85
1544802653.88
1544802653.92
1544802653.96
1544802654.01
1544802654.07
1544802654.1
1544802654.14
1544802654.2
1544802654.27
1544802654.31
1544802654.37
1544802654.4
1544802654.44
1544802654.48
1544802654.52
1544802654.59
1544802654.66
1544802654.7
1544802654.72
1544802654.78
1544802654.85
1544802654.89
1544802654.93
1544802654.98
1544802655.05
1544802655.09
1544802655.13
1544802655.18
1544802655.23
1544802655.29
1544802655.31
1544802655.36
1544802655.41
1544802655.46
1544802655.5
1544802655.55
1544802655.61
1544802655.66
1544802655.7
1544802655.75
1544802655.8
1544802655.83
1544802655.88
1544802655.92
1544802655.97
1544802656.04
1544802656.09
1544802656.14
1544802656.21
1544802656.26
1544802656.3
1544802656.34
1544802656.38
1544802656.42
1544802656.46
1544802656.51
1544802656.55
1544802656.61
1544802656.69
1544802656.75
1544802656.79
1544802656.85
1544802656.88
1544802656.93
1544802656.99
1544802657.04
1544802657.08
1544802657.12
1544802657.17
1544802657.22
1544802657.27
1544802657.31
1544802657.34
1544802657.42
1544802657.49
1544802657.52
1544802657.57
1544802657.62
1544802657.68
1544802657.72
1544802657.77
1544802657.87
1544802657.91
1544802657.98
1544802658.05
1544802658.1
1544802658.13
1544802658.18
1544802658.26
1544802658.3
1544802658.33
1544802658.39
1544802658.45
1544802658.5
1544802658.53
1544802658.59
1544802658.67
1544802658.71
1544802658.75
1544802658.81
1544802658.89
1544802658.92
1544802658.98
1544802659.05
1544802659.1
1544802659.13
1544802659.18
1544802659.24
1544802659.29
1544802659.33
1544802659.4
1544802659.46
1544802659.5
1544802659.54
1544802659.6
1544802659.64
1544802659.68
1544802659.71
1544802659.76
1544802659.83
1544802659.88
1544802659.92
1544802659.97
1544802660.02
1544802660.08
1544802660.12
1544802660.17
1544802660.21
1544802660.27
1544802660.31
1544802660.35
1544802660.39
1544802660.43
1544802660.49
1544802660.52
1544802660.56
1544802660.59
1544802660.64
1544802660.69
1544802660.73
1544802660.78
1544802660.82
1544802660.87
1544802660.91
1544802660.96
1544802661.0
1544802661.06
1544802661.1
1544802661.14
1544802661.21
1544802661.26
1544802661.29
1544802661.33
1544802661.41
1544802661.48
1544802661.51
1544802661.56
1544802661.61
1544802661.66
1544802661.7
1544802661.74
1544802661.8
1544802661.86
1544802661.91
1544802661.95
1544802662.0
1544802662.05
1544802662.08
1544802662.12
1544802662.17
1544802662.22
1544802662.27
1544802662.31
1544802662.36
1544802662.39
1544802662.45
1544802662.48
1544802662.52
1544802662.58
1544802662.65
1544802662.69
1544802662.75
1544802662.8
1544802662.85
1544802662.89
1544802662.94
1544802663.01
1544802663.07
1544802663.12
1544802663.17
1544802663.21
1544802663.27
1544802663.31
1544802663.37
1544802663.41
1544802663.47
1544802663.51
1544802663.56
1544802663.61
1544802663.68
1544802663.72
1544802663.77
1544802663.82
1544802663.88
1544802663.91
1544802663.96
1544802664.02
1544802664.09
1544802664.14
1544802664.22
1544802664.29
1544802664.33
1544802664.42
1544802664.53
1544802664.62
1544802664.69
1544802664.78
1544802664.88
1544802664.98
1544802665.05
1544802665.17
1544802665.26
1544802665.36
1544802665.46
1544802665.56
1544802665.66
1544802665.77
1544802665.88
1544802665.96
1544802666.05
1544802666.13
1544802666.23
1544802666.34
1544802666.42
1544802666.48
1544802666.52
1544802666.57
1544802666.67
1544802666.78
1544802666.85
1544802666.9
1544802666.99
1544802667.02
1544802667.06
1544802667.11
1544802667.16
1544802667.19
1544802667.23
1544802667.35
1544802667.4
1544802667.44
1544802667.52
1544802667.59
1544802667.63
1544802667.72
1544802667.8
1544802667.85
1544802667.89
1544802667.94
1544802668.0
1544802668.05
1544802668.12
1544802668.18
1544802668.23
1544802668.28
1544802668.35
1544802668.41
1544802668.49
1544802668.53
1544802668.59
1544802668.62
1544802668.68
1544802668.72
1544802668.78
1544802668.82
1544802668.87
1544802668.95
1544802669.0
1544802669.05
1544802669.12
1544802669.18
1544802669.22
1544802669.29
1544802669.39
1544802669.45
1544802669.5
1544802669.57
1544802669.61
1544802669.66
1544802669.72
1544802669.76
1544802669.8
1544802669.85
1544802669.92
1544802669.96
1544802670.01
1544802670.06
1544802670.15
1544802670.21
1544802670.25
1544802670.33
1544802670.4
1544802670.46
1544802670.52
1544802670.59
1544802670.64
1544802670.75
1544802670.79
1544802670.82
1544802670.86
1544802670.92
1544802670.97
1544802671.02
1544802671.06
1544802671.12
1544802671.18
1544802671.21
1544802671.25
1544802671.32
1544802671.38
1544802671.42
1544802671.48
1544802671.56
1544802671.61
1544802671.65
1544802671.71
1544802671.78
1544802671.86
1544802671.95
1544802672.03
1544802672.08
1544802672.12
1544802672.19
1544802672.28
1544802672.36
1544802672.44
1544802672.51
1544802672.58
1544802672.62
1544802672.68
1544802672.77
1544802672.85
1544802672.89
1544802672.94
1544802673.01
1544802673.07
1544802673.13
1544802673.23
1544802673.31
1544802673.38
1544802673.46
1544802673.53
1544802673.62
1544802673.69
1544802673.76
1544802673.83
1544802673.91
1544802673.97
1544802674.03
1544802674.09
1544802674.16
1544802674.22
1544802674.3
1544802674.38
1544802674.45
1544802674.55
1544802674.59
1544802674.63
1544802674.7
1544802674.76
1544802674.79
1544802674.83
1544802674.9
1544802674.97
1544802675.0
1544802675.06
1544802675.12
1544802675.17
1544802675.22
1544802675.27
1544802675.32
1544802675.37
1544802675.4
1544802675.45
1544802675.51
1544802675.57
1544802675.62
1544802675.66
1544802675.7
1544802675.76
1544802675.79
1544802675.83
1544802675.89
1544802675.94
1544802675.99
1544802676.03
1544802676.09
1544802676.15
1544802676.2
1544802676.24
1544802676.31
1544802676.37
1544802676.41
1544802676.45
1544802676.51
1544802676.56
1544802676.6
1544802676.64
1544802676.71
1544802676.76
1544802676.82
1544802676.9
1544802676.98
1544802677.03
1544802677.08
1544802677.15
1544802677.19
1544802677.22
1544802677.26
1544802677.3
1544802677.35
1544802677.4
1544802677.44
1544802677.51
1544802677.57
1544802677.6
1544802677.63
1544802677.7
1544802677.76
1544802677.8
1544802677.83
1544802677.89
1544802677.95
1544802678.0
1544802678.05
1544802678.11
1544802678.16
1544802678.21
1544802678.26
1544802678.32
1544802678.37
1544802678.41
1544802678.46
1544802678.56
1544802678.63
1544802678.69
1544802678.77
1544802678.8
1544802678.84
1544802678.92
1544802678.97
1544802679.01
1544802679.06
1544802679.12
1544802679.17
1544802679.21
1544802679.25
1544802679.32
1544802679.38
1544802679.42
1544802679.47
1544802679.54
1544802679.58
1544802679.63
1544802679.67
1544802679.73
1544802679.77
1544802679.82
1544802679.87
1544802679.92
1544802679.96
1544802680.0
1544802680.06
1544802680.11
1544802680.18
1544802680.23
1544802680.33
1544802680.4
1544802680.47
1544802680.56
1544802680.61
1544802680.67
1544802680.75
1544802680.8
1544802680.85
1544802680.91
1544802680.96
1544802681.01
1544802681.06
1544802681.14
1544802681.2
1544802681.24
1544802681.33
1544802681.39
1544802681.44
1544802681.54
1544802681.59
1544802681.63
1544802681.67
1544802681.72
1544802681.77
1544802681.81
1544802681.87
1544802681.93
1544802681.98
1544802682.02
1544802682.08
1544802682.15
1544802682.21
1544802682.25
1544802682.29
1544802682.35
1544802682.4
1544802682.45
1544802682.55
1544802682.6
1544802682.63
1544802682.69
1544802682.74
1544802682.8
1544802682.86
1544802682.9
1544802682.94
1544802683.0
1544802683.07
1544802683.11
1544802683.16
1544802683.2
1544802683.26
1544802683.3
1544802683.4
1544802683.52
1544802683.62
1544802683.71
1544802683.8
1544802683.86
1544802683.91
1544802683.96
1544802684.03
1544802684.13
1544802684.23
1544802684.31
1544802684.41
1544802684.52
1544802684.61
1544802684.66
1544802684.76
1544802684.87
1544802684.99
1544802685.06
1544802685.14
1544802685.21
1544802685.29
1544802685.37
1544802685.44
1544802685.52
1544802685.6
1544802685.69
1544802685.76
1544802685.85
1544802685.94
1544802686.01
1544802686.1
1544802686.17
1544802686.21
1544802686.25
1544802686.32
1544802686.38
1544802686.44
1544802686.49
1544802686.56
1544802686.6
1544802686.64
1544802686.71
1544802686.78
1544802686.81
1544802686.86
1544802686.91
1544802686.96
1544802687.01
1544802687.08
1544802687.14
1544802687.19
1544802687.23
1544802687.29
1544802687.36
1544802687.4
1544802687.44
1544802687.49
1544802687.57
1544802687.61
1544802687.66
1544802687.72
1544802687.78
1544802687.81
1544802687.85
1544802687.92
1544802687.97
1544802688.01
1544802688.06
1544802688.12
1544802688.18
1544802688.21
1544802688.26
1544802688.31
1544802688.35
1544802688.39
1544802688.43
1544802688.5
1544802688.57
1544802688.62
1544802688.69
1544802688.75
1544802688.8
1544802688.84
1544802688.91
1544802688.97
1544802689.01
1544802689.05
1544802689.1
1544802689.14
1544802689.18
1544802689.23
1544802689.29
1544802689.36
1544802689.4
1544802689.46
1544802689.51
1544802689.56
1544802689.61
1544802689.66
1544802689.73
1544802689.8
1544802689.86
1544802689.94
1544802690.0
1544802690.04
1544802690.11
1544802690.17
1544802690.26
1544802690.37
1544802690.47
1544802690.55
1544802690.63
1544802690.7
1544802690.83
1544802690.95
1544802691.02
1544802691.07
1544802691.17
1544802691.26
1544802691.31
1544802691.38
1544802691.45
1544802691.51
1544802691.61
1544802691.7
1544802691.75
1544802691.8
1544802691.87
1544802691.94
1544802692.0
1544802692.07
1544802692.15
1544802692.23
1544802692.3
1544802692.37
1544802692.45
1544802692.52
1544802692.59
1544802692.68
1544802692.75
1544802692.8
1544802692.87
1544802692.91
1544802692.97
1544802693.02
1544802693.07
1544802693.1
1544802693.14
1544802693.19
1544802693.26
1544802693.31
1544802693.39
1544802693.46
1544802693.5
1544802693.53
1544802693.62
1544802693.67
1544802693.71
1544802693.74
1544802693.82
1544802693.86
1544802693.9
1544802693.95
1544802694.0
1544802694.05
1544802694.08
1544802694.12
1544802694.16
1544802694.21
1544802694.27
1544802694.31
1544802694.37
1544802694.44
1544802694.48
1544802694.53
1544802694.58
1544802694.65
1544802694.69
1544802694.74
1544802694.81
1544802694.87
1544802694.91
1544802694.95
1544802695.04
1544802695.09
1544802695.13
1544802695.19
1544802695.24
1544802695.28
1544802695.32
1544802695.38
1544802695.43
1544802695.49
1544802695.53
1544802695.59
1544802695.65
1544802695.69
1544802695.73
1544802695.8
1544802695.85
1544802695.89
1544802695.94
1544802695.99
1544802696.04
1544802696.09
1544802696.12
1544802696.18
1544802696.26
1544802696.3
1544802696.35
1544802696.4
1544802696.45
1544802696.51
1544802696.56
1544802696.62
1544802696.68
1544802696.71
1544802696.79
1544802696.83
1544802696.88
1544802696.92
1544802696.99
1544802697.06
1544802697.11
1544802697.16
1544802697.2
1544802697.24
1544802697.3
1544802697.36
1544802697.41
1544802697.46
1544802697.5
1544802697.53
1544802697.58
1544802697.63
1544802697.67
1544802697.71
1544802697.75
1544802697.83
1544802697.89
1544802697.93
1544802697.99
1544802698.06
1544802698.09
1544802698.13
1544802698.19
1544802698.25
1544802698.29
1544802698.32
1544802698.38
1544802698.46
1544802698.52
1544802698.59
1544802698.67
1544802698.72
1544802698.77
1544802698.83
1544802698.89
1544802698.93
1544802698.99
1544802699.07
1544802699.12
1544802699.18
1544802699.28
1544802699.32
1544802699.38
1544802699.44
1544802699.5
1544802699.55
1544802699.59
1544802699.65
1544802699.7
1544802699.74
1544802699.82
1544802699.89
1544802699.92
1544802700.0
1544802700.07
1544802700.11
1544802700.15
1544802700.2
1544802700.25
1544802700.28
1544802700.32
1544802700.38
1544802700.44
1544802700.48
1544802700.52
1544802700.57
1544802700.61
1544802700.66
1544802700.7
1544802700.75
1544802700.79
1544802700.83
1544802700.89
1544802700.93
1544802700.99
1544802701.05
1544802701.09
1544802701.12
1544802701.18
1544802701.23
1544802701.28
1544802701.32
1544802701.38
1544802701.46
1544802701.5
1544802701.58
1544802701.64
1544802701.69
1544802701.72
1544802701.78
1544802701.82
1544802701.86
1544802701.91
1544802701.96
1544802702.02
1544802702.08
1544802702.14
1544802702.19
1544802702.24
1544802702.3
1544802702.37
1544802702.46
1544802702.55
1544802702.61
1544802702.69
1544802702.76
1544802702.84
1544802702.92
1544802702.99
1544802703.08
1544802703.15
1544802703.23
1544802703.32
1544802703.37
1544802703.42
1544802703.47
1544802703.52
1544802703.57
1544802703.65
1544802703.73
1544802703.81
1544802703.9
1544802703.98
1544802704.07
1544802704.15
1544802704.24
1544802704.3
1544802704.36
1544802704.46
1544802704.5
1544802704.54
1544802704.58
1544802704.63
1544802704.69
1544802704.73
1544802704.85
1544802704.89
1544802704.95
1544802705.04
1544802705.08
1544802705.13
1544802705.21
1544802705.26
1544802705.32
1544802705.4
1544802705.46
1544802705.5
1544802705.55
1544802705.62
1544802705.68
1544802705.71
1544802705.74
1544802705.78
1544802705.82
1544802705.87
1544802705.91
1544802705.95
1544802706.01
1544802706.06
1544802706.09
1544802706.13
1544802706.18
1544802706.24
1544802706.27
1544802706.31
1544802706.37
1544802706.43
1544802706.48
1544802706.52
1544802706.56
1544802706.62
1544802706.68
1544802706.73
1544802706.81
1544802706.87
1544802706.91
1544802707.0
1544802707.07
1544802707.12
1544802707.2
1544802707.28
1544802707.35
1544802707.42
1544802707.48
1544802707.52
1544802707.57
1544802707.62
1544802707.66
1544802707.71
1544802707.76
1544802707.83
1544802707.88
1544802707.92
1544802707.97
1544802708.02
1544802708.09
1544802708.17
1544802708.21
1544802708.26
1544802708.3
1544802708.36
1544802708.43
1544802708.53
1544802708.62
1544802708.71
1544802708.78
1544802708.86
1544802708.98
1544802709.09
1544802709.19
1544802709.27
1544802709.33
1544802709.39
1544802709.47
1544802709.55
1544802709.62
1544802709.7
1544802709.79
1544802709.86
1544802709.94
1544802710.01
1544802710.09
1544802710.18
1544802710.26
1544802710.36
1544802710.4
1544802710.46
