1544801962.37
1544801962.48
1544801962.54
1544801962.63
1544801962.7
1544801962.78
1544801962.83
1544801962.88
1544801962.92
1544801962.98
1544801963.02
1544801963.06
1544801963.1
1544801963.14
1544801963.2
1544801963.26
1544801963.33
1544801963.4
1544801963.47
1544801963.53
1544801963.6
1544801963.66
1544801963.72
1544801963.8
1544801963.87
1544801963.94
1544801964.02
1544801964.09
1544801964.19
1544801964.27
1544801964.34
1544801964.42
1544801964.49
1544801964.56
1544801964.63
1544801964.67
1544801964.73
1544801964.8
1544801964.89
1544801964.96
1544801965.0
1544801965.04
1544801965.09
1544801965.13
1544801965.19
1544801965.23
1544801965.32
1544801965.39
1544801965.46
1544801965.5
1544801965.55
1544801965.59
1544801965.65
1544801965.69
1544801965.72
1544801965.77
1544801965.82
1544801965.87
1544801965.91
1544801965.96
1544801966.02
1544801966.06
1544801966.11
1544801966.15
1544801966.21
1544801966.26
1544801966.3
1544801966.35
1544801966.41
1544801966.46
1544801966.51
1544801966.56
1544801966.63
1544801966.68
1544801966.72
1544801966.76
1544801966.87
1544801966.9
1544801966.94
1544801966.98
1544801967.02
1544801967.07
1544801967.1
1544801967.16
1544801967.22
1544801967.27
1544801967.31
1544801967.37
1544801967.43
1544801967.49
1544801967.52
1544801967.57
1544801967.64
1544801967.69
1544801967.73
1544801967.77
1544801967.83
1544801967.87
1544801967.92
1544801968.0
1544801968.06
1544801968.09
1544801968.13
1544801968.18
1544801968.24
1544801968.29
1544801968.34
1544801968.4
1544801968.46
1544801968.49
1544801968.54
1544801968.58
1544801968.64
1544801968.7
1544801968.75
1544801968.79
1544801968.86
1544801968.9
1544801968.93
1544801968.98
1544801969.04
1544801969.08
1544801969.12
1544801969.16
1544801969.21
1544801969.26
1544801969.3
1544801969.34
1544801969.38
1544801969.42
1544801969.47
1544801969.51
1544801969.55
1544801969.61
1544801969.66
1544801969.7
1544801969.74
1544801969.8
1544801969.88
1544801969.91
1544801969.96
1544801970.02
1544801970.07
1544801970.1
1544801970.13
1544801970.2
1544801970.26
1544801970.29
1544801970.32
1544801970.36
1544801970.43
1544801970.47
1544801970.52
1544801970.55
1544801970.64
1544801970.69
1544801970.72
1544801970.76
1544801970.81
1544801970.85
1544801970.89
1544801970.93
1544801970.98
1544801971.03
1544801971.08
1544801971.11
1544801971.17
1544801971.22
1544801971.28
1544801971.32
1544801971.4
1544801971.46
1544801971.5
1544801971.56
1544801971.63
1544801971.69
1544801971.72
1544801971.77
1544801971.82
1544801971.87
1544801971.9
1544801971.94
1544801972.01
1544801972.06
1544801972.1
1544801972.13
1544801972.2
1544801972.26
1544801972.3
1544801972.33
1544801972.41
1544801972.46
1544801972.5
1544801972.54
1544801972.61
1544801972.66
1544801972.71
1544801972.76
1544801972.81
1544801972.86
1544801972.9
1544801972.96
1544801973.0
1544801973.04
1544801973.08
1544801973.11
1544801973.15
1544801973.19
1544801973.24
1544801973.29
1544801973.32
1544801973.36
1544801973.43
1544801973.49
1544801973.53
1544801973.6
1544801973.66
1544801973.7
1544801973.73
1544801973.83
1544801973.89
1544801973.93
1544801974.0
1544801974.06
1544801974.11
1544801974.16
1544801974.22
1544801974.28
1544801974.33
1544801974.38
1544801974.45
1544801974.53
1544801974.6
1544801974.66
1544801974.74
1544801974.81
1544801974.9
1544801974.98
1544801975.06
1544801975.13
1544801975.2
1544801975.28
1544801975.33
1544801975.39
1544801975.46
1544801975.5
1544801975.54
1544801975.6
1544801975.69
1544801975.77
1544801975.85
1544801975.92
1544801975.99
1544801976.06
1544801976.11
1544801976.14
1544801976.22
1544801976.32
1544801976.39
1544801976.44
1544801976.52
1544801976.57
1544801976.63
1544801976.67
1544801976.72
1544801976.79
1544801976.83
1544801976.89
1544801976.94
1544801976.98
1544801977.02
1544801977.08
1544801977.13
1544801977.18
1544801977.22
1544801977.27
1544801977.34
1544801977.39
1544801977.43
1544801977.47
1544801977.55
1544801977.6
1544801977.64
1544801977.73
1544801977.78
1544801977.82
1544801977.87
1544801977.93
1544801977.98
1544801978.01
1544801978.06
1544801978.12
1544801978.16
1544801978.2
1544801978.24
1544801978.28
1544801978.32
1544801978.38
1544801978.41
1544801978.47
1544801978.52
1544801978.56
1544801978.61
1544801978.64
1544801978.7
1544801978.74
1544801978.78
1544801978.82
1544801978.88
1544801978.93
1544801978.98
1544801979.02
1544801979.07
1544801979.13
1544801979.2
1544801979.23
1544801979.31
1544801979.37
1544801979.41
1544801979.45
1544801979.5
1544801979.57
1544801979.61
1544801979.66
1544801979.7
1544801979.74
1544801979.78
1544801979.82
1544801979.87
1544801979.91
1544801979.98
1544801980.02
1544801980.08
1544801980.16
1544801980.21
1544801980.25
1544801980.32
1544801980.36
1544801980.4
1544801980.44
1544801980.48
1544801980.51
1544801980.55
1544801980.59
1544801980.62
1544801980.66
1544801980.72
1544801980.77
1544801980.8
1544801980.84
1544801980.87
1544801980.93
1544801980.98
1544801981.02
1544801981.08
1544801981.14
1544801981.18
1544801981.22
1544801981.3
1544801981.36
1544801981.4
1544801981.43
1544801981.47
1544801981.51
1544801981.55
1544801981.59
1544801981.63
1544801981.68
1544801981.74
1544801981.79
1544801981.82
1544801981.87
1544801981.93
1544801981.97
1544801982.01
1544801982.05
1544801982.1
1544801982.15
1544801982.2
1544801982.24
1544801982.3
1544801982.36
1544801982.4
1544801982.46
1544801982.51
1544801982.54
1544801982.59
1544801982.62
1544801982.67
1544801982.74
1544801982.8
1544801982.84
1544801982.91
1544801982.94
1544801982.98
1544801983.03
1544801983.08
1544801983.12
1544801983.16
1544801983.2
1544801983.25
1544801983.28
1544801983.35
1544801983.39
1544801983.42
1544801983.48
1544801983.51
1544801983.56
1544801983.61
1544801983.63
1544801983.68
1544801983.75
1544801983.79
1544801983.84
1544801983.9
1544801983.96
1544801984.0
1544801984.03
1544801984.11
1544801984.17
1544801984.21
1544801984.24
1544801984.29
1544801984.36
1544801984.42
1544801984.48
1544801984.54
1544801984.61
1544801984.68
1544801984.75
1544801984.82
1544801984.89
1544801984.97
1544801985.01
1544801985.06
1544801985.12
1544801985.18
1544801985.21
1544801985.27
1544801985.34
1544801985.4
1544801985.47
1544801985.51
1544801985.56
1544801985.64
1544801985.69
1544801985.78
1544801985.87
1544801985.96
1544801986.01
1544801986.06
1544801986.13
1544801986.21
1544801986.29
1544801986.34
1544801986.39
1544801986.47
1544801986.54
1544801986.61
1544801986.68
1544801986.74
1544801986.82
1544801986.89
1544801986.93
1544801986.99
1544801987.04
1544801987.12
1544801987.17
1544801987.22
1544801987.27
1544801987.32
1544801987.38
1544801987.43
1544801987.47
1544801987.52
1544801987.57
1544801987.61
1544801987.65
1544801987.71
1544801987.75
1544801987.79
1544801987.82
1544801987.86
1544801987.91
1544801987.95
1544801988.0
1544801988.03
1544801988.08
1544801988.12
1544801988.18
1544801988.22
1544801988.27
1544801988.32
1544801988.36
1544801988.4
1544801988.44
1544801988.49
1544801988.54
1544801988.59
1544801988.64
1544801988.71
1544801988.78
1544801988.82
1544801988.88
1544801988.94
1544801988.99
1544801989.02
1544801989.08
1544801989.13
1544801989.18
1544801989.22
1544801989.26
1544801989.3
1544801989.35
1544801989.41
1544801989.46
1544801989.54
1544801989.59
1544801989.62
1544801989.69
1544801989.75
1544801989.79
1544801989.83
1544801989.87
1544801989.92
1544801989.98
1544801990.03
1544801990.1
1544801990.15
1544801990.2
1544801990.24
1544801990.29
1544801990.37
1544801990.42
1544801990.5
1544801990.56
1544801990.6
1544801990.64
1544801990.74
1544801990.8
1544801990.84
1544801990.91
1544801990.96
1544801991.01
1544801991.05
1544801991.1
1544801991.16
1544801991.2
1544801991.24
1544801991.28
1544801991.37
1544801991.41
1544801991.46
1544801991.52
1544801991.57
1544801991.61
1544801991.67
1544801991.74
1544801991.79
1544801991.82
1544801991.87
1544801991.92
1544801991.98
1544801992.03
1544801992.09
1544801992.15
1544801992.2
1544801992.25
1544801992.32
1544801992.37
1544801992.46
1544801992.52
1544801992.59
1544801992.67
1544801992.73
1544801992.82
1544801992.89
1544801992.94
1544801993.01
1544801993.08
1544801993.13
1544801993.19
1544801993.26
1544801993.33
1544801993.41
1544801993.47
1544801993.52
1544801993.56
1544801993.61
1544801993.65
1544801993.7
1544801993.74
1544801993.79
1544801993.82
1544801993.85
1544801993.89
1544801993.95
1544801994.0
1544801994.03
1544801994.15
1544801994.19
1544801994.23
1544801994.28
1544801994.33
1544801994.39
1544801994.42
1544801994.46
1544801994.55
1544801994.59
1544801994.64
1544801994.71
1544801994.78
1544801994.82
1544801994.86
1544801994.92
1544801994.96
1544801995.01
1544801995.06
1544801995.12
1544801995.17
1544801995.21
1544801995.26
1544801995.34
1544801995.39
1544801995.43
1544801995.48
1544801995.52
1544801995.58
1544801995.62
1544801995.69
1544801995.74
1544801995.8
1544801995.86
1544801995.91
1544801995.97
1544801996.01
1544801996.05
1544801996.11
1544801996.17
1544801996.23
1544801996.28
1544801996.32
1544801996.37
1544801996.41
1544801996.45
1544801996.49
1544801996.53
1544801996.59
1544801996.63
1544801996.67
1544801996.71
1544801996.78
1544801996.81
1544801996.86
1544801996.92
1544801996.97
1544801997.02
1544801997.07
1544801997.14
1544801997.19
1544801997.23
1544801997.31
1544801997.37
1544801997.41
1544801997.45
1544801997.51
1544801997.56
1544801997.6
1544801997.64
1544801997.69
1544801997.74
1544801997.79
1544801997.82
1544801997.88
1544801997.96
1544801997.99
1544801998.03
1544801998.08
1544801998.12
1544801998.17
1544801998.21
1544801998.26
1544801998.31
1544801998.36
1544801998.41
1544801998.46
1544801998.53
1544801998.58
1544801998.62
1544801998.68
1544801998.75
1544801998.8
1544801998.87
1544801998.93
1544801999.01
1544801999.08
1544801999.14
1544801999.2
1544801999.26
1544801999.33
1544801999.38
1544801999.42
1544801999.46
1544801999.51
1544801999.56
1544801999.61
1544801999.69
1544801999.74
1544801999.83
1544801999.89
1544801999.96
1544802000.0
1544802000.03
1544802000.08
1544802000.13
1544802000.21
1544802000.28
1544802000.33
1544802000.41
1544802000.49
1544802000.54
1544802000.58
1544802000.62
1544802000.67
1544802000.73
1544802000.79
1544802000.87
1544802000.94
1544802001.01
1544802001.08
1544802001.15
1544802001.21
1544802001.27
1544802001.32
1544802001.39
1544802001.46
1544802001.51
1544802001.57
1544802001.62
1544802001.67
1544802001.73
1544802001.81
1544802001.89
1544802001.95
1544802002.0
1544802002.03
1544802002.08
1544802002.15
1544802002.2
1544802002.27
1544802002.35
1544802002.39
1544802002.42
1544802002.46
1544802002.49
1544802002.53
1544802002.58
1544802002.61
1544802002.65
1544802002.69
1544802002.76
1544802002.81
1544802002.85
1544802002.9
1544802002.94
1544802002.98
1544802003.02
1544802003.06
1544802003.14
1544802003.19
1544802003.22
1544802003.27
1544802003.32
1544802003.36
1544802003.4
1544802003.44
1544802003.53
1544802003.58
1544802003.62
1544802003.68
1544802003.74
1544802003.79
1544802003.84
1544802003.91
1544802003.98
1544802004.02
1544802004.09
1544802004.14
1544802004.19
1544802004.23
1544802004.27
1544802004.33
1544802004.38
1544802004.41
1544802004.45
1544802004.54
1544802004.59
1544802004.62
1544802004.66
1544802004.73
1544802004.8
1544802004.85
1544802004.9
1544802004.95
1544802005.01
1544802005.05
1544802005.09
1544802005.14
1544802005.2
1544802005.24
1544802005.29
1544802005.33
1544802005.38
1544802005.42
1544802005.48
1544802005.53
1544802005.58
1544802005.61
1544802005.65
1544802005.71
1544802005.76
1544802005.8
1544802005.85
1544802005.91
1544802005.97
1544802006.01
1544802006.05
1544802006.09
1544802006.13
1544802006.17
1544802006.21
1544802006.24
1544802006.29
1544802006.34
1544802006.39
1544802006.42
1544802006.45
1544802006.51
1544802006.57
1544802006.6
1544802006.65
1544802006.71
1544802006.77
1544802006.82
1544802006.86
1544802006.92
1544802006.97
1544802007.02
1544802007.06
1544802007.11
1544802007.16
1544802007.2
1544802007.24
1544802007.29
1544802007.36
1544802007.39
1544802007.43
1544802007.5
1544802007.57
1544802007.61
1544802007.66
1544802007.72
1544802007.77
1544802007.81
1544802007.86
1544802007.92
1544802007.97
1544802008.01
1544802008.06
1544802008.12
1544802008.18
1544802008.23
1544802008.32
1544802008.37
1544802008.42
1544802008.47
1544802008.52
1544802008.55
1544802008.59
1544802008.63
1544802008.67
1544802008.72
1544802008.76
1544802008.79
1544802008.83
1544802008.9
1544802008.97
1544802009.01
1544802009.06
1544802009.11
1544802009.15
1544802009.19
1544802009.23
1544802009.3
1544802009.38
1544802009.46
1544802009.5
1544802009.55
1544802009.61
1544802009.68
1544802009.76
1544802009.83
1544802009.92
1544802010.0
1544802010.07
1544802010.14
1544802010.21
1544802010.26
1544802010.31
1544802010.36
1544802010.42
1544802010.46
1544802010.52
1544802010.57
1544802010.63
1544802010.7
1544802010.77
1544802010.85
1544802010.91
1544802011.0
1544802011.07
1544802011.14
1544802011.22
1544802011.31
1544802011.39
1544802011.44
1544802011.53
1544802011.61
1544802011.7
1544802011.78
1544802011.85
1544802011.93
1544802012.02
1544802012.1
1544802012.19
1544802012.26
1544802012.33
1544802012.4
1544802012.48
1544802012.54
1544802012.6
1544802012.66
1544802012.71
1544802012.77
1544802012.81
1544802012.85
1544802012.91
1544802012.96
1544802013.01
1544802013.09
1544802013.13
1544802013.17
1544802013.2
1544802013.24
1544802013.3
1544802013.35
1544802013.4
1544802013.45
1544802013.51
1544802013.56
1544802013.62
1544802013.67
1544802013.7
1544802013.75
1544802013.8
1544802013.84
1544802013.88
1544802013.92
1544802013.98
1544802014.06
1544802014.11
1544802014.16
1544802014.23
1544802014.28
1544802014.34
1544802014.43
1544802014.49
1544802014.53
1544802014.59
1544802014.67
1544802014.71
1544802014.77
1544802014.84
1544802014.89
1544802014.93
1544802014.97
1544802015.02
1544802015.07
1544802015.11
1544802015.18
1544802015.26
1544802015.31
1544802015.37
1544802015.45
1544802015.54
1544802015.64
1544802015.73
1544802015.81
1544802015.9
1544802015.98
1544802016.06
1544802016.11
1544802016.19
1544802016.24
1544802016.3
1544802016.37
1544802016.44
1544802016.51
1544802016.58
1544802016.64
1544802016.73
1544802016.79
1544802016.83
1544802016.86
1544802016.92
1544802016.97
1544802017.01
1544802017.05
1544802017.11
1544802017.16
1544802017.19
1544802017.22
1544802017.26
1544802017.33
1544802017.38
1544802017.42
1544802017.46
1544802017.5
1544802017.56
1544802017.6
1544802017.64
1544802017.7
1544802017.77
1544802017.8
1544802017.84
1544802017.94
1544802017.99
1544802018.04
1544802018.1
1544802018.14
1544802018.18
1544802018.23
1544802018.27
1544802018.32
1544802018.36
1544802018.41
1544802018.46
1544802018.51
1544802018.55
1544802018.59
1544802018.63
1544802018.68
1544802018.73
1544802018.77
1544802018.82
1544802018.88
1544802018.92
1544802018.97
1544802019.02
1544802019.08
1544802019.11
1544802019.17
1544802019.21
1544802019.26
1544802019.31
1544802019.37
1544802019.41
1544802019.48
1544802019.53
1544802019.58
1544802019.63
1544802019.67
1544802019.71
1544802019.77
1544802019.81
1544802019.86
1544802019.91
1544802019.96
1544802020.0
1544802020.04
1544802020.1
1544802020.16
1544802020.22
1544802020.29
1544802020.36
1544802020.41
1544802020.46
1544802020.56
1544802020.6
1544802020.64
1544802020.74
1544802020.8
1544802020.88
1544802020.92
1544802020.96
1544802021.01
1544802021.07
1544802021.12
1544802021.18
1544802021.23
1544802021.3
1544802021.37
1544802021.45
1544802021.52
1544802021.6
1544802021.67
1544802021.71
1544802021.75
1544802021.81
1544802021.9
1544802021.97
1544802022.04
1544802022.12
1544802022.19
1544802022.26
1544802022.32
1544802022.39
1544802022.43
1544802022.5
1544802022.56
1544802022.6
1544802022.63
1544802022.71
1544802022.77
1544802022.81
1544802022.84
1544802022.89
1544802022.93
1544802022.98
1544802023.04
1544802023.11
1544802023.16
1544802023.21
1544802023.26
1544802023.3
1544802023.34
1544802023.41
1544802023.46
1544802023.51
1544802023.55
1544802023.6
1544802023.65
1544802023.71
1544802023.78
1544802023.85
1544802023.92
1544802023.98
1544802024.02
1544802024.08
1544802024.16
1544802024.22
1544802024.28
1544802024.36
1544802024.46
1544802024.54
1544802024.62
1544802024.71
1544802024.79
1544802024.86
1544802024.92
1544802024.99
1544802025.06
1544802025.11
1544802025.19
1544802025.26
1544802025.33
1544802025.4
1544802025.46
1544802025.51
1544802025.57
1544802025.61
1544802025.65
1544802025.7
1544802025.76
1544802025.79
1544802025.83
1544802025.87
1544802025.91
1544802025.95
1544802025.99
1544802026.02
1544802026.06
1544802026.12
1544802026.18
1544802026.21
1544802026.27
1544802026.34
1544802026.4
1544802026.44
1544802026.48
1544802026.55
1544802026.59
1544802026.63
1544802026.69
1544802026.75
1544802026.79
1544802026.83
1544802026.89
1544802026.95
1544802026.98
1544802027.02
1544802027.05
1544802027.1
1544802027.14
1544802027.18
1544802027.22
1544802027.26
1544802027.31
1544802027.38
1544802027.41
1544802027.45
1544802027.52
1544802027.58
1544802027.61
1544802027.64
1544802027.69
1544802027.76
1544802027.81
1544802027.85
1544802027.89
1544802027.95
1544802027.99
1544802028.03
1544802028.08
1544802028.15
1544802028.18
1544802028.22
1544802028.27
1544802028.31
1544802028.36
1544802028.4
1544802028.45
1544802028.5
1544802028.55
1544802028.61
1544802028.66
1544802028.72
1544802028.77
1544802028.82
1544802028.87
1544802028.96
1544802029.0
1544802029.03
1544802029.08
1544802029.14
1544802029.2
1544802029.24
1544802029.31
1544802029.38
1544802029.42
1544802029.47
1544802029.52
1544802029.58
1544802029.61
1544802029.64
1544802029.69
1544802029.75
1544802029.79
1544802029.83
1544802029.87
1544802029.91
1544802029.95
1544802030.0
1544802030.03
1544802030.11
1544802030.18
1544802030.22
1544802030.31
1544802030.4
1544802030.5
1544802030.59
1544802030.69
1544802030.77
1544802030.81
1544802030.86
1544802030.93
1544802031.01
1544802031.08
1544802031.12
1544802031.15
1544802031.22
1544802031.3
1544802031.34
1544802031.43
1544802031.49
1544802031.52
1544802031.57
1544802031.61
1544802031.65
1544802031.69
1544802031.72
1544802031.76
1544802031.81
1544802031.86
1544802031.9
1544802031.93
1544802031.97
1544802032.02
1544802032.07
1544802032.11
1544802032.15
1544802032.21
1544802032.28
1544802032.34
1544802032.4
1544802032.48
1544802032.56
1544802032.62
1544802032.67
1544802032.72
1544802032.78
1544802032.83
1544802032.94
1544802033.02
1544802033.14
1544802033.22
1544802033.31
1544802033.39
1544802033.46
1544802033.54
1544802033.59
1544802033.63
1544802033.69
1544802033.78
1544802033.88
1544802033.94
1544802034.01
1544802034.09
1544802034.16
1544802034.21
1544802034.29
1544802034.33
1544802034.39
1544802034.44
1544802034.51
1544802034.57
1544802034.62
1544802034.69
1544802034.76
1544802034.81
1544802034.91
1544802034.97
1544802035.01
1544802035.05
1544802035.11
1544802035.16
1544802035.21
1544802035.25
1544802035.31
1544802035.35
1544802035.39
1544802035.43
1544802035.48
1544802035.54
1544802035.58
1544802035.62
1544802035.68
1544802035.73
1544802035.78
1544802035.82
1544802035.86
1544802035.91
1544802035.97
1544802036.02
1544802036.06
1544802036.12
1544802036.19
1544802036.24
1544802036.32
1544802036.37
1544802036.41
1544802036.44
1544802036.51
1544802036.57
1544802036.61
1544802036.67
1544802036.72
1544802036.76
1544802036.8
1544802036.84
1544802036.89
1544802036.94
1544802036.98
1544802037.01
1544802037.04
1544802037.11
1544802037.17
1544802037.21
1544802037.24
1544802037.3
1544802037.36
1544802037.41
1544802037.46
1544802037.5
1544802037.57
1544802037.62
1544802037.68
1544802037.73
1544802037.78
1544802037.82
1544802037.87
1544802037.94
1544802037.98
1544802038.01
1544802038.05
1544802038.08
1544802038.13
1544802038.19
1544802038.23
1544802038.27
1544802038.35
1544802038.41
1544802038.45
1544802038.49
1544802038.57
1544802038.61
1544802038.66
1544802038.7
1544802038.75
1544802038.79
1544802038.83
1544802038.88
1544802038.94
1544802038.99
1544802039.03
1544802039.11
1544802039.16
1544802039.21
1544802039.3
1544802039.36
1544802039.39
1544802039.43
1544802039.47
1544802039.54
1544802039.6
1544802039.63
1544802039.69
1544802039.74
1544802039.78
1544802039.81
1544802039.85
1544802039.91
1544802039.96
1544802040.01
1544802040.06
1544802040.11
1544802040.18
1544802040.22
1544802040.27
1544802040.32
1544802040.36
1544802040.41
1544802040.45
1544802040.5
1544802040.56
1544802040.6
1544802040.65
1544802040.7
1544802040.75
1544802040.79
1544802040.82
1544802040.86
1544802040.9
1544802040.96
1544802041.01
1544802041.05
1544802041.12
1544802041.17
1544802041.21
1544802041.24
1544802041.32
1544802041.39
1544802041.46
1544802041.5
1544802041.53
1544802041.57
1544802041.62
1544802041.69
1544802041.74
1544802041.78
1544802041.83
1544802041.91
1544802041.97
1544802042.03
1544802042.11
1544802042.19
1544802042.26
1544802042.31
1544802042.35
1544802042.4
1544802042.47
1544802042.51
1544802042.56
1544802042.61
1544802042.69
1544802042.77
1544802042.81
1544802042.86
1544802042.97
1544802043.05
1544802043.13
1544802043.18
1544802043.23
1544802043.29
1544802043.35
1544802043.43
1544802043.49
1544802043.53
1544802043.59
1544802043.68
1544802043.79
1544802043.88
1544802043.92
1544802043.98
1544802044.05
1544802044.12
1544802044.2
1544802044.25
1544802044.3
1544802044.36
1544802044.41
1544802044.46
1544802044.51
1544802044.57
1544802044.62
1544802044.66
1544802044.71
1544802044.77
1544802044.84
1544802044.91
1544802044.99
1544802045.08
1544802045.14
1544802045.2
1544802045.28
1544802045.34
1544802045.4
1544802045.46
1544802045.53
1544802045.61
1544802045.68
1544802045.74
1544802045.82
1544802045.89
1544802045.98
1544802046.04
1544802046.1
1544802046.16
1544802046.22
1544802046.27
1544802046.3
1544802046.34
1544802046.4
1544802046.46
1544802046.51
1544802046.56
1544802046.63
1544802046.7
1544802046.77
1544802046.81
1544802046.86
1544802046.9
1544802046.93
1544802047.01
1544802047.06
1544802047.09
1544802047.12
1544802047.18
1544802047.24
1544802047.28
1544802047.31
1544802047.36
1544802047.42
1544802047.46
1544802047.5
1544802047.53
1544802047.57
1544802047.61
1544802047.66
1544802047.69
1544802047.72
1544802047.77
1544802047.83
1544802047.87
1544802047.91
1544802047.95
1544802047.99
1544802048.03
1544802048.07
1544802048.12
1544802048.17
1544802048.22
1544802048.27
1544802048.32
1544802048.38
1544802048.42
1544802048.46
1544802048.5
1544802048.54
1544802048.62
1544802048.69
1544802048.72
1544802048.77
1544802048.82
1544802048.87
1544802048.91
1544802048.95
1544802049.01
1544802049.07
1544802049.11
1544802049.15
1544802049.22
1544802049.27
1544802049.31
1544802049.36
1544802049.42
1544802049.47
1544802049.52
1544802049.61
1544802049.67
1544802049.71
1544802049.74
1544802049.81
1544802049.87
1544802049.91
1544802049.96
1544802050.01
1544802050.08
1544802050.12
1544802050.17
1544802050.22
1544802050.28
1544802050.31
1544802050.34
1544802050.39
1544802050.42
1544802050.47
1544802050.51
1544802050.54
1544802050.59
1544802050.64
1544802050.69
1544802050.72
1544802050.76
1544802050.81
1544802050.85
1544802050.9
1544802050.94
1544802051.01
1544802051.07
1544802051.11
1544802051.15
1544802051.21
1544802051.27
1544802051.3
1544802051.35
1544802051.41
1544802051.47
1544802051.5
1544802051.55
1544802051.61
1544802051.66
1544802051.7
1544802051.74
1544802051.78
1544802051.84
1544802051.89
1544802051.92
1544802051.96
1544802052.01
1544802052.07
1544802052.11
1544802052.14
1544802052.21
1544802052.27
1544802052.31
1544802052.34
1544802052.4
1544802052.46
1544802052.5
1544802052.54
1544802052.6
1544802052.65
1544802052.7
1544802052.73
1544802052.8
1544802052.87
1544802052.91
1544802052.96
1544802053.04
1544802053.09
1544802053.13
1544802053.19
1544802053.24
1544802053.3
1544802053.33
1544802053.38
1544802053.44
1544802053.5
1544802053.54
1544802053.61
1544802053.66
1544802053.71
1544802053.75
1544802053.79
1544802053.83
1544802053.88
1544802053.91
1544802053.96
1544802054.01
1544802054.06
1544802054.1
1544802054.14
1544802054.2
1544802054.24
1544802054.28
1544802054.32
1544802054.34
1544802054.4
1544802054.44
1544802054.48
1544802054.52
1544802054.55
1544802054.61
1544802054.67
1544802054.71
1544802054.74
1544802054.81
1544802054.87
1544802054.91
1544802054.96
1544802055.03
1544802055.08
1544802055.12
1544802055.17
1544802055.22
1544802055.27
1544802055.31
1544802055.36
1544802055.43
1544802055.48
1544802055.51
1544802055.55
1544802055.61
1544802055.66
1544802055.7
1544802055.74
1544802055.79
1544802055.84
1544802055.9
1544802055.94
1544802056.03
1544802056.07
1544802056.11
1544802056.17
1544802056.21
1544802056.26
1544802056.29
1544802056.33
1544802056.38
1544802056.44
1544802056.48
1544802056.51
1544802056.54
1544802056.59
1544802056.63
1544802056.67
1544802056.71
1544802056.74
1544802056.84
1544802056.89
1544802056.93
1544802057.0
1544802057.06
1544802057.11
1544802057.16
1544802057.23
1544802057.28
1544802057.32
1544802057.38
1544802057.44
1544802057.49
1544802057.52
1544802057.57
1544802057.61
1544802057.66
1544802057.71
1544802057.75
1544802057.83
1544802057.88
1544802057.95
1544802058.02
1544802058.1
1544802058.16
1544802058.22
1544802058.3
1544802058.37
1544802058.44
1544802058.51
1544802058.57
1544802058.64
1544802058.71
1544802058.8
1544802058.88
1544802058.92
1544802058.99
1544802059.06
1544802059.13
1544802059.19
1544802059.24
1544802059.3
1544802059.34
1544802059.38
1544802059.41
1544802059.47
1544802059.51
1544802059.55
1544802059.61
1544802059.67
1544802059.72
1544802059.77
1544802059.86
1544802059.9
1544802059.94
1544802060.01
1544802060.07
1544802060.11
1544802060.15
1544802060.25
1544802060.3
1544802060.35
1544802060.42
1544802060.51
1544802060.59
1544802060.67
1544802060.75
1544802060.82
1544802060.86
1544802060.93
1544802061.0
1544802061.06
1544802061.11
1544802061.18
1544802061.25
1544802061.34
1544802061.42
1544802061.52
1544802061.6
1544802061.67
1544802061.74
1544802061.83
1544802061.91
1544802062.01
1544802062.11
1544802062.2
1544802062.28
1544802062.33
1544802062.39
1544802062.43
1544802062.49
1544802062.54
1544802062.6
1544802062.67
1544802062.72
1544802062.78
1544802062.84
1544802062.9
1544802062.94
1544802063.01
1544802063.05
1544802063.1
1544802063.16
1544802063.22
1544802063.27
1544802063.34
1544802063.39
1544802063.43
1544802063.5
1544802063.56
1544802063.6
1544802063.64
1544802063.71
1544802063.77
1544802063.81
1544802063.85
1544802063.9
1544802063.95
1544802063.99
1544802064.02
1544802064.09
1544802064.18
1544802064.22
1544802064.28
1544802064.35
1544802064.39
1544802064.43
1544802064.48
1544802064.52
1544802064.58
1544802064.63
1544802064.68
1544802064.73
1544802064.78
1544802064.81
1544802064.86
1544802064.91
1544802064.96
1544802065.0
1544802065.04
1544802065.08
1544802065.16
1544802065.21
1544802065.26
1544802065.32
1544802065.39
1544802065.43
1544802065.47
1544802065.54
1544802065.59
1544802065.63
1544802065.67
1544802065.74
1544802065.81
1544802065.89
1544802065.98
1544802066.04
1544802066.1
1544802066.18
1544802066.22
1544802066.27
1544802066.32
1544802066.37
1544802066.41
1544802066.46
1544802066.52
1544802066.58
1544802066.61
1544802066.65
1544802066.7
1544802066.74
1544802066.78
1544802066.82
1544802066.87
1544802066.92
1544802066.97
1544802067.01
1544802067.06
1544802067.14
1544802067.2
1544802067.25
1544802067.32
1544802067.39
1544802067.42
1544802067.47
1544802067.51
1544802067.57
1544802067.61
1544802067.66
1544802067.72
1544802067.77
1544802067.81
1544802067.84
1544802067.88
1544802067.93
1544802067.98
1544802068.02
1544802068.06
1544802068.11
1544802068.15
1544802068.19
1544802068.23
1544802068.28
1544802068.33
1544802068.38
1544802068.42
1544802068.49
1544802068.58
1544802068.62
1544802068.68
1544802068.76
1544802068.8
1544802068.84
1544802068.9
1544802068.96
1544802069.01
1544802069.05
1544802069.12
1544802069.18
1544802069.27
1544802069.33
1544802069.4
1544802069.47
1544802069.54
1544802069.62
1544802069.71
1544802069.78
1544802069.83
1544802069.9
1544802069.95
1544802070.01
1544802070.07
1544802070.16
1544802070.2
1544802070.25
1544802070.32
1544802070.4
1544802070.49
1544802070.56
1544802070.63
1544802070.71
1544802070.78
1544802070.82
1544802070.88
1544802070.96
1544802071.02
1544802071.08
1544802071.15
1544802071.21
1544802071.28
1544802071.33
1544802071.38
1544802071.42
1544802071.46
1544802071.5
1544802071.54
1544802071.61
1544802071.66
1544802071.7
1544802071.77
1544802071.83
1544802071.88
1544802071.92
1544802071.96
1544802072.03
1544802072.09
1544802072.13
1544802072.19
1544802072.25
1544802072.29
1544802072.32
1544802072.36
1544802072.41
1544802072.46
1544802072.51
1544802072.57
1544802072.63
1544802072.69
1544802072.74
1544802072.8
1544802072.86
1544802072.91
1544802072.95
1544802072.98
1544802073.02
1544802073.07
1544802073.11
1544802073.16
1544802073.22
1544802073.29
1544802073.33
1544802073.41
1544802073.47
1544802073.51
1544802073.56
1544802073.64
1544802073.7
1544802073.75
1544802073.82
1544802073.87
1544802073.91
1544802073.98
1544802074.02
1544802074.07
1544802074.11
1544802074.14
1544802074.22
1544802074.27
1544802074.3
1544802074.33
1544802074.38
1544802074.42
1544802074.49
1544802074.52
1544802074.56
1544802074.6
1544802074.63
1544802074.69
1544802074.73
1544802074.79
1544802074.83
1544802074.88
1544802074.93
1544802075.01
1544802075.09
1544802075.17
1544802075.21
1544802075.26
1544802075.36
1544802075.46
1544802075.54
1544802075.62
1544802075.68
1544802075.76
1544802075.86
1544802075.93
1544802076.01
1544802076.08
1544802076.14
1544802076.21
1544802076.27
1544802076.35
1544802076.41
1544802076.49
1544802076.55
1544802076.62
1544802076.67
1544802076.7
1544802076.77
1544802076.86
1544802076.94
1544802077.01
1544802077.08
1544802077.13
1544802077.19
1544802077.23
1544802077.29
1544802077.34
1544802077.39
1544802077.44
1544802077.49
1544802077.56
1544802077.62
1544802077.67
1544802077.72
1544802077.77
1544802077.8
1544802077.84
1544802077.9
1544802077.99
1544802078.04
1544802078.1
1544802078.17
1544802078.24
1544802078.34
1544802078.41
1544802078.47
1544802078.54
1544802078.59
1544802078.62
1544802078.65
1544802078.71
1544802078.76
1544802078.8
1544802078.85
1544802078.9
1544802078.94
1544802079.0
1544802079.04
1544802079.09
1544802079.16
1544802079.21
1544802079.24
1544802079.3
1544802079.37
1544802079.41
1544802079.45
1544802079.52
1544802079.57
1544802079.61
1544802079.66
1544802079.73
1544802079.78
1544802079.81
1544802079.86
1544802079.9
1544802079.94
1544802079.99
1544802080.04
1544802080.1
1544802080.16
1544802080.21
1544802080.26
1544802080.35
1544802080.4
1544802080.43
1544802080.5
1544802080.56
1544802080.6
1544802080.66
1544802080.7
1544802080.75
1544802080.79
1544802080.82
1544802080.87
1544802080.95
1544802081.0
1544802081.03
1544802081.09
1544802081.14
1544802081.19
1544802081.24
1544802081.3
1544802081.37
1544802081.42
1544802081.48
1544802081.56
1544802081.6
1544802081.64
1544802081.71
1544802081.75
1544802081.79
1544802081.84
1544802081.9
1544802081.96
1544802082.03
1544802082.07
1544802082.12
1544802082.16
1544802082.2
1544802082.25
1544802082.32
1544802082.36
1544802082.4
1544802082.44
1544802082.48
1544802082.55
1544802082.6
1544802082.65
1544802082.69
1544802082.74
1544802082.8
1544802082.85
1544802082.92
1544802082.96
1544802083.0
1544802083.03
1544802083.08
1544802083.14
1544802083.2
1544802083.23
1544802083.29
1544802083.33
1544802083.37
1544802083.41
1544802083.45
1544802083.51
1544802083.56
1544802083.6
1544802083.64
1544802083.69
1544802083.73
1544802083.78
1544802083.81
1544802083.85
1544802083.89
1544802083.93
1544802083.99
1544802084.02
1544802084.07
1544802084.16
1544802084.2
1544802084.24
1544802084.31
1544802084.36
1544802084.4
1544802084.43
1544802084.48
1544802084.52
1544802084.57
1544802084.61
1544802084.64
1544802084.72
1544802084.76
1544802084.8
1544802084.85
1544802084.92
1544802084.96
1544802085.0
1544802085.05
1544802085.1
1544802085.16
1544802085.2
1544802085.24
1544802085.36
1544802085.4
1544802085.45
1544802085.51
1544802085.58
1544802085.61
1544802085.67
1544802085.73
1544802085.79
1544802085.83
1544802085.88
1544802085.93
1544802085.99
1544802086.03
1544802086.08
1544802086.12
1544802086.17
1544802086.21
1544802086.25
1544802086.29
1544802086.33
1544802086.38
1544802086.42
1544802086.47
1544802086.54
1544802086.59
1544802086.63
1544802086.67
1544802086.73
1544802086.78
1544802086.82
1544802086.86
1544802086.92
1544802086.97
1544802087.0
1544802087.03
1544802087.09
1544802087.15
1544802087.2
1544802087.23
1544802087.29
1544802087.36
1544802087.4
1544802087.45
1544802087.49
1544802087.53
1544802087.57
1544802087.61
1544802087.66
1544802087.72
1544802087.78
1544802087.82
1544802087.86
1544802087.91
1544802087.96
1544802088.0
1544802088.05
1544802088.09
1544802088.12
1544802088.17
1544802088.2
1544802088.24
1544802088.29
1544802088.33
1544802088.37
1544802088.46
1544802088.51
1544802088.59
1544802088.64
1544802088.73
1544802088.8
1544802088.89
1544802088.96
1544802089.02
1544802089.1
1544802089.17
1544802089.24
1544802089.32
1544802089.4
1544802089.47
1544802089.53
1544802089.6
1544802089.66
1544802089.7
1544802089.74
1544802089.82
1544802089.91
1544802090.01
1544802090.12
1544802090.22
1544802090.31
1544802090.41
1544802090.5
1544802090.57
1544802090.62
1544802090.69
1544802090.74
1544802090.81
1544802090.89
1544802090.98
1544802091.06
1544802091.11
1544802091.16
1544802091.2
1544802091.26
1544802091.3
1544802091.33
1544802091.38
1544802091.44
1544802091.48
1544802091.53
1544802091.6
1544802091.67
1544802091.7
1544802091.74
1544802091.81
1544802091.87
1544802091.9
1544802091.93
1544802092.01
1544802092.06
1544802092.1
1544802092.14
1544802092.19
1544802092.22
1544802092.28
1544802092.31
1544802092.36
1544802092.41
1544802092.47
1544802092.51
1544802092.56
1544802092.62
1544802092.69
1544802092.73
1544802092.8
1544802092.86
1544802092.9
1544802092.94
1544802093.02
1544802093.08
1544802093.11
1544802093.17
1544802093.24
1544802093.29
1544802093.33
1544802093.37
1544802093.4
1544802093.44
1544802093.49
1544802093.53
1544802093.57
1544802093.65
1544802093.7
1544802093.73
1544802093.79
1544802093.82
1544802093.86
1544802093.91
1544802093.96
1544802094.01
1544802094.07
1544802094.11
1544802094.16
1544802094.22
1544802094.28
1544802094.32
1544802094.36
1544802094.4
1544802094.46
1544802094.49
1544802094.52
1544802094.58
1544802094.63
1544802094.67
1544802094.71
1544802094.77
1544802094.82
1544802094.87
1544802094.91
1544802094.96
1544802095.01
1544802095.06
1544802095.1
1544802095.14
1544802095.23
1544802095.28
1544802095.33
1544802095.38
1544802095.43
1544802095.48
1544802095.52
1544802095.58
1544802095.68
1544802095.76
1544802095.82
1544802095.9
1544802095.96
1544802096.04
1544802096.12
1544802096.19
1544802096.26
1544802096.3
1544802096.35
1544802096.4
1544802096.5
1544802096.61
1544802096.73
1544802096.83
1544802096.93
1544802097.02
1544802097.11
1544802097.17
1544802097.23
1544802097.28
1544802097.34
1544802097.41
1544802097.46
1544802097.51
1544802097.56
1544802097.6
1544802097.66
1544802097.71
1544802097.79
1544802097.85
1544802097.91
1544802097.96
1544802098.03
1544802098.08
1544802098.16
1544802098.2
1544802098.23
1544802098.28
1544802098.36
1544802098.43
1544802098.5
1544802098.56
1544802098.64
1544802098.71
1544802098.77
1544802098.81
1544802098.86
1544802098.92
1544802098.96
1544802099.0
1544802099.05
1544802099.09
1544802099.13
1544802099.18
1544802099.23
1544802099.28
1544802099.32
1544802099.35
1544802099.4
1544802099.44
1544802099.49
1544802099.53
1544802099.57
1544802099.62
1544802099.67
1544802099.7
1544802099.75
1544802099.78
1544802099.83
1544802099.9
1544802099.93
1544802099.98
1544802100.02
1544802100.06
1544802100.1
1544802100.15
1544802100.2
1544802100.26
1544802100.31
1544802100.35
1544802100.4
1544802100.46
1544802100.5
1544802100.54
1544802100.61
1544802100.68
1544802100.72
1544802100.77
1544802100.84
1544802100.9
1544802100.93
1544802100.99
1544802101.06
1544802101.1
1544802101.13
1544802101.19
1544802101.24
1544802101.29
1544802101.32
1544802101.37
1544802101.42
1544802101.47
1544802101.51
1544802101.54
1544802101.61
1544802101.66
1544802101.71
1544802101.76
1544802101.81
1544802101.89
1544802101.94
1544802102.01
1544802102.08
1544802102.12
1544802102.19
1544802102.23
1544802102.28
1544802102.32
1544802102.39
1544802102.46
1544802102.51
1544802102.55
1544802102.63
1544802102.68
1544802102.72
1544802102.78
1544802102.86
1544802102.9
1544802102.95
1544802103.0
1544802103.05
1544802103.09
1544802103.13
1544802103.19
1544802103.25
1544802103.29
1544802103.33
1544802103.42
1544802103.48
1544802103.51
1544802103.58
1544802103.66
1544802103.7
1544802103.75
1544802103.87
1544802103.91
1544802103.96
1544802104.05
1544802104.1
1544802104.15
1544802104.2
1544802104.24
1544802104.29
1544802104.32
1544802104.37
1544802104.42
1544802104.47
1544802104.51
1544802104.56
1544802104.6
1544802104.65
1544802104.69
1544802104.74
1544802104.81
1544802104.87
1544802104.91
1544802104.96
1544802105.03
1544802105.09
1544802105.12
1544802105.17
1544802105.22
1544802105.28
1544802105.32
1544802105.36
1544802105.39
1544802105.43
1544802105.47
1544802105.52
1544802105.6
1544802105.66
1544802105.71
1544802105.75
1544802105.8
1544802105.86
1544802105.9
1544802105.94
1544802105.99
1544802106.06
1544802106.1
1544802106.14
1544802106.19
1544802106.24
1544802106.29
1544802106.33
1544802106.37
1544802106.43
1544802106.5
1544802106.54
1544802106.58
1544802106.65
1544802106.68
1544802106.72
1544802106.76
1544802106.8
1544802106.88
1544802106.96
1544802107.04
1544802107.12
1544802107.21
1544802107.28
1544802107.35
1544802107.42
1544802107.49
1544802107.56
1544802107.6
1544802107.64
1544802107.72
1544802107.8
1544802107.88
1544802107.95
1544802108.02
1544802108.09
1544802108.17
1544802108.26
1544802108.33
1544802108.42
1544802108.5
1544802108.58
1544802108.64
1544802108.69
1544802108.74
1544802108.81
1544802108.86
1544802108.92
1544802108.99
1544802109.06
1544802109.11
1544802109.16
1544802109.24
1544802109.3
1544802109.35
1544802109.43
1544802109.51
1544802109.58
1544802109.66
1544802109.74
1544802109.81
1544802109.89
1544802109.98
1544802110.05
1544802110.13
1544802110.21
1544802110.28
1544802110.38
1544802110.46
1544802110.53
1544802110.61
1544802110.7
1544802110.75
1544802110.8
1544802110.85
1544802110.9
1544802110.96
1544802111.01
1544802111.07
1544802111.16
1544802111.23
1544802111.31
1544802111.38
1544802111.45
1544802111.51
1544802111.56
1544802111.62
1544802111.67
1544802111.7
1544802111.74
1544802111.79
1544802111.83
1544802111.88
1544802111.92
1544802111.96
1544802112.03
1544802112.08
1544802112.12
1544802112.16
1544802112.25
1544802112.29
1544802112.33
1544802112.39
1544802112.44
1544802112.49
1544802112.53
1544802112.61
1544802112.66
1544802112.7
1544802112.73
1544802112.77
1544802112.86
1544802112.91
1544802112.95
1544802112.98
1544802113.02
1544802113.08
1544802113.12
1544802113.18
1544802113.22
1544802113.27
1544802113.32
1544802113.39
1544802113.45
1544802113.49
1544802113.53
1544802113.58
1544802113.63
1544802113.68
1544802113.72
1544802113.76
1544802113.83
1544802113.89
1544802113.93
1544802113.97
1544802114.02
1544802114.08
1544802114.12
1544802114.19
1544802114.25
1544802114.29
1544802114.33
1544802114.37
1544802114.41
1544802114.48
1544802114.51
1544802114.56
1544802114.61
1544802114.66
1544802114.69
1544802114.73
1544802114.78
1544802114.84
1544802114.89
1544802114.92
1544802114.96
1544802115.0
1544802115.05
1544802115.09
1544802115.12
1544802115.16
1544802115.22
1544802115.26
1544802115.3
1544802115.35
1544802115.44
1544802115.49
1544802115.52
1544802115.59
1544802115.64
1544802115.7
1544802115.74
1544802115.78
1544802115.83
1544802115.87
1544802115.91
1544802115.96
1544802116.01
1544802116.07
1544802116.11
1544802116.16
1544802116.23
1544802116.28
1544802116.32
1544802116.39
1544802116.44
1544802116.48
1544802116.52
1544802116.59
1544802116.66
1544802116.71
1544802116.76
1544802116.82
1544802116.88
1544802116.92
1544802117.0
1544802117.07
1544802117.11
1544802117.16
1544802117.22
1544802117.27
1544802117.31
1544802117.36
1544802117.43
1544802117.48
1544802117.53
1544802117.61
1544802117.67
1544802117.71
1544802117.76
1544802117.88
1544802117.92
1544802117.99
1544802118.06
1544802118.1
1544802118.13
1544802118.19
1544802118.24
1544802118.29
1544802118.32
1544802118.38
1544802118.46
1544802118.5
1544802118.53
1544802118.56
1544802118.64
1544802118.69
1544802118.73
1544802118.78
1544802118.84
1544802118.88
1544802118.94
1544802119.0
1544802119.08
1544802119.13
1544802119.21
1544802119.29
1544802119.33
1544802119.41
1544802119.46
1544802119.49
1544802119.53
1544802119.58
1544802119.63
1544802119.68
1544802119.73
1544802119.79
1544802119.86
1544802119.9
1544802119.96
1544802120.01
1544802120.07
1544802120.1
1544802120.17
1544802120.22
1544802120.26
1544802120.29
1544802120.33
1544802120.39
1544802120.45
1544802120.49
1544802120.52
1544802120.57
1544802120.64
1544802120.7
1544802120.74
1544802120.78
1544802120.82
1544802120.89
1544802120.92
1544802120.97
1544802121.03
1544802121.08
1544802121.12
1544802121.17
1544802121.21
1544802121.25
1544802121.29
1544802121.32
1544802121.37
1544802121.42
1544802121.46
1544802121.5
1544802121.54
1544802121.6
1544802121.67
1544802121.71
1544802121.75
1544802121.81
1544802121.87
1544802121.91
1544802121.96
1544802122.0
1544802122.04
1544802122.09
1544802122.12
1544802122.18
1544802122.27
1544802122.31
1544802122.36
1544802122.4
1544802122.45
1544802122.49
1544802122.53
1544802122.58
1544802122.63
1544802122.69
1544802122.72
1544802122.78
1544802122.84
1544802122.9
1544802122.94
1544802122.98
1544802123.04
1544802123.09
1544802123.12
1544802123.16
1544802123.21
1544802123.26
1544802123.29
1544802123.32
1544802123.39
1544802123.46
1544802123.49
1544802123.53
1544802123.6
1544802123.68
1544802123.72
1544802123.79
1544802123.85
1544802123.89
1544802123.93
1544802123.98
1544802124.02
1544802124.06
1544802124.1
1544802124.13
1544802124.17
1544802124.21
1544802124.26
1544802124.31
1544802124.36
1544802124.4
1544802124.44
1544802124.5
1544802124.56
1544802124.63
1544802124.69
1544802124.73
1544802124.8
1544802124.86
1544802124.91
1544802124.96
1544802125.0
1544802125.04
1544802125.09
1544802125.12
1544802125.17
1544802125.21
1544802125.27
1544802125.31
1544802125.36
1544802125.39
1544802125.45
1544802125.48
1544802125.52
1544802125.56
1544802125.62
1544802125.68
1544802125.71
1544802125.74
1544802125.8
1544802125.86
1544802125.9
1544802125.96
1544802126.03
1544802126.09
1544802126.13
1544802126.21
1544802126.28
1544802126.31
1544802126.34
1544802126.4
1544802126.44
1544802126.49
1544802126.56
1544802126.64
1544802126.71
1544802126.78
1544802126.84
1544802126.92
1544802127.0
1544802127.07
1544802127.13
1544802127.19
1544802127.23
1544802127.28
1544802127.34
1544802127.41
1544802127.48
1544802127.52
1544802127.59
1544802127.66
1544802127.72
1544802127.77
1544802127.83
1544802127.91
1544802127.96
1544802127.99
1544802128.03
1544802128.09
1544802128.14
1544802128.2
1544802128.24
1544802128.31
1544802128.36
1544802128.42
1544802128.5
1544802128.59
1544802128.69
1544802128.74
1544802128.8
1544802128.83
1544802128.89
1544802128.96
1544802129.04
1544802129.1
1544802129.15
1544802129.18
1544802129.22
1544802129.27
1544802129.31
1544802129.34
1544802129.38
1544802129.45
1544802129.49
1544802129.52
1544802129.57
1544802129.62
1544802129.67
1544802129.7
1544802129.73
1544802129.79
1544802129.85
1544802129.88
1544802129.92
1544802129.95
1544802130.0
1544802130.06
1544802130.1
1544802130.14
1544802130.21
1544802130.27
1544802130.31
1544802130.35
1544802130.42
1544802130.47
1544802130.51
1544802130.57
1544802130.68
1544802130.72
1544802130.8
1544802130.86
1544802130.9
1544802130.93
1544802130.97
1544802131.02
1544802131.08
1544802131.11
1544802131.15
1544802131.21
1544802131.28
1544802131.32
1544802131.36
1544802131.43
1544802131.48
1544802131.52
1544802131.57
1544802131.66
1544802131.71
1544802131.77
1544802131.83
1544802131.89
1544802131.92
1544802131.97
1544802132.03
1544802132.07
1544802132.11
1544802132.16
1544802132.24
1544802132.28
1544802132.32
1544802132.36
1544802132.4
1544802132.47
1544802132.51
1544802132.55
1544802132.63
1544802132.69
1544802132.72
1544802132.76
1544802132.82
1544802132.87
1544802132.91
1544802132.95
1544802133.03
1544802133.07
1544802133.12
1544802133.17
1544802133.24
1544802133.3
1544802133.37
1544802133.43
1544802133.5
1544802133.57
1544802133.63
1544802133.68
1544802133.74
1544802133.81
1544802133.88
1544802133.93
1544802133.99
1544802134.04
1544802134.11
1544802134.21
1544802134.28
1544802134.38
1544802134.46
1544802134.54
1544802134.62
1544802134.71
1544802134.79
1544802134.87
1544802134.94
1544802135.03
1544802135.1
1544802135.18
1544802135.27
1544802135.37
1544802135.45
1544802135.5
1544802135.54
1544802135.62
1544802135.72
1544802135.8
1544802135.86
1544802135.92
1544802135.99
1544802136.05
1544802136.11
1544802136.15
1544802136.21
1544802136.27
1544802136.32
1544802136.38
1544802136.44
1544802136.49
1544802136.52
1544802136.57
1544802136.67
1544802136.71
1544802136.75
1544802136.8
1544802136.85
1544802136.89
1544802136.93
1544802136.99
1544802137.06
1544802137.11
1544802137.14
1544802137.21
1544802137.27
1544802137.31
1544802137.35
1544802137.42
1544802137.48
1544802137.51
1544802137.56
1544802137.62
1544802137.67
1544802137.71
1544802137.77
1544802137.82
1544802137.87
1544802137.9
1544802137.97
1544802138.01
1544802138.06
1544802138.1
1544802138.15
1544802138.19
1544802138.23
1544802138.27
1544802138.31
1544802138.36
1544802138.41
1544802138.46
1544802138.51
1544802138.57
1544802138.63
1544802138.67
1544802138.72
1544802138.76
1544802138.8
1544802138.85
1544802138.89
1544802138.93
1544802138.97
1544802139.03
1544802139.1
1544802139.14
1544802139.22
1544802139.28
1544802139.32
1544802139.38
1544802139.43
1544802139.47
1544802139.51
1544802139.57
1544802139.63
1544802139.68
1544802139.72
1544802139.76
1544802139.79
1544802139.82
1544802139.87
1544802139.91
1544802139.95
1544802140.01
1544802140.05
1544802140.09
1544802140.13
1544802140.2
1544802140.27
1544802140.34
1544802140.4
1544802140.46
1544802140.5
1544802140.56
1544802140.65
1544802140.71
1544802140.77
1544802140.82
1544802140.88
1544802140.92
1544802140.98
1544802141.02
1544802141.07
1544802141.1
1544802141.14
1544802141.2
1544802141.24
1544802141.29
1544802141.32
1544802141.37
1544802141.42
1544802141.47
1544802141.5
1544802141.53
1544802141.65
1544802141.69
1544802141.73
1544802141.79
1544802141.83
1544802141.88
1544802141.93
1544802142.0
1544802142.06
1544802142.1
1544802142.13
1544802142.17
1544802142.21
1544802142.25
1544802142.29
1544802142.33
1544802142.39
1544802142.45
1544802142.49
1544802142.53
1544802142.61
1544802142.67
1544802142.72
1544802142.76
1544802142.82
1544802142.86
1544802142.9
1544802142.94
1544802142.98
1544802143.06
1544802143.1
1544802143.14
1544802143.21
1544802143.26
1544802143.31
1544802143.34
1544802143.4
1544802143.45
1544802143.49
1544802143.54
1544802143.58
1544802143.62
1544802143.66
1544802143.7
1544802143.74
1544802143.82
1544802143.87
1544802143.92
1544802143.96
1544802144.03
1544802144.11
1544802144.17
1544802144.22
1544802144.29
1544802144.37
1544802144.42
1544802144.48
1544802144.55
1544802144.59
1544802144.64
1544802144.69
1544802144.73
1544802144.79
1544802144.84
1544802144.89
1544802144.96
1544802145.04
1544802145.11
1544802145.17
1544802145.24
1544802145.28
1544802145.36
1544802145.42
1544802145.49
1544802145.55
1544802145.61
1544802145.67
1544802145.73
1544802145.77
1544802145.83
1544802145.89
1544802145.95
1544802146.01
1544802146.07
1544802146.12
1544802146.18
1544802146.23
1544802146.27
1544802146.31
1544802146.35
1544802146.4
1544802146.45
1544802146.5
1544802146.54
1544802146.59
1544802146.63
1544802146.68
1544802146.71
1544802146.75
1544802146.8
1544802146.86
1544802146.91
1544802146.95
1544802147.0
1544802147.05
1544802147.09
1544802147.14
1544802147.19
1544802147.24
1544802147.29
1544802147.33
1544802147.4
1544802147.46
1544802147.49
1544802147.53
1544802147.57
1544802147.61
1544802147.66
1544802147.7
1544802147.74
1544802147.8
1544802147.87
1544802147.91
1544802147.96
1544802148.03
1544802148.08
1544802148.13
1544802148.19
1544802148.25
1544802148.29
1544802148.32
1544802148.36
1544802148.42
1544802148.48
1544802148.53
1544802148.61
1544802148.68
1544802148.72
1544802148.77
1544802148.83
1544802148.88
1544802148.93
1544802148.99
1544802149.04
1544802149.1
1544802149.14
1544802149.22
1544802149.28
1544802149.31
1544802149.35
1544802149.41
1544802149.46
1544802149.51
1544802149.55
1544802149.6
1544802149.65
1544802149.69
1544802149.73
1544802149.79
1544802149.84
1544802149.88
1544802149.91
1544802149.96
1544802150.02
1544802150.08
1544802150.12
1544802150.19
1544802150.25
1544802150.3
1544802150.33
1544802150.39
1544802150.46
1544802150.52
1544802150.59
1544802150.66
1544802150.71
1544802150.75
1544802150.82
1544802150.89
1544802150.96
1544802151.06
1544802151.13
1544802151.23
1544802151.32
1544802151.42
1544802151.53
1544802151.6
1544802151.69
1544802151.76
1544802151.82
1544802151.89
1544802151.93
1544802152.0
1544802152.08
1544802152.15
1544802152.23
1544802152.3
1544802152.36
1544802152.42
1544802152.48
1544802152.52
1544802152.58
1544802152.63
1544802152.68
1544802152.73
1544802152.81
1544802152.89
1544802152.96
1544802153.02
1544802153.08
1544802153.11
1544802153.18
1544802153.22
1544802153.27
1544802153.32
1544802153.36
1544802153.43
1544802153.47
1544802153.51
1544802153.56
1544802153.61
1544802153.66
1544802153.7
1544802153.75
1544802153.8
1544802153.85
1544802153.9
1544802153.94
1544802154.0
1544802154.05
1544802154.09
1544802154.12
1544802154.18
1544802154.23
1544802154.29
1544802154.33
1544802154.41
1544802154.46
1544802154.5
1544802154.54
1544802154.62
1544802154.67
1544802154.71
1544802154.75
1544802154.82
1544802154.87
1544802154.92
1544802154.97
1544802155.05
1544802155.1
1544802155.15
1544802155.2
1544802155.25
1544802155.29
1544802155.32
1544802155.38
1544802155.46
1544802155.51
1544802155.55
1544802155.62
1544802155.67
1544802155.71
1544802155.76
1544802155.83
1544802155.89
1544802155.92
1544802155.99
1544802156.03
1544802156.09
1544802156.14
1544802156.2
1544802156.24
1544802156.29
1544802156.33
1544802156.38
1544802156.45
1544802156.49
1544802156.52
1544802156.57
1544802156.62
1544802156.66
1544802156.71
1544802156.76
1544802156.82
1544802156.87
1544802156.91
1544802156.96
1544802157.02
1544802157.06
1544802157.09
1544802157.13
1544802157.2
1544802157.25
1544802157.29
1544802157.32
1544802157.4
1544802157.46
1544802157.5
1544802157.54
1544802157.62
1544802157.67
1544802157.72
1544802157.76
1544802157.85
1544802157.88
1544802157.92
1544802157.96
1544802158.02
1544802158.08
1544802158.12
1544802158.19
1544802158.25
1544802158.29
1544802158.32
1544802158.39
1544802158.45
1544802158.5
1544802158.53
1544802158.59
1544802158.64
1544802158.69
1544802158.75
1544802158.83
1544802158.88
1544802158.91
1544802158.95
1544802159.02
1544802159.08
1544802159.12
1544802159.16
1544802159.24
1544802159.28
1544802159.32
1544802159.39
1544802159.43
1544802159.48
1544802159.52
1544802159.58
1544802159.66
1544802159.7
1544802159.76
1544802159.82
1544802159.87
1544802159.91
1544802159.95
1544802160.06
1544802160.1
1544802160.13
1544802160.18
1544802160.22
1544802160.27
1544802160.31
1544802160.39
1544802160.46
1544802160.5
1544802160.53
1544802160.61
1544802160.65
1544802160.7
1544802160.74
1544802160.8
1544802160.85
1544802160.89
1544802160.93
1544802160.99
1544802161.03
1544802161.08
1544802161.12
1544802161.19
1544802161.26
1544802161.3
1544802161.36
1544802161.44
1544802161.48
1544802161.52
1544802161.56
1544802161.65
1544802161.69
1544802161.73
1544802161.78
1544802161.83
1544802161.87
1544802161.91
1544802161.96
1544802162.01
1544802162.06
1544802162.11
1544802162.16
1544802162.22
1544802162.27
1544802162.31
1544802162.36
1544802162.42
1544802162.48
1544802162.53
1544802162.57
1544802162.64
1544802162.69
1544802162.73
1544802162.77
1544802162.81
1544802162.86
1544802162.9
1544802162.94
1544802162.99
1544802163.04
1544802163.09
1544802163.13
1544802163.21
1544802163.27
1544802163.3
1544802163.35
1544802163.42
1544802163.48
1544802163.52
1544802163.58
1544802163.63
1544802163.68
1544802163.71
1544802163.76
1544802163.83
1544802163.88
1544802163.92
1544802163.97
1544802164.05
1544802164.11
1544802164.15
1544802164.22
1544802164.28
1544802164.32
1544802164.36
1544802164.44
1544802164.5
1544802164.53
1544802164.6
1544802164.66
1544802164.7
1544802164.73
1544802164.81
1544802164.86
1544802164.9
1544802164.93
1544802164.98
1544802165.02
1544802165.07
1544802165.1
1544802165.14
1544802165.2
1544802165.26
1544802165.29
1544802165.33
1544802165.37
1544802165.45
1544802165.52
1544802165.59
1544802165.63
1544802165.71
1544802165.77
1544802165.82
1544802165.88
1544802165.93
1544802165.99
1544802166.06
1544802166.16
1544802166.23
1544802166.31
1544802166.4
1544802166.48
1544802166.56
1544802166.63
1544802166.71
1544802166.8
1544802166.88
1544802166.97
1544802167.05
1544802167.12
1544802167.2
1544802167.27
1544802167.31
1544802167.36
1544802167.45
1544802167.51
1544802167.59
1544802167.65
1544802167.7
1544802167.77
1544802167.86
1544802167.94
1544802168.02
1544802168.1
1544802168.17
1544802168.24
1544802168.32
1544802168.37
1544802168.44
1544802168.49
1544802168.56
1544802168.62
1544802168.67
1544802168.74
1544802168.8
1544802168.84
1544802168.9
1544802168.98
1544802169.04
1544802169.11
1544802169.16
1544802169.23
1544802169.29
1544802169.35
1544802169.41
1544802169.46
1544802169.5
1544802169.54
1544802169.59
1544802169.65
1544802169.71
1544802169.78
1544802169.86
1544802169.9
1544802169.97
1544802170.03
1544802170.08
1544802170.11
1544802170.15
1544802170.19
1544802170.23
1544802170.29
1544802170.34
1544802170.38
1544802170.42
1544802170.49
1544802170.54
1544802170.59
1544802170.63
1544802170.69
1544802170.74
1544802170.79
1544802170.83
1544802170.92
1544802170.97
1544802171.02
1544802171.09
1544802171.14
1544802171.19
1544802171.22
1544802171.27
1544802171.32
1544802171.36
1544802171.4
1544802171.45
1544802171.52
1544802171.57
1544802171.61
1544802171.65
1544802171.69
1544802171.73
1544802171.78
1544802171.82
1544802171.87
1544802171.92
1544802171.98
1544802172.02
1544802172.07
1544802172.11
1544802172.16
1544802172.2
1544802172.23
1544802172.31
1544802172.38
1544802172.43
1544802172.49
1544802172.54
1544802172.6
1544802172.66
1544802172.74
1544802172.79
1544802172.82
1544802172.87
1544802172.92
1544802172.97
1544802173.01
1544802173.05
1544802173.1
1544802173.15
1544802173.19
1544802173.23
1544802173.27
1544802173.32
1544802173.35
1544802173.39
1544802173.43
1544802173.51
1544802173.57
1544802173.6
1544802173.65
1544802173.68
1544802173.72
1544802173.78
1544802173.82
1544802173.89
1544802173.97
1544802174.03
1544802174.09
1544802174.14
1544802174.19
1544802174.22
1544802174.29
1544802174.34
1544802174.39
1544802174.43
1544802174.48
1544802174.54
1544802174.58
1544802174.63
1544802174.71
1544802174.75
1544802174.81
1544802174.88
1544802174.95
1544802174.99
1544802175.03
1544802175.07
1544802175.1
1544802175.15
1544802175.18
1544802175.21
1544802175.25
1544802175.3
1544802175.35
1544802175.39
1544802175.43
1544802175.5
1544802175.55
1544802175.6
1544802175.64
1544802175.7
1544802175.74
1544802175.79
1544802175.82
1544802175.87
1544802175.93
1544802175.98
1544802176.02
1544802176.12
1544802176.18
1544802176.22
1544802176.28
1544802176.34
1544802176.38
1544802176.42
1544802176.46
1544802176.53
1544802176.59
1544802176.64
1544802176.7
1544802176.75
1544802176.81
1544802176.84
1544802176.92
1544802176.96
1544802177.01
1544802177.06
1544802177.13
1544802177.18
1544802177.22
1544802177.27
1544802177.34
1544802177.39
1544802177.43
1544802177.47
1544802177.53
1544802177.58
1544802177.61
1544802177.64
1544802177.68
1544802177.72
1544802177.79
1544802177.82
1544802177.88
1544802177.95
1544802178.0
1544802178.05
1544802178.12
1544802178.18
1544802178.21
1544802178.26
1544802178.31
1544802178.36
1544802178.42
1544802178.48
1544802178.55
1544802178.64
1544802178.73
1544802178.79
1544802178.83
1544802178.91
1544802178.97
1544802179.05
1544802179.12
1544802179.19
1544802179.24
1544802179.32
1544802179.41
1544802179.51
1544802179.57
1544802179.64
1544802179.7
1544802179.74
1544802179.79
1544802179.83
1544802179.88
1544802179.92
1544802179.97
1544802180.02
1544802180.07
1544802180.1
1544802180.13
1544802180.17
1544802180.22
1544802180.27
1544802180.31
1544802180.37
1544802180.43
1544802180.47
1544802180.51
1544802180.56
1544802180.6
1544802180.64
1544802180.68
1544802180.72
1544802180.75
1544802180.79
1544802180.82
1544802180.87
1544802180.91
1544802180.95
1544802181.02
1544802181.08
1544802181.11
1544802181.16
1544802181.23
1544802181.28
1544802181.32
1544802181.36
1544802181.43
1544802181.5
1544802181.53
1544802181.58
1544802181.65
1544802181.7
1544802181.74
1544802181.8
1544802181.84
1544802181.89
1544802181.93
1544802181.98
1544802182.01
1544802182.06
1544802182.1
1544802182.14
1544802182.18
1544802182.22
1544802182.27
1544802182.31
1544802182.36
1544802182.44
1544802182.49
1544802182.53
1544802182.58
1544802182.63
1544802182.68
1544802182.71
1544802182.76
1544802182.82
1544802182.88
1544802182.92
1544802182.97
1544802183.03
1544802183.08
1544802183.11
1544802183.15
1544802183.21
1544802183.27
1544802183.3
1544802183.34
1544802183.41
1544802183.47
1544802183.51
1544802183.56
1544802183.6
1544802183.63
1544802183.68
1544802183.71
1544802183.76
1544802183.82
1544802183.87
1544802183.9
1544802183.94
1544802183.98
1544802184.03
1544802184.09
1544802184.14
1544802184.22
1544802184.28
1544802184.31
1544802184.36
1544802184.41
1544802184.46
1544802184.51
1544802184.56
1544802184.62
1544802184.67
1544802184.71
1544802184.76
1544802184.82
1544802184.89
1544802184.92
1544802184.98
1544802185.06
1544802185.11
1544802185.17
1544802185.24
1544802185.31
1544802185.36
1544802185.42
1544802185.49
1544802185.53
1544802185.59
1544802185.63
1544802185.68
1544802185.72
1544802185.76
1544802185.81
1544802185.87
1544802185.9
1544802185.94
1544802186.01
1544802186.08
1544802186.11
1544802186.14
1544802186.2
1544802186.27
1544802186.3
1544802186.35
1544802186.38
1544802186.45
1544802186.5
1544802186.53
1544802186.6
1544802186.66
1544802186.7
1544802186.76
1544802186.79
1544802186.82
1544802186.87
1544802186.93
1544802186.99
1544802187.04
1544802187.11
1544802187.18
1544802187.22
1544802187.28
1544802187.34
1544802187.41
1544802187.47
1544802187.54
1544802187.61
1544802187.69
1544802187.78
1544802187.87
1544802187.96
1544802188.02
1544802188.1
1544802188.18
1544802188.26
1544802188.33
1544802188.39
1544802188.48
1544802188.55
1544802188.61
1544802188.69
1544802188.75
1544802188.79
1544802188.83
1544802188.89
1544802188.95
1544802189.01
1544802189.07
1544802189.11
1544802189.16
1544802189.21
1544802189.26
1544802189.3
1544802189.34
1544802189.41
1544802189.48
1544802189.51
1544802189.56
1544802189.6
1544802189.64
1544802189.68
1544802189.72
1544802189.77
1544802189.84
1544802189.89
1544802189.93
1544802189.99
1544802190.04
1544802190.1
1544802190.14
1544802190.2
1544802190.27
1544802190.32
1544802190.37
1544802190.43
1544802190.49
1544802190.52
1544802190.57
1544802190.62
1544802190.68
1544802190.71
1544802190.78
1544802190.83
1544802190.88
1544802190.91
1544802190.97
1544802191.02
1544802191.07
1544802191.1
1544802191.14
1544802191.18
1544802191.21
1544802191.26
1544802191.3
1544802191.33
1544802191.36
1544802191.4
1544802191.47
1544802191.52
1544802191.57
1544802191.62
1544802191.66
1544802191.7
1544802191.75
1544802191.87
1544802191.92
1544802191.96
1544802192.0
1544802192.07
1544802192.11
1544802192.14
1544802192.22
1544802192.28
1544802192.32
1544802192.39
1544802192.45
1544802192.49
1544802192.53
1544802192.58
1544802192.67
1544802192.72
1544802192.79
1544802192.82
1544802192.88
1544802193.0
1544802193.12
1544802193.19
1544802193.27
1544802193.36
1544802193.43
1544802193.49
1544802193.56
1544802193.63
1544802193.69
1544802193.76
1544802193.82
1544802193.9
1544802193.98
1544802194.06
1544802194.12
1544802194.19
1544802194.25
1544802194.33
1544802194.41
1544802194.47
1544802194.53
1544802194.58
1544802194.63
1544802194.71
1544802194.79
1544802194.86
1544802194.93
1544802195.01
1544802195.11
1544802195.21
1544802195.29
1544802195.35
1544802195.42
1544802195.47
1544802195.51
1544802195.55
1544802195.59
1544802195.63
1544802195.66
1544802195.7
1544802195.75
1544802195.79
1544802195.82
1544802195.85
1544802195.9
1544802195.94
1544802196.0
1544802196.05
1544802196.13
1544802196.18
1544802196.23
1544802196.29
1544802196.34
1544802196.42
1544802196.48
1544802196.54
1544802196.59
1544802196.66
1544802196.72
1544802196.79
1544802196.84
1544802196.9
1544802196.96
1544802197.02
1544802197.07
1544802197.12
1544802197.19
1544802197.23
1544802197.28
1544802197.34
1544802197.4
1544802197.47
1544802197.53
1544802197.59
1544802197.65
1544802197.72
1544802197.79
1544802197.86
1544802197.93
1544802198.0
1544802198.09
1544802198.16
1544802198.23
1544802198.29
1544802198.36
1544802198.42
1544802198.5
1544802198.56
1544802198.63
1544802198.71
1544802198.76
1544802198.81
1544802198.86
1544802198.91
1544802198.96
1544802199.01
1544802199.06
1544802199.13
1544802199.2
1544802199.28
1544802199.33
1544802199.37
1544802199.44
1544802199.5
1544802199.58
1544802199.63
1544802199.68
1544802199.77
1544802199.82
1544802199.89
1544802199.96
1544802200.05
1544802200.11
1544802200.19
1544802200.27
1544802200.33
1544802200.41
1544802200.48
1544802200.55
1544802200.62
1544802200.7
1544802200.74
1544802200.81
1544802200.86
1544802200.92
1544802200.99
1544802201.06
1544802201.11
1544802201.16
1544802201.19
1544802201.26
1544802201.34
1544802201.41
1544802201.47
1544802201.53
1544802201.61
1544802201.68
1544802201.76
1544802201.84
1544802201.91
1544802201.99
1544802202.07
1544802202.14
1544802202.22
1544802202.3
1544802202.37
1544802202.42
1544802202.5
1544802202.58
1544802202.64
1544802202.68
1544802202.74
1544802202.8
1544802202.86
1544802202.93
1544802202.97
1544802203.02
1544802203.06
1544802203.1
1544802203.15
1544802203.19
1544802203.25
1544802203.29
1544802203.33
1544802203.41
1544802203.48
1544802203.52
1544802203.55
1544802203.58
1544802203.63
1544802203.69
1544802203.74
1544802203.82
1544802203.88
1544802203.91
1544802203.96
1544802204.01
1544802204.06
1544802204.11
1544802204.16
1544802204.21
1544802204.28
1544802204.31
1544802204.35
1544802204.4
1544802204.44
1544802204.49
1544802204.52
1544802204.57
1544802204.63
1544802204.7
1544802204.74
1544802204.83
1544802204.88
1544802204.91
1544802204.97
1544802205.03
1544802205.07
1544802205.11
1544802205.14
1544802205.2
1544802205.24
1544802205.28
1544802205.32
1544802205.38
1544802205.43
1544802205.47
1544802205.51
1544802205.56
1544802205.6
1544802205.63
1544802205.67
1544802205.7
1544802205.74
1544802205.82
1544802205.89
1544802205.95
1544802206.0
1544802206.07
1544802206.13
1544802206.19
1544802206.26
1544802206.32
1544802206.37
1544802206.45
1544802206.52
1544802206.6
1544802206.67
1544802206.74
1544802206.79
1544802206.83
1544802206.89
1544802206.94
1544802207.0
1544802207.09
1544802207.15
1544802207.23
1544802207.32
1544802207.41
1544802207.47
1544802207.5
1544802207.57
