1544728882.71
1544728883.42
1544728883.54
1544728883.64
1544728883.74
1544728883.8
1544728883.87
1544728883.95
1544728884.08
1544728884.17
1544728884.27
1544728884.35
1544728884.44
1544728884.54
1544728884.62
1544728884.71
1544728884.81
1544728884.87
1544728884.99
1544728885.05
1544728885.15
1544728885.25
1544728885.37
1544728885.47
1544728885.6
1544728885.71
1544728885.8
1544728885.9
1544728886.0
1544728886.07
1544728886.16
1544728886.22
1544728886.26
1544728886.32
1544728886.39
1544728886.5
1544728886.57
1544728886.65
1544728886.71
1544728886.77
1544728886.82
1544728886.86
1544728886.92
1544728887.01
1544728887.06
1544728887.13
1544728887.2
1544728887.28
1544728887.39
1544728887.48
1544728887.54
1544728887.63
1544728887.71
1544728887.78
1544728887.86
1544728887.94
1544728887.99
1544728888.06
1544728888.13
1544728888.21
1544728888.27
1544728888.34
1544728888.42
1544728888.49
1544728888.55
1544728888.64
1544728888.72
1544728888.78
1544728888.87
1544728888.94
1544728889.01
1544728889.07
1544728889.15
1544728889.23
1544728889.3
1544728889.38
1544728889.43
1544728889.48
1544728889.55
1544728889.62
1544728889.72
1544728889.83
1544728889.92
1544728890.02
1544728890.1
1544728890.23
1544728890.31
1544728890.35
1544728890.42
1544728890.48
1544728890.54
1544728890.62
1544728890.69
1544728890.75
1544728890.82
1544728890.89
1544728890.96
1544728891.03
1544728891.09
1544728891.17
1544728891.24
1544728891.32
1544728891.36
1544728891.42
1544728891.49
1544728891.56
1544728891.63
1544728891.68
1544728891.75
1544728891.82
1544728891.87
1544728891.96
1544728892.04
1544728892.1
1544728892.16
1544728892.26
1544728892.32
1544728892.37
1544728892.43
1544728892.48
1544728892.54
1544728892.6
1544728892.65
1544728892.72
1544728892.77
1544728892.89
1544728892.99
1544728893.06
1544728893.19
1544728893.31
1544728893.42
1544728893.51
1544728893.57
1544728893.66
1544728893.72
1544728893.79
1544728893.84
1544728893.94
1544728894.03
1544728894.12
1544728894.21
1544728894.3
1544728894.39
1544728894.47
1544728894.53
1544728894.61
1544728894.69
1544728894.76
1544728894.83
1544728894.9
1544728894.95
1544728895.03
1544728895.11
1544728895.19
1544728895.26
1544728895.34
1544728895.41
1544728895.47
1544728895.53
1544728895.6
1544728895.72
1544728895.81
1544728895.89
1544728895.93
1544728895.99
1544728896.05
1544728896.13
1544728896.19
1544728896.3
1544728896.39
1544728896.46
1544728896.55
1544728896.62
1544728896.69
1544728896.75
1544728896.82
1544728896.91
1544728897.01
1544728897.07
1544728897.13
1544728897.2
1544728897.27
1544728897.34
1544728897.42
1544728897.48
1544728897.53
1544728897.58
1544728897.71
1544728897.78
1544728897.87
1544728897.99
1544728898.12
1544728898.19
1544728898.28
1544728898.35
1544728898.45
1544728898.56
1544728898.64
1544728898.71
1544728898.79
1544728898.86
1544728898.93
1544728899.0
1544728899.06
1544728899.12
1544728899.23
1544728899.32
1544728899.42
1544728899.52
1544728899.6
1544728899.69
1544728899.76
1544728899.81
1544728899.86
1544728899.99
1544728900.07
1544728900.14
1544728900.21
1544728900.26
1544728900.34
1544728900.42
1544728900.49
1544728900.55
1544728900.62
1544728900.69
1544728900.75
1544728900.79
1544728900.86
1544728900.93
1544728901.01
1544728901.07
1544728901.15
1544728901.22
1544728901.29
1544728901.36
1544728901.44
1544728901.52
1544728901.6
1544728901.67
1544728901.74
1544728901.8
1544728901.88
1544728901.95
1544728902.05
1544728902.15
1544728902.25
1544728902.33
1544728902.4
1544728902.5
1544728902.61
1544728902.69
1544728902.78
1544728902.86
1544728902.91
1544728903.0
1544728903.12
1544728903.19
1544728903.26
1544728903.33
1544728903.39
1544728903.46
1544728903.53
1544728903.6
1544728903.67
1544728903.74
1544728903.81
1544728903.87
1544728903.94
1544728904.01
1544728904.06
1544728904.18
1544728904.28
1544728904.36
1544728904.45
1544728904.53
1544728904.59
1544728904.67
1544728904.75
1544728904.85
1544728904.92
1544728905.0
1544728905.1
1544728905.24
1544728905.34
1544728905.45
1544728905.54
1544728905.64
1544728905.73
1544728905.79
1544728905.9
1544728905.98
1544728906.06
1544728906.12
1544728906.22
1544728906.3
1544728906.36
1544728906.42
1544728906.49
1544728906.55
1544728906.61
1544728906.66
1544728906.72
1544728906.77
1544728906.83
1544728906.89
1544728906.95
1544728907.01
1544728907.07
1544728907.13
1544728907.19
1544728907.25
1544728907.33
1544728907.39
1544728907.46
1544728907.53
1544728907.59
1544728907.66
1544728907.77
1544728907.82
1544728907.89
1544728907.96
1544728908.04
1544728908.1
1544728908.18
1544728908.3
1544728908.38
1544728908.42
1544728908.48
1544728908.55
1544728908.64
1544728908.71
1544728908.8
1544728908.85
1544728908.96
1544728909.02
1544728909.07
1544728909.13
1544728909.21
1544728909.26
1544728909.35
1544728909.42
1544728909.5
1544728909.61
1544728909.69
1544728909.76
1544728909.82
1544728909.9
1544728909.95
1544728910.03
1544728910.12
1544728910.19
1544728910.29
1544728910.36
1544728910.44
1544728910.51
1544728910.58
1544728910.65
1544728910.73
1544728910.81
1544728910.89
1544728911.0
1544728911.09
1544728911.15
1544728911.22
1544728911.29
1544728911.36
1544728911.44
1544728911.5
1544728911.56
1544728911.67
1544728911.79
1544728911.9
1544728911.96
1544728912.07
1544728912.15
1544728912.24
1544728912.31
1544728912.36
1544728912.44
1544728912.52
1544728912.6
1544728912.65
1544728912.74
1544728912.82
1544728912.89
1544728912.96
1544728913.02
1544728913.1
1544728913.15
1544728913.24
1544728913.31
1544728913.38
1544728913.44
1544728913.52
1544728913.6
1544728913.67
1544728913.74
1544728913.81
1544728913.87
1544728913.95
1544728914.04
1544728914.12
1544728914.21
1544728914.3
1544728914.4
1544728914.5
1544728914.6
1544728914.69
1544728914.77
1544728914.85
1544728914.91
1544728915.0
1544728915.09
1544728915.2
1544728915.28
1544728915.37
1544728915.46
1544728915.56
1544728915.65
1544728915.73
1544728915.83
1544728915.91
1544728915.98
1544728916.05
1544728916.13
1544728916.23
1544728916.31
1544728916.39
1544728916.47
1544728916.56
1544728916.63
1544728916.72
1544728916.78
1544728916.86
1544728916.92
1544728917.0
1544728917.08
1544728917.15
1544728917.23
1544728917.34
1544728917.46
1544728917.53
1544728917.6
1544728917.66
1544728917.76
1544728917.85
1544728917.93
1544728918.03
1544728918.12
1544728918.21
1544728918.3
1544728918.38
1544728918.47
1544728918.53
1544728918.59
1544728918.63
1544728918.71
1544728918.82
1544728918.89
1544728919.03
1544728919.11
1544728919.2
1544728919.25
1544728919.39
1544728919.46
1544728919.54
1544728919.63
1544728919.7
1544728919.79
1544728919.88
1544728919.95
1544728920.02
1544728920.09
1544728920.19
1544728920.28
1544728920.35
1544728920.42
1544728920.47
1544728920.54
1544728920.61
1544728920.66
1544728920.75
1544728920.82
1544728920.89
1544728921.0
1544728921.05
1544728921.14
1544728921.21
1544728921.25
1544728921.32
1544728921.39
1544728921.45
1544728921.53
1544728921.61
1544728921.65
1544728921.74
1544728921.82
1544728921.9
1544728921.95
1544728922.04
1544728922.14
1544728922.23
1544728922.38
1544728922.47
1544728922.52
1544728922.61
1544728922.67
1544728922.75
1544728922.82
1544728922.89
1544728922.95
1544728923.01
1544728923.08
1544728923.15
1544728923.24
1544728923.32
1544728923.39
1544728923.45
1544728923.5
1544728923.56
1544728923.62
1544728923.69
1544728923.75
1544728923.82
1544728923.9
1544728923.98
1544728924.04
1544728924.13
1544728924.2
1544728924.27
1544728924.34
1544728924.41
1544728924.46
1544728924.51
1544728924.56
1544728924.64
1544728924.72
1544728924.8
1544728924.88
1544728924.95
1544728925.02
1544728925.1
1544728925.15
1544728925.22
1544728925.31
1544728925.37
1544728925.45
1544728925.54
1544728925.6
1544728925.67
1544728925.75
1544728925.83
1544728925.9
1544728925.97
1544728926.03
1544728926.09
1544728926.17
1544728926.23
1544728926.31
1544728926.4
1544728926.44
1544728926.5
1544728926.59
1544728926.67
1544728926.75
1544728926.82
1544728926.88
1544728926.96
1544728927.04
1544728927.1
1544728927.18
1544728927.25
1544728927.32
1544728927.39
1544728927.47
1544728927.55
1544728927.62
1544728927.69
1544728927.75
1544728927.82
1544728927.88
1544728927.94
1544728928.01
1544728928.09
1544728928.16
1544728928.25
1544728928.31
1544728928.37
1544728928.43
1544728928.52
1544728928.59
1544728928.69
1544728928.79
1544728928.84
1544728928.91
1544728928.99
1544728929.07
1544728929.13
1544728929.2
1544728929.25
1544728929.33
1544728929.43
1544728929.5
1544728929.57
1544728929.66
1544728929.76
1544728929.83
1544728929.9
1544728929.99
1544728930.06
1544728930.16
1544728930.23
1544728930.32
1544728930.41
1544728930.45
1544728930.52
1544728930.58
1544728930.65
1544728930.72
1544728930.79
1544728930.86
1544728930.92
1544728931.01
1544728931.07
1544728931.16
1544728931.24
1544728931.29
1544728931.36
1544728931.43
1544728931.52
1544728931.61
1544728931.69
1544728931.77
1544728931.87
1544728931.95
1544728932.03
1544728932.11
1544728932.17
1544728932.24
1544728932.32
1544728932.4
1544728932.48
1544728932.54
1544728932.62
1544728932.69
1544728932.77
1544728932.86
1544728932.93
1544728933.01
1544728933.11
1544728933.17
1544728933.25
1544728933.32
1544728933.39
1544728933.46
1544728933.54
1544728933.61
1544728933.67
1544728933.74
1544728933.81
1544728933.88
1544728933.95
1544728934.01
1544728934.08
1544728934.15
1544728934.21
1544728934.28
1544728934.36
1544728934.43
1544728934.5
1544728934.58
1544728934.65
1544728934.72
1544728934.79
1544728934.84
1544728934.91
1544728934.96
1544728935.03
1544728935.09
1544728935.14
1544728935.2
1544728935.27
1544728935.34
1544728935.4
1544728935.47
1544728935.54
1544728935.61
1544728935.67
1544728935.74
1544728935.81
1544728935.87
1544728935.95
1544728936.03
1544728936.09
1544728936.16
1544728936.22
1544728936.27
1544728936.35
1544728936.41
1544728936.47
1544728936.55
1544728936.61
1544728936.67
1544728936.74
1544728936.79
1544728936.85
1544728936.92
1544728936.99
1544728937.05
1544728937.12
1544728937.16
1544728937.25
1544728937.32
1544728937.39
1544728937.45
1544728937.53
1544728937.57
1544728937.65
1544728937.72
1544728937.8
1544728937.86
1544728937.93
1544728937.98
1544728938.06
1544728938.11
1544728938.19
1544728938.26
1544728938.37
1544728938.44
1544728938.51
1544728938.59
1544728938.63
1544728938.68
1544728938.75
1544728938.8
1544728938.9
1544728938.98
1544728939.05
1544728939.13
1544728939.22
1544728939.3
1544728939.38
1544728939.45
1544728939.52
1544728939.6
1544728939.69
1544728939.75
1544728939.83
1544728939.9
1544728940.01
1544728940.08
1544728940.15
1544728940.22
1544728940.3
1544728940.39
1544728940.47
1544728940.54
1544728940.64
1544728940.72
1544728940.8
1544728940.88
1544728940.98
1544728941.07
1544728941.15
1544728941.22
1544728941.29
1544728941.37
1544728941.44
1544728941.51
1544728941.57
1544728941.63
1544728941.71
1544728941.78
1544728941.83
1544728941.92
1544728941.99
1544728942.08
1544728942.15
1544728942.22
1544728942.29
1544728942.36
1544728942.44
1544728942.51
1544728942.61
1544728942.7
1544728942.78
1544728942.86
1544728942.95
1544728943.03
1544728943.1
1544728943.17
1544728943.25
1544728943.35
1544728943.45
1544728943.53
1544728943.59
1544728943.66
1544728943.74
1544728943.83
1544728943.92
1544728943.98
1544728944.02
1544728944.09
1544728944.16
1544728944.24
1544728944.33
1544728944.41
1544728944.5
1544728944.57
1544728944.63
1544728944.72
1544728944.79
1544728944.88
1544728944.95
1544728945.02
1544728945.08
1544728945.16
1544728945.25
1544728945.31
1544728945.37
1544728945.45
1544728945.52
1544728945.58
1544728945.65
1544728945.72
1544728945.8
1544728945.86
1544728945.94
1544728946.0
1544728946.06
1544728946.12
1544728946.18
1544728946.26
1544728946.33
1544728946.39
1544728946.47
1544728946.53
1544728946.59
1544728946.69
1544728946.76
1544728946.84
1544728946.92
1544728946.97
1544728947.05
1544728947.11
1544728947.17
1544728947.23
1544728947.33
1544728947.4
1544728947.47
1544728947.54
1544728947.61
1544728947.66
1544728947.72
1544728947.77
1544728947.84
1544728947.91
1544728947.97
1544728948.05
1544728948.11
1544728948.2
1544728948.28
1544728948.32
1544728948.37
1544728948.46
1544728948.51
1544728948.56
1544728948.66
1544728948.76
1544728948.85
1544728948.93
1544728949.02
1544728949.1
1544728949.18
1544728949.27
1544728949.36
1544728949.45
1544728949.53
1544728949.59
1544728949.68
1544728949.76
1544728949.84
1544728949.91
1544728949.99
1544728950.06
1544728950.14
1544728950.22
1544728950.3
1544728950.37
1544728950.44
1544728950.49
1544728950.55
1544728950.62
1544728950.68
1544728950.73
1544728950.8
1544728950.86
1544728950.92
1544728950.98
1544728951.03
1544728951.1
1544728951.16
1544728951.22
1544728951.28
1544728951.35
1544728951.42
1544728951.47
1544728951.53
1544728951.59
1544728951.66
1544728951.74
1544728951.82
1544728951.89
1544728951.97
1544728952.04
1544728952.11
1544728952.17
1544728952.24
1544728952.3
1544728952.37
1544728952.44
1544728952.51
1544728952.58
1544728952.67
1544728952.75
1544728952.83
1544728952.9
1544728952.97
1544728953.04
1544728953.11
1544728953.17
1544728953.25
1544728953.34
1544728953.42
1544728953.51
1544728953.59
1544728953.66
1544728953.74
1544728953.79
1544728953.89
1544728953.97
1544728954.05
1544728954.12
1544728954.2
1544728954.27
1544728954.32
1544728954.4
1544728954.46
1544728954.54
1544728954.61
1544728954.67
1544728954.75
1544728954.83
1544728954.9
1544728954.96
1544728955.03
1544728955.09
1544728955.15
1544728955.21
1544728955.27
1544728955.33
1544728955.39
1544728955.43
1544728955.5
1544728955.58
1544728955.65
1544728955.73
1544728955.81
1544728955.89
1544728955.97
1544728956.03
1544728956.11
1544728956.18
1544728956.26
1544728956.31
1544728956.37
1544728956.41
1544728956.47
1544728956.54
1544728956.61
1544728956.7
1544728956.76
1544728956.84
1544728956.92
1544728957.0
1544728957.07
1544728957.12
1544728957.21
1544728957.29
1544728957.37
1544728957.44
1544728957.5
1544728957.55
1544728957.62
1544728957.69
1544728957.73
1544728957.77
1544728957.88
1544728957.93
1544728957.99
1544728958.09
1544728958.14
1544728958.22
1544728958.33
1544728958.41
1544728958.48
1544728958.54
1544728958.61
1544728958.67
1544728958.74
1544728958.8
1544728958.84
1544728958.93
1544728959.0
1544728959.08
1544728959.15
1544728959.22
1544728959.29
1544728959.35
1544728959.43
1544728959.49
1544728959.56
1544728959.62
1544728959.69
1544728959.77
1544728959.85
1544728959.93
1544728960.01
1544728960.09
1544728960.17
1544728960.23
1544728960.28
1544728960.35
1544728960.45
1544728960.5
1544728960.6
1544728960.67
1544728960.75
1544728960.83
1544728960.91
1544728960.98
1544728961.06
1544728961.13
1544728961.21
1544728961.28
1544728961.38
1544728961.45
1544728961.53
1544728961.6
1544728961.66
1544728961.73
1544728961.8
1544728961.86
1544728961.93
1544728962.01
1544728962.08
1544728962.15
1544728962.22
1544728962.28
1544728962.35
1544728962.43
1544728962.51
1544728962.59
1544728962.67
1544728962.75
1544728962.83
1544728962.89
1544728962.97
1544728963.05
1544728963.14
1544728963.24
1544728963.31
1544728963.38
1544728963.47
1544728963.54
1544728963.64
1544728963.72
1544728963.81
1544728963.91
1544728963.97
1544728964.08
1544728964.15
1544728964.23
1544728964.29
1544728964.35
1544728964.43
1544728964.5
1544728964.57
1544728964.63
1544728964.69
1544728964.74
1544728964.8
1544728964.87
1544728964.91
1544728964.97
1544728965.05
1544728965.1
1544728965.14
1544728965.23
1544728965.29
1544728965.33
1544728965.37
1544728965.45
1544728965.52
1544728965.59
1544728965.66
1544728965.72
1544728965.77
1544728965.84
1544728965.89
1544728965.94
1544728966.01
1544728966.09
1544728966.15
1544728966.24
1544728966.31
1544728966.38
1544728966.44
1544728966.5
1544728966.56
1544728966.64
1544728966.7
1544728966.75
1544728966.84
1544728966.91
1544728966.98
1544728967.07
1544728967.14
1544728967.2
1544728967.25
1544728967.33
1544728967.4
1544728967.47
1544728967.54
1544728967.61
1544728967.68
1544728967.73
1544728967.77
1544728967.85
1544728967.92
1544728967.95
1544728968.01
1544728968.06
1544728968.12
1544728968.2
1544728968.3
1544728968.35
1544728968.44
1544728968.51
1544728968.58
1544728968.63
1544728968.69
1544728968.74
1544728968.8
1544728968.85
1544728968.9
1544728968.96
1544728969.02
1544728969.09
1544728969.15
1544728969.2
1544728969.25
1544728969.31
1544728969.36
1544728969.42
1544728969.47
1544728969.52
1544728969.58
1544728969.64
1544728969.7
1544728969.75
1544728969.81
1544728969.87
1544728969.92
1544728969.97
1544728970.03
1544728970.08
1544728970.14
1544728970.19
1544728970.24
1544728970.33
1544728970.4
1544728970.47
1544728970.54
1544728970.6
1544728970.64
1544728970.68
1544728970.74
1544728970.8
1544728970.85
1544728970.91
1544728970.97
1544728971.04
1544728971.1
1544728971.17
1544728971.25
1544728971.31
1544728971.37
1544728971.43
1544728971.49
1544728971.57
1544728971.64
1544728971.7
1544728971.75
1544728971.85
1544728971.92
1544728971.97
1544728972.06
1544728972.14
1544728972.23
1544728972.31
1544728972.41
1544728972.49
1544728972.56
1544728972.63
1544728972.7
1544728972.77
1544728972.85
1544728972.93
1544728973.0
1544728973.07
1544728973.14
1544728973.21
1544728973.27
1544728973.34
1544728973.4
1544728973.47
1544728973.55
1544728973.62
1544728973.69
1544728973.77
1544728973.84
1544728973.91
1544728973.98
1544728974.04
1544728974.13
1544728974.19
1544728974.25
1544728974.31
1544728974.39
1544728974.47
1544728974.58
1544728974.66
1544728974.75
1544728974.83
1544728974.91
1544728974.99
1544728975.06
1544728975.14
1544728975.22
1544728975.3
1544728975.39
1544728975.43
1544728975.48
1544728975.59
1544728975.67
1544728975.75
1544728975.81
1544728975.87
1544728976.0
1544728976.07
1544728976.17
1544728976.23
1544728976.33
1544728976.41
1544728976.46
1544728976.6
1544728976.65
1544728976.74
1544728976.79
1544728976.84
1544728976.9
1544728976.96
1544728977.03
1544728977.08
1544728977.14
1544728977.19
1544728977.23
1544728977.28
1544728977.36
1544728977.41
1544728977.46
1544728977.53
1544728977.59
1544728977.64
1544728977.7
1544728977.75
1544728977.81
1544728977.85
1544728977.93
1544728978.01
1544728978.11
1544728978.18
1544728978.22
1544728978.3
1544728978.38
1544728978.43
1544728978.53
1544728978.63
1544728978.7
1544728978.78
1544728978.85
1544728978.92
1544728978.97
1544728979.02
1544728979.09
1544728979.15
1544728979.22
1544728979.29
1544728979.4
1544728979.51
1544728979.6
1544728979.69
1544728979.77
1544728979.85
1544728979.94
1544728979.99
1544728980.06
1544728980.13
1544728980.2
1544728980.25
1544728980.33
1544728980.41
1544728980.49
1544728980.56
1544728980.65
1544728980.73
1544728980.81
1544728980.89
1544728980.97
1544728981.05
1544728981.13
1544728981.21
1544728981.29
1544728981.35
1544728981.42
1544728981.51
1544728981.6
1544728981.67
1544728981.75
1544728981.83
1544728981.91
1544728981.99
1544728982.06
1544728982.13
1544728982.2
1544728982.25
1544728982.33
1544728982.4
1544728982.47
1544728982.55
1544728982.63
1544728982.71
1544728982.79
1544728982.86
1544728982.95
1544728983.03
1544728983.1
1544728983.18
1544728983.28
1544728983.36
1544728983.46
1544728983.55
1544728983.63
1544728983.71
1544728983.79
1544728983.86
1544728983.94
1544728984.0
1544728984.07
1544728984.13
1544728984.2
1544728984.26
1544728984.33
1544728984.39
1544728984.47
1544728984.57
1544728984.66
1544728984.74
1544728984.82
1544728984.89
1544728984.97
1544728985.03
1544728985.1
1544728985.18
1544728985.25
1544728985.32
1544728985.39
1544728985.46
1544728985.55
1544728985.63
1544728985.7
1544728985.74
1544728985.81
1544728985.89
1544728986.0
1544728986.09
1544728986.18
1544728986.25
1544728986.33
1544728986.39
1544728986.46
1544728986.55
1544728986.63
1544728986.7
1544728986.78
1544728986.84
1544728986.92
1544728986.99
1544728987.06
1544728987.14
1544728987.21
1544728987.28
1544728987.33
1544728987.39
1544728987.46
1544728987.53
1544728987.6
1544728987.66
1544728987.73
1544728987.79
1544728987.87
1544728987.96
1544728988.03
1544728988.1
1544728988.18
1544728988.26
1544728988.33
1544728988.42
1544728988.49
1544728988.57
1544728988.64
1544728988.72
1544728988.79
1544728988.86
1544728988.92
1544728989.04
1544728989.11
1544728989.19
1544728989.26
1544728989.33
1544728989.4
1544728989.46
1544728989.53
1544728989.59
1544728989.65
1544728989.7
1544728989.76
1544728989.85
1544728989.94
1544728990.03
1544728990.12
1544728990.2
1544728990.35
1544728990.42
1544728990.5
1544728990.56
1544728990.64
1544728990.71
1544728990.76
1544728990.84
1544728990.9
1544728990.97
1544728991.02
1544728991.09
1544728991.18
1544728991.21
1544728991.28
1544728991.35
1544728991.42
1544728991.5
1544728991.55
1544728991.61
1544728991.68
1544728991.77
1544728991.85
1544728991.92
1544728991.99
1544728992.05
1544728992.13
1544728992.19
1544728992.27
1544728992.34
1544728992.41
1544728992.47
1544728992.55
1544728992.63
1544728992.71
1544728992.78
1544728992.86
1544728992.93
1544728993.01
1544728993.08
1544728993.16
1544728993.23
1544728993.31
1544728993.38
1544728993.46
1544728993.53
1544728993.64
1544728993.69
1544728993.75
1544728993.83
1544728993.92
1544728993.99
1544728994.05
1544728994.13
1544728994.23
1544728994.29
1544728994.34
1544728994.4
1544728994.47
1544728994.52
1544728994.63
1544728994.71
1544728994.8
1544728994.9
1544728994.99
1544728995.07
1544728995.14
1544728995.22
1544728995.29
1544728995.36
1544728995.42
1544728995.51
1544728995.59
1544728995.65
1544728995.74
1544728995.82
1544728995.91
1544728995.98
1544728996.08
1544728996.15
1544728996.24
1544728996.32
1544728996.4
1544728996.47
1544728996.56
1544728996.62
1544728996.69
1544728996.77
1544728996.84
1544728996.92
1544728996.99
1544728997.07
1544728997.12
1544728997.19
1544728997.25
1544728997.29
1544728997.37
1544728997.42
1544728997.47
1544728997.56
1544728997.62
1544728997.66
1544728997.74
1544728997.81
1544728997.85
1544728997.92
1544728998.0
1544728998.05
1544728998.12
1544728998.21
1544728998.27
1544728998.36
1544728998.45
1544728998.56
1544728998.64
1544728998.71
1544728998.79
1544728998.91
1544728999.0
1544728999.05
1544728999.14
1544728999.22
1544728999.3
1544728999.35
1544728999.43
1544728999.52
1544728999.6
1544728999.67
1544728999.75
1544728999.82
1544728999.91
1544728999.97
1544729000.06
1544729000.11
1544729000.18
1544729000.25
1544729000.31
1544729000.38
1544729000.44
1544729000.51
1544729000.57
1544729000.62
1544729000.69
1544729000.74
1544729000.84
1544729000.91
1544729000.96
1544729001.04
1544729001.09
1544729001.16
1544729001.22
1544729001.28
1544729001.34
1544729001.44
1544729001.53
1544729001.63
1544729001.72
1544729001.79
1544729001.88
1544729001.98
1544729002.07
1544729002.15
1544729002.24
1544729002.29
1544729002.37
1544729002.44
1544729002.5
1544729002.57
1544729002.63
1544729002.68
1544729002.75
1544729002.81
1544729002.87
1544729002.94
1544729003.01
1544729003.1
1544729003.17
1544729003.26
1544729003.34
1544729003.41
1544729003.51
1544729003.59
1544729003.69
1544729003.77
1544729003.84
1544729003.91
1544729003.99
1544729004.05
1544729004.12
1544729004.19
1544729004.3
1544729004.41
1544729004.52
1544729004.6
1544729004.68
1544729004.75
1544729004.83
1544729004.91
1544729004.95
1544729005.02
1544729005.09
1544729005.17
1544729005.25
1544729005.33
1544729005.41
1544729005.49
1544729005.6
1544729005.64
1544729005.76
1544729005.85
1544729005.95
1544729006.01
1544729006.06
1544729006.18
1544729006.25
1544729006.35
1544729006.44
1544729006.52
1544729006.6
1544729006.67
1544729006.74
1544729006.8
1544729006.87
1544729006.95
1544729007.01
1544729007.07
1544729007.13
1544729007.18
1544729007.25
1544729007.3
1544729007.4
1544729007.46
1544729007.55
1544729007.6
1544729007.67
1544729007.74
1544729007.79
1544729007.84
1544729007.98
1544729008.05
1544729008.1
1544729008.16
1544729008.24
1544729008.31
1544729008.39
1544729008.46
1544729008.53
1544729008.59
1544729008.67
1544729008.73
1544729008.79
1544729008.87
1544729008.94
1544729009.0
1544729009.07
1544729009.13
1544729009.2
1544729009.27
1544729009.33
1544729009.4
1544729009.47
1544729009.54
1544729009.61
1544729009.68
1544729009.71
1544729009.75
1544729009.8
1544729009.91
1544729010.01
1544729010.1
1544729010.21
1544729010.27
1544729010.34
1544729010.4
1544729010.46
1544729010.52
1544729010.59
1544729010.64
1544729010.71
1544729010.77
1544729010.86
1544729010.93
1544729010.99
1544729011.06
1544729011.12
1544729011.19
1544729011.26
1544729011.32
1544729011.39
1544729011.45
1544729011.54
1544729011.62
1544729011.67
1544729011.74
1544729011.8
1544729011.87
1544729011.94
1544729012.02
1544729012.08
1544729012.13
1544729012.19
1544729012.24
1544729012.3
1544729012.35
1544729012.44
1544729012.51
1544729012.59
1544729012.65
1544729012.72
1544729012.78
1544729012.86
1544729012.92
1544729012.98
1544729013.03
1544729013.11
1544729013.2
1544729013.28
1544729013.36
1544729013.43
1544729013.52
1544729013.59
1544729013.63
1544729013.71
1544729013.76
1544729013.84
1544729013.9
1544729013.97
1544729014.04
1544729014.11
1544729014.19
1544729014.24
1544729014.32
1544729014.42
1544729014.52
1544729014.56
1544729014.66
1544729014.76
1544729014.84
1544729014.91
1544729014.99
1544729015.06
1544729015.13
1544729015.2
1544729015.27
1544729015.34
1544729015.41
1544729015.49
1544729015.55
1544729015.64
1544729015.72
1544729015.8
1544729015.87
1544729015.96
1544729016.04
1544729016.1
1544729016.18
1544729016.24
1544729016.31
1544729016.38
1544729016.45
1544729016.53
1544729016.59
1544729016.67
1544729016.74
1544729016.81
1544729016.87
1544729016.94
1544729017.0
1544729017.09
1544729017.16
1544729017.24
1544729017.31
1544729017.38
1544729017.44
1544729017.51
1544729017.58
1544729017.64
1544729017.71
1544729017.78
1544729017.85
1544729017.91
1544729017.97
1544729018.05
1544729018.13
1544729018.2
1544729018.25
1544729018.32
1544729018.39
1544729018.5
1544729018.58
1544729018.66
1544729018.74
1544729018.82
1544729018.89
1544729018.95
1544729019.04
1544729019.13
1544729019.18
1544729019.25
1544729019.32
1544729019.4
1544729019.46
1544729019.57
1544729019.65
1544729019.77
1544729019.87
1544729019.95
1544729020.04
1544729020.12
1544729020.19
1544729020.26
1544729020.33
1544729020.4
1544729020.47
1544729020.57
1544729020.67
1544729020.73
1544729020.83
1544729020.95
1544729021.04
1544729021.12
1544729021.18
1544729021.26
1544729021.32
1544729021.38
1544729021.46
1544729021.51
1544729021.56
1544729021.61
1544729021.67
1544729021.73
1544729021.79
1544729021.86
1544729021.9
1544729021.99
1544729022.06
1544729022.13
1544729022.21
1544729022.27
1544729022.33
1544729022.4
1544729022.47
1544729022.56
1544729022.62
1544729022.73
1544729022.78
1544729022.87
1544729022.94
1544729023.01
1544729023.1
1544729023.17
1544729023.26
1544729023.32
1544729023.38
1544729023.44
1544729023.51
1544729023.57
1544729023.62
1544729023.68
1544729023.74
1544729023.81
1544729023.87
1544729023.94
1544729024.01
1544729024.08
1544729024.15
1544729024.23
1544729024.31
1544729024.38
1544729024.45
1544729024.52
1544729024.59
1544729024.65
1544729024.7
1544729024.75
1544729024.84
1544729024.92
1544729025.05
1544729025.12
1544729025.18
1544729025.25
1544729025.31
1544729025.39
1544729025.47
1544729025.53
1544729025.6
1544729025.64
1544729025.73
1544729025.8
1544729025.85
1544729025.91
1544729025.99
1544729026.05
1544729026.14
1544729026.22
1544729026.31
1544729026.39
1544729026.46
1544729026.54
1544729026.58
1544729026.66
1544729026.71
1544729026.78
1544729026.84
1544729026.92
1544729026.98
1544729027.09
1544729027.18
1544729027.24
1544729027.31
1544729027.38
1544729027.46
1544729027.53
1544729027.61
1544729027.67
1544729027.75
1544729027.84
1544729027.91
1544729028.0
1544729028.09
1544729028.17
1544729028.25
1544729028.34
1544729028.44
1544729028.54
1544729028.64
1544729028.73
1544729028.83
1544729028.92
1544729028.98
1544729029.07
1544729029.14
1544729029.22
1544729029.28
1544729029.35
1544729029.42
1544729029.5
1544729029.57
1544729029.62
1544729029.69
1544729029.74
1544729029.79
1544729029.87
1544729029.94
1544729030.03
1544729030.11
1544729030.19
1544729030.25
1544729030.31
1544729030.37
1544729030.44
1544729030.51
1544729030.59
1544729030.65
1544729030.72
1544729030.79
1544729030.9
1544729030.97
1544729031.06
1544729031.12
1544729031.19
1544729031.27
1544729031.36
1544729031.44
1544729031.52
1544729031.57
1544729031.64
1544729031.73
1544729031.81
1544729031.86
1544729031.92
1544729031.97
1544729032.04
1544729032.1
1544729032.17
1544729032.23
1544729032.29
1544729032.34
1544729032.41
1544729032.47
1544729032.55
1544729032.62
1544729032.69
1544729032.76
1544729032.84
1544729032.91
1544729032.97
1544729033.05
1544729033.12
1544729033.17
1544729033.23
1544729033.33
1544729033.39
1544729033.47
1544729033.56
1544729033.63
1544729033.7
1544729033.78
1544729033.84
1544729033.92
1544729033.99
1544729034.05
1544729034.12
1544729034.18
1544729034.23
1544729034.29
1544729034.35
1544729034.42
1544729034.48
1544729034.54
1544729034.62
1544729034.69
1544729034.76
1544729034.81
1544729034.86
1544729034.93
1544729034.98
1544729035.04
1544729035.1
1544729035.16
1544729035.22
1544729035.29
1544729035.35
1544729035.41
1544729035.48
1544729035.53
1544729035.59
1544729035.65
1544729035.72
1544729035.79
1544729035.85
1544729035.92
1544729036.02
1544729036.11
1544729036.18
1544729036.25
1544729036.31
1544729036.36
1544729036.43
1544729036.54
1544729036.61
1544729036.68
1544729036.75
1544729036.81
1544729036.89
1544729036.95
1544729037.03
1544729037.11
1544729037.18
1544729037.22
1544729037.33
1544729037.41
1544729037.46
1544729037.53
1544729037.59
1544729037.65
1544729037.72
1544729037.79
1544729037.84
1544729037.93
1544729038.02
1544729038.06
1544729038.16
1544729038.24
1544729038.31
1544729038.37
1544729038.48
1544729038.58
1544729038.64
1544729038.73
1544729038.84
1544729038.92
1544729039.03
1544729039.1
1544729039.2
1544729039.27
1544729039.37
1544729039.44
1544729039.52
1544729039.59
1544729039.64
1544729039.73
1544729039.78
1544729039.85
1544729039.93
1544729040.01
1544729040.07
1544729040.14
1544729040.2
1544729040.25
1544729040.32
1544729040.38
1544729040.44
1544729040.52
1544729040.64
1544729040.71
1544729040.76
1544729040.83
1544729040.91
1544729040.97
1544729041.05
1544729041.12
1544729041.17
1544729041.24
1544729041.31
1544729041.37
1544729041.47
1544729041.54
1544729041.61
1544729041.64
1544729041.71
1544729041.78
1544729041.83
1544729041.89
1544729041.94
1544729041.99
1544729042.06
1544729042.12
1544729042.17
1544729042.23
1544729042.29
1544729042.33
1544729042.39
1544729042.44
1544729042.52
1544729042.57
1544729042.64
1544729042.72
1544729042.77
1544729042.83
1544729042.93
1544729043.05
1544729043.15
1544729043.2
1544729043.28
1544729043.33
1544729043.39
1544729043.45
1544729043.5
1544729043.57
1544729043.66
1544729043.71
1544729043.76
1544729043.83
1544729043.91
1544729043.96
1544729044.05
1544729044.12
1544729044.21
1544729044.32
1544729044.4
1544729044.44
1544729044.51
1544729044.58
1544729044.64
1544729044.69
1544729044.73
1544729044.77
1544729044.85
1544729044.91
1544729044.96
1544729045.01
1544729045.07
1544729045.12
1544729045.17
1544729045.24
1544729045.29
1544729045.34
1544729045.4
1544729045.44
1544729045.49
1544729045.54
1544729045.59
1544729045.68
1544729045.75
1544729045.81
1544729045.86
1544729045.94
1544729046.01
1544729046.06
1544729046.12
1544729046.16
1544729046.22
1544729046.27
1544729046.35
1544729046.4
1544729046.46
1544729046.51
1544729046.57
1544729046.65
1544729046.7
1544729046.78
1544729046.86
1544729046.92
1544729047.0
1544729047.07
1544729047.14
1544729047.21
1544729047.26
1544729047.36
1544729047.45
1544729047.55
1544729047.64
1544729047.74
1544729047.84
1544729047.91
1544729047.98
1544729048.04
1544729048.1
1544729048.16
1544729048.21
1544729048.27
1544729048.33
1544729048.39
1544729048.48
1544729048.56
1544729048.65
1544729048.73
1544729048.81
1544729048.9
1544729049.0
1544729049.05
1544729049.14
1544729049.23
1544729049.29
1544729049.36
1544729049.45
1544729049.52
1544729049.6
1544729049.67
1544729049.73
1544729049.8
1544729049.85
1544729049.93
1544729050.02
1544729050.08
1544729050.15
1544729050.21
1544729050.26
1544729050.33
1544729050.39
1544729050.45
1544729050.52
1544729050.58
1544729050.62
1544729050.67
1544729050.76
1544729050.83
1544729050.9
1544729050.96
1544729051.03
1544729051.1
1544729051.17
1544729051.24
1544729051.31
1544729051.39
1544729051.48
1544729051.55
1544729051.64
1544729051.75
1544729051.83
1544729051.89
1544729051.96
1544729052.02
1544729052.08
1544729052.16
1544729052.22
1544729052.33
1544729052.41
1544729052.48
1544729052.58
1544729052.65
1544729052.72
1544729052.77
1544729052.84
1544729052.92
1544729052.99
1544729053.04
1544729053.1
1544729053.15
1544729053.22
1544729053.28
1544729053.34
1544729053.41
1544729053.47
1544729053.53
1544729053.6
1544729053.65
1544729053.72
1544729053.78
1544729053.84
1544729053.92
1544729053.98
1544729054.04
1544729054.1
1544729054.15
1544729054.21
1544729054.26
1544729054.32
1544729054.39
1544729054.45
1544729054.5
1544729054.56
1544729054.62
1544729054.68
1544729054.75
1544729054.82
1544729054.89
1544729054.95
1544729055.01
1544729055.1
1544729055.19
1544729055.26
1544729055.32
1544729055.4
1544729055.46
1544729055.55
1544729055.62
1544729055.68
1544729055.75
1544729055.82
1544729055.89
1544729055.96
1544729056.05
1544729056.11
1544729056.17
1544729056.25
1544729056.35
1544729056.41
1544729056.47
1544729056.55
1544729056.62
1544729056.69
1544729056.75
1544729056.83
1544729056.91
1544729056.99
1544729057.05
1544729057.14
1544729057.22
1544729057.29
1544729057.38
1544729057.45
1544729057.53
1544729057.6
1544729057.68
1544729057.76
1544729057.82
1544729057.93
1544729058.02
1544729058.11
1544729058.2
1544729058.28
1544729058.37
1544729058.46
1544729058.52
1544729058.62
1544729058.7
1544729058.77
1544729058.86
1544729058.95
1544729059.04
1544729059.11
1544729059.19
1544729059.28
1544729059.37
1544729059.46
1544729059.54
1544729059.62
1544729059.7
1544729059.78
1544729059.85
1544729059.92
1544729060.0
1544729060.11
1544729060.19
1544729060.26
1544729060.34
1544729060.41
1544729060.46
1544729060.55
1544729060.62
1544729060.69
1544729060.75
1544729060.82
1544729060.88
1544729060.95
1544729061.02
1544729061.08
1544729061.15
1544729061.22
1544729061.28
1544729061.35
1544729061.42
1544729061.49
1544729061.55
1544729061.62
1544729061.67
1544729061.75
1544729061.81
1544729061.92
1544729062.0
1544729062.09
1544729062.17
1544729062.26
1544729062.34
1544729062.42
1544729062.53
1544729062.62
1544729062.7
1544729062.8
1544729062.88
1544729062.99
1544729063.08
1544729063.17
1544729063.26
1544729063.36
1544729063.46
1544729063.54
1544729063.6
1544729063.7
1544729063.76
1544729063.84
1544729063.91
1544729063.97
1544729064.03
1544729064.12
1544729064.19
1544729064.26
1544729064.32
1544729064.41
1544729064.5
1544729064.59
1544729064.66
1544729064.73
1544729064.82
1544729064.89
1544729064.97
1544729065.06
1544729065.16
1544729065.23
1544729065.32
1544729065.38
1544729065.45
1544729065.53
1544729065.58
1544729065.66
1544729065.73
1544729065.82
1544729065.89
1544729065.96
1544729066.02
1544729066.11
1544729066.18
1544729066.28
1544729066.35
1544729066.45
1544729066.52
1544729066.56
1544729066.63
1544729066.7
1544729066.75
1544729066.79
1544729066.87
1544729066.92
1544729067.0
1544729067.11
1544729067.16
1544729067.26
1544729067.35
1544729067.44
1544729067.51
1544729067.59
1544729067.69
1544729067.75
1544729067.82
1544729067.89
1544729067.95
1544729068.02
1544729068.09
1544729068.16
1544729068.23
1544729068.29
1544729068.35
1544729068.43
1544729068.53
1544729068.64
1544729068.72
1544729068.77
1544729068.98
1544729069.05
1544729069.11
1544729069.19
1544729069.23
1544729069.32
1544729069.38
1544729069.43
1544729069.52
1544729069.59
1544729069.69
1544729069.75
1544729069.83
1544729069.9
1544729069.97
1544729070.07
1544729070.15
1544729070.24
1544729070.33
1544729070.41
1544729070.49
1544729070.57
1544729070.66
1544729070.74
1544729070.82
1544729070.9
1544729070.97
1544729071.06
1544729071.14
1544729071.23
1544729071.31
1544729071.38
1544729071.46
1544729071.53
1544729071.61
1544729071.68
1544729071.75
1544729071.83
1544729072.0
1544729072.08
1544729072.15
1544729072.25
1544729072.33
1544729072.42
1544729072.49
1544729072.57
1544729072.64
1544729072.72
1544729072.78
1544729072.86
1544729072.93
1544729073.01
1544729073.07
1544729073.15
1544729073.22
1544729073.28
1544729073.38
1544729073.47
1544729073.53
1544729073.61
1544729073.68
1544729073.75
1544729073.82
1544729073.89
1544729073.95
1544729074.01
1544729074.08
1544729074.14
1544729074.21
1544729074.25
1544729074.32
1544729074.37
1544729074.42
1544729074.48
1544729074.54
1544729074.59
1544729074.64
1544729074.71
1544729074.77
1544729074.84
1544729074.91
1544729074.98
1544729075.06
1544729075.2
1544729075.33
1544729075.43
1544729075.52
1544729075.6
1544729075.66
1544729075.77
1544729075.9
1544729076.02
1544729076.09
1544729076.17
1544729076.24
1544729076.33
1544729076.4
1544729076.47
1544729076.54
1544729076.62
1544729076.67
1544729076.74
1544729076.82
1544729076.89
1544729076.95
1544729077.03
1544729077.1
1544729077.17
1544729077.24
1544729077.31
1544729077.39
1544729077.46
1544729077.53
1544729077.6
1544729077.71
1544729077.82
1544729077.93
1544729078.0
1544729078.08
1544729078.16
1544729078.24
1544729078.32
1544729078.4
1544729078.48
1544729078.55
1544729078.63
1544729078.7
1544729078.77
1544729078.84
1544729078.9
1544729078.97
1544729079.03
1544729079.1
1544729079.17
1544729079.24
1544729079.3
1544729079.37
1544729079.43
1544729079.5
1544729079.57
1544729079.65
1544729079.72
1544729079.8
1544729079.88
1544729079.93
1544729080.01
1544729080.11
1544729080.2
1544729080.27
1544729080.34
1544729080.4
1544729080.52
1544729080.61
1544729080.66
1544729080.72
1544729080.78
1544729080.85
1544729080.92
1544729080.99
1544729081.06
1544729081.11
1544729081.18
1544729081.25
1544729081.33
1544729081.39
1544729081.44
1544729081.5
1544729081.57
1544729081.64
1544729081.71
1544729081.79
1544729081.86
1544729081.92
1544729082.01
1544729082.08
1544729082.17
1544729082.24
1544729082.32
1544729082.39
1544729082.47
1544729082.55
1544729082.62
1544729082.67
1544729082.74
1544729082.79
1544729082.85
1544729082.91
1544729082.98
1544729083.03
1544729083.09
1544729083.15
1544729083.21
1544729083.27
1544729083.33
1544729083.39
1544729083.46
1544729083.52
1544729083.59
1544729083.66
1544729083.73
1544729083.8
1544729083.87
1544729083.94
1544729084.0
1544729084.05
1544729084.11
1544729084.16
1544729084.22
1544729084.27
1544729084.34
1544729084.44
1544729084.52
1544729084.61
1544729084.68
1544729084.75
1544729084.81
1544729084.87
1544729084.94
1544729085.01
1544729085.12
1544729085.21
1544729085.31
1544729085.42
1544729085.55
1544729085.62
1544729085.69
1544729085.74
1544729085.81
1544729085.88
1544729085.98
1544729086.05
1544729086.12
1544729086.17
1544729086.23
1544729086.29
1544729086.35
1544729086.42
1544729086.47
1544729086.51
1544729086.57
1544729086.64
1544729086.73
1544729086.8
1544729086.88
1544729086.94
1544729087.02
1544729087.12
1544729087.21
1544729087.29
1544729087.36
1544729087.44
1544729087.51
1544729087.59
1544729087.65
1544729087.71
1544729087.77
1544729087.83
1544729087.89
1544729087.95
1544729088.01
1544729088.08
1544729088.15
1544729088.23
1544729088.35
1544729088.43
1544729088.5
1544729088.6
1544729088.69
1544729088.76
1544729088.89
1544729088.96
1544729089.03
1544729089.11
1544729089.18
1544729089.25
1544729089.32
1544729089.39
1544729089.45
1544729089.52
1544729089.58
1544729089.63
1544729089.68
1544729089.76
1544729089.83
1544729089.9
1544729089.97
1544729090.07
1544729090.12
1544729090.19
1544729090.29
1544729090.4
1544729090.53
1544729090.6
1544729090.68
1544729090.74
1544729090.82
1544729090.9
1544729090.97
1544729091.05
1544729091.1
1544729091.16
1544729091.24
1544729091.31
1544729091.39
1544729091.44
1544729091.52
1544729091.6
1544729091.66
1544729091.73
1544729091.8
1544729091.87
1544729091.93
1544729092.01
1544729092.07
1544729092.13
1544729092.17
1544729092.22
1544729092.29
1544729092.33
1544729092.38
1544729092.42
1544729092.48
1544729092.53
1544729092.59
1544729092.71
1544729092.82
1544729092.89
1544729093.01
1544729093.09
1544729093.17
1544729093.25
1544729093.32
1544729093.41
1544729093.51
1544729093.58
1544729093.64
1544729093.74
1544729093.84
1544729093.9
1544729093.95
1544729094.03
1544729094.1
1544729094.16
1544729094.27
1544729094.36
1544729094.44
1544729094.53
1544729094.6
1544729094.68
1544729094.76
1544729094.83
1544729094.91
1544729094.97
1544729095.05
1544729095.13
1544729095.2
1544729095.27
1544729095.34
1544729095.42
1544729095.48
1544729095.55
1544729095.63
1544729095.69
1544729095.77
1544729095.84
1544729095.92
1544729095.99
1544729096.06
1544729096.12
1544729096.19
1544729096.24
1544729096.33
1544729096.41
1544729096.51
1544729096.61
1544729096.67
1544729096.74
1544729096.8
1544729096.9
1544729097.0
1544729097.06
1544729097.22
1544729097.35
1544729097.46
1544729097.55
1544729097.63
1544729097.73
1544729097.86
1544729097.94
1544729098.04
1544729098.11
1544729098.17
1544729098.27
1544729098.37
1544729098.43
1544729098.52
1544729098.59
1544729098.66
1544729098.78
1544729098.87
1544729098.96
1544729099.11
1544729099.22
1544729099.31
1544729099.4
1544729099.48
1544729099.56
1544729099.62
1544729099.66
1544729099.71
1544729099.78
1544729099.91
1544729099.98
1544729100.09
1544729100.18
1544729100.25
1544729100.33
1544729100.4
1544729100.45
1544729100.54
1544729100.65
1544729100.75
1544729100.86
1544729100.95
1544729101.02
1544729101.08
1544729101.16
1544729101.23
1544729101.31
1544729101.37
1544729101.45
1544729101.53
1544729101.61
1544729101.69
1544729101.78
1544729101.88
1544729101.95
1544729102.04
1544729102.14
1544729102.23
1544729102.32
1544729102.38
1544729102.47
1544729102.57
1544729102.68
1544729102.76
1544729102.84
1544729102.92
1544729103.0
1544729103.08
1544729103.17
1544729103.27
1544729103.34
1544729103.42
1544729103.5
1544729103.55
1544729103.61
1544729103.67
1544729103.72
1544729103.79
1544729103.85
1544729103.9
1544729103.96
1544729104.02
1544729104.09
1544729104.17
1544729104.25
1544729104.35
1544729104.43
1544729104.52
1544729104.6
1544729104.65
1544729104.74
1544729104.87
1544729104.98
1544729105.06
1544729105.18
1544729105.31
1544729105.4
1544729105.49
1544729105.56
1544729105.64
1544729105.71
1544729105.78
1544729105.85
1544729105.93
1544729106.0
1544729106.07
1544729106.14
1544729106.21
1544729106.28
1544729106.36
1544729106.45
1544729106.53
1544729106.61
1544729106.69
1544729106.77
1544729106.85
1544729106.94
1544729107.04
1544729107.13
1544729107.2
1544729107.28
1544729107.35
1544729107.42
1544729107.51
1544729107.59
1544729107.67
1544729107.73
1544729107.81
1544729107.88
1544729107.95
1544729108.02
1544729108.09
1544729108.15
1544729108.22
1544729108.28
1544729108.35
1544729108.42
1544729108.49
1544729108.54
1544729108.63
1544729108.7
1544729108.77
1544729108.83
1544729108.91
1544729108.96
1544729109.02
1544729109.09
1544729109.18
1544729109.24
1544729109.31
1544729109.37
1544729109.42
1544729109.47
1544729109.54
1544729109.6
1544729109.66
1544729109.73
1544729109.82
1544729109.91
1544729109.99
1544729110.07
1544729110.14
1544729110.19
1544729110.25
1544729110.3
1544729110.35
1544729110.41
1544729110.47
1544729110.52
1544729110.6
1544729110.66
1544729110.73
1544729110.8
1544729110.89
1544729110.95
1544729111.03
1544729111.11
1544729111.18
1544729111.25
1544729111.33
1544729111.4
1544729111.48
1544729111.55
1544729111.62
1544729111.7
1544729111.77
1544729111.84
1544729111.92
1544729111.99
1544729112.08
1544729112.15
1544729112.23
1544729112.31
1544729112.38
1544729112.47
1544729112.56
1544729112.61
1544729112.68
1544729112.76
1544729112.86
1544729112.91
1544729112.99
1544729113.07
1544729113.15
1544729113.25
1544729113.33
1544729113.4
1544729113.5
1544729113.58
1544729113.69
1544729113.78
1544729113.89
1544729113.96
1544729114.04
1544729114.12
1544729114.22
1544729114.3
1544729114.39
1544729114.45
1544729114.52
1544729114.56
1544729114.66
1544729114.73
1544729114.83
1544729114.91
1544729114.98
1544729115.08
1544729115.15
1544729115.24
1544729115.34
1544729115.48
1544729115.56
1544729115.67
1544729115.79
1544729115.85
1544729115.92
1544729116.06
1544729116.21
1544729116.3
1544729116.38
1544729116.46
1544729116.54
1544729116.6
1544729116.67
1544729116.74
1544729116.8
1544729116.87
1544729116.94
1544729117.03
1544729117.1
1544729117.19
1544729117.29
1544729117.36
1544729117.45
1544729117.53
1544729117.6
1544729117.69
1544729117.74
1544729117.78
1544729117.85
1544729117.91
1544729117.95
1544729118.02
1544729118.08
1544729118.19
1544729118.27
1544729118.35
1544729118.44
1544729118.5
1544729118.57
1544729118.63
1544729118.7
1544729118.76
1544729118.83
1544729118.89
1544729118.97
1544729119.04
1544729119.14
1544729119.21
1544729119.29
1544729119.36
1544729119.44
1544729119.52
1544729119.59
1544729119.66
1544729119.74
1544729119.88
1544729119.98
1544729120.07
1544729120.15
1544729120.21
1544729120.27
1544729120.36
1544729120.44
1544729120.53
1544729120.63
1544729120.75
1544729120.85
1544729120.94
1544729121.02
1544729121.08
1544729121.16
1544729121.22
1544729121.28
1544729121.34
1544729121.42
1544729121.47
1544729121.53
1544729121.59
1544729121.66
1544729121.73
1544729121.8
1544729121.87
1544729121.96
1544729122.02
1544729122.07
1544729122.19
1544729122.31
1544729122.39
1544729122.51
1544729122.63
1544729122.73
1544729122.83
1544729122.93
1544729123.02
1544729123.12
1544729123.22
1544729123.32
1544729123.42
1544729123.53
1544729123.64
1544729123.74
1544729123.84
1544729123.95
1544729124.04
1544729124.12
1544729124.18
1544729124.25
1544729124.32
1544729124.39
1544729124.49
1544729124.55
1544729124.63
1544729124.73
1544729124.83
1544729124.93
1544729125.02
1544729125.11
1544729125.2
1544729125.3
1544729125.39
1544729125.48
1544729125.58
1544729125.66
1544729125.73
1544729125.82
1544729125.91
1544729125.96
1544729126.05
1544729126.12
1544729126.21
1544729126.3
1544729126.38
1544729126.46
1544729126.55
1544729126.62
1544729126.7
1544729126.8
1544729126.91
1544729126.99
1544729127.09
1544729127.18
1544729127.24
1544729127.33
1544729127.41
1544729127.48
1544729127.54
1544729127.62
1544729127.67
1544729127.74
1544729127.82
1544729127.88
1544729127.94
1544729128.01
1544729128.06
1544729128.13
1544729128.2
1544729128.26
1544729128.32
1544729128.38
1544729128.43
1544729128.5
1544729128.58
1544729128.68
1544729128.76
1544729128.85
1544729128.92
1544729128.99
1544729129.08
1544729129.14
1544729129.21
1544729129.27
1544729129.33
1544729129.39
1544729129.47
1544729129.53
1544729129.59
1544729129.68
1544729129.73
1544729129.81
1544729129.88
1544729129.96
1544729130.05
1544729130.13
1544729130.19
1544729130.27
1544729130.35
1544729130.42
1544729130.49
1544729130.56
1544729130.64
1544729130.72
1544729130.81
1544729130.92
1544729130.99
1544729131.05
1544729131.11
1544729131.21
1544729131.29
1544729131.37
1544729131.46
1544729131.54
1544729131.62
1544729131.71
1544729131.8
1544729131.89
1544729131.97
1544729132.07
1544729132.16
1544729132.24
1544729132.32
1544729132.4
1544729132.48
1544729132.55
1544729132.66
1544729132.78
1544729132.86
1544729132.95
1544729133.04
1544729133.13
1544729133.21
1544729133.3
1544729133.39
1544729133.48
1544729133.55
1544729133.64
1544729133.72
1544729133.8
1544729133.87
1544729133.94
1544729134.01
1544729134.07
1544729134.15
1544729134.22
1544729134.29
1544729134.4
1544729134.5
1544729134.59
1544729134.69
1544729134.76
1544729134.83
1544729134.91
1544729135.04
1544729135.17
1544729135.28
1544729135.37
1544729135.46
1544729135.52
1544729135.6
1544729135.64
1544729135.73
1544729135.81
1544729135.91
1544729136.0
1544729136.12
1544729136.19
1544729136.29
1544729136.35
1544729136.45
1544729136.55
1544729136.68
1544729136.78
1544729136.9
1544729137.0
1544729137.09
1544729137.15
1544729137.23
1544729137.33
1544729137.42
1544729137.51
1544729137.59
1544729137.7
1544729137.78
1544729137.89
1544729137.96
1544729138.07
1544729138.16
1544729138.25
1544729138.33
1544729138.43
1544729138.5
1544729138.64
1544729138.73
1544729138.81
1544729138.91
1544729138.99
1544729139.06
1544729139.14
1544729139.24
1544729139.32
1544729139.4
1544729139.49
1544729139.54
1544729139.62
1544729139.72
1544729139.79
1544729139.9
1544729139.99
1544729140.09
1544729140.19
1544729140.33
1544729140.45
1544729140.54
1544729140.63
1544729140.71
1544729140.76
1544729140.9
1544729140.95
1544729141.03
1544729141.12
1544729141.2
1544729141.33
1544729141.42
1544729141.52
1544729141.62
1544729141.71
1544729141.79
1544729141.89
1544729141.97
1544729142.06
1544729142.14
1544729142.21
1544729142.29
1544729142.36
1544729142.41
1544729142.48
1544729142.56
1544729142.65
1544729142.71
1544729142.82
1544729142.91
1544729142.98
1544729143.05
1544729143.15
1544729143.26
1544729143.35
1544729143.43
1544729143.52
1544729143.61
1544729143.69
1544729143.75
1544729143.83
1544729143.91
1544729144.0
1544729144.09
1544729144.18
1544729144.25
1544729144.31
1544729144.39
1544729144.47
1544729144.54
1544729144.62
1544729144.67
1544729144.75
1544729144.82
1544729144.86
1544729144.95
1544729145.04
1544729145.12
1544729145.2
1544729145.29
1544729145.36
1544729145.44
1544729145.54
1544729145.62
1544729145.72
1544729145.82
1544729145.92
1544729146.0
1544729146.09
1544729146.18
1544729146.26
1544729146.35
1544729146.44
1544729146.52
1544729146.61
1544729146.68
1544729146.76
1544729146.84
1544729146.91
1544729146.99
1544729147.07
1544729147.14
1544729147.22
1544729147.35
1544729147.45
1544729147.51
1544729147.55
1544729147.63
1544729147.72
1544729147.82
1544729147.92
1544729148.0
1544729148.08
1544729148.18
1544729148.26
1544729148.34
1544729148.47
1544729148.56
1544729148.64
1544729148.73
1544729148.82
1544729148.92
1544729149.0
1544729149.07
1544729149.14
1544729149.22
1544729149.31
1544729149.38
1544729149.47
1544729149.54
1544729149.62
1544729149.69
1544729149.78
1544729149.87
1544729149.94
1544729150.02
1544729150.09
1544729150.16
1544729150.23
1544729150.3
1544729150.37
1544729150.43
1544729150.49
1544729150.55
1544729150.62
1544729150.68
1544729150.74
1544729150.79
1544729150.86
1544729150.92
1544729150.98
1544729151.04
1544729151.1
1544729151.16
1544729151.21
1544729151.27
1544729151.34
1544729151.42
1544729151.49
1544729151.57
1544729151.65
1544729151.72
1544729151.8
1544729151.87
1544729151.94
1544729152.02
1544729152.09
1544729152.15
1544729152.23
1544729152.3
1544729152.38
1544729152.45
1544729152.54
1544729152.62
1544729152.69
1544729152.76
1544729152.84
1544729152.91
1544729152.97
1544729153.04
1544729153.13
1544729153.2
1544729153.27
1544729153.34
1544729153.43
1544729153.5
1544729153.57
1544729153.66
1544729153.73
1544729153.81
1544729153.9
1544729153.95
1544729154.03
1544729154.11
1544729154.19
1544729154.27
1544729154.35
1544729154.44
1544729154.51
1544729154.58
1544729154.66
1544729154.74
1544729154.81
1544729154.87
1544729154.96
1544729155.04
1544729155.13
1544729155.19
1544729155.29
1544729155.4
1544729155.5
1544729155.57
1544729155.64
1544729155.71
1544729155.77
1544729155.84
1544729155.92
1544729155.98
1544729156.05
1544729156.12
1544729156.24
1544729156.33
1544729156.4
1544729156.48
1544729156.55
1544729156.63
1544729156.7
1544729156.76
1544729156.85
1544729156.94
1544729157.02
1544729157.11
1544729157.18
1544729157.26
1544729157.35
1544729157.41
1544729157.48
1544729157.54
1544729157.64
1544729157.71
1544729157.79
1544729157.87
1544729157.94
1544729158.02
1544729158.09
1544729158.16
1544729158.21
1544729158.25
1544729158.32
1544729158.4
1544729158.52
1544729158.62
1544729158.72
1544729158.82
1544729158.91
1544729159.03
1544729159.14
1544729159.23
1544729159.34
1544729159.43
1544729159.53
1544729159.6
1544729159.66
1544729159.71
1544729159.75
1544729159.85
1544729159.92
1544729160.02
1544729160.13
1544729160.27
1544729160.33
1544729160.4
1544729160.47
1544729160.52
1544729160.58
1544729160.65
1544729160.73
1544729160.81
1544729160.9
1544729161.0
1544729161.08
1544729161.15
1544729161.21
1544729161.27
1544729161.33
1544729161.38
1544729161.53
1544729161.65
1544729161.88
1544729161.94
1544729162.02
1544729162.1
1544729162.2
1544729162.31
1544729162.42
1544729162.5
1544729162.59
1544729162.7
1544729162.8
1544729162.91
1544729162.99
1544729163.08
1544729163.15
1544729163.24
1544729163.33
1544729163.42
1544729163.52
1544729163.61
1544729163.7
1544729163.77
1544729163.83
1544729163.88
1544729163.95
1544729164.01
1544729164.07
1544729164.13
1544729164.2
1544729164.3
1544729164.42
1544729164.5
1544729164.58
1544729164.69
1544729164.75
1544729164.83
1544729164.91
1544729165.0
1544729165.1
1544729165.17
1544729165.3
1544729165.4
1544729165.48
1544729165.55
1544729165.62
1544729165.7
1544729165.77
1544729165.82
1544729165.92
1544729165.97
1544729166.03
1544729166.09
1544729166.14
1544729166.2
1544729166.27
1544729166.32
1544729166.39
1544729166.43
1544729166.52
1544729166.58
1544729166.69
1544729166.78
1544729166.9
1544729166.98
1544729167.04
1544729167.18
1544729167.28
1544729167.35
1544729167.45
1544729167.54
1544729167.61
1544729167.67
1544729167.77
1544729167.82
1544729167.87
1544729167.97
1544729168.06
1544729168.15
1544729168.22
1544729168.3
1544729168.38
1544729168.45
1544729168.55
1544729168.66
1544729168.77
1544729168.85
1544729168.95
1544729169.04
1544729169.12
1544729169.22
1544729169.34
1544729169.45
1544729169.5
1544729169.57
1544729169.63
1544729169.69
1544729169.74
1544729169.79
1544729169.88
1544729169.94
1544729170.0
1544729170.06
1544729170.12
1544729170.18
1544729170.24
1544729170.32
1544729170.4
1544729170.47
1544729170.53
1544729170.61
1544729170.69
1544729170.77
1544729170.84
1544729170.9
1544729170.97
1544729171.04
1544729171.12
1544729171.19
1544729171.26
1544729171.33
1544729171.39
1544729171.47
1544729171.53
1544729171.58
1544729171.65
1544729171.71
1544729171.78
1544729171.9
1544729172.02
1544729172.12
1544729172.2
1544729172.25
1544729172.32
1544729172.41
1544729172.51
1544729172.57
1544729172.69
1544729172.78
1544729172.88
1544729172.99
1544729173.09
1544729173.19
1544729173.28
1544729173.35
1544729173.48
1544729173.55
1544729173.63
1544729173.7
1544729173.78
1544729173.87
1544729173.95
1544729174.04
1544729174.12
1544729174.2
1544729174.27
1544729174.34
1544729174.42
1544729174.51
1544729174.6
1544729174.67
1544729174.76
1544729174.84
1544729174.93
1544729175.01
1544729175.11
1544729175.2
1544729175.3
1544729175.37
1544729175.5
1544729175.59
1544729175.67
1544729175.75
1544729175.84
1544729175.91
1544729175.96
1544729176.11
1544729176.24
1544729176.35
1544729176.53
1544729176.63
1544729176.76
1544729176.86
1544729177.04
1544729177.13
1544729177.29
1544729177.38
1544729177.46
1544729177.53
1544729177.6
1544729177.65
1544729177.74
1544729177.83
1544729177.92
1544729177.99
1544729178.05
1544729178.12
1544729178.17
1544729178.3
1544729178.38
1544729178.47
1544729178.55
1544729178.61
1544729178.68
1544729178.74
1544729178.81
1544729178.89
1544729178.95
1544729179.01
1544729179.09
1544729179.15
1544729179.25
1544729179.32
1544729179.43
1544729179.51
1544729179.59
1544729179.69
1544729179.75
1544729179.83
1544729179.89
1544729179.97
1544729180.06
1544729180.12
1544729180.19
1544729180.3
1544729180.4
1544729180.51
1544729180.55
1544729180.62
1544729180.74
1544729180.83
1544729180.92
1544729181.0
1544729181.07
1544729181.15
1544729181.23
1544729181.29
1544729181.36
1544729181.44
1544729181.53
1544729181.59
1544729181.67
1544729181.75
1544729181.87
1544729181.97
1544729182.08
1544729182.18
1544729182.29
1544729182.37
1544729182.47
1544729182.56
1544729182.64
1544729182.71
1544729182.79
1544729182.87
1544729182.97
1544729183.06
1544729183.15
1544729183.24
1544729183.32
1544729183.42
1544729183.49
1544729183.65
1544729183.75
1544729183.85
1544729183.95
1544729184.05
1544729184.13
1544729184.22
1544729184.32
1544729184.4
1544729184.49
1544729184.61
1544729184.71
1544729184.82
1544729184.93
1544729185.02
1544729185.14
1544729185.25
1544729185.4
1544729185.46
1544729185.63
1544729185.76
1544729185.85
1544729185.94
1544729186.14
1544729186.25
1544729186.37
1544729186.45
1544729186.56
1544729186.62
1544729186.79
1544729186.87
1544729187.1
1544729187.33
1544729187.47
1544729187.57
1544729187.67
1544729187.77
1544729187.85
1544729187.92
1544729188.04
1544729188.11
1544729188.19
1544729188.34
1544729188.47
1544729188.6
1544729188.71
1544729188.8
1544729188.87
1544729188.95
1544729189.03
1544729189.09
1544729189.18
1544729189.25
1544729189.32
1544729189.39
1544729189.52
1544729189.62
1544729189.71
1544729189.81
1544729189.9
1544729190.0
1544729190.08
1544729190.15
1544729190.24
1544729190.32
1544729190.38
1544729190.45
1544729190.51
1544729190.59
1544729190.67
1544729190.75
1544729190.84
1544729190.92
