1544802253.74
1544802253.89
1544802253.96
1544802254.01
1544802254.07
1544802254.12
1544802254.18
1544802254.23
1544802254.32
1544802254.41
1544802254.53
1544802254.62
1544802254.68
1544802254.71
1544802254.78
1544802254.83
1544802254.91
1544802254.98
1544802255.03
1544802255.1
1544802255.17
1544802255.24
1544802255.32
1544802255.39
1544802255.45
1544802255.51
1544802255.56
1544802255.61
1544802255.64
1544802255.7
1544802255.76
1544802255.8
1544802255.84
1544802255.93
1544802256.04
1544802256.1
1544802256.17
1544802256.22
1544802256.28
1544802256.35
1544802256.43
1544802256.49
1544802256.55
1544802256.59
1544802256.66
1544802256.73
1544802256.81
1544802256.86
1544802256.92
1544802256.97
1544802257.01
1544802257.05
1544802257.12
1544802257.18
1544802257.21
1544802257.26
1544802257.34
1544802257.39
1544802257.43
1544802257.48
1544802257.52
1544802257.57
1544802257.6
1544802257.68
1544802257.72
1544802257.77
1544802257.82
1544802257.87
1544802257.92
1544802257.98
1544802258.02
1544802258.07
1544802258.11
1544802258.17
1544802258.21
1544802258.26
1544802258.31
1544802258.35
1544802258.4
1544802258.45
1544802258.53
1544802258.57
1544802258.61
1544802258.65
1544802258.7
1544802258.73
1544802258.78
1544802258.82
1544802258.89
1544802258.94
1544802258.99
1544802259.03
1544802259.12
1544802259.18
1544802259.22
1544802259.27
1544802259.35
1544802259.4
1544802259.46
1544802259.5
1544802259.56
1544802259.6
1544802259.66
1544802259.72
1544802259.8
1544802259.83
1544802259.87
1544802259.94
1544802260.0
1544802260.05
1544802260.1
1544802260.16
1544802260.21
1544802260.25
1544802260.29
1544802260.33
1544802260.37
1544802260.42
1544802260.47
1544802260.55
1544802260.59
1544802260.63
1544802260.72
1544802260.77
1544802260.82
1544802260.87
1544802260.93
1544802260.99
1544802261.02
1544802261.07
1544802261.12
1544802261.18
1544802261.22
1544802261.27
1544802261.33
1544802261.39
1544802261.43
1544802261.48
1544802261.54
1544802261.58
1544802261.62
1544802261.68
1544802261.75
1544802261.8
1544802261.84
1544802261.92
1544802261.99
1544802262.04
1544802262.12
1544802262.17
1544802262.2
1544802262.24
1544802262.32
1544802262.39
1544802262.43
1544802262.51
1544802262.58
1544802262.66
1544802262.73
1544802262.81
1544802262.9
1544802262.99
1544802263.07
1544802263.14
1544802263.22
1544802263.3
1544802263.38
1544802263.46
1544802263.53
1544802263.61
1544802263.72
1544802263.76
1544802263.8
1544802263.84
1544802263.9
1544802263.97
1544802264.01
1544802264.06
1544802264.13
1544802264.18
1544802264.23
1544802264.27
1544802264.32
1544802264.37
1544802264.4
1544802264.44
1544802264.48
1544802264.55
1544802264.59
1544802264.63
1544802264.7
1544802264.75
1544802264.8
1544802264.85
1544802264.9
1544802264.95
1544802265.0
1544802265.05
1544802265.13
1544802265.19
1544802265.23
1544802265.29
1544802265.34
1544802265.39
1544802265.43
1544802265.48
1544802265.53
1544802265.58
1544802265.62
1544802265.66
1544802265.73
1544802265.79
1544802265.84
1544802265.92
1544802265.97
1544802266.02
1544802266.1
1544802266.16
1544802266.2
1544802266.23
1544802266.3
1544802266.36
1544802266.41
1544802266.46
1544802266.53
1544802266.57
1544802266.61
1544802266.65
1544802266.73
1544802266.77
1544802266.82
1544802266.87
1544802266.93
1544802266.98
1544802267.02
1544802267.07
1544802267.13
1544802267.19
1544802267.23
1544802267.3
1544802267.36
1544802267.4
1544802267.43
1544802267.49
1544802267.53
1544802267.58
1544802267.63
1544802267.67
1544802267.72
1544802267.76
1544802267.8
1544802267.84
1544802267.9
1544802267.96
1544802268.0
1544802268.04
1544802268.11
1544802268.16
1544802268.2
1544802268.26
1544802268.33
1544802268.38
1544802268.42
1544802268.47
1544802268.53
1544802268.58
1544802268.62
1544802268.67
1544802268.73
1544802268.8
1544802268.83
1544802268.88
1544802268.92
1544802268.97
1544802269.01
1544802269.06
1544802269.1
1544802269.15
1544802269.19
1544802269.23
1544802269.3
1544802269.38
1544802269.43
1544802269.5
1544802269.55
1544802269.6
1544802269.66
1544802269.71
1544802269.76
1544802269.83
1544802269.91
1544802269.99
1544802270.06
1544802270.12
1544802270.19
1544802270.26
1544802270.33
1544802270.41
1544802270.48
1544802270.54
1544802270.61
1544802270.66
1544802270.72
1544802270.8
1544802270.87
1544802270.96
1544802271.04
1544802271.1
1544802271.17
1544802271.26
1544802271.35
1544802271.44
1544802271.52
1544802271.59
1544802271.68
1544802271.74
1544802271.79
1544802271.84
1544802271.91
1544802271.98
1544802272.02
1544802272.08
1544802272.13
1544802272.18
1544802272.23
1544802272.29
1544802272.36
1544802272.41
1544802272.45
1544802272.5
1544802272.54
1544802272.58
1544802272.63
1544802272.67
1544802272.73
1544802272.78
1544802272.82
1544802272.88
1544802272.94
1544802272.99
1544802273.03
1544802273.09
1544802273.16
1544802273.2
1544802273.23
1544802273.28
1544802273.36
1544802273.39
1544802273.44
1544802273.47
1544802273.51
1544802273.56
1544802273.61
1544802273.66
1544802273.73
1544802273.78
1544802273.82
1544802273.87
1544802273.91
1544802273.97
1544802274.02
1544802274.06
1544802274.1
1544802274.16
1544802274.19
1544802274.23
1544802274.27
1544802274.32
1544802274.36
1544802274.41
1544802274.46
1544802274.51
1544802274.56
1544802274.6
1544802274.64
1544802274.69
1544802274.73
1544802274.78
1544802274.83
1544802274.88
1544802274.93
1544802274.98
1544802275.01
1544802275.08
1544802275.14
1544802275.19
1544802275.23
1544802275.3
1544802275.35
1544802275.4
1544802275.43
1544802275.5
1544802275.55
1544802275.6
1544802275.66
1544802275.71
1544802275.77
1544802275.81
1544802275.86
1544802275.91
1544802275.97
1544802276.02
1544802276.08
1544802276.15
1544802276.2
1544802276.24
1544802276.31
1544802276.36
1544802276.39
1544802276.42
1544802276.47
1544802276.52
1544802276.56
1544802276.6
1544802276.63
1544802276.67
1544802276.71
1544802276.77
1544802276.81
1544802276.84
1544802276.89
1544802276.95
1544802276.98
1544802277.01
1544802277.05
1544802277.11
1544802277.15
1544802277.19
1544802277.22
1544802277.26
1544802277.31
1544802277.37
1544802277.41
1544802277.45
1544802277.55
1544802277.59
1544802277.63
1544802277.68
1544802277.73
1544802277.78
1544802277.82
1544802277.88
1544802277.93
1544802277.97
1544802278.01
1544802278.04
1544802278.1
1544802278.16
1544802278.2
1544802278.25
1544802278.31
1544802278.36
1544802278.41
1544802278.47
1544802278.51
1544802278.6
1544802278.68
1544802278.76
1544802278.8
1544802278.84
1544802278.93
1544802279.04
1544802279.1
1544802279.16
1544802279.19
1544802279.23
1544802279.3
1544802279.39
1544802279.51
1544802279.62
1544802279.75
1544802279.87
1544802279.98
1544802280.09
1544802280.2
1544802280.31
1544802280.41
1544802280.51
1544802280.61
1544802280.69
1544802280.77
1544802280.83
1544802280.9
1544802280.97
1544802281.04
1544802281.09
1544802281.18
1544802281.24
1544802281.31
1544802281.39
1544802281.46
1544802281.53
1544802281.61
1544802281.67
1544802281.71
1544802281.76
1544802281.83
1544802281.88
1544802281.91
1544802281.95
1544802282.02
1544802282.07
1544802282.11
1544802282.15
1544802282.21
1544802282.27
1544802282.32
1544802282.37
1544802282.45
1544802282.5
1544802282.56
1544802282.6
1544802282.64
1544802282.68
1544802282.72
1544802282.76
1544802282.81
1544802282.87
1544802282.91
1544802282.96
1544802283.01
1544802283.08
1544802283.12
1544802283.19
1544802283.24
1544802283.29
1544802283.32
1544802283.38
1544802283.43
1544802283.46
1544802283.5
1544802283.54
1544802283.6
1544802283.64
1544802283.69
1544802283.72
1544802283.78
1544802283.82
1544802283.86
1544802283.91
1544802283.97
1544802284.01
1544802284.07
1544802284.11
1544802284.17
1544802284.24
1544802284.29
1544802284.33
1544802284.38
1544802284.42
1544802284.47
1544802284.51
1544802284.55
1544802284.62
1544802284.69
1544802284.73
1544802284.82
1544802284.87
1544802284.92
1544802284.97
1544802285.02
1544802285.08
1544802285.13
1544802285.21
1544802285.27
1544802285.31
1544802285.35
1544802285.39
1544802285.42
1544802285.45
1544802285.5
1544802285.54
1544802285.62
1544802285.67
1544802285.71
1544802285.79
1544802285.85
1544802285.89
1544802285.93
1544802286.0
1544802286.07
1544802286.12
1544802286.17
1544802286.22
1544802286.28
1544802286.32
1544802286.37
1544802286.42
1544802286.47
1544802286.51
1544802286.55
1544802286.61
1544802286.66
1544802286.71
1544802286.76
1544802286.81
1544802286.86
1544802286.91
1544802286.98
1544802287.05
1544802287.09
1544802287.12
1544802287.21
1544802287.26
1544802287.3
1544802287.33
1544802287.4
1544802287.49
1544802287.57
1544802287.63
1544802287.72
1544802287.83
1544802287.92
1544802288.01
1544802288.07
1544802288.15
1544802288.22
1544802288.32
1544802288.41
1544802288.49
1544802288.59
1544802288.68
1544802288.72
1544802288.77
1544802288.82
1544802288.87
1544802288.95
1544802289.03
1544802289.11
1544802289.18
1544802289.23
1544802289.28
1544802289.33
1544802289.4
1544802289.46
1544802289.51
1544802289.6
1544802289.68
1544802289.76
1544802289.84
1544802289.91
1544802289.95
1544802289.99
1544802290.03
1544802290.09
1544802290.17
1544802290.25
1544802290.31
1544802290.38
1544802290.46
1544802290.55
1544802290.63
1544802290.72
1544802290.79
1544802290.86
1544802290.93
1544802291.02
1544802291.12
1544802291.2
1544802291.28
1544802291.34
1544802291.39
1544802291.46
1544802291.51
1544802291.55
1544802291.61
1544802291.68
1544802291.73
1544802291.82
1544802291.87
1544802291.9
1544802291.97
1544802292.04
1544802292.09
1544802292.13
1544802292.2
1544802292.25
1544802292.29
1544802292.33
1544802292.41
1544802292.47
1544802292.5
1544802292.53
1544802292.59
1544802292.65
1544802292.69
1544802292.74
1544802292.79
1544802292.85
1544802292.9
1544802292.93
1544802293.0
1544802293.06
1544802293.11
1544802293.15
1544802293.21
1544802293.28
1544802293.33
1544802293.41
1544802293.47
1544802293.51
1544802293.55
1544802293.62
1544802293.68
1544802293.72
1544802293.77
1544802293.82
1544802293.88
1544802293.93
1544802293.98
1544802294.04
1544802294.08
1544802294.12
1544802294.16
1544802294.22
1544802294.26
1544802294.31
1544802294.35
1544802294.42
1544802294.48
1544802294.52
1544802294.56
1544802294.61
1544802294.67
1544802294.72
1544802294.77
1544802294.83
1544802294.89
1544802294.93
1544802294.97
1544802295.02
1544802295.07
1544802295.12
1544802295.16
1544802295.21
1544802295.24
1544802295.33
1544802295.39
1544802295.43
1544802295.48
1544802295.52
1544802295.57
1544802295.66
1544802295.72
1544802295.79
1544802295.84
1544802295.89
1544802295.98
1544802296.02
1544802296.09
1544802296.16
1544802296.27
1544802296.36
1544802296.42
1544802296.48
1544802296.55
1544802296.62
1544802296.7
1544802296.79
1544802296.87
1544802296.93
1544802297.01
1544802297.11
1544802297.19
1544802297.25
1544802297.29
1544802297.36
1544802297.42
1544802297.5
1544802297.57
1544802297.63
1544802297.71
1544802297.78
1544802297.84
1544802297.91
1544802298.02
1544802298.11
1544802298.19
1544802298.23
1544802298.29
1544802298.36
1544802298.44
1544802298.55
1544802298.59
1544802298.65
1544802298.7
1544802298.77
1544802298.85
1544802298.91
1544802299.0
1544802299.06
1544802299.11
1544802299.16
1544802299.23
1544802299.3
1544802299.34
1544802299.39
1544802299.43
1544802299.48
1544802299.53
1544802299.59
1544802299.63
1544802299.67
1544802299.72
1544802299.79
1544802299.84
1544802299.91
1544802299.96
1544802300.01
1544802300.06
1544802300.11
1544802300.17
1544802300.2
1544802300.23
1544802300.29
1544802300.33
1544802300.39
1544802300.43
1544802300.48
1544802300.56
1544802300.61
1544802300.65
1544802300.71
1544802300.76
1544802300.8
1544802300.84
1544802300.92
1544802300.97
1544802301.01
1544802301.07
1544802301.13
1544802301.17
1544802301.21
1544802301.25
1544802301.3
1544802301.33
1544802301.38
1544802301.42
1544802301.46
1544802301.52
1544802301.57
1544802301.6
1544802301.65
1544802301.72
1544802301.78
1544802301.82
1544802301.86
1544802301.9
1544802301.95
1544802301.99
1544802302.03
1544802302.11
1544802302.17
1544802302.21
1544802302.28
1544802302.34
1544802302.39
1544802302.43
1544802302.47
1544802302.51
1544802302.55
1544802302.59
1544802302.63
1544802302.68
1544802302.75
1544802302.78
1544802302.83
1544802302.9
1544802302.95
1544802302.99
1544802303.04
1544802303.12
1544802303.17
1544802303.22
1544802303.3
1544802303.36
1544802303.4
1544802303.43
1544802303.51
1544802303.56
1544802303.61
1544802303.66
1544802303.71
1544802303.78
1544802303.82
1544802303.88
1544802303.94
1544802303.99
1544802304.04
1544802304.11
1544802304.16
1544802304.21
1544802304.26
1544802304.34
1544802304.4
1544802304.44
1544802304.52
1544802304.57
1544802304.61
1544802304.66
1544802304.73
1544802304.77
1544802304.82
1544802304.87
1544802304.91
1544802304.96
1544802305.01
1544802305.06
1544802305.16
1544802305.2
1544802305.25
1544802305.32
1544802305.39
1544802305.42
1544802305.47
1544802305.54
1544802305.6
1544802305.63
1544802305.7
1544802305.78
1544802305.82
1544802305.87
1544802305.92
1544802305.97
1544802306.01
1544802306.05
1544802306.1
1544802306.16
1544802306.21
1544802306.26
1544802306.34
1544802306.4
1544802306.44
1544802306.5
1544802306.56
1544802306.61
1544802306.65
1544802306.7
1544802306.74
1544802306.79
1544802306.84
1544802306.89
1544802306.92
1544802306.97
1544802307.02
1544802307.08
1544802307.12
1544802307.18
1544802307.22
1544802307.26
1544802307.32
1544802307.37
1544802307.42
1544802307.49
1544802307.55
1544802307.59
1544802307.64
1544802307.72
1544802307.78
1544802307.82
1544802307.87
1544802307.93
1544802307.99
1544802308.03
1544802308.11
1544802308.18
1544802308.21
1544802308.25
1544802308.32
1544802308.39
1544802308.46
1544802308.51
1544802308.58
1544802308.66
1544802308.73
1544802308.83
1544802308.9
1544802308.97
1544802309.03
1544802309.08
1544802309.16
1544802309.23
1544802309.3
1544802309.38
1544802309.45
1544802309.52
1544802309.58
1544802309.63
1544802309.71
1544802309.81
1544802309.9
1544802310.01
1544802310.09
1544802310.17
1544802310.23
1544802310.3
1544802310.37
1544802310.43
1544802310.48
1544802310.52
1544802310.57
1544802310.6
1544802310.63
1544802310.7
1544802310.76
1544802310.81
1544802310.86
1544802310.9
1544802310.96
1544802311.0
1544802311.05
1544802311.11
1544802311.16
1544802311.2
1544802311.25
1544802311.33
1544802311.38
1544802311.43
1544802311.51
1544802311.58
1544802311.62
1544802311.66
1544802311.73
1544802311.8
1544802311.84
1544802311.89
1544802311.95
1544802311.99
1544802312.02
1544802312.08
1544802312.15
1544802312.19
1544802312.24
1544802312.28
1544802312.33
1544802312.4
1544802312.46
1544802312.5
1544802312.55
1544802312.6
1544802312.64
1544802312.68
1544802312.72
1544802312.76
1544802312.81
1544802312.86
1544802312.92
1544802312.98
1544802313.01
1544802313.07
1544802313.15
1544802313.18
1544802313.22
1544802313.27
1544802313.31
1544802313.37
1544802313.41
1544802313.45
1544802313.49
1544802313.53
1544802313.59
1544802313.64
1544802313.75
1544802313.8
1544802313.84
1544802313.88
1544802313.95
1544802313.99
1544802314.05
1544802314.09
1544802314.16
1544802314.21
1544802314.25
1544802314.3
1544802314.37
1544802314.41
1544802314.46
1544802314.5
1544802314.56
1544802314.59
1544802314.63
1544802314.66
1544802314.72
1544802314.8
1544802314.87
1544802314.93
1544802315.0
1544802315.07
1544802315.14
1544802315.22
1544802315.3
1544802315.35
1544802315.4
1544802315.45
1544802315.5
1544802315.61
1544802315.72
1544802315.81
1544802315.89
1544802315.96
1544802316.03
1544802316.08
1544802316.13
1544802316.21
1544802316.29
1544802316.36
1544802316.4
1544802316.44
1544802316.57
1544802316.66
1544802316.78
1544802316.84
1544802316.91
1544802316.99
1544802317.06
1544802317.14
1544802317.23
1544802317.28
1544802317.32
1544802317.38
1544802317.46
1544802317.53
1544802317.6
1544802317.67
1544802317.73
1544802317.78
1544802317.83
1544802317.9
1544802317.95
1544802317.99
1544802318.1
1544802318.2
1544802318.56
1544802318.6
1544802318.66
1544802318.72
1544802318.76
1544802318.83
1544802318.87
1544802318.9
1544802318.95
1544802318.99
1544802319.03
1544802319.08
1544802319.12
1544802319.16
1544802319.21
1544802319.25
1544802319.29
1544802319.34
1544802319.41
1544802319.47
1544802319.51
1544802319.56
1544802319.61
1544802319.66
1544802319.71
1544802319.76
1544802319.82
1544802319.88
1544802319.92
1544802319.98
1544802320.03
1544802320.08
1544802320.11
1544802320.18
1544802320.26
1544802320.3
1544802320.33
1544802320.39
1544802320.44
1544802320.48
1544802320.53
1544802320.61
1544802320.66
1544802320.7
1544802320.74
1544802320.78
1544802320.83
1544802320.88
1544802320.92
1544802320.98
1544802321.04
1544802321.1
1544802321.14
1544802321.22
1544802321.29
1544802321.33
1544802321.39
1544802321.44
1544802321.49
1544802321.53
1544802321.57
1544802321.65
1544802321.69
1544802321.72
1544802321.77
1544802321.83
1544802321.87
1544802321.91
1544802321.99
1544802322.05
1544802322.1
1544802322.15
1544802322.21
1544802322.26
1544802322.3
1544802322.35
1544802322.42
1544802322.49
1544802322.53
1544802322.59
1544802322.65
1544802322.7
1544802322.74
1544802322.81
1544802322.87
1544802322.92
1544802322.97
1544802323.01
1544802323.07
1544802323.11
1544802323.15
1544802323.21
1544802323.27
1544802323.3
1544802323.36
1544802323.42
1544802323.48
1544802323.52
1544802323.59
1544802323.66
1544802323.7
1544802323.74
1544802323.81
1544802323.88
1544802323.92
1544802323.97
1544802324.04
1544802324.08
1544802324.11
1544802324.18
1544802324.26
1544802324.32
1544802324.39
1544802324.46
1544802324.5
1544802324.54
1544802324.61
1544802324.65
1544802324.69
1544802324.73
1544802324.8
1544802324.86
1544802324.89
1544802324.93
1544802325.01
1544802325.06
1544802325.09
1544802325.13
1544802325.22
1544802325.27
1544802325.3
1544802325.35
1544802325.44
1544802325.5
1544802325.55
1544802325.61
1544802325.66
1544802325.7
1544802325.73
1544802325.78
1544802325.83
1544802325.89
1544802325.94
1544802325.98
1544802326.04
1544802326.09
1544802326.12
1544802326.21
1544802326.27
1544802326.31
1544802326.37
1544802326.41
1544802326.46
1544802326.49
1544802326.53
1544802326.57
1544802326.6
1544802326.64
1544802326.68
1544802326.71
1544802326.76
1544802326.83
1544802326.88
1544802326.92
1544802326.97
1544802327.01
1544802327.07
1544802327.11
1544802327.16
1544802327.22
1544802327.28
1544802327.33
1544802327.37
1544802327.43
1544802327.48
1544802327.53
1544802327.57
1544802327.62
1544802327.67
1544802327.71
1544802327.78
1544802327.83
1544802327.88
1544802327.92
1544802327.97
1544802328.03
1544802328.08
1544802328.12
1544802328.17
1544802328.21
1544802328.26
1544802328.3
1544802328.35
1544802328.42
1544802328.48
1544802328.52
1544802328.56
1544802328.61
1544802328.66
1544802328.7
1544802328.74
1544802328.81
1544802328.88
1544802328.93
1544802328.98
1544802329.04
1544802329.09
1544802329.12
1544802329.2
1544802329.27
1544802329.31
1544802329.35
1544802329.4
1544802329.44
1544802329.49
1544802329.54
1544802329.68
1544802329.72
1544802329.79
1544802329.84
1544802329.91
1544802329.97
1544802330.02
1544802330.08
1544802330.12
1544802330.16
1544802330.21
1544802330.26
1544802330.29
1544802330.33
1544802330.38
1544802330.42
1544802330.48
1544802330.52
1544802330.58
1544802330.62
1544802330.68
1544802330.72
1544802330.81
1544802330.88
1544802330.93
1544802331.02
1544802331.08
1544802331.13
1544802331.17
1544802331.24
1544802331.28
1544802331.32
1544802331.37
1544802331.4
1544802331.45
1544802331.49
1544802331.53
1544802331.61
1544802331.66
1544802331.7
1544802331.76
1544802331.83
1544802331.93
1544802331.98
1544802332.05
1544802332.1
1544802332.17
1544802332.25
1544802332.31
1544802332.38
1544802332.48
1544802332.58
1544802332.66
1544802332.75
1544802332.79
1544802332.82
1544802332.87
1544802332.9
1544802332.95
1544802333.0
1544802333.04
1544802333.11
1544802333.16
1544802333.2
1544802333.23
1544802333.27
1544802333.32
1544802333.4
1544802333.49
1544802333.59
1544802333.71
1544802333.82
1544802333.92
1544802334.02
1544802334.11
1544802334.18
1544802334.25
1544802334.29
1544802334.34
1544802334.4
1544802334.46
1544802334.5
1544802334.53
1544802334.59
1544802334.65
1544802334.69
1544802334.73
1544802334.78
1544802334.83
1544802334.87
1544802334.91
1544802334.97
1544802335.03
1544802335.07
1544802335.11
1544802335.17
1544802335.22
1544802335.26
1544802335.3
1544802335.34
1544802335.38
1544802335.44
1544802335.5
1544802335.55
1544802335.61
1544802335.66
1544802335.69
1544802335.72
1544802335.76
1544802335.82
1544802335.87
1544802335.91
1544802335.95
1544802336.03
1544802336.09
1544802336.14
1544802336.2
1544802336.26
1544802336.3
1544802336.34
1544802336.39
1544802336.45
1544802336.51
1544802336.56
1544802336.59
1544802336.63
1544802336.69
1544802336.73
1544802336.8
1544802336.88
1544802336.92
1544802336.97
1544802337.0
1544802337.06
1544802337.1
1544802337.14
1544802337.2
1544802337.26
1544802337.3
1544802337.35
1544802337.46
1544802337.49
1544802337.53
1544802337.59
1544802337.65
1544802337.69
1544802337.73
1544802337.79
1544802337.83
1544802337.89
1544802337.93
1544802337.99
1544802338.04
1544802338.08
1544802338.12
1544802338.16
1544802338.2
1544802338.24
1544802338.29
1544802338.33
1544802338.38
1544802338.43
1544802338.47
1544802338.52
1544802338.57
1544802338.63
1544802338.68
1544802338.72
1544802338.77
1544802338.82
1544802338.89
1544802338.93
1544802338.99
1544802339.07
1544802339.13
1544802339.21
1544802339.3
1544802339.39
1544802339.47
1544802339.53
1544802339.62
1544802339.71
1544802339.82
1544802339.89
1544802339.98
1544802340.06
1544802340.16
1544802340.26
1544802340.33
1544802340.42
1544802340.52
1544802340.59
1544802340.66
1544802340.76
1544802340.8
1544802340.85
1544802340.93
1544802340.98
1544802341.04
1544802341.13
1544802341.23
1544802341.31
1544802341.41
1544802341.51
1544802341.59
1544802341.63
1544802341.69
1544802341.72
1544802341.76
1544802341.81
1544802341.86
1544802341.9
1544802341.93
1544802341.99
1544802342.05
1544802342.11
1544802342.16
1544802342.21
1544802342.26
1544802342.32
1544802342.38
1544802342.42
1544802342.47
1544802342.51
1544802342.55
1544802342.6
1544802342.67
1544802342.72
1544802342.76
1544802342.81
1544802342.86
1544802342.91
1544802342.96
1544802343.0
1544802343.04
1544802343.07
1544802343.11
1544802343.15
1544802343.2
1544802343.27
1544802343.31
1544802343.36
1544802343.4
1544802343.46
1544802343.5
1544802343.55
1544802343.64
1544802343.7
1544802343.74
1544802343.79
1544802343.83
1544802343.88
1544802343.92
1544802343.97
1544802344.02
1544802344.08
1544802344.13
1544802344.19
1544802344.26
1544802344.3
1544802344.35
1544802344.4
1544802344.44
1544802344.49
1544802344.52
1544802344.57
1544802344.62
1544802344.67
1544802344.71
1544802344.74
1544802344.81
1544802344.88
1544802344.91
1544802344.95
1544802345.03
1544802345.08
1544802345.12
1544802345.16
1544802345.24
1544802345.28
1544802345.33
1544802345.41
1544802345.46
1544802345.5
1544802345.53
1544802345.58
1544802345.65
1544802345.7
1544802345.75
1544802345.8
1544802345.85
1544802345.89
1544802345.93
1544802345.99
1544802346.06
1544802346.11
1544802346.15
1544802346.2
1544802346.26
1544802346.3
1544802346.34
1544802346.4
1544802346.47
1544802346.5
1544802346.54
1544802346.58
1544802346.63
1544802346.7
1544802346.74
1544802346.77
1544802346.82
1544802346.87
1544802346.9
1544802346.94
1544802347.0
1544802347.05
1544802347.09
1544802347.12
1544802347.18
1544802347.22
1544802347.27
1544802347.3
1544802347.34
1544802347.4
1544802347.45
1544802347.5
1544802347.53
1544802347.58
1544802347.61
1544802347.66
1544802347.7
1544802347.75
1544802347.81
1544802347.85
1544802347.88
1544802347.93
1544802347.98
1544802348.03
1544802348.08
1544802348.12
1544802348.16
1544802348.23
1544802348.27
1544802348.31
1544802348.36
1544802348.4
1544802348.46
1544802348.5
1544802348.54
1544802348.61
1544802348.67
1544802348.7
1544802348.73
1544802348.78
1544802348.83
1544802348.89
1544802348.92
1544802348.97
1544802349.01
1544802349.04
1544802349.09
1544802349.12
1544802349.16
1544802349.22
1544802349.27
1544802349.32
1544802349.39
1544802349.46
1544802349.51
1544802349.56
1544802349.63
1544802349.7
1544802349.78
1544802349.84
1544802349.92
1544802350.02
1544802350.13
1544802350.24
1544802350.36
1544802350.47
1544802350.57
1544802350.62
1544802350.67
1544802350.72
1544802350.77
1544802350.86
1544802350.97
1544802351.06
1544802351.17
1544802351.21
1544802351.26
1544802351.31
1544802351.37
1544802351.41
1544802351.45
1544802351.54
1544802351.61
1544802351.68
1544802351.73
1544802351.79
1544802351.86
1544802351.93
1544802351.99
1544802352.05
1544802352.12
1544802352.19
1544802352.25
1544802352.29
1544802352.4
1544802352.48
1544802352.52
1544802352.59
1544802352.67
1544802352.71
1544802352.75
1544802352.79
1544802352.84
1544802352.91
1544802352.96
1544802353.01
1544802353.07
1544802353.11
1544802353.16
1544802353.2
1544802353.23
1544802353.28
1544802353.32
1544802353.37
1544802353.41
1544802353.45
1544802353.51
1544802353.56
1544802353.6
1544802353.63
1544802353.67
1544802353.74
1544802353.79
1544802353.82
1544802353.86
1544802353.91
1544802353.98
1544802354.0
1544802354.05
1544802354.11
1544802354.15
1544802354.19
1544802354.23
1544802354.28
1544802354.36
1544802354.4
1544802354.44
1544802354.5
1544802354.56
1544802354.61
1544802354.66
1544802354.72
1544802354.78
1544802354.84
1544802354.91
1544802354.96
1544802355.01
1544802355.06
1544802355.09
1544802355.14
1544802355.18
1544802355.22
1544802355.3
1544802355.35
1544802355.39
1544802355.42
1544802355.46
1544802355.51
1544802355.56
1544802355.6
1544802355.65
1544802355.68
1544802355.72
1544802355.77
1544802355.81
1544802355.86
1544802355.93
1544802356.0
1544802356.04
1544802356.1
1544802356.19
1544802356.22
1544802356.28
1544802356.32
1544802356.36
1544802356.39
1544802356.43
1544802356.47
1544802356.53
1544802356.57
1544802356.61
1544802356.67
1544802356.74
1544802356.79
1544802356.82
1544802356.88
1544802356.94
1544802357.01
1544802357.1
1544802357.19
1544802357.25
1544802357.32
1544802357.37
1544802357.41
1544802357.47
1544802357.54
1544802357.64
1544802357.69
1544802357.73
1544802357.79
1544802357.83
1544802357.88
1544802357.93
1544802358.0
1544802358.07
1544802358.11
1544802358.17
1544802358.22
1544802358.28
1544802358.34
1544802358.4
1544802358.48
1544802358.54
1544802358.6
1544802358.68
1544802358.77
1544802358.81
1544802358.85
1544802358.9
1544802358.95
1544802358.99
1544802359.03
1544802359.11
1544802359.17
1544802359.21
1544802359.26
1544802359.32
1544802359.37
1544802359.42
1544802359.46
1544802359.52
1544802359.58
1544802359.62
1544802359.7
1544802359.75
1544802359.79
1544802359.85
1544802359.92
1544802359.98
1544802360.03
1544802360.1
1544802360.18
1544802360.21
1544802360.28
1544802360.36
1544802360.4
1544802360.44
1544802360.51
1544802360.57
1544802360.61
1544802360.66
1544802360.72
1544802360.79
1544802360.83
1544802360.9
1544802360.97
1544802361.02
1544802361.07
1544802361.11
1544802361.15
1544802361.2
1544802361.25
1544802361.31
1544802361.39
1544802361.47
1544802361.54
1544802361.59
1544802361.65
1544802361.72
1544802361.79
1544802361.84
1544802361.89
1544802361.96
1544802362.01
1544802362.06
1544802362.1
1544802362.15
1544802362.2
1544802362.25
1544802362.31
1544802362.38
1544802362.42
1544802362.46
1544802362.51
1544802362.58
1544802362.63
1544802362.67
1544802362.71
1544802362.77
1544802362.81
1544802362.87
1544802362.92
1544802362.97
1544802363.01
1544802363.05
1544802363.08
1544802363.12
1544802363.18
1544802363.26
1544802363.32
1544802363.37
1544802363.41
1544802363.46
1544802363.51
1544802363.56
1544802363.61
1544802363.66
1544802363.72
1544802363.78
1544802363.82
1544802363.89
1544802363.97
1544802364.02
1544802364.1
1544802364.16
1544802364.2
1544802364.26
1544802364.34
1544802364.38
1544802364.42
1544802364.49
1544802364.55
1544802364.6
1544802364.65
1544802364.73
1544802364.78
1544802364.82
1544802364.89
1544802364.94
1544802364.99
1544802365.02
1544802365.06
1544802365.1
1544802365.16
1544802365.2
1544802365.23
1544802365.28
1544802365.33
1544802365.39
1544802365.42
1544802365.48
1544802365.55
1544802365.59
1544802365.63
1544802365.68
1544802365.72
1544802365.77
1544802365.81
1544802365.87
1544802365.92
1544802365.96
1544802366.0
1544802366.03
1544802366.07
1544802366.11
1544802366.17
1544802366.21
1544802366.26
1544802366.31
1544802366.38
1544802366.45
1544802366.52
1544802366.59
1544802366.67
1544802366.75
1544802366.83
1544802366.91
1544802366.99
1544802367.06
1544802367.11
1544802367.16
1544802367.21
1544802367.29
1544802367.37
1544802367.45
1544802367.51
1544802367.58
1544802367.62
1544802367.71
1544802367.81
1544802367.91
1544802367.96
1544802368.0
1544802368.05
1544802368.1
1544802368.18
1544802368.27
1544802368.36
1544802368.43
1544802368.51
1544802368.58
1544802368.66
1544802368.75
1544802368.83
1544802368.92
1544802369.0
1544802369.06
1544802369.14
1544802369.2
1544802369.29
1544802369.36
1544802369.41
1544802369.47
1544802369.51
1544802369.57
1544802369.63
1544802369.7
1544802369.78
1544802369.83
1544802369.87
1544802369.94
1544802370.04
1544802370.13
1544802370.19
1544802370.23
1544802370.3
1544802370.39
1544802370.49
1544802370.58
1544802370.67
1544802370.76
1544802370.8
1544802370.85
1544802370.9
1544802370.99
1544802371.07
1544802371.11
1544802371.15
1544802371.21
1544802371.27
1544802371.33
1544802371.38
1544802371.42
1544802371.46
1544802371.52
1544802371.6
1544802371.68
1544802371.75
1544802371.82
1544802371.89
1544802371.93
1544802371.99
1544802372.07
1544802372.14
1544802372.23
1544802372.32
1544802372.4
1544802372.47
1544802372.51
1544802372.59
1544802372.65
1544802372.68
1544802372.71
1544802372.78
1544802372.81
1544802372.87
1544802372.93
1544802372.97
1544802373.01
1544802373.05
1544802373.09
1544802373.16
1544802373.21
1544802373.24
1544802373.29
1544802373.35
1544802373.39
1544802373.42
1544802373.48
1544802373.54
1544802373.59
1544802373.63
1544802373.67
1544802373.74
1544802373.79
1544802373.83
1544802373.88
1544802373.96
1544802374.01
1544802374.06
1544802374.16
1544802374.2
1544802374.24
1544802374.31
1544802374.38
1544802374.42
1544802374.49
1544802374.56
1544802374.61
1544802374.67
1544802374.77
1544802374.81
1544802374.85
1544802374.92
1544802374.98
1544802375.02
1544802375.08
1544802375.12
1544802375.18
1544802375.22
1544802375.28
1544802375.32
1544802375.37
1544802375.41
1544802375.45
1544802375.49
1544802375.54
1544802375.59
1544802375.63
1544802375.68
1544802375.72
1544802375.76
1544802375.81
1544802375.86
1544802375.91
1544802375.99
1544802376.05
1544802376.12
1544802376.17
1544802376.21
1544802376.26
1544802376.32
1544802376.37
1544802376.4
1544802376.44
1544802376.49
1544802376.57
1544802376.61
1544802376.66
1544802376.71
1544802376.75
1544802376.8
1544802376.84
1544802376.89
1544802376.95
1544802376.99
1544802377.03
1544802377.09
1544802377.15
1544802377.2
1544802377.25
1544802377.31
1544802377.38
1544802377.42
1544802377.5
1544802377.56
1544802377.61
1544802377.65
1544802377.72
1544802377.78
1544802377.82
1544802377.86
1544802377.93
1544802377.99
1544802378.02
1544802378.07
1544802378.13
1544802378.18
1544802378.23
1544802378.28
1544802378.35
1544802378.4
1544802378.44
1544802378.52
1544802378.58
1544802378.63
1544802378.68
1544802378.76
1544802378.8
1544802378.85
1544802378.91
1544802378.97
1544802379.01
1544802379.08
1544802379.14
1544802379.19
1544802379.23
1544802379.28
1544802379.36
1544802379.4
1544802379.43
1544802379.48
1544802379.55
1544802379.58
1544802379.62
1544802379.66
1544802379.73
1544802379.78
1544802379.83
1544802379.88
1544802379.93
1544802379.98
1544802380.02
1544802380.06
1544802380.1
1544802380.17
1544802380.21
1544802380.26
1544802380.31
1544802380.36
1544802380.4
1544802380.46
1544802380.54
1544802380.59
1544802380.62
1544802380.67
1544802380.72
1544802380.79
1544802380.84
1544802380.88
1544802380.95
1544802381.0
1544802381.04
1544802381.1
1544802381.15
1544802381.2
1544802381.23
1544802381.3
1544802381.38
1544802381.42
1544802381.5
1544802381.57
1544802381.62
1544802381.67
1544802381.76
1544802381.8
1544802381.86
1544802381.94
1544802381.98
1544802382.03
1544802382.07
1544802382.11
1544802382.19
1544802382.23
1544802382.31
1544802382.36
1544802382.4
1544802382.44
1544802382.52
1544802382.56
1544802382.6
1544802382.64
1544802382.73
1544802382.83
1544802382.94
1544802383.06
1544802383.14
1544802383.22
1544802383.3
1544802383.36
1544802383.47
1544802383.57
1544802383.67
1544802383.76
1544802383.87
1544802383.96
1544802384.06
1544802384.16
1544802384.28
1544802384.4
1544802384.49
1544802384.56
1544802384.62
1544802384.68
1544802384.73
1544802384.79
1544802384.82
1544802384.87
1544802384.92
1544802384.99
1544802385.03
1544802385.08
1544802385.12
1544802385.17
1544802385.2
1544802385.24
1544802385.3
1544802385.34
1544802385.39
1544802385.42
1544802385.47
1544802385.52
1544802385.57
1544802385.6
1544802385.64
1544802385.69
1544802385.73
1544802385.77
1544802385.82
1544802385.89
1544802385.95
1544802385.99
1544802386.03
1544802386.12
1544802386.17
1544802386.23
1544802386.3
1544802386.36
1544802386.4
1544802386.44
1544802386.49
1544802386.55
1544802386.6
1544802386.63
1544802386.67
1544802386.74
1544802386.8
1544802386.83
1544802386.91
1544802386.96
1544802387.01
1544802387.07
1544802387.13
1544802387.19
1544802387.22
1544802387.26
1544802387.33
1544802387.38
1544802387.42
1544802387.5
1544802387.56
1544802387.6
1544802387.65
1544802387.74
1544802387.79
1544802387.83
1544802387.91
1544802387.96
1544802388.0
1544802388.06
1544802388.12
1544802388.17
1544802388.22
1544802388.26
1544802388.32
1544802388.37
1544802388.42
1544802388.48
1544802388.54
1544802388.6
1544802388.65
1544802388.72
1544802388.76
1544802388.8
1544802388.84
1544802388.9
1544802388.94
1544802388.99
1544802389.03
1544802389.1
1544802389.15
1544802389.19
1544802389.24
1544802389.28
1544802389.32
1544802389.36
1544802389.4
1544802389.46
1544802389.52
1544802389.57
1544802389.62
1544802389.67
1544802389.73
1544802389.78
1544802389.83
1544802389.89
1544802389.94
1544802390.0
1544802390.06
1544802390.12
1544802390.17
1544802390.21
1544802390.27
1544802390.35
1544802390.39
1544802390.42
1544802390.49
1544802390.56
1544802390.62
1544802390.68
1544802390.74
1544802390.8
1544802390.84
1544802390.91
1544802390.98
1544802391.02
1544802391.08
1544802391.14
1544802391.19
1544802391.23
1544802391.29
1544802391.34
1544802391.39
1544802391.43
1544802391.5
1544802391.56
1544802391.6
1544802391.67
1544802391.75
1544802391.78
1544802391.82
1544802391.88
1544802391.95
1544802392.01
1544802392.08
1544802392.15
1544802392.21
1544802392.28
1544802392.33
1544802392.38
1544802392.41
1544802392.45
1544802392.53
1544802392.58
1544802392.63
1544802392.69
1544802392.75
1544802392.8
1544802392.83
1544802392.92
1544802392.97
1544802393.01
1544802393.06
1544802393.1
1544802393.15
1544802393.19
1544802393.24
1544802393.33
1544802393.41
1544802393.5
1544802393.58
1544802393.65
1544802393.69
1544802393.72
1544802393.76
1544802393.8
1544802393.88
1544802393.96
1544802394.01
1544802394.05
1544802394.13
1544802394.2
1544802394.27
1544802394.33
1544802394.39
1544802394.44
1544802394.52
1544802394.58
1544802394.65
1544802394.73
1544802394.81
1544802394.9
1544802394.99
1544802395.08
1544802395.17
1544802395.25
1544802395.33
1544802395.41
1544802395.47
1544802395.56
1544802395.61
1544802395.67
1544802395.73
1544802395.78
1544802395.81
1544802395.86
1544802395.9
1544802395.95
1544802395.99
1544802396.04
1544802396.14
1544802396.19
1544802396.23
1544802396.28
1544802396.32
1544802396.37
1544802396.41
1544802396.45
1544802396.51
1544802396.55
1544802396.6
1544802396.65
1544802396.74
1544802396.78
1544802396.83
1544802396.88
1544802396.93
1544802396.98
1544802397.01
1544802397.05
1544802397.1
1544802397.14
1544802397.19
1544802397.23
1544802397.27
1544802397.33
1544802397.38
1544802397.42
1544802397.47
1544802397.52
1544802397.56
1544802397.6
1544802397.64
1544802397.71
1544802397.76
1544802397.81
1544802397.85
1544802397.89
1544802397.93
1544802398.01
1544802398.07
1544802398.11
1544802398.17
1544802398.25
1544802398.31
1544802398.38
1544802398.42
1544802398.46
1544802398.51
1544802398.6
1544802398.67
1544802398.77
1544802398.84
1544802398.9
1544802398.96
1544802399.01
1544802399.12
1544802399.21
1544802399.3
1544802399.38
1544802399.46
1544802399.53
1544802399.62
1544802399.69
1544802399.76
1544802399.82
1544802399.91
1544802399.98
1544802400.03
1544802400.11
1544802400.19
1544802400.28
1544802400.35
1544802400.43
1544802400.51
1544802400.57
1544802400.63
1544802400.69
1544802400.75
1544802400.8
1544802400.87
1544802400.95
1544802401.02
1544802401.09
1544802401.13
1544802401.17
1544802401.22
1544802401.26
1544802401.3
1544802401.34
1544802401.39
1544802401.44
1544802401.49
1544802401.52
1544802401.59
1544802401.64
1544802401.69
1544802401.72
1544802401.76
1544802401.85
1544802401.9
1544802401.95
1544802401.99
1544802402.04
1544802402.08
1544802402.13
1544802402.19
1544802402.25
1544802402.32
1544802402.38
1544802402.46
1544802402.51
1544802402.56
1544802402.6
1544802402.66
1544802402.7
1544802402.75
1544802402.81
1544802402.88
1544802402.93
1544802403.01
1544802403.05
1544802403.09
1544802403.13
1544802403.16
1544802403.22
1544802403.27
1544802403.32
1544802403.36
1544802403.4
1544802403.46
1544802403.5
1544802403.54
1544802403.59
1544802403.66
1544802403.7
1544802403.74
1544802403.82
1544802403.87
1544802403.91
1544802403.94
1544802404.02
1544802404.07
1544802404.12
1544802404.17
1544802404.21
1544802404.27
1544802404.32
1544802404.38
1544802404.45
1544802404.5
1544802404.53
1544802404.58
1544802404.63
1544802404.68
1544802404.71
1544802404.76
1544802404.79
1544802404.83
1544802404.88
1544802404.92
1544802404.99
1544802405.06
1544802405.11
1544802405.16
1544802405.23
1544802405.28
1544802405.32
1544802405.37
1544802405.44
1544802405.5
1544802405.56
1544802405.6
1544802405.64
1544802405.7
1544802405.74
1544802405.84
1544802405.9
1544802405.94
1544802405.99
1544802406.05
1544802406.09
1544802406.13
1544802406.21
1544802406.26
1544802406.3
1544802406.34
1544802406.4
1544802406.44
1544802406.49
1544802406.53
1544802406.58
1544802406.62
1544802406.66
1544802406.7
1544802406.74
1544802406.78
1544802406.86
1544802406.91
1544802406.95
1544802407.02
1544802407.07
1544802407.12
1544802407.17
1544802407.23
1544802407.28
1544802407.32
1544802407.37
1544802407.43
1544802407.49
1544802407.53
1544802407.57
1544802407.65
1544802407.7
1544802407.76
1544802407.83
1544802407.87
1544802407.91
1544802407.95
1544802407.99
1544802408.05
1544802408.09
1544802408.12
1544802408.17
1544802408.23
1544802408.29
1544802408.33
1544802408.38
1544802408.45
1544802408.5
1544802408.54
1544802408.59
1544802408.65
1544802408.68
1544802408.71
1544802408.77
1544802408.81
1544802408.87
1544802408.91
1544802408.98
1544802409.06
1544802409.15
1544802409.23
1544802409.31
1544802409.39
1544802409.44
1544802409.49
1544802409.54
1544802409.59
1544802409.66
1544802409.72
1544802409.78
1544802409.82
1544802409.85
1544802409.9
1544802409.94
1544802409.99
1544802410.03
1544802410.1
1544802410.18
1544802410.24
1544802410.31
1544802410.4
1544802410.47
1544802410.56
1544802410.61
1544802410.7
1544802410.79
1544802410.87
1544802410.95
1544802411.03
1544802411.1
1544802411.18
1544802411.26
1544802411.33
1544802411.41
1544802411.47
1544802411.51
1544802411.57
1544802411.62
1544802411.69
1544802411.73
1544802411.79
1544802411.84
1544802411.89
1544802411.94
1544802411.99
1544802412.06
1544802412.1
1544802412.14
1544802412.21
1544802412.26
1544802412.29
1544802412.33
1544802412.42
1544802412.47
1544802412.51
1544802412.54
1544802412.6
1544802412.66
1544802412.72
1544802412.77
1544802412.83
1544802412.88
1544802412.92
1544802412.96
1544802413.02
1544802413.07
1544802413.1
1544802413.15
1544802413.19
1544802413.23
1544802413.29
1544802413.32
1544802413.38
1544802413.42
1544802413.48
1544802413.52
1544802413.56
1544802413.62
1544802413.68
1544802413.71
1544802413.75
1544802413.81
1544802413.86
1544802413.89
1544802413.94
1544802413.99
1544802414.06
1544802414.09
1544802414.13
1544802414.19
1544802414.24
1544802414.29
1544802414.33
1544802414.39
1544802414.46
1544802414.5
1544802414.54
1544802414.6
1544802414.66
1544802414.71
1544802414.78
1544802414.84
1544802414.88
1544802414.92
1544802414.97
1544802415.02
1544802415.06
1544802415.09
1544802415.14
1544802415.18
1544802415.28
1544802415.32
1544802415.36
1544802415.41
1544802415.46
1544802415.5
1544802415.53
1544802415.58
1544802415.61
1544802415.66
1544802415.71
1544802415.76
1544802415.87
1544802415.92
1544802415.97
1544802416.05
1544802416.1
1544802416.15
1544802416.22
1544802416.27
1544802416.31
1544802416.34
1544802416.39
1544802416.44
1544802416.48
1544802416.52
1544802416.56
1544802416.62
1544802416.69
1544802416.73
1544802416.81
1544802416.87
1544802416.91
1544802416.96
1544802417.03
1544802417.09
1544802417.14
1544802417.18
1544802417.23
1544802417.3
1544802417.35
1544802417.39
1544802417.43
1544802417.5
1544802417.58
1544802417.66
1544802417.71
1544802417.77
1544802417.83
1544802417.93
1544802418.02
1544802418.09
1544802418.16
1544802418.24
1544802418.31
1544802418.38
1544802418.46
1544802418.52
1544802418.58
1544802418.66
1544802418.71
1544802418.76
1544802418.81
1544802418.89
1544802418.99
1544802419.06
1544802419.1
1544802419.14
1544802419.21
1544802419.3
1544802419.38
1544802419.46
1544802419.5
1544802419.56
1544802419.61
1544802419.68
1544802419.75
1544802419.83
1544802419.91
1544802419.99
1544802420.07
1544802420.11
1544802420.16
1544802420.21
1544802420.26
1544802420.32
1544802420.38
1544802420.42
1544802420.46
1544802420.5
1544802420.54
1544802420.59
1544802420.63
1544802420.69
1544802420.74
1544802420.81
1544802420.87
1544802420.95
1544802421.0
1544802421.08
1544802421.17
1544802421.26
1544802421.29
1544802421.33
1544802421.37
1544802421.41
1544802421.47
1544802421.51
1544802421.55
1544802421.59
1544802421.65
1544802421.7
1544802421.79
1544802421.86
1544802421.9
1544802421.95
1544802422.01
1544802422.05
1544802422.1
1544802422.13
1544802422.18
1544802422.21
1544802422.26
1544802422.3
1544802422.34
1544802422.39
1544802422.43
1544802422.49
1544802422.52
1544802422.56
1544802422.62
1544802422.68
1544802422.72
1544802422.75
1544802422.79
1544802422.84
1544802422.88
1544802422.92
1544802422.97
1544802423.02
1544802423.06
1544802423.1
1544802423.15
1544802423.21
1544802423.27
1544802423.31
1544802423.36
1544802423.4
1544802423.45
1544802423.5
1544802423.56
1544802423.62
1544802423.68
1544802423.71
1544802423.76
1544802423.82
1544802423.89
1544802423.93
1544802424.0
1544802424.05
1544802424.09
1544802424.13
1544802424.17
1544802424.23
1544802424.27
1544802424.31
1544802424.36
1544802424.4
1544802424.45
1544802424.49
1544802424.53
1544802424.6
1544802424.65
1544802424.69
1544802424.73
1544802424.79
1544802424.85
1544802424.88
1544802424.93
1544802424.97
1544802425.03
1544802425.08
1544802425.11
1544802425.15
1544802425.2
1544802425.25
1544802425.29
1544802425.32
1544802425.37
1544802425.42
1544802425.47
1544802425.52
1544802425.57
1544802425.64
1544802425.69
1544802425.73
1544802425.78
1544802425.86
1544802425.89
1544802425.93
1544802426.0
1544802426.05
1544802426.08
1544802426.12
1544802426.16
1544802426.2
1544802426.25
1544802426.29
1544802426.33
1544802426.38
1544802426.45
1544802426.48
1544802426.52
1544802426.56
1544802426.63
1544802426.69
1544802426.73
1544802426.8
1544802426.86
1544802426.9
1544802426.94
1544802427.0
1544802427.07
1544802427.11
1544802427.14
1544802427.21
1544802427.27
1544802427.32
1544802427.36
1544802427.41
1544802427.48
1544802427.55
1544802427.63
1544802427.71
1544802427.78
1544802427.84
1544802427.92
1544802428.0
1544802428.08
1544802428.14
1544802428.23
1544802428.32
1544802428.4
1544802428.48
1544802428.56
1544802428.63
1544802428.71
1544802428.79
1544802428.87
1544802428.91
1544802428.97
1544802429.02
1544802429.08
1544802429.12
1544802429.19
1544802429.29
1544802429.38
1544802429.48
1544802429.58
1544802429.66
1544802429.7
1544802429.75
1544802429.81
1544802429.86
1544802429.96
1544802430.04
1544802430.11
1544802430.2
1544802430.29
1544802430.39
1544802430.46
1544802430.53
1544802430.62
1544802430.69
1544802430.79
1544802430.86
1544802430.93
1544802431.01
1544802431.06
1544802431.12
1544802431.2
1544802431.3
1544802431.41
1544802431.52
1544802431.61
1544802431.7
1544802431.76
1544802431.81
1544802431.86
1544802431.91
1544802431.98
1544802432.03
1544802432.1
1544802432.16
1544802432.25
1544802432.3
1544802432.38
1544802432.46
1544802432.53
1544802432.61
1544802432.69
1544802432.76
1544802432.83
1544802432.91
1544802432.99
1544802433.07
1544802433.14
1544802433.22
1544802433.28
1544802433.31
1544802433.37
1544802433.48
1544802433.6
1544802433.69
1544802433.74
1544802433.8
1544802433.85
1544802433.89
1544802433.94
1544802434.0
1544802434.11
1544802434.17
1544802434.22
1544802434.26
1544802434.31
1544802434.35
1544802434.4
1544802434.47
1544802434.51
1544802434.54
1544802434.62
1544802434.68
1544802434.73
1544802434.78
1544802434.83
1544802434.88
1544802434.91
1544802434.96
1544802435.03
1544802435.09
1544802435.14
1544802435.21
1544802435.26
1544802435.3
1544802435.35
1544802435.41
1544802435.46
1544802435.51
1544802435.57
1544802435.62
1544802435.67
1544802435.71
1544802435.75
1544802435.81
1544802435.89
1544802435.93
1544802436.0
1544802436.06
1544802436.11
1544802436.15
1544802436.2
1544802436.25
1544802436.3
1544802436.34
1544802436.42
1544802436.48
1544802436.52
1544802436.61
1544802436.68
1544802436.72
1544802436.79
1544802436.84
1544802436.89
1544802436.93
1544802437.0
1544802437.06
1544802437.09
1544802437.13
1544802437.2
1544802437.26
1544802437.3
1544802437.35
1544802437.43
1544802437.5
1544802437.56
1544802437.67
1544802437.72
1544802437.77
1544802437.87
1544802437.91
1544802437.95
1544802438.0
1544802438.04
1544802438.08
1544802438.13
1544802438.19
1544802438.24
1544802438.29
1544802438.34
1544802438.41
1544802438.47
1544802438.51
1544802438.55
1544802438.61
1544802438.67
1544802438.71
1544802438.75
1544802438.82
1544802438.87
1544802438.91
1544802438.96
1544802439.01
1544802439.06
1544802439.11
1544802439.17
1544802439.22
1544802439.26
1544802439.3
1544802439.33
1544802439.38
1544802439.41
1544802439.46
1544802439.51
1544802439.54
1544802439.6
1544802439.65
1544802439.7
1544802439.76
1544802439.82
1544802439.87
1544802439.92
1544802439.98
1544802440.03
1544802440.08
1544802440.12
1544802440.18
1544802440.25
1544802440.3
1544802440.33
1544802440.4
1544802440.48
1544802440.52
1544802440.56
1544802440.61
1544802440.66
1544802440.7
1544802440.78
1544802440.85
1544802440.89
1544802440.93
1544802441.01
1544802441.05
1544802441.09
1544802441.13
1544802441.2
1544802441.25
1544802441.3
1544802441.35
1544802441.4
1544802441.46
1544802441.5
1544802441.53
1544802441.58
1544802441.61
1544802441.67
1544802441.71
1544802441.78
1544802441.82
1544802441.86
1544802441.91
1544802441.96
1544802441.99
1544802442.03
1544802442.07
1544802442.12
1544802442.21
1544802442.28
1544802442.32
1544802442.36
1544802442.4
1544802442.46
1544802442.5
1544802442.55
1544802442.62
1544802442.67
1544802442.71
1544802442.77
1544802442.82
1544802442.86
1544802442.91
1544802442.97
1544802443.02
1544802443.1
1544802443.18
1544802443.24
1544802443.32
1544802443.38
1544802443.46
1544802443.53
1544802443.6
1544802443.67
1544802443.72
1544802443.8
1544802443.88
1544802443.96
1544802444.03
1544802444.08
1544802444.12
1544802444.17
1544802444.25
1544802444.3
1544802444.33
1544802444.43
1544802444.49
1544802444.58
1544802444.68
1544802444.77
1544802444.9
1544802444.99
1544802445.06
1544802445.17
1544802445.26
1544802445.32
1544802445.36
1544802445.4
1544802445.43
1544802445.53
1544802445.59
1544802445.63
1544802445.69
1544802445.76
1544802445.79
1544802445.82
1544802445.86
1544802445.97
1544802446.01
1544802446.05
1544802446.1
1544802446.17
1544802446.2
1544802446.24
1544802446.28
1544802446.32
1544802446.37
1544802446.4
1544802446.44
1544802446.5
1544802446.55
1544802446.58
1544802446.62
1544802446.68
1544802446.72
1544802446.76
1544802446.8
1544802446.85
1544802446.92
1544802447.0
1544802447.05
1544802447.14
1544802447.2
1544802447.23
1544802447.28
1544802447.36
1544802447.41
1544802447.45
1544802447.48
1544802447.52
1544802447.57
1544802447.61
1544802447.64
1544802447.71
1544802447.76
1544802447.79
1544802447.83
1544802447.89
1544802447.94
1544802448.0
1544802448.04
1544802448.12
1544802448.16
1544802448.2
1544802448.24
1544802448.3
1544802448.35
1544802448.39
1544802448.44
1544802448.54
1544802448.63
1544802448.69
1544802448.75
1544802448.81
1544802448.89
1544802448.97
1544802449.03
1544802449.11
1544802449.18
1544802449.24
1544802449.31
1544802449.37
1544802449.4
1544802449.49
1544802449.57
1544802449.62
1544802449.66
1544802449.7
1544802449.76
1544802449.85
1544802449.92
1544802450.0
1544802450.06
1544802450.16
1544802450.25
1544802450.31
1544802450.39
1544802450.43
1544802450.48
1544802450.53
1544802450.57
1544802450.62
1544802450.66
1544802450.71
1544802450.76
1544802450.83
1544802450.91
1544802451.01
1544802451.07
1544802451.15
1544802451.21
1544802451.27
1544802451.33
1544802451.38
1544802451.42
1544802451.47
1544802451.51
1544802451.56
1544802451.61
1544802451.65
1544802451.74
1544802451.78
1544802451.81
1544802451.86
1544802451.91
1544802451.96
1544802451.99
1544802452.03
1544802452.1
1544802452.15
1544802452.2
1544802452.25
1544802452.3
1544802452.36
1544802452.41
1544802452.45
1544802452.49
1544802452.54
1544802452.59
1544802452.62
1544802452.67
1544802452.74
1544802452.81
1544802452.84
1544802452.91
1544802452.96
1544802452.99
1544802453.03
1544802453.08
1544802453.12
1544802453.18
1544802453.22
1544802453.27
1544802453.31
1544802453.35
1544802453.39
1544802453.42
1544802453.47
1544802453.53
1544802453.57
1544802453.61
1544802453.66
1544802453.72
1544802453.77
1544802453.81
1544802453.87
1544802453.95
1544802454.0
1544802454.05
1544802454.1
1544802454.15
1544802454.19
1544802454.23
1544802454.31
1544802454.4
1544802454.51
1544802454.59
1544802454.7
1544802454.79
1544802454.88
1544802454.97
1544802455.05
1544802455.12
1544802455.19
1544802455.26
1544802455.29
1544802455.34
1544802455.42
1544802455.47
1544802455.55
1544802455.61
1544802455.69
1544802455.76
1544802455.83
1544802455.92
1544802455.97
1544802456.02
1544802456.1
1544802456.19
1544802456.28
1544802456.32
1544802456.38
1544802456.45
1544802456.51
1544802456.56
1544802456.62
1544802456.68
1544802456.73
1544802456.79
1544802456.85
1544802456.92
1544802457.03
1544802457.12
1544802457.26
1544802457.37
1544802457.48
1544802457.58
1544802457.66
1544802457.76
1544802457.86
1544802457.96
1544802458.04
1544802458.12
1544802458.22
1544802458.29
1544802458.37
1544802458.42
1544802458.46
1544802458.53
1544802458.6
