1544729824.29
1544729824.66
1544729824.87
1544729825.06
1544729825.24
1544729825.45
1544729825.72
1544729825.89
1544729826.06
1544729826.24
1544729826.41
1544729826.6
1544729826.77
1544729826.92
1544729827.13
1544729827.3
1544729827.47
1544729827.71
1544729827.88
1544729828.06
1544729828.26
1544729828.47
1544729828.66
1544729828.91
1544729829.09
1544729829.26
1544729829.47
1544729829.67
1544729829.87
1544729830.1
1544729830.3
1544729830.51
1544729830.72
1544729830.89
1544729831.04
1544729831.2
1544729831.35
1544729831.48
1544729831.66
1544729831.85
1544729831.99
1544729832.17
1544729832.33
1544729832.49
1544729832.65
1544729832.81
1544729832.98
1544729833.13
1544729833.3
1544729833.44
1544729833.59
1544729833.74
1544729833.88
1544729834.03
1544729834.21
1544729834.36
1544729834.5
1544729834.65
1544729834.79
1544729834.92
1544729835.07
1544729835.18
1544729835.3
1544729835.46
1544729835.57
1544729835.69
1544729835.81
1544729835.93
1544729836.04
1544729836.16
1544729836.29
1544729836.4
1544729836.55
1544729836.66
1544729836.8
1544729836.95
1544729837.08
1544729837.22
1544729837.32
1544729837.45
1544729837.56
1544729837.67
1544729837.77
1544729837.87
1544729837.98
1544729838.12
1544729838.23
1544729838.38
1544729838.5
1544729838.56
1544729838.71
1544729838.87
1544729838.99
1544729839.1
1544729839.22
1544729839.38
1544729839.52
1544729839.62
1544729839.75
1544729839.9
1544729840.03
1544729840.17
1544729840.33
1544729840.47
1544729840.63
1544729840.8
1544729840.94
1544729841.08
1544729841.2
1544729841.36
1544729841.51
1544729841.68
1544729841.85
1544729841.98
1544729842.12
1544729842.27
1544729842.42
1544729842.59
1544729842.75
1544729842.9
1544729843.07
1544729843.23
1544729843.39
1544729843.55
1544729843.7
1544729843.89
1544729844.07
1544729844.24
1544729844.39
1544729844.55
1544729844.72
1544729844.86
1544729844.99
1544729845.12
1544729845.26
1544729845.41
1544729845.56
1544729845.71
1544729845.85
1544729845.99
1544729846.13
1544729846.25
1544729846.39
1544729846.54
1544729846.67
1544729846.79
1544729846.92
1544729847.07
1544729847.23
1544729847.37
1544729847.48
1544729847.62
1544729847.73
1544729847.84
1544729847.96
1544729848.07
1544729848.2
1544729848.3
1544729848.43
1544729848.55
1544729848.67
1544729848.8
1544729848.93
1544729849.07
1544729849.21
1544729849.38
1544729849.52
1544729849.7
1544729849.87
1544729850.02
1544729850.2
1544729850.37
1544729850.52
1544729850.69
1544729850.84
1544729851.03
1544729851.18
1544729851.35
1544729851.5
1544729851.68
1544729851.85
1544729852.0
1544729852.17
1544729852.27
1544729852.39
1544729852.52
1544729852.67
1544729852.83
1544729852.99
1544729853.14
1544729853.27
1544729853.4
1544729853.53
1544729853.64
1544729853.78
1544729853.9
1544729854.03
1544729854.17
1544729854.3
1544729854.44
1544729854.58
1544729854.68
1544729854.8
1544729854.95
1544729855.09
1544729855.22
1544729855.35
1544729855.45
1544729855.56
1544729855.67
1544729855.82
1544729855.96
1544729856.09
1544729856.22
1544729856.35
1544729856.46
1544729856.57
1544729856.68
1544729856.79
1544729856.91
1544729857.05
1544729857.16
1544729857.27
1544729857.41
1544729857.58
1544729857.73
1544729857.87
1544729858.0
1544729858.13
1544729858.26
1544729858.42
1544729858.53
1544729858.67
1544729858.82
1544729858.95
1544729859.06
1544729859.16
1544729859.26
1544729859.37
1544729859.47
1544729859.6
1544729859.69
1544729859.82
1544729859.93
1544729860.04
1544729860.14
1544729860.25
1544729860.35
1544729860.45
1544729860.54
1544729860.64
1544729860.74
1544729860.84
1544729860.94
1544729861.04
1544729861.14
1544729861.27
1544729861.36
1544729861.61
1544729861.74
1544729861.84
1544729861.95
1544729862.02
1544729862.11
1544729862.21
1544729862.37
1544729862.53
1544729862.67
1544729862.83
1544729862.98
1544729863.19
1544729863.33
1544729863.47
1544729863.63
1544729863.79
1544729863.95
1544729864.08
1544729864.2
1544729864.32
1544729864.47
1544729864.57
1544729864.64
1544729864.7
1544729864.78
1544729864.88
1544729864.99
1544729865.1
1544729865.2
1544729865.31
1544729865.52
1544729865.75
1544729865.93
1544729866.12
1544729866.31
1544729866.49
1544729866.66
1544729866.79
1544729867.01
1544729867.23
1544729867.43
1544729867.6
1544729867.87
1544729868.06
1544729868.24
1544729868.44
1544729868.61
1544729868.72
1544729868.83
1544729868.92
1544729869.01
1544729869.12
1544729869.22
1544729869.3
1544729869.38
1544729869.51
1544729869.67
1544729869.87
1544729870.05
1544729870.19
1544729870.36
1544729870.57
1544729870.74
1544729870.94
1544729871.09
1544729871.2
1544729871.3
1544729871.43
1544729871.57
1544729871.7
1544729871.8
1544729871.9
1544729872.01
1544729872.13
1544729872.24
1544729872.35
1544729872.46
1544729872.59
1544729872.67
1544729872.82
1544729872.94
1544729873.05
1544729873.17
1544729873.25
1544729873.39
1544729873.5
1544729873.61
1544729873.7
1544729873.82
1544729873.92
1544729874.03
1544729874.17
1544729874.33
1544729874.48
1544729874.62
1544729874.74
1544729874.86
1544729874.98
1544729875.09
1544729875.22
1544729875.34
1544729875.46
1544729875.56
1544729875.68
1544729875.81
1544729875.95
1544729876.08
1544729876.21
1544729876.33
1544729876.48
1544729876.62
1544729876.75
1544729876.88
1544729877.02
1544729877.15
1544729877.36
1544729877.53
1544729877.69
1544729877.83
1544729877.93
1544729878.08
1544729878.23
1544729878.35
1544729878.49
1544729878.63
1544729878.76
1544729878.87
1544729879.02
1544729879.14
1544729879.27
1544729879.4
1544729879.53
1544729879.66
1544729879.8
1544729879.92
1544729880.06
1544729880.2
1544729880.34
1544729880.44
1544729880.6
1544729880.71
1544729880.81
1544729880.95
1544729881.08
1544729881.18
1544729881.33
1544729881.47
1544729881.6
1544729881.73
1544729881.88
1544729881.98
1544729882.12
1544729882.25
1544729882.37
1544729882.49
1544729882.62
1544729882.73
1544729882.87
1544729883.0
1544729883.12
1544729883.25
1544729883.38
1544729883.48
1544729883.6
1544729883.71
1544729883.83
1544729883.97
1544729884.1
1544729884.23
1544729884.37
1544729884.48
1544729884.54
1544729884.69
1544729884.82
1544729884.93
1544729885.04
1544729885.15
1544729885.27
1544729885.37
1544729885.53
1544729885.66
1544729885.78
1544729885.9
1544729886.03
1544729886.16
1544729886.25
1544729886.33
1544729886.42
1544729886.52
1544729886.62
1544729886.73
1544729886.84
1544729886.97
1544729887.1
1544729887.21
1544729887.32
1544729887.49
1544729887.61
1544729887.72
1544729887.88
1544729888.0
1544729888.14
1544729888.29
1544729888.42
1544729888.57
1544729888.68
1544729888.84
1544729888.98
1544729889.1
1544729889.23
1544729889.35
1544729889.47
1544729889.59
1544729889.7
1544729889.81
1544729889.93
1544729890.03
1544729890.13
1544729890.27
1544729890.39
1544729890.51
1544729890.64
1544729890.85
1544729891.04
1544729891.2
1544729891.33
1544729891.45
1544729891.58
1544729891.76
1544729891.86
1544729892.04
1544729892.13
1544729892.25
1544729892.35
1544729892.44
1544729892.52
1544729892.6
1544729892.68
1544729892.76
1544729892.85
1544729892.95
1544729893.05
1544729893.16
1544729893.29
1544729893.4
1544729893.51
1544729893.59
1544729893.71
1544729893.83
1544729893.93
1544729894.02
1544729894.11
1544729894.2
1544729894.3
1544729894.4
1544729894.5
1544729894.59
1544729894.66
1544729894.74
1544729894.85
1544729894.94
1544729895.01
1544729895.11
1544729895.22
1544729895.32
1544729895.42
1544729895.52
1544729895.62
1544729895.73
1544729895.83
1544729895.92
1544729896.01
1544729896.11
1544729896.2
1544729896.28
1544729896.34
1544729896.41
1544729896.48
1544729896.56
1544729896.65
1544729896.73
1544729896.82
1544729896.89
1544729896.96
1544729897.04
1544729897.08
1544729897.15
1544729897.22
1544729897.29
1544729897.34
1544729897.41
1544729897.5
1544729897.59
1544729897.7
1544729897.8
1544729897.89
1544729897.95
1544729898.01
1544729898.08
1544729898.16
1544729898.25
1544729898.35
1544729898.4
1544729898.5
1544729898.59
1544729898.69
1544729898.77
1544729898.83
1544729898.89
1544729898.96
1544729899.02
1544729899.09
1544729899.15
1544729899.23
1544729899.29
1544729899.36
1544729899.42
1544729899.48
1544729899.56
1544729899.66
1544729899.76
1544729899.83
1544729899.89
1544729899.98
1544729900.07
1544729900.14
1544729900.2
1544729900.27
1544729900.33
1544729900.39
1544729900.46
1544729900.52
1544729900.59
1544729900.66
1544729900.73
1544729900.8
1544729900.87
1544729900.95
1544729901.01
1544729901.09
1544729901.16
1544729901.2
1544729901.25
1544729901.3
1544729901.39
1544729901.45
1544729901.5
1544729901.59
1544729901.66
1544729901.75
1544729901.81
1544729901.86
1544729901.92
1544729901.97
1544729902.01
1544729902.05
1544729902.09
1544729902.14
1544729902.24
1544729902.29
1544729902.41
1544729902.47
1544729902.57
1544729902.7
1544729902.78
1544729902.89
1544729902.99
1544729903.06
1544729903.11
1544729903.22
1544729903.32
1544729903.39
1544729903.48
1544729903.56
1544729903.65
1544729903.74
1544729903.81
1544729903.89
1544729903.95
1544729904.03
1544729904.1
1544729904.16
1544729904.24
1544729904.32
1544729904.38
1544729904.45
1544729904.5
1544729904.57
1544729904.64
1544729904.72
1544729904.77
1544729904.85
1544729904.92
1544729904.99
1544729905.05
1544729905.09
1544729905.16
1544729905.24
1544729905.33
1544729905.4
1544729905.52
1544729905.6
1544729905.67
1544729905.77
1544729905.86
1544729905.93
1544729906.01
1544729906.09
1544729906.16
1544729906.21
1544729906.27
1544729906.33
1544729906.39
1544729906.45
1544729906.49
1544729906.55
1544729906.61
1544729906.66
1544729906.72
1544729906.79
1544729906.84
1544729906.9
1544729906.96
1544729907.03
1544729907.08
1544729907.16
1544729907.21
1544729907.28
1544729907.33
1544729907.39
1544729907.46
1544729907.52
1544729907.59
1544729907.67
1544729907.73
1544729907.79
1544729907.85
1544729907.91
1544729907.99
1544729908.05
1544729908.11
1544729908.18
1544729908.25
1544729908.29
1544729908.33
1544729908.4
1544729908.47
1544729908.53
1544729908.59
1544729908.64
1544729908.69
1544729908.75
1544729908.81
1544729908.87
1544729908.93
1544729908.99
1544729909.05
1544729909.1
1544729909.15
1544729909.24
1544729909.3
1544729909.38
1544729909.48
1544729909.58
1544729909.65
1544729909.7
1544729909.81
1544729909.9
1544729910.0
1544729910.08
1544729910.19
1544729910.29
1544729910.37
1544729910.45
1544729910.5
1544729910.61
1544729910.69
1544729910.81
1544729910.9
1544729910.98
1544729911.07
1544729911.16
1544729911.23
1544729911.3
1544729911.37
1544729911.44
1544729911.49
1544729911.57
1544729911.62
1544729911.69
1544729911.76
1544729911.83
1544729911.89
1544729911.96
1544729912.01
1544729912.07
1544729912.13
1544729912.19
1544729912.26
1544729912.32
1544729912.38
1544729912.42
1544729912.49
1544729912.54
1544729912.6
1544729912.66
1544729912.71
1544729912.78
1544729912.83
1544729912.89
1544729912.94
1544729913.01
1544729913.07
1544729913.13
1544729913.2
1544729913.26
1544729913.33
1544729913.42
1544729913.51
1544729913.6
1544729913.69
1544729913.79
1544729913.87
1544729913.97
1544729914.06
1544729914.13
1544729914.22
1544729914.31
1544729914.39
1544729914.47
1544729914.56
1544729914.64
1544729914.71
1544729914.79
1544729914.87
1544729914.96
1544729915.04
1544729915.12
1544729915.2
1544729915.3
1544729915.37
1544729915.47
1544729915.55
1544729915.6
1544729915.64
1544729915.69
1544729915.74
1544729915.8
1544729915.85
1544729915.9
1544729915.94
1544729915.98
1544729916.03
1544729916.09
1544729916.14
1544729916.18
1544729916.23
1544729916.28
1544729916.33
1544729916.37
1544729916.44
1544729916.49
1544729916.55
1544729916.59
1544729916.64
1544729916.69
1544729916.74
1544729916.79
1544729916.83
1544729916.88
1544729916.92
1544729916.98
1544729917.02
1544729917.08
1544729917.15
1544729917.21
1544729917.35
1544729917.44
1544729917.51
1544729917.6
1544729917.66
1544729917.72
1544729917.79
1544729917.84
1544729917.91
1544729917.96
1544729918.02
1544729918.07
1544729918.12
1544729918.16
1544729918.21
1544729918.3
1544729918.36
1544729918.41
1544729918.53
1544729918.6
1544729918.67
1544729918.75
1544729918.8
1544729918.88
1544729918.96
1544729919.02
1544729919.1
1544729919.17
1544729919.23
1544729919.3
1544729919.37
1544729919.44
1544729919.52
1544729919.6
1544729919.68
1544729919.76
1544729919.83
1544729919.89
1544729919.96
1544729920.03
1544729920.1
1544729920.18
1544729920.24
1544729920.32
1544729920.39
1544729920.47
1544729920.54
1544729920.61
1544729920.68
1544729920.75
1544729920.83
1544729920.91
1544729920.98
1544729921.07
1544729921.12
1544729921.19
1544729921.26
1544729921.34
1544729921.41
1544729921.5
1544729921.56
1544729921.66
1544729921.74
1544729921.82
1544729921.9
1544729921.98
1544729922.06
1544729922.13
1544729922.2
1544729922.29
1544729922.38
1544729922.46
1544729922.54
1544729922.61
1544729922.69
1544729922.78
1544729922.87
1544729922.95
1544729923.02
1544729923.1
1544729923.18
1544729923.27
1544729923.35
1544729923.43
1544729923.51
1544729923.59
1544729923.67
1544729923.75
1544729923.82
1544729923.9
1544729923.97
1544729924.03
1544729924.1
1544729924.19
1544729924.28
1544729924.35
1544729924.41
1544729924.48
1544729924.53
1544729924.58
1544729924.65
1544729924.71
1544729924.77
1544729924.84
1544729924.9
1544729924.97
1544729925.04
1544729925.13
1544729925.19
1544729925.28
1544729925.37
1544729925.47
1544729925.54
1544729925.61
1544729925.68
1544729925.74
1544729925.79
1544729925.87
1544729925.96
1544729926.04
1544729926.1
1544729926.19
1544729926.26
1544729926.34
1544729926.41
1544729926.47
1544729926.53
1544729926.6
1544729926.67
1544729926.74
1544729926.82
1544729926.9
1544729926.98
1544729927.05
1544729927.12
1544729927.2
1544729927.27
1544729927.37
1544729927.45
1544729927.52
1544729927.6
1544729927.68
1544729927.77
1544729927.85
1544729927.92
1544729927.99
1544729928.06
1544729928.12
1544729928.17
1544729928.25
1544729928.3
1544729928.38
1544729928.46
1544729928.54
1544729928.65
1544729928.75
1544729928.82
1544729928.89
1544729928.95
1544729929.02
1544729929.08
1544729929.14
1544729929.2
1544729929.26
1544729929.32
1544729929.38
1544729929.44
1544729929.5
1544729929.55
1544729929.62
1544729929.69
1544729929.76
1544729929.84
1544729929.88
1544729929.95
1544729930.02
1544729930.08
1544729930.15
1544729930.2
1544729930.29
1544729930.38
1544729930.44
1544729930.5
1544729930.57
1544729930.64
1544729930.69
1544729930.73
1544729930.83
1544729930.88
1544729930.98
1544729931.08
1544729931.18
1544729931.29
1544729931.4
1544729931.47
1544729931.55
1544729931.62
1544729931.69
1544729931.75
1544729931.83
1544729931.91
1544729931.99
1544729932.03
1544729932.1
1544729932.16
1544729932.25
1544729932.34
1544729932.41
1544729932.47
1544729932.59
1544729932.65
1544729932.7
1544729932.84
1544729932.95
1544729933.04
1544729933.11
1544729933.22
1544729933.32
1544729933.44
1544729933.58
1544729933.69
1544729933.78
1544729933.85
1544729933.92
1544729934.04
1544729934.17
1544729934.27
1544729934.37
1544729934.45
1544729934.53
1544729934.61
1544729934.7
1544729934.79
1544729934.87
1544729934.95
1544729935.03
1544729935.1
1544729935.19
1544729935.3
1544729935.39
1544729935.46
1544729935.53
1544729935.59
1544729935.67
1544729935.76
1544729935.84
1544729935.9
1544729935.99
1544729936.08
1544729936.17
1544729936.25
1544729936.36
1544729936.43
1544729936.5
1544729936.59
1544729936.66
1544729936.74
1544729936.83
1544729936.89
1544729936.96
1544729937.03
1544729937.1
1544729937.19
1544729937.26
1544729937.31
1544729937.4
1544729937.47
1544729937.52
1544729937.59
1544729937.64
1544729937.71
1544729937.79
1544729937.83
1544729937.88
1544729937.93
1544729938.01
1544729938.08
1544729938.17
1544729938.27
1544729938.35
1544729938.41
1544729938.46
1544729938.57
1544729938.68
1544729938.76
1544729938.82
1544729938.9
1544729938.99
1544729939.05
1544729939.12
1544729939.24
1544729939.3
1544729939.41
1544729939.53
1544729939.6
1544729939.7
1544729939.78
1544729939.85
1544729939.91
1544729939.98
1544729940.04
1544729940.12
1544729940.19
1544729940.27
1544729940.34
1544729940.4
1544729940.47
1544729940.54
1544729940.61
1544729940.73
1544729940.81
1544729940.87
1544729940.94
1544729940.99
1544729941.05
1544729941.11
1544729941.18
1544729941.26
1544729941.32
1544729941.4
1544729941.47
1544729941.53
1544729941.57
1544729941.71
1544729941.79
1544729941.88
1544729941.95
1544729942.02
1544729942.08
1544729942.19
1544729942.3
1544729942.37
1544729942.45
1544729942.51
1544729942.61
1544729942.7
1544729942.75
1544729942.8
1544729942.86
1544729942.92
1544729942.99
1544729943.07
1544729943.14
1544729943.19
1544729943.25
1544729943.31
1544729943.36
1544729943.41
1544729943.51
1544729943.59
1544729943.69
1544729943.75
1544729943.8
1544729943.88
1544729943.94
1544729944.0
1544729944.09
1544729944.15
1544729944.2
1544729944.27
1544729944.33
1544729944.45
1544729944.53
1544729944.64
1544729944.73
1544729944.8
1544729944.87
1544729944.96
1544729945.03
1544729945.12
1544729945.22
1544729945.3
1544729945.37
1544729945.46
1544729945.53
1544729945.59
1544729945.67
1544729945.73
1544729945.79
1544729945.87
1544729945.92
1544729946.01
1544729946.1
1544729946.16
1544729946.24
1544729946.31
1544729946.39
1544729946.45
1544729946.52
1544729946.58
1544729946.65
1544729946.72
1544729946.8
1544729946.86
1544729946.93
1544729946.98
1544729947.05
1544729947.12
1544729947.18
1544729947.26
1544729947.34
1544729947.43
1544729947.5
1544729947.59
1544729947.67
1544729947.76
1544729947.84
1544729947.89
1544729947.99
1544729948.07
1544729948.14
1544729948.21
1544729948.27
1544729948.34
1544729948.38
1544729948.47
1544729948.53
1544729948.6
1544729948.68
1544729948.76
1544729948.84
1544729948.91
1544729949.0
1544729949.1
1544729949.17
1544729949.23
1544729949.28
1544729949.34
1544729949.38
1544729949.42
1544729949.54
1544729949.6
1544729949.68
1544729949.77
1544729949.85
1544729949.93
1544729949.98
1544729950.03
1544729950.11
1544729950.18
1544729950.25
1544729950.33
1544729950.37
1544729950.45
1544729950.5
1544729950.59
1544729950.66
1544729950.72
1544729950.79
1544729950.86
1544729950.92
1544729950.98
1544729951.04
1544729951.11
1544729951.18
1544729951.24
1544729951.3
1544729951.37
1544729951.44
1544729951.5
1544729951.56
1544729951.63
1544729951.68
1544729951.74
1544729951.79
1544729951.85
1544729951.92
1544729951.99
1544729952.05
1544729952.1
1544729952.16
1544729952.23
1544729952.3
1544729952.38
1544729952.43
1544729952.51
1544729952.58
1544729952.65
1544729952.74
1544729952.81
1544729952.88
1544729952.95
1544729953.01
1544729953.08
1544729953.16
1544729953.23
1544729953.28
1544729953.35
1544729953.43
1544729953.5
1544729953.57
1544729953.65
1544729953.73
1544729953.83
1544729953.92
1544729954.03
1544729954.14
1544729954.23
1544729954.3
1544729954.4
1544729954.47
1544729954.56
1544729954.64
1544729954.71
1544729954.78
1544729954.84
1544729954.92
1544729954.98
1544729955.02
1544729955.1
1544729955.16
1544729955.22
1544729955.29
1544729955.36
1544729955.44
1544729955.51
1544729955.59
1544729955.67
1544729955.75
1544729955.82
1544729955.89
1544729955.97
1544729956.03
1544729956.09
1544729956.15
1544729956.23
1544729956.26
1544729956.35
1544729956.44
1544729956.51
1544729956.59
1544729956.7
1544729956.8
1544729956.91
1544729957.0
1544729957.09
1544729957.17
1544729957.22
1544729957.34
1544729957.4
1544729957.46
1544729957.59
1544729957.66
1544729957.73
1544729957.78
1544729957.84
1544729957.94
1544729958.01
1544729958.15
1544729958.21
1544729958.33
1544729958.4
1544729958.54
1544729958.63
1544729958.75
1544729958.84
1544729958.93
1544729959.0
1544729959.09
1544729959.16
1544729959.24
1544729959.29
1544729959.34
1544729959.39
1544729959.44
1544729959.57
1544729959.67
1544729959.73
1544729959.78
1544729959.87
1544729959.98
1544729960.07
1544729960.14
1544729960.21
1544729960.3
1544729960.38
1544729960.45
1544729960.52
1544729960.6
1544729960.67
1544729960.74
1544729960.82
1544729960.88
1544729960.94
1544729960.99
1544729961.06
1544729961.14
1544729961.2
1544729961.25
1544729961.35
1544729961.46
1544729961.53
1544729961.59
1544729961.64
1544729961.7
1544729961.77
1544729961.82
1544729961.89
1544729961.94
1544729961.99
1544729962.02
1544729962.06
1544729962.1
1544729962.17
1544729962.23
1544729962.31
1544729962.34
1544729962.44
1544729962.52
1544729962.57
1544729962.67
1544729962.74
1544729962.79
1544729962.86
1544729962.92
1544729962.99
1544729963.05
1544729963.13
1544729963.2
1544729963.29
1544729963.38
1544729963.47
1544729963.54
1544729963.6
1544729963.7
1544729963.76
1544729963.81
1544729963.9
1544729963.98
1544729964.04
1544729964.1
1544729964.24
1544729964.34
1544729964.39
1544729964.47
1544729964.52
1544729964.58
1544729964.62
1544729964.72
1544729964.8
1544729964.87
1544729964.94
1544729965.01
1544729965.09
1544729965.18
1544729965.26
1544729965.34
1544729965.41
1544729965.5
1544729965.57
1544729965.65
1544729965.72
1544729965.79
1544729965.86
1544729965.92
1544729966.0
1544729966.07
1544729966.16
1544729966.24
1544729966.34
1544729966.42
1544729966.5
1544729966.58
1544729966.65
1544729966.75
1544729966.83
1544729966.9
1544729966.98
1544729967.04
1544729967.12
1544729967.2
1544729967.28
1544729967.36
1544729967.45
1544729967.51
1544729967.58
1544729967.64
1544729967.7
1544729967.75
1544729967.82
1544729967.89
1544729967.96
1544729968.02
1544729968.09
1544729968.16
1544729968.23
1544729968.29
1544729968.36
1544729968.43
1544729968.49
1544729968.57
1544729968.66
1544729968.72
1544729968.8
1544729968.87
1544729968.93
1544729968.98
1544729969.08
1544729969.21
1544729969.3
1544729969.36
1544729969.42
1544729969.48
1544729969.56
1544729969.62
1544729969.69
1544729969.78
1544729969.86
1544729969.94
1544729970.03
1544729970.11
1544729970.18
1544729970.25
1544729970.32
1544729970.39
1544729970.46
1544729970.53
1544729970.61
1544729970.69
1544729970.76
1544729970.83
1544729970.89
1544729970.96
1544729971.03
1544729971.1
1544729971.16
1544729971.23
1544729971.29
1544729971.35
1544729971.42
1544729971.48
1544729971.55
1544729971.62
1544729971.67
1544729971.74
1544729971.8
1544729971.86
1544729971.93
1544729971.98
1544729972.04
1544729972.11
1544729972.2
1544729972.27
1544729972.34
1544729972.4
1544729972.48
1544729972.54
1544729972.59
1544729972.63
1544729972.69
1544729972.77
1544729972.84
1544729972.9
1544729972.97
1544729973.03
1544729973.14
1544729973.19
1544729973.27
1544729973.34
1544729973.41
1544729973.46
1544729973.54
1544729973.61
1544729973.69
1544729973.78
1544729973.86
1544729973.93
1544729974.01
1544729974.09
1544729974.16
1544729974.26
1544729974.33
1544729974.4
1544729974.47
1544729974.53
1544729974.61
1544729974.71
1544729974.79
1544729974.88
1544729974.96
1544729975.02
1544729975.1
1544729975.16
1544729975.24
1544729975.31
1544729975.38
1544729975.44
1544729975.53
1544729975.6
1544729975.64
1544729975.74
1544729975.83
1544729975.91
1544729975.98
1544729976.06
1544729976.13
1544729976.19
1544729976.25
1544729976.29
1544729976.35
1544729976.41
1544729976.47
1544729976.53
1544729976.6
1544729976.65
1544729976.71
1544729976.78
1544729976.84
1544729976.89
1544729976.96
1544729977.01
1544729977.07
1544729977.13
1544729977.19
1544729977.27
1544729977.34
1544729977.41
1544729977.48
1544729977.56
1544729977.64
1544729977.74
1544729977.83
1544729977.89
1544729977.96
1544729978.04
1544729978.1
1544729978.19
1544729978.25
1544729978.35
1544729978.43
1544729978.51
1544729978.59
1544729978.67
1544729978.74
1544729978.79
1544729978.86
1544729978.92
1544729978.99
1544729979.05
1544729979.14
1544729979.21
1544729979.28
1544729979.34
1544729979.41
1544729979.47
1544729979.51
1544729979.56
1544729979.6
1544729979.67
1544729979.79
1544729979.87
1544729979.97
1544729980.07
1544729980.14
1544729980.22
1544729980.28
1544729980.34
1544729980.4
1544729980.44
1544729980.54
1544729980.63
1544729980.7
1544729980.77
1544729980.83
1544729980.89
1544729980.96
1544729981.04
1544729981.13
1544729981.24
1544729981.36
1544729981.43
1544729981.48
1544729981.61
1544729981.67
1544729981.79
1544729981.89
1544729981.97
1544729982.04
1544729982.1
1544729982.16
1544729982.21
1544729982.28
1544729982.33
1544729982.39
1544729982.44
1544729982.5
1544729982.57
1544729982.61
1544729982.69
1544729982.77
1544729982.85
1544729982.94
1544729983.0
1544729983.09
1544729983.14
1544729983.21
1544729983.33
1544729983.42
1544729983.5
1544729983.58
1544729983.64
1544729983.71
1544729983.78
1544729983.86
1544729983.94
1544729984.03
1544729984.08
1544729984.14
1544729984.2
1544729984.26
1544729984.31
1544729984.35
1544729984.41
1544729984.49
1544729984.55
1544729984.63
1544729984.68
1544729984.75
1544729984.8
1544729984.87
1544729984.95
1544729985.02
1544729985.08
1544729985.15
1544729985.21
1544729985.28
1544729985.33
1544729985.4
1544729985.46
1544729985.51
1544729985.55
1544729985.62
1544729985.69
1544729985.76
1544729985.84
1544729985.89
1544729986.01
1544729986.12
1544729986.2
1544729986.29
1544729986.36
1544729986.41
1544729986.49
1544729986.57
1544729986.65
1544729986.73
1544729986.82
1544729986.9
1544729986.99
1544729987.08
1544729987.17
1544729987.25
1544729987.33
1544729987.41
1544729987.48
1544729987.56
1544729987.63
1544729987.71
1544729987.78
1544729987.84
1544729987.99
1544729988.1
1544729988.21
1544729988.31
1544729988.41
1544729988.48
1544729988.54
1544729988.61
1544729988.68
1544729988.74
1544729988.8
1544729988.88
1544729988.96
1544729989.04
1544729989.1
1544729989.17
1544729989.26
1544729989.32
1544729989.38
1544729989.46
1544729989.54
1544729989.62
1544729989.7
1544729989.77
1544729989.85
1544729989.92
1544729989.99
1544729990.04
1544729990.1
1544729990.14
1544729990.19
1544729990.27
1544729990.33
1544729990.39
1544729990.43
1544729990.51
1544729990.57
1544729990.63
1544729990.71
1544729990.76
1544729990.84
1544729990.89
1544729990.95
1544729990.99
1544729991.05
1544729991.11
1544729991.16
1544729991.24
1544729991.32
1544729991.39
1544729991.48
1544729991.57
1544729991.64
1544729991.7
1544729991.76
1544729991.83
1544729991.89
1544729991.95
1544729992.01
1544729992.08
1544729992.14
1544729992.17
1544729992.23
1544729992.27
1544729992.32
1544729992.38
1544729992.47
1544729992.55
1544729992.63
1544729992.7
1544729992.81
1544729992.88
1544729992.95
1544729993.09
1544729993.24
1544729993.31
1544729993.4
1544729993.46
1544729993.5
1544729993.57
1544729993.61
1544729993.66
1544729993.74
1544729993.81
1544729993.9
1544729994.0
1544729994.1
1544729994.19
1544729994.28
1544729994.37
1544729994.42
1544729994.55
1544729994.64
1544729994.73
1544729994.79
1544729994.89
1544729994.98
1544729995.07
1544729995.16
1544729995.23
1544729995.34
1544729995.43
1544729995.5
1544729995.56
1544729995.64
1544729995.67
1544729995.76
1544729995.83
1544729995.89
1544729995.97
1544729996.05
1544729996.12
1544729996.2
1544729996.29
1544729996.38
1544729996.48
1544729996.56
1544729996.63
1544729996.69
1544729996.76
1544729996.82
1544729996.89
1544729996.96
1544729997.01
1544729997.06
1544729997.14
1544729997.19
1544729997.27
1544729997.34
1544729997.41
1544729997.48
1544729997.54
1544729997.61
1544729997.68
1544729997.74
1544729997.81
1544729997.88
1544729997.95
1544729998.01
1544729998.08
1544729998.15
1544729998.21
1544729998.27
1544729998.34
1544729998.41
1544729998.48
1544729998.52
1544729998.6
1544729998.68
1544729998.74
1544729998.79
1544729998.85
1544729998.9
1544729998.97
1544729999.04
1544729999.1
1544729999.17
1544729999.24
1544729999.3
1544729999.38
1544729999.47
1544729999.54
1544729999.6
1544729999.65
1544729999.7
1544729999.8
1544729999.87
1544730000.0
1544730000.09
1544730000.17
1544730000.25
1544730000.31
1544730000.39
1544730000.45
1544730000.48
1544730000.58
1544730000.64
1544730000.7
1544730000.78
1544730000.85
1544730000.92
1544730000.99
1544730001.06
1544730001.12
1544730001.19
1544730001.26
1544730001.31
1544730001.39
1544730001.45
1544730001.51
1544730001.58
1544730001.64
1544730001.71
1544730001.78
1544730001.84
1544730001.91
1544730001.98
1544730002.04
1544730002.11
1544730002.18
1544730002.25
1544730002.32
1544730002.39
1544730002.47
1544730002.53
1544730002.61
1544730002.67
1544730002.74
1544730002.8
1544730002.85
1544730002.96
1544730003.04
1544730003.11
1544730003.19
1544730003.26
1544730003.33
1544730003.39
1544730003.47
1544730003.54
1544730003.6
1544730003.7
1544730003.77
1544730003.83
1544730003.9
1544730003.98
1544730004.06
1544730004.14
1544730004.22
1544730004.29
1544730004.37
1544730004.44
1544730004.5
1544730004.6
1544730004.7
1544730004.78
1544730004.88
1544730004.93
1544730004.99
1544730005.05
1544730005.12
1544730005.19
1544730005.27
1544730005.37
1544730005.45
1544730005.55
1544730005.64
1544730005.7
1544730005.78
1544730005.87
1544730005.94
1544730006.01
1544730006.08
1544730006.15
1544730006.22
1544730006.29
1544730006.35
1544730006.41
1544730006.48
1544730006.53
1544730006.61
1544730006.68
1544730006.76
1544730006.81
1544730006.87
1544730006.93
1544730006.99
1544730007.04
1544730007.12
1544730007.21
1544730007.28
1544730007.33
1544730007.41
1544730007.48
1544730007.55
1544730007.61
1544730007.68
1544730007.74
1544730007.82
1544730007.88
1544730007.96
1544730008.02
1544730008.08
1544730008.16
1544730008.28
1544730008.38
1544730008.49
1544730008.61
1544730008.72
1544730008.81
1544730008.95
1544730009.06
1544730009.14
1544730009.22
1544730009.26
1544730009.32
1544730009.39
1544730009.46
1544730009.53
1544730009.59
1544730009.65
1544730009.71
1544730009.78
1544730009.85
1544730009.91
1544730009.99
1544730010.05
1544730010.1
1544730010.17
1544730010.22
1544730010.27
1544730010.31
1544730010.38
1544730010.45
1544730010.51
1544730010.58
1544730010.65
1544730010.72
1544730010.79
1544730010.85
1544730010.91
1544730010.97
1544730011.04
1544730011.1
1544730011.15
1544730011.21
1544730011.26
1544730011.31
1544730011.44
1544730011.52
1544730011.6
1544730011.68
1544730011.73
1544730011.86
1544730011.92
1544730012.0
1544730012.07
1544730012.16
1544730012.26
1544730012.34
1544730012.42
1544730012.49
1544730012.56
1544730012.63
1544730012.7
1544730012.75
1544730012.81
1544730012.89
1544730012.98
1544730013.02
1544730013.07
1544730013.12
1544730013.19
1544730013.25
1544730013.37
1544730013.42
1544730013.5
1544730013.57
1544730013.63
1544730013.68
1544730013.71
1544730013.79
1544730013.83
1544730013.88
1544730013.95
1544730014.0
1544730014.05
1544730014.12
1544730014.22
1544730014.27
1544730014.3
1544730014.37
1544730014.44
1544730014.51
1544730014.58
1544730014.65
1544730014.71
1544730014.79
1544730014.87
1544730014.92
1544730014.98
1544730015.04
1544730015.09
1544730015.15
1544730015.2
1544730015.26
1544730015.29
1544730015.32
1544730015.42
1544730015.5
1544730015.6
1544730015.66
1544730015.74
1544730015.81
1544730015.88
1544730015.94
1544730016.05
1544730016.12
1544730016.2
1544730016.26
1544730016.31
1544730016.43
1544730016.5
1544730016.56
1544730016.64
1544730016.7
1544730016.85
1544730016.91
1544730017.02
1544730017.11
1544730017.21
1544730017.3
1544730017.39
1544730017.48
1544730017.56
1544730017.63
1544730017.71
1544730017.78
1544730017.86
1544730017.92
1544730017.98
1544730018.06
1544730018.13
1544730018.2
1544730018.27
1544730018.34
1544730018.41
1544730018.47
1544730018.54
1544730018.6
1544730018.68
1544730018.77
1544730018.84
1544730018.93
1544730019.01
1544730019.08
1544730019.14
1544730019.21
1544730019.28
1544730019.35
1544730019.43
1544730019.5
1544730019.59
1544730019.67
1544730019.75
1544730019.83
1544730019.89
1544730019.98
1544730020.03
1544730020.16
1544730020.19
1544730020.27
1544730020.36
1544730020.43
1544730020.5
1544730020.57
1544730020.63
1544730020.7
1544730020.78
1544730020.84
1544730020.91
1544730020.98
1544730021.04
1544730021.1
1544730021.19
1544730021.24
1544730021.29
1544730021.37
1544730021.47
1544730021.57
1544730021.66
1544730021.76
1544730021.84
1544730021.89
1544730022.02
1544730022.09
1544730022.2
1544730022.27
1544730022.36
1544730022.43
1544730022.5
1544730022.56
1544730022.61
1544730022.68
1544730022.83
1544730022.93
1544730023.03
1544730023.1
1544730023.2
1544730023.27
1544730023.32
1544730023.4
1544730023.46
1544730023.52
1544730023.59
1544730023.65
1544730023.71
1544730023.77
1544730023.83
1544730023.88
1544730023.96
1544730024.01
1544730024.09
1544730024.15
1544730024.23
1544730024.3
1544730024.41
1544730024.48
1544730024.56
1544730024.64
1544730024.73
1544730024.79
1544730024.86
1544730024.94
1544730025.02
1544730025.13
1544730025.22
1544730025.29
1544730025.36
1544730025.42
1544730025.48
1544730025.54
1544730025.61
1544730025.67
1544730025.71
1544730025.78
1544730025.83
1544730025.9
1544730025.96
1544730026.02
1544730026.08
1544730026.16
1544730026.3
1544730026.39
1544730026.48
1544730026.54
1544730026.63
1544730026.75
1544730026.83
1544730026.89
1544730026.97
1544730027.1
1544730027.19
1544730027.28
1544730027.35
1544730027.45
1544730027.54
1544730027.58
1544730027.63
1544730027.68
1544730027.77
1544730027.86
1544730027.94
1544730028.0
1544730028.14
1544730028.25
1544730028.35
1544730028.41
1544730028.48
1544730028.55
1544730028.63
1544730028.74
1544730028.84
1544730028.93
1544730029.0
1544730029.14
1544730029.27
1544730029.39
1544730029.5
1544730029.57
1544730029.65
1544730029.7
1544730029.77
1544730029.84
1544730029.91
1544730030.0
1544730030.07
1544730030.13
1544730030.2
1544730030.27
1544730030.32
1544730030.4
1544730030.48
1544730030.55
1544730030.64
1544730030.69
1544730030.77
1544730030.84
1544730030.91
1544730030.98
1544730031.04
1544730031.12
1544730031.19
1544730031.25
1544730031.33
1544730031.4
1544730031.47
1544730031.54
1544730031.61
1544730031.74
1544730031.81
1544730031.89
1544730031.97
1544730032.07
1544730032.17
1544730032.24
1544730032.32
1544730032.39
1544730032.45
1544730032.52
1544730032.58
1544730032.67
1544730032.74
1544730032.83
1544730032.9
1544730032.98
1544730033.05
1544730033.13
1544730033.21
1544730033.28
1544730033.37
1544730033.44
1544730033.51
1544730033.58
1544730033.66
1544730033.74
1544730033.8
1544730033.88
1544730033.96
1544730034.03
1544730034.09
1544730034.15
1544730034.22
1544730034.31
1544730034.42
1544730034.5
1544730034.59
1544730034.66
1544730034.74
1544730034.82
1544730034.89
1544730034.99
1544730035.08
1544730035.15
1544730035.22
1544730035.31
1544730035.37
1544730035.44
1544730035.51
1544730035.57
1544730035.63
1544730035.77
1544730035.86
1544730035.93
1544730036.01
1544730036.06
1544730036.18
1544730036.25
1544730036.37
1544730036.44
1544730036.52
1544730036.58
1544730036.66
1544730036.75
1544730036.83
1544730036.93
1544730037.01
1544730037.07
1544730037.17
1544730037.25
1544730037.35
1544730037.39
1544730037.44
1544730037.49
1544730037.56
1544730037.6
1544730037.65
1544730037.73
1544730037.82
1544730037.89
1544730037.95
1544730037.99
1544730038.07
1544730038.16
1544730038.23
1544730038.3
1544730038.37
1544730038.42
1544730038.49
1544730038.55
1544730038.62
1544730038.68
1544730038.76
1544730038.82
1544730038.89
1544730038.96
1544730039.02
1544730039.08
1544730039.16
1544730039.21
1544730039.27
1544730039.35
1544730039.41
1544730039.5
1544730039.58
1544730039.66
1544730039.74
1544730039.82
1544730039.9
1544730039.96
1544730040.02
1544730040.1
1544730040.17
1544730040.24
1544730040.31
1544730040.38
1544730040.46
1544730040.56
1544730040.66
1544730040.72
1544730040.78
1544730040.84
1544730040.9
1544730040.97
1544730041.04
1544730041.13
1544730041.19
1544730041.28
1544730041.39
1544730041.5
1544730041.59
1544730041.65
1544730041.69
1544730041.79
1544730041.9
1544730041.98
1544730042.06
1544730042.14
1544730042.24
1544730042.31
1544730042.4
1544730042.48
1544730042.55
1544730042.64
1544730042.72
1544730042.79
1544730042.86
1544730042.92
1544730043.0
1544730043.1
1544730043.17
1544730043.24
1544730043.34
1544730043.42
1544730043.48
1544730043.54
1544730043.61
1544730043.66
1544730043.72
1544730043.77
1544730043.88
1544730043.96
1544730044.02
1544730044.14
1544730044.2
1544730044.29
1544730044.35
1544730044.39
1544730044.48
1544730044.54
1544730044.61
1544730044.68
1544730044.74
1544730044.81
1544730044.89
1544730044.96
1544730045.04
1544730045.1
1544730045.24
1544730045.33
1544730045.37
1544730045.42
1544730045.52
1544730045.59
1544730045.66
1544730045.73
1544730045.79
1544730045.85
1544730045.92
1544730045.99
1544730046.07
1544730046.13
1544730046.19
1544730046.27
1544730046.32
1544730046.37
1544730046.49
1544730046.61
1544730046.72
1544730046.83
1544730046.9
1544730046.97
1544730047.04
1544730047.1
1544730047.17
1544730047.23
1544730047.29
1544730047.35
1544730047.4
1544730047.48
1544730047.55
1544730047.59
1544730047.69
1544730047.77
1544730047.85
1544730047.94
1544730048.03
1544730048.14
1544730048.26
1544730048.36
1544730048.47
1544730048.58
1544730048.64
1544730048.71
1544730048.76
1544730048.84
1544730048.9
1544730048.98
1544730049.04
1544730049.09
1544730049.13
1544730049.2
1544730049.27
1544730049.33
1544730049.39
1544730049.47
1544730049.57
1544730049.64
1544730049.74
1544730049.8
1544730049.88
1544730049.96
1544730050.04
1544730050.13
1544730050.19
1544730050.26
1544730050.35
1544730050.41
1544730050.48
1544730050.55
1544730050.63
1544730050.71
1544730050.93
1544730051.0
1544730051.07
1544730051.12
1544730051.2
1544730051.27
1544730051.34
1544730051.4
1544730051.5
1544730051.58
1544730051.65
1544730051.73
1544730051.79
1544730051.87
1544730051.93
1544730052.0
1544730052.06
1544730052.16
1544730052.24
1544730052.29
1544730052.39
1544730052.48
1544730052.54
1544730052.59
1544730052.66
1544730052.72
1544730052.79
1544730052.85
1544730052.95
1544730053.02
1544730053.11
1544730053.16
1544730053.25
1544730053.32
1544730053.39
1544730053.46
1544730053.59
1544730053.7
1544730053.81
1544730053.88
1544730053.98
1544730054.06
1544730054.13
1544730054.19
1544730054.27
1544730054.34
1544730054.41
1544730054.48
1544730054.56
1544730054.63
1544730054.72
1544730054.77
1544730054.86
1544730054.99
1544730055.08
1544730055.16
1544730055.24
1544730055.32
1544730055.4
1544730055.49
1544730055.57
1544730055.66
1544730055.76
1544730055.84
1544730055.93
1544730056.01
1544730056.08
1544730056.14
1544730056.2
1544730056.26
1544730056.33
1544730056.4
1544730056.48
1544730056.55
1544730056.6
1544730056.66
1544730056.71
1544730056.8
1544730056.88
1544730056.94
1544730057.01
1544730057.07
1544730057.14
1544730057.2
1544730057.27
1544730057.33
1544730057.39
1544730057.44
1544730057.49
1544730057.55
1544730057.6
1544730057.65
1544730057.7
1544730057.74
1544730057.78
1544730057.85
1544730057.94
1544730057.99
1544730058.08
1544730058.16
1544730058.24
1544730058.31
1544730058.39
1544730058.46
1544730058.53
1544730058.6
1544730058.66
1544730058.74
1544730058.8
1544730058.87
1544730058.92
1544730058.98
1544730059.05
1544730059.11
1544730059.17
1544730059.22
1544730059.29
1544730059.36
1544730059.41
1544730059.48
1544730059.53
1544730059.62
1544730059.76
1544730059.85
1544730059.92
1544730059.97
1544730060.05
1544730060.11
1544730060.2
1544730060.27
1544730060.36
1544730060.45
1544730060.52
1544730060.6
1544730060.68
1544730060.76
1544730060.83
1544730060.9
1544730060.97
1544730061.03
1544730061.1
1544730061.19
1544730061.26
1544730061.32
1544730061.38
1544730061.45
1544730061.51
1544730061.57
1544730061.63
1544730061.7
1544730061.77
1544730061.83
1544730061.89
1544730061.95
1544730062.05
1544730062.13
1544730062.2
1544730062.28
1544730062.37
1544730062.44
1544730062.5
1544730062.58
1544730062.64
1544730062.7
1544730062.77
1544730062.84
1544730062.89
1544730062.98
1544730063.04
1544730063.11
1544730063.16
1544730063.21
1544730063.27
1544730063.33
1544730063.39
1544730063.45
1544730063.5
1544730063.55
1544730063.6
1544730063.66
1544730063.71
1544730063.76
1544730063.82
1544730063.88
1544730063.93
1544730064.0
1544730064.08
1544730064.15
1544730064.23
1544730064.28
1544730064.31
1544730064.39
1544730064.45
1544730064.49
1544730064.55
1544730064.63
1544730064.68
1544730064.78
1544730064.87
1544730064.94
1544730065.04
1544730065.15
1544730065.21
1544730065.31
1544730065.39
1544730065.46
1544730065.53
1544730065.64
1544730065.69
1544730065.79
1544730065.89
1544730065.98
1544730066.06
1544730066.13
1544730066.19
1544730066.23
1544730066.3
1544730066.38
1544730066.44
1544730066.5
1544730066.58
1544730066.64
1544730066.69
1544730066.74
1544730066.81
1544730066.84
1544730066.89
1544730066.96
1544730067.01
1544730067.1
1544730067.2
1544730067.26
1544730067.31
1544730067.43
1544730067.49
1544730067.64
1544730067.7
1544730067.8
1544730067.89
1544730067.97
1544730068.05
1544730068.14
1544730068.2
1544730068.28
1544730068.35
1544730068.42
1544730068.49
1544730068.56
1544730068.64
1544730068.69
1544730068.77
1544730068.84
1544730068.92
1544730068.97
1544730069.12
1544730069.25
1544730069.39
1544730069.49
1544730069.6
1544730069.67
1544730069.78
1544730069.86
1544730069.94
1544730070.02
1544730070.11
1544730070.2
1544730070.28
1544730070.37
1544730070.46
1544730070.55
1544730070.67
1544730070.76
1544730070.83
1544730070.9
1544730070.97
1544730071.04
1544730071.1
1544730071.14
1544730071.24
1544730071.3
1544730071.37
1544730071.47
1544730071.54
1544730071.58
1544730071.66
1544730071.74
1544730071.86
1544730071.94
1544730072.03
1544730072.14
1544730072.21
1544730072.37
1544730072.47
1544730072.55
1544730072.6
1544730072.66
1544730072.74
1544730072.81
1544730072.88
1544730072.96
1544730073.03
1544730073.11
1544730073.18
1544730073.25
1544730073.34
1544730073.4
1544730073.48
1544730073.53
1544730073.59
1544730073.7
1544730073.78
1544730073.83
1544730073.9
1544730073.98
1544730074.07
1544730074.12
1544730074.19
1544730074.31
1544730074.4
1544730074.47
1544730074.56
1544730074.64
1544730074.69
1544730074.8
1544730074.88
1544730074.94
1544730075.06
1544730075.15
1544730075.24
1544730075.3
1544730075.4
1544730075.47
1544730075.54
1544730075.65
1544730075.74
1544730075.81
1544730075.88
1544730075.94
1544730076.03
1544730076.1
1544730076.17
1544730076.24
1544730076.33
1544730076.39
1544730076.46
1544730076.53
1544730076.6
1544730076.68
1544730076.76
1544730076.86
1544730076.96
1544730077.03
1544730077.14
1544730077.18
1544730077.33
1544730077.4
1544730077.49
1544730077.65
1544730077.78
1544730077.9
1544730078.0
1544730078.12
1544730078.26
1544730078.4
1544730078.5
1544730078.56
1544730078.64
1544730078.69
1544730078.76
1544730078.82
1544730078.88
1544730078.95
1544730079.03
1544730079.1
1544730079.16
1544730079.22
1544730079.29
1544730079.35
1544730079.41
1544730079.47
1544730079.53
1544730079.59
1544730079.65
1544730079.72
1544730079.78
1544730079.86
1544730079.94
1544730080.0
1544730080.07
1544730080.13
1544730080.19
1544730080.25
1544730080.32
1544730080.39
1544730080.46
1544730080.53
1544730080.59
1544730080.68
1544730080.75
1544730080.81
1544730080.88
1544730080.93
1544730080.99
1544730081.05
1544730081.1
1544730081.15
1544730081.19
1544730081.24
1544730081.32
1544730081.4
1544730081.47
1544730081.55
1544730081.62
1544730081.69
1544730081.76
1544730081.82
1544730081.87
1544730081.91
1544730081.96
1544730082.03
1544730082.13
1544730082.19
1544730082.31
1544730082.36
1544730082.41
1544730082.5
1544730082.56
1544730082.6
1544730082.69
1544730082.77
1544730082.88
1544730083.02
1544730083.16
1544730083.23
1544730083.28
1544730083.35
1544730083.42
1544730083.49
1544730083.55
1544730083.62
1544730083.68
1544730083.75
1544730083.87
1544730083.93
1544730083.99
1544730084.04
1544730084.1
1544730084.23
1544730084.32
1544730084.38
1544730084.42
1544730084.48
1544730084.59
1544730084.65
1544730084.7
1544730084.8
1544730084.86
1544730084.9
1544730084.96
1544730085.0
1544730085.07
1544730085.13
1544730085.18
1544730085.24
1544730085.3
1544730085.35
1544730085.4
1544730085.45
1544730085.5
1544730085.61
1544730085.69
1544730085.81
1544730085.9
1544730086.05
1544730086.15
1544730086.22
1544730086.28
1544730086.37
1544730086.49
1544730086.58
1544730086.72
1544730086.83
1544730086.91
1544730087.03
1544730087.12
1544730087.24
1544730087.3
1544730087.37
1544730087.45
1544730087.5
1544730087.57
1544730087.64
1544730087.71
1544730087.77
1544730087.85
1544730087.9
1544730087.97
1544730088.04
1544730088.08
1544730088.14
1544730088.28
1544730088.34
1544730088.41
1544730088.48
1544730088.52
1544730088.61
1544730088.69
1544730088.76
1544730088.82
1544730088.87
1544730088.96
1544730089.04
1544730089.11
1544730089.19
1544730089.25
1544730089.32
1544730089.42
1544730089.49
1544730089.56
1544730089.64
1544730089.72
1544730089.78
1544730089.84
1544730089.88
1544730089.95
1544730090.05
1544730090.11
1544730090.18
1544730090.25
1544730090.31
1544730090.35
1544730090.41
1544730090.47
1544730090.52
1544730090.59
1544730090.64
1544730090.69
1544730090.78
1544730090.84
1544730090.93
1544730091.04
1544730091.09
1544730091.18
1544730091.27
1544730091.34
1544730091.41
1544730091.48
1544730091.54
1544730091.63
1544730091.68
1544730091.73
1544730091.8
1544730091.89
1544730091.97
1544730092.05
1544730092.11
1544730092.18
1544730092.28
1544730092.34
1544730092.42
1544730092.49
1544730092.56
1544730092.63
1544730092.69
1544730092.8
1544730092.88
1544730092.96
1544730093.05
1544730093.11
1544730093.21
1544730093.27
1544730093.31
1544730093.41
1544730093.48
1544730093.55
1544730093.63
1544730093.7
1544730093.79
1544730093.84
1544730093.92
1544730093.98
1544730094.05
1544730094.13
1544730094.18
1544730094.24
1544730094.3
1544730094.37
1544730094.43
1544730094.5
1544730094.56
1544730094.61
1544730094.67
1544730094.72
1544730094.79
1544730094.85
1544730094.89
1544730094.96
1544730095.0
1544730095.07
1544730095.13
1544730095.19
1544730095.25
1544730095.31
1544730095.38
1544730095.44
1544730095.51
1544730095.58
1544730095.65
1544730095.73
1544730095.8
1544730095.9
1544730095.98
1544730096.05
1544730096.11
1544730096.17
1544730096.24
1544730096.3
1544730096.36
1544730096.42
1544730096.48
1544730096.54
1544730096.6
1544730096.68
1544730096.74
1544730096.8
1544730096.87
1544730096.94
1544730097.0
1544730097.07
1544730097.14
1544730097.21
1544730097.27
1544730097.34
1544730097.4
1544730097.5
1544730097.58
1544730097.68
1544730097.74
1544730097.83
1544730097.95
1544730098.03
1544730098.12
1544730098.19
1544730098.29
1544730098.37
1544730098.48
1544730098.56
1544730098.63
1544730098.72
1544730098.79
1544730098.85
1544730098.9
1544730098.99
1544730099.07
1544730099.14
1544730099.2
1544730099.29
1544730099.39
1544730099.47
1544730099.55
1544730099.62
1544730099.69
1544730099.79
1544730099.87
1544730099.93
1544730099.99
1544730100.05
1544730100.09
1544730100.16
1544730100.2
1544730100.27
1544730100.32
1544730100.38
1544730100.47
1544730100.55
1544730100.61
1544730100.68
1544730100.73
1544730100.79
1544730100.85
1544730100.93
1544730100.99
1544730101.08
1544730101.14
1544730101.2
1544730101.29
1544730101.35
1544730101.41
1544730101.48
1544730101.53
1544730101.59
1544730101.63
1544730101.71
1544730101.81
1544730101.9
1544730102.0
1544730102.09
1544730102.17
1544730102.24
1544730102.33
1544730102.43
1544730102.52
1544730102.61
1544730102.69
1544730102.77
1544730102.87
1544730102.95
1544730103.02
1544730103.09
1544730103.16
1544730103.23
1544730103.29
1544730103.36
1544730103.44
1544730103.51
1544730103.57
1544730103.66
1544730103.76
1544730103.83
1544730103.9
1544730103.98
1544730104.05
1544730104.13
1544730104.23
1544730104.29
1544730104.37
1544730104.44
1544730104.49
1544730104.56
1544730104.63
1544730104.7
1544730104.76
1544730104.83
1544730104.91
1544730104.98
1544730105.05
1544730105.12
1544730105.2
1544730105.28
1544730105.33
1544730105.39
1544730105.47
1544730105.53
1544730105.6
1544730105.68
1544730105.75
1544730105.83
1544730105.9
1544730105.98
1544730106.05
1544730106.13
1544730106.2
1544730106.27
