1544802253.42
1544802253.84
1544802253.91
1544802253.98
1544802254.03
1544802254.09
1544802254.13
1544802254.2
1544802254.26
1544802254.35
1544802254.45
1544802254.57
1544802254.65
1544802254.69
1544802254.72
1544802254.8
1544802254.86
1544802254.93
1544802255.0
1544802255.05
1544802255.12
1544802255.2
1544802255.29
1544802255.34
1544802255.41
1544802255.47
1544802255.53
1544802255.57
1544802255.62
1544802255.66
1544802255.72
1544802255.77
1544802255.81
1544802255.88
1544802255.99
1544802256.07
1544802256.12
1544802256.2
1544802256.25
1544802256.3
1544802256.39
1544802256.45
1544802256.51
1544802256.56
1544802256.61
1544802256.69
1544802256.76
1544802256.84
1544802256.88
1544802256.93
1544802256.99
1544802257.02
1544802257.08
1544802257.13
1544802257.19
1544802257.23
1544802257.28
1544802257.36
1544802257.4
1544802257.45
1544802257.49
1544802257.54
1544802257.58
1544802257.62
1544802257.69
1544802257.74
1544802257.79
1544802257.83
1544802257.88
1544802257.94
1544802257.99
1544802258.04
1544802258.08
1544802258.14
1544802258.19
1544802258.22
1544802258.28
1544802258.32
1544802258.37
1544802258.42
1544802258.48
1544802258.55
1544802258.59
1544802258.62
1544802258.67
1544802258.71
1544802258.75
1544802258.79
1544802258.84
1544802258.9
1544802258.96
1544802259.0
1544802259.05
1544802259.14
1544802259.19
1544802259.23
1544802259.28
1544802259.38
1544802259.41
1544802259.47
1544802259.52
1544802259.57
1544802259.62
1544802259.69
1544802259.76
1544802259.81
1544802259.84
1544802259.9
1544802259.96
1544802260.02
1544802260.06
1544802260.12
1544802260.18
1544802260.22
1544802260.26
1544802260.3
1544802260.34
1544802260.4
1544802260.44
1544802260.49
1544802260.56
1544802260.6
1544802260.65
1544802260.75
1544802260.79
1544802260.83
1544802260.89
1544802260.96
1544802261.0
1544802261.03
1544802261.08
1544802261.15
1544802261.19
1544802261.23
1544802261.29
1544802261.36
1544802261.4
1544802261.44
1544802261.5
1544802261.56
1544802261.6
1544802261.63
1544802261.7
1544802261.76
1544802261.81
1544802261.87
1544802261.95
1544802262.0
1544802262.07
1544802262.13
1544802262.18
1544802262.22
1544802262.27
1544802262.36
1544802262.4
1544802262.45
1544802262.53
1544802262.61
1544802262.68
1544802262.76
1544802262.86
1544802262.92
1544802263.02
1544802263.1
1544802263.17
1544802263.26
1544802263.33
1544802263.41
1544802263.49
1544802263.57
1544802263.65
1544802263.73
1544802263.77
1544802263.81
1544802263.85
1544802263.93
1544802263.98
1544802264.02
1544802264.08
1544802264.16
1544802264.19
1544802264.24
1544802264.29
1544802264.34
1544802264.38
1544802264.42
1544802264.46
1544802264.5
1544802264.56
1544802264.61
1544802264.65
1544802264.71
1544802264.77
1544802264.82
1544802264.87
1544802264.92
1544802264.96
1544802265.01
1544802265.07
1544802265.16
1544802265.2
1544802265.24
1544802265.3
1544802265.36
1544802265.4
1544802265.44
1544802265.49
1544802265.55
1544802265.59
1544802265.63
1544802265.67
1544802265.76
1544802265.8
1544802265.87
1544802265.94
1544802265.99
1544802266.04
1544802266.12
1544802266.17
1544802266.21
1544802266.26
1544802266.31
1544802266.39
1544802266.43
1544802266.48
1544802266.54
1544802266.59
1544802266.62
1544802266.67
1544802266.74
1544802266.78
1544802266.83
1544802266.89
1544802266.95
1544802266.99
1544802267.04
1544802267.09
1544802267.16
1544802267.2
1544802267.26
1544802267.32
1544802267.37
1544802267.41
1544802267.46
1544802267.5
1544802267.55
1544802267.6
1544802267.65
1544802267.69
1544802267.73
1544802267.78
1544802267.81
1544802267.86
1544802267.92
1544802267.97
1544802268.01
1544802268.06
1544802268.12
1544802268.17
1544802268.22
1544802268.29
1544802268.36
1544802268.4
1544802268.43
1544802268.49
1544802268.54
1544802268.59
1544802268.64
1544802268.69
1544802268.77
1544802268.8
1544802268.85
1544802268.9
1544802268.93
1544802268.98
1544802269.02
1544802269.07
1544802269.12
1544802269.16
1544802269.2
1544802269.25
1544802269.33
1544802269.4
1544802269.45
1544802269.51
1544802269.57
1544802269.62
1544802269.68
1544802269.72
1544802269.78
1544802269.86
1544802269.94
1544802270.01
1544802270.08
1544802270.14
1544802270.21
1544802270.29
1544802270.36
1544802270.43
1544802270.51
1544802270.56
1544802270.63
1544802270.68
1544802270.74
1544802270.82
1544802270.9
1544802270.98
1544802271.07
1544802271.12
1544802271.2
1544802271.29
1544802271.39
1544802271.47
1544802271.54
1544802271.61
1544802271.7
1544802271.76
1544802271.81
1544802271.86
1544802271.94
1544802272.0
1544802272.03
1544802272.1
1544802272.16
1544802272.2
1544802272.24
1544802272.31
1544802272.38
1544802272.42
1544802272.47
1544802272.51
1544802272.56
1544802272.6
1544802272.64
1544802272.69
1544802272.74
1544802272.8
1544802272.84
1544802272.9
1544802272.96
1544802273.01
1544802273.05
1544802273.11
1544802273.17
1544802273.21
1544802273.24
1544802273.3
1544802273.37
1544802273.41
1544802273.45
1544802273.49
1544802273.53
1544802273.57
1544802273.62
1544802273.68
1544802273.75
1544802273.79
1544802273.84
1544802273.89
1544802273.93
1544802273.99
1544802274.03
1544802274.07
1544802274.12
1544802274.17
1544802274.2
1544802274.24
1544802274.29
1544802274.33
1544802274.38
1544802274.42
1544802274.48
1544802274.53
1544802274.57
1544802274.61
1544802274.65
1544802274.7
1544802274.76
1544802274.8
1544802274.84
1544802274.9
1544802274.94
1544802274.99
1544802275.02
1544802275.1
1544802275.16
1544802275.2
1544802275.25
1544802275.31
1544802275.37
1544802275.41
1544802275.45
1544802275.51
1544802275.56
1544802275.62
1544802275.67
1544802275.73
1544802275.79
1544802275.82
1544802275.87
1544802275.93
1544802276.0
1544802276.03
1544802276.12
1544802276.17
1544802276.21
1544802276.26
1544802276.33
1544802276.37
1544802276.4
1544802276.44
1544802276.49
1544802276.53
1544802276.58
1544802276.61
1544802276.64
1544802276.68
1544802276.74
1544802276.78
1544802276.82
1544802276.86
1544802276.9
1544802276.96
1544802276.99
1544802277.03
1544802277.07
1544802277.12
1544802277.16
1544802277.2
1544802277.23
1544802277.28
1544802277.33
1544802277.38
1544802277.43
1544802277.48
1544802277.57
1544802277.61
1544802277.65
1544802277.7
1544802277.75
1544802277.79
1544802277.84
1544802277.9
1544802277.95
1544802277.99
1544802278.02
1544802278.06
1544802278.11
1544802278.17
1544802278.21
1544802278.27
1544802278.33
1544802278.38
1544802278.43
1544802278.48
1544802278.53
1544802278.62
1544802278.71
1544802278.77
1544802278.81
1544802278.88
1544802278.96
1544802279.07
1544802279.12
1544802279.17
1544802279.21
1544802279.24
1544802279.34
1544802279.42
1544802279.55
1544802279.66
1544802279.8
1544802279.9
1544802280.01
1544802280.11
1544802280.23
1544802280.35
1544802280.44
1544802280.54
1544802280.63
1544802280.71
1544802280.79
1544802280.86
1544802280.92
1544802280.99
1544802281.07
1544802281.12
1544802281.2
1544802281.27
1544802281.33
1544802281.41
1544802281.49
1544802281.55
1544802281.64
1544802281.68
1544802281.72
1544802281.78
1544802281.85
1544802281.89
1544802281.92
1544802281.97
1544802282.05
1544802282.09
1544802282.12
1544802282.17
1544802282.23
1544802282.29
1544802282.33
1544802282.4
1544802282.47
1544802282.52
1544802282.57
1544802282.61
1544802282.66
1544802282.7
1544802282.73
1544802282.77
1544802282.83
1544802282.89
1544802282.92
1544802282.98
1544802283.04
1544802283.1
1544802283.14
1544802283.21
1544802283.25
1544802283.3
1544802283.34
1544802283.39
1544802283.44
1544802283.48
1544802283.52
1544802283.56
1544802283.61
1544802283.67
1544802283.7
1544802283.74
1544802283.79
1544802283.84
1544802283.88
1544802283.92
1544802283.98
1544802284.02
1544802284.09
1544802284.12
1544802284.2
1544802284.26
1544802284.3
1544802284.34
1544802284.39
1544802284.44
1544802284.48
1544802284.52
1544802284.57
1544802284.66
1544802284.7
1544802284.76
1544802284.83
1544802284.89
1544802284.93
1544802284.99
1544802285.05
1544802285.09
1544802285.15
1544802285.22
1544802285.28
1544802285.32
1544802285.36
1544802285.4
1544802285.43
1544802285.47
1544802285.52
1544802285.56
1544802285.64
1544802285.68
1544802285.72
1544802285.8
1544802285.87
1544802285.91
1544802285.95
1544802286.03
1544802286.08
1544802286.13
1544802286.18
1544802286.25
1544802286.29
1544802286.35
1544802286.39
1544802286.44
1544802286.48
1544802286.52
1544802286.56
1544802286.62
1544802286.67
1544802286.72
1544802286.78
1544802286.83
1544802286.87
1544802286.93
1544802287.0
1544802287.06
1544802287.1
1544802287.14
1544802287.22
1544802287.28
1544802287.31
1544802287.34
1544802287.42
1544802287.51
1544802287.59
1544802287.68
1544802287.76
1544802287.87
1544802287.97
1544802288.04
1544802288.09
1544802288.18
1544802288.26
1544802288.36
1544802288.44
1544802288.53
1544802288.62
1544802288.69
1544802288.75
1544802288.79
1544802288.84
1544802288.89
1544802288.98
1544802289.06
1544802289.14
1544802289.2
1544802289.24
1544802289.3
1544802289.36
1544802289.42
1544802289.48
1544802289.54
1544802289.63
1544802289.71
1544802289.79
1544802289.88
1544802289.92
1544802289.97
1544802290.01
1544802290.04
1544802290.12
1544802290.19
1544802290.27
1544802290.34
1544802290.41
1544802290.49
1544802290.58
1544802290.66
1544802290.74
1544802290.81
1544802290.89
1544802290.96
1544802291.06
1544802291.14
1544802291.22
1544802291.3
1544802291.36
1544802291.42
1544802291.49
1544802291.52
1544802291.56
1544802291.64
1544802291.7
1544802291.76
1544802291.84
1544802291.88
1544802291.91
1544802292.0
1544802292.06
1544802292.1
1544802292.16
1544802292.21
1544802292.27
1544802292.31
1544802292.35
1544802292.42
1544802292.48
1544802292.51
1544802292.55
1544802292.61
1544802292.67
1544802292.7
1544802292.75
1544802292.81
1544802292.86
1544802292.91
1544802292.95
1544802293.02
1544802293.08
1544802293.12
1544802293.16
1544802293.24
1544802293.3
1544802293.34
1544802293.43
1544802293.49
1544802293.52
1544802293.56
1544802293.65
1544802293.69
1544802293.74
1544802293.79
1544802293.84
1544802293.9
1544802293.95
1544802294.01
1544802294.06
1544802294.09
1544802294.13
1544802294.18
1544802294.23
1544802294.28
1544802294.32
1544802294.37
1544802294.44
1544802294.49
1544802294.53
1544802294.57
1544802294.62
1544802294.69
1544802294.73
1544802294.79
1544802294.85
1544802294.9
1544802294.94
1544802294.99
1544802295.03
1544802295.1
1544802295.13
1544802295.18
1544802295.22
1544802295.28
1544802295.36
1544802295.4
1544802295.44
1544802295.49
1544802295.54
1544802295.59
1544802295.68
1544802295.76
1544802295.81
1544802295.86
1544802295.93
1544802295.99
1544802296.04
1544802296.11
1544802296.2
1544802296.31
1544802296.37
1544802296.45
1544802296.51
1544802296.57
1544802296.65
1544802296.72
1544802296.83
1544802296.89
1544802296.95
1544802297.05
1544802297.16
1544802297.2
1544802297.26
1544802297.3
1544802297.39
1544802297.44
1544802297.52
1544802297.59
1544802297.66
1544802297.72
1544802297.81
1544802297.87
1544802297.94
1544802298.07
1544802298.13
1544802298.2
1544802298.26
1544802298.3
1544802298.38
1544802298.48
1544802298.56
1544802298.6
1544802298.66
1544802298.73
1544802298.8
1544802298.86
1544802298.95
1544802299.03
1544802299.08
1544802299.13
1544802299.19
1544802299.26
1544802299.32
1544802299.36
1544802299.4
1544802299.45
1544802299.5
1544802299.55
1544802299.6
1544802299.65
1544802299.69
1544802299.74
1544802299.81
1544802299.86
1544802299.94
1544802299.98
1544802300.02
1544802300.08
1544802300.13
1544802300.18
1544802300.21
1544802300.25
1544802300.3
1544802300.35
1544802300.4
1544802300.44
1544802300.5
1544802300.57
1544802300.62
1544802300.66
1544802300.72
1544802300.77
1544802300.81
1544802300.88
1544802300.95
1544802300.99
1544802301.02
1544802301.1
1544802301.15
1544802301.19
1544802301.22
1544802301.27
1544802301.31
1544802301.34
1544802301.39
1544802301.43
1544802301.49
1544802301.54
1544802301.58
1544802301.62
1544802301.67
1544802301.74
1544802301.79
1544802301.83
1544802301.87
1544802301.92
1544802301.96
1544802302.0
1544802302.04
1544802302.13
1544802302.18
1544802302.22
1544802302.3
1544802302.36
1544802302.4
1544802302.44
1544802302.48
1544802302.52
1544802302.56
1544802302.6
1544802302.65
1544802302.7
1544802302.76
1544802302.79
1544802302.85
1544802302.92
1544802302.97
1544802303.01
1544802303.05
1544802303.13
1544802303.19
1544802303.24
1544802303.32
1544802303.37
1544802303.41
1544802303.46
1544802303.52
1544802303.58
1544802303.62
1544802303.68
1544802303.72
1544802303.79
1544802303.83
1544802303.9
1544802303.96
1544802304.0
1544802304.06
1544802304.12
1544802304.18
1544802304.22
1544802304.29
1544802304.37
1544802304.42
1544802304.47
1544802304.53
1544802304.58
1544802304.62
1544802304.69
1544802304.75
1544802304.79
1544802304.83
1544802304.88
1544802304.93
1544802304.98
1544802305.03
1544802305.09
1544802305.17
1544802305.22
1544802305.28
1544802305.35
1544802305.4
1544802305.43
1544802305.49
1544802305.56
1544802305.61
1544802305.66
1544802305.74
1544802305.79
1544802305.83
1544802305.89
1544802305.93
1544802305.99
1544802306.02
1544802306.06
1544802306.12
1544802306.18
1544802306.22
1544802306.28
1544802306.36
1544802306.41
1544802306.46
1544802306.52
1544802306.58
1544802306.62
1544802306.67
1544802306.71
1544802306.76
1544802306.81
1544802306.85
1544802306.9
1544802306.94
1544802306.99
1544802307.03
1544802307.1
1544802307.15
1544802307.19
1544802307.23
1544802307.28
1544802307.34
1544802307.4
1544802307.43
1544802307.51
1544802307.56
1544802307.61
1544802307.67
1544802307.74
1544802307.79
1544802307.83
1544802307.9
1544802307.95
1544802308.0
1544802308.05
1544802308.13
1544802308.19
1544802308.22
1544802308.28
1544802308.36
1544802308.42
1544802308.48
1544802308.53
1544802308.61
1544802308.69
1544802308.78
1544802308.86
1544802308.92
1544802308.98
1544802309.05
1544802309.1
1544802309.19
1544802309.25
1544802309.33
1544802309.41
1544802309.48
1544802309.53
1544802309.59
1544802309.65
1544802309.75
1544802309.83
1544802309.93
1544802310.03
1544802310.11
1544802310.19
1544802310.26
1544802310.32
1544802310.39
1544802310.45
1544802310.49
1544802310.54
1544802310.58
1544802310.61
1544802310.65
1544802310.71
1544802310.77
1544802310.83
1544802310.87
1544802310.92
1544802310.98
1544802311.02
1544802311.08
1544802311.12
1544802311.17
1544802311.21
1544802311.27
1544802311.36
1544802311.4
1544802311.45
1544802311.54
1544802311.59
1544802311.63
1544802311.68
1544802311.76
1544802311.81
1544802311.85
1544802311.91
1544802311.96
1544802312.0
1544802312.04
1544802312.11
1544802312.17
1544802312.21
1544802312.25
1544802312.3
1544802312.36
1544802312.42
1544802312.47
1544802312.51
1544802312.57
1544802312.61
1544802312.66
1544802312.69
1544802312.73
1544802312.78
1544802312.83
1544802312.88
1544802312.94
1544802312.99
1544802313.03
1544802313.09
1544802313.16
1544802313.2
1544802313.23
1544802313.28
1544802313.33
1544802313.38
1544802313.42
1544802313.46
1544802313.51
1544802313.55
1544802313.61
1544802313.66
1544802313.77
1544802313.81
1544802313.86
1544802313.91
1544802313.97
1544802314.01
1544802314.06
1544802314.1
1544802314.18
1544802314.22
1544802314.26
1544802314.33
1544802314.38
1544802314.42
1544802314.47
1544802314.52
1544802314.57
1544802314.61
1544802314.64
1544802314.69
1544802314.74
1544802314.83
1544802314.89
1544802314.96
1544802315.02
1544802315.1
1544802315.17
1544802315.26
1544802315.32
1544802315.36
1544802315.41
1544802315.46
1544802315.54
1544802315.66
1544802315.76
1544802315.83
1544802315.91
1544802315.98
1544802316.04
1544802316.1
1544802316.16
1544802316.23
1544802316.31
1544802316.37
1544802316.42
1544802316.49
1544802316.59
1544802316.71
1544802316.8
1544802316.86
1544802316.93
1544802317.02
1544802317.1
1544802317.17
1544802317.25
1544802317.29
1544802317.33
1544802317.41
1544802317.48
1544802317.55
1544802317.62
1544802317.69
1544802317.75
1544802317.8
1544802317.85
1544802317.92
1544802317.97
1544802318.01
1544802318.13
1544802318.48
1544802318.57
1544802318.62
1544802318.68
1544802318.73
1544802318.78
1544802318.84
1544802318.88
1544802318.92
1544802318.96
1544802319.0
1544802319.05
1544802319.09
1544802319.13
1544802319.18
1544802319.22
1544802319.26
1544802319.31
1544802319.35
1544802319.44
1544802319.49
1544802319.53
1544802319.58
1544802319.63
1544802319.68
1544802319.72
1544802319.78
1544802319.85
1544802319.9
1544802319.94
1544802320.0
1544802320.05
1544802320.09
1544802320.13
1544802320.21
1544802320.27
1544802320.31
1544802320.35
1544802320.4
1544802320.46
1544802320.5
1544802320.57
1544802320.63
1544802320.68
1544802320.71
1544802320.75
1544802320.8
1544802320.84
1544802320.89
1544802320.93
1544802321.0
1544802321.06
1544802321.11
1544802321.16
1544802321.25
1544802321.3
1544802321.34
1544802321.41
1544802321.46
1544802321.5
1544802321.54
1544802321.59
1544802321.67
1544802321.7
1544802321.73
1544802321.79
1544802321.85
1544802321.89
1544802321.92
1544802322.01
1544802322.07
1544802322.12
1544802322.17
1544802322.23
1544802322.28
1544802322.31
1544802322.36
1544802322.45
1544802322.5
1544802322.56
1544802322.61
1544802322.67
1544802322.71
1544802322.76
1544802322.83
1544802322.89
1544802322.94
1544802322.99
1544802323.03
1544802323.08
1544802323.12
1544802323.16
1544802323.24
1544802323.28
1544802323.32
1544802323.38
1544802323.44
1544802323.5
1544802323.54
1544802323.61
1544802323.67
1544802323.71
1544802323.77
1544802323.83
1544802323.89
1544802323.95
1544802323.99
1544802324.05
1544802324.09
1544802324.13
1544802324.21
1544802324.27
1544802324.33
1544802324.41
1544802324.47
1544802324.51
1544802324.57
1544802324.63
1544802324.66
1544802324.7
1544802324.75
1544802324.82
1544802324.87
1544802324.9
1544802324.94
1544802325.02
1544802325.07
1544802325.11
1544802325.14
1544802325.24
1544802325.28
1544802325.32
1544802325.37
1544802325.47
1544802325.52
1544802325.59
1544802325.63
1544802325.67
1544802325.71
1544802325.74
1544802325.8
1544802325.85
1544802325.9
1544802325.95
1544802326.0
1544802326.05
1544802326.1
1544802326.13
1544802326.24
1544802326.28
1544802326.33
1544802326.38
1544802326.43
1544802326.47
1544802326.5
1544802326.55
1544802326.58
1544802326.61
1544802326.65
1544802326.69
1544802326.73
1544802326.79
1544802326.85
1544802326.89
1544802326.94
1544802326.98
1544802327.02
1544802327.09
1544802327.13
1544802327.18
1544802327.25
1544802327.29
1544802327.34
1544802327.39
1544802327.45
1544802327.5
1544802327.54
1544802327.59
1544802327.64
1544802327.69
1544802327.73
1544802327.79
1544802327.84
1544802327.89
1544802327.94
1544802327.99
1544802328.05
1544802328.09
1544802328.15
1544802328.18
1544802328.22
1544802328.27
1544802328.32
1544802328.37
1544802328.46
1544802328.5
1544802328.52
1544802328.58
1544802328.63
1544802328.67
1544802328.71
1544802328.76
1544802328.82
1544802328.9
1544802328.96
1544802329.0
1544802329.06
1544802329.1
1544802329.14
1544802329.22
1544802329.28
1544802329.32
1544802329.37
1544802329.41
1544802329.47
1544802329.51
1544802329.58
1544802329.69
1544802329.74
1544802329.81
1544802329.87
1544802329.92
1544802329.99
1544802330.04
1544802330.09
1544802330.14
1544802330.18
1544802330.22
1544802330.27
1544802330.31
1544802330.35
1544802330.39
1544802330.44
1544802330.49
1544802330.53
1544802330.59
1544802330.64
1544802330.69
1544802330.76
1544802330.82
1544802330.9
1544802330.98
1544802331.05
1544802331.1
1544802331.14
1544802331.19
1544802331.26
1544802331.29
1544802331.33
1544802331.38
1544802331.42
1544802331.46
1544802331.5
1544802331.57
1544802331.62
1544802331.67
1544802331.71
1544802331.79
1544802331.87
1544802331.95
1544802332.0
1544802332.07
1544802332.12
1544802332.19
1544802332.27
1544802332.34
1544802332.41
1544802332.51
1544802332.6
1544802332.69
1544802332.76
1544802332.8
1544802332.84
1544802332.88
1544802332.92
1544802332.96
1544802333.01
1544802333.06
1544802333.13
1544802333.17
1544802333.21
1544802333.24
1544802333.28
1544802333.35
1544802333.42
1544802333.53
1544802333.63
1544802333.75
1544802333.85
1544802333.96
1544802334.04
1544802334.15
1544802334.21
1544802334.27
1544802334.31
1544802334.36
1544802334.41
1544802334.48
1544802334.51
1544802334.56
1544802334.61
1544802334.67
1544802334.71
1544802334.75
1544802334.8
1544802334.85
1544802334.89
1544802334.92
1544802334.99
1544802335.05
1544802335.09
1544802335.13
1544802335.19
1544802335.23
1544802335.28
1544802335.32
1544802335.36
1544802335.4
1544802335.46
1544802335.52
1544802335.56
1544802335.63
1544802335.67
1544802335.7
1544802335.74
1544802335.79
1544802335.83
1544802335.88
1544802335.92
1544802335.98
1544802336.06
1544802336.11
1544802336.16
1544802336.23
1544802336.27
1544802336.31
1544802336.36
1544802336.4
1544802336.47
1544802336.52
1544802336.56
1544802336.6
1544802336.65
1544802336.7
1544802336.75
1544802336.83
1544802336.89
1544802336.93
1544802336.98
1544802337.02
1544802337.08
1544802337.11
1544802337.16
1544802337.22
1544802337.28
1544802337.31
1544802337.37
1544802337.47
1544802337.51
1544802337.55
1544802337.61
1544802337.67
1544802337.71
1544802337.76
1544802337.8
1544802337.86
1544802337.9
1544802337.94
1544802338.01
1544802338.06
1544802338.09
1544802338.13
1544802338.17
1544802338.21
1544802338.26
1544802338.3
1544802338.34
1544802338.39
1544802338.44
1544802338.49
1544802338.54
1544802338.59
1544802338.65
1544802338.69
1544802338.73
1544802338.78
1544802338.86
1544802338.9
1544802338.95
1544802339.02
1544802339.09
1544802339.15
1544802339.23
1544802339.34
1544802339.43
1544802339.48
1544802339.57
1544802339.66
1544802339.75
1544802339.85
1544802339.91
1544802340.0
1544802340.09
1544802340.19
1544802340.28
1544802340.37
1544802340.46
1544802340.54
1544802340.61
1544802340.68
1544802340.77
1544802340.81
1544802340.88
1544802340.96
1544802341.01
1544802341.07
1544802341.17
1544802341.26
1544802341.34
1544802341.45
1544802341.53
1544802341.6
1544802341.65
1544802341.7
1544802341.73
1544802341.78
1544802341.82
1544802341.87
1544802341.91
1544802341.95
1544802342.0
1544802342.07
1544802342.13
1544802342.18
1544802342.23
1544802342.28
1544802342.33
1544802342.39
1544802342.43
1544802342.49
1544802342.52
1544802342.57
1544802342.62
1544802342.69
1544802342.73
1544802342.77
1544802342.82
1544802342.88
1544802342.92
1544802342.97
1544802343.01
1544802343.05
1544802343.09
1544802343.12
1544802343.16
1544802343.22
1544802343.29
1544802343.32
1544802343.37
1544802343.41
1544802343.47
1544802343.51
1544802343.58
1544802343.67
1544802343.71
1544802343.76
1544802343.8
1544802343.85
1544802343.89
1544802343.93
1544802343.99
1544802344.04
1544802344.1
1544802344.14
1544802344.2
1544802344.28
1544802344.32
1544802344.37
1544802344.41
1544802344.46
1544802344.5
1544802344.54
1544802344.59
1544802344.63
1544802344.68
1544802344.72
1544802344.76
1544802344.84
1544802344.89
1544802344.93
1544802344.99
1544802345.06
1544802345.09
1544802345.13
1544802345.19
1544802345.26
1544802345.3
1544802345.36
1544802345.42
1544802345.47
1544802345.51
1544802345.55
1544802345.6
1544802345.67
1544802345.71
1544802345.77
1544802345.82
1544802345.86
1544802345.9
1544802345.94
1544802346.0
1544802346.08
1544802346.12
1544802346.18
1544802346.22
1544802346.28
1544802346.32
1544802346.36
1544802346.44
1544802346.48
1544802346.52
1544802346.56
1544802346.6
1544802346.64
1544802346.71
1544802346.75
1544802346.79
1544802346.83
1544802346.88
1544802346.92
1544802346.96
1544802347.02
1544802347.06
1544802347.1
1544802347.13
1544802347.19
1544802347.25
1544802347.28
1544802347.31
1544802347.37
1544802347.42
1544802347.47
1544802347.51
1544802347.55
1544802347.59
1544802347.63
1544802347.68
1544802347.72
1544802347.76
1544802347.82
1544802347.86
1544802347.9
1544802347.95
1544802348.0
1544802348.05
1544802348.1
1544802348.13
1544802348.19
1544802348.24
1544802348.28
1544802348.33
1544802348.38
1544802348.42
1544802348.47
1544802348.51
1544802348.56
1544802348.63
1544802348.68
1544802348.71
1544802348.75
1544802348.8
1544802348.86
1544802348.9
1544802348.94
1544802348.98
1544802349.02
1544802349.06
1544802349.1
1544802349.13
1544802349.18
1544802349.24
1544802349.28
1544802349.33
1544802349.42
1544802349.48
1544802349.53
1544802349.58
1544802349.66
1544802349.74
1544802349.8
1544802349.86
1544802349.96
1544802350.06
1544802350.16
1544802350.27
1544802350.4
1544802350.51
1544802350.6
1544802350.64
1544802350.69
1544802350.73
1544802350.81
1544802350.89
1544802351.0
1544802351.11
1544802351.18
1544802351.23
1544802351.27
1544802351.33
1544802351.39
1544802351.42
1544802351.49
1544802351.57
1544802351.65
1544802351.7
1544802351.75
1544802351.8
1544802351.88
1544802351.95
1544802352.01
1544802352.08
1544802352.15
1544802352.21
1544802352.26
1544802352.33
1544802352.44
1544802352.49
1544802352.53
1544802352.62
1544802352.69
1544802352.72
1544802352.76
1544802352.81
1544802352.87
1544802352.94
1544802352.98
1544802353.02
1544802353.08
1544802353.13
1544802353.17
1544802353.21
1544802353.25
1544802353.29
1544802353.33
1544802353.38
1544802353.42
1544802353.47
1544802353.52
1544802353.57
1544802353.61
1544802353.64
1544802353.7
1544802353.76
1544802353.8
1544802353.83
1544802353.87
1544802353.95
1544802353.99
1544802354.01
1544802354.06
1544802354.12
1544802354.17
1544802354.2
1544802354.24
1544802354.3
1544802354.37
1544802354.41
1544802354.46
1544802354.52
1544802354.58
1544802354.62
1544802354.67
1544802354.74
1544802354.8
1544802354.87
1544802354.93
1544802354.98
1544802355.02
1544802355.07
1544802355.11
1544802355.16
1544802355.2
1544802355.24
1544802355.31
1544802355.37
1544802355.4
1544802355.43
1544802355.48
1544802355.52
1544802355.58
1544802355.62
1544802355.66
1544802355.69
1544802355.74
1544802355.78
1544802355.82
1544802355.88
1544802355.97
1544802356.01
1544802356.07
1544802356.13
1544802356.2
1544802356.24
1544802356.29
1544802356.33
1544802356.37
1544802356.4
1544802356.44
1544802356.48
1544802356.54
1544802356.59
1544802356.63
1544802356.7
1544802356.77
1544802356.8
1544802356.84
1544802356.9
1544802356.98
1544802357.03
1544802357.12
1544802357.21
1544802357.26
1544802357.33
1544802357.38
1544802357.43
1544802357.5
1544802357.58
1544802357.67
1544802357.7
1544802357.76
1544802357.8
1544802357.85
1544802357.89
1544802357.95
1544802358.02
1544802358.08
1544802358.13
1544802358.19
1544802358.25
1544802358.3
1544802358.36
1544802358.42
1544802358.5
1544802358.56
1544802358.62
1544802358.71
1544802358.78
1544802358.82
1544802358.87
1544802358.91
1544802358.97
1544802359.01
1544802359.05
1544802359.14
1544802359.19
1544802359.23
1544802359.27
1544802359.34
1544802359.39
1544802359.43
1544802359.48
1544802359.55
1544802359.6
1544802359.64
1544802359.72
1544802359.77
1544802359.8
1544802359.87
1544802359.94
1544802360.0
1544802360.05
1544802360.13
1544802360.19
1544802360.23
1544802360.3
1544802360.37
1544802360.41
1544802360.46
1544802360.53
1544802360.58
1544802360.62
1544802360.68
1544802360.75
1544802360.8
1544802360.85
1544802360.92
1544802360.98
1544802361.03
1544802361.08
1544802361.12
1544802361.17
1544802361.21
1544802361.26
1544802361.34
1544802361.41
1544802361.49
1544802361.55
1544802361.61
1544802361.68
1544802361.75
1544802361.81
1544802361.87
1544802361.91
1544802361.98
1544802362.02
1544802362.08
1544802362.11
1544802362.17
1544802362.22
1544802362.27
1544802362.33
1544802362.39
1544802362.44
1544802362.48
1544802362.55
1544802362.6
1544802362.65
1544802362.69
1544802362.73
1544802362.78
1544802362.82
1544802362.89
1544802362.93
1544802362.98
1544802363.02
1544802363.06
1544802363.1
1544802363.14
1544802363.2
1544802363.28
1544802363.34
1544802363.38
1544802363.42
1544802363.48
1544802363.53
1544802363.58
1544802363.63
1544802363.68
1544802363.74
1544802363.79
1544802363.83
1544802363.91
1544802363.99
1544802364.05
1544802364.11
1544802364.18
1544802364.22
1544802364.29
1544802364.36
1544802364.4
1544802364.45
1544802364.51
1544802364.57
1544802364.61
1544802364.68
1544802364.75
1544802364.8
1544802364.85
1544802364.91
1544802364.95
1544802365.0
1544802365.03
1544802365.07
1544802365.12
1544802365.17
1544802365.21
1544802365.26
1544802365.3
1544802365.36
1544802365.4
1544802365.43
1544802365.5
1544802365.56
1544802365.61
1544802365.65
1544802365.69
1544802365.73
1544802365.79
1544802365.83
1544802365.89
1544802365.93
1544802365.97
1544802366.0
1544802366.05
1544802366.09
1544802366.13
1544802366.18
1544802366.22
1544802366.28
1544802366.33
1544802366.4
1544802366.48
1544802366.55
1544802366.61
1544802366.69
1544802366.78
1544802366.86
1544802366.95
1544802367.02
1544802367.08
1544802367.12
1544802367.17
1544802367.23
1544802367.31
1544802367.39
1544802367.47
1544802367.54
1544802367.6
1544802367.64
1544802367.74
1544802367.84
1544802367.92
1544802367.97
1544802368.01
1544802368.06
1544802368.12
1544802368.21
1544802368.31
1544802368.39
1544802368.45
1544802368.53
1544802368.6
1544802368.68
1544802368.77
1544802368.85
1544802368.97
1544802369.02
1544802369.08
1544802369.16
1544802369.24
1544802369.31
1544802369.37
1544802369.42
1544802369.49
1544802369.53
1544802369.59
1544802369.66
1544802369.72
1544802369.8
1544802369.84
1544802369.89
1544802369.98
1544802370.06
1544802370.16
1544802370.2
1544802370.24
1544802370.33
1544802370.42
1544802370.52
1544802370.61
1544802370.71
1544802370.77
1544802370.81
1544802370.86
1544802370.92
1544802371.02
1544802371.08
1544802371.12
1544802371.17
1544802371.22
1544802371.29
1544802371.35
1544802371.4
1544802371.43
1544802371.48
1544802371.56
1544802371.63
1544802371.7
1544802371.78
1544802371.85
1544802371.9
1544802371.95
1544802372.01
1544802372.09
1544802372.18
1544802372.26
1544802372.34
1544802372.42
1544802372.48
1544802372.52
1544802372.61
1544802372.66
1544802372.69
1544802372.73
1544802372.79
1544802372.82
1544802372.89
1544802372.95
1544802372.99
1544802373.02
1544802373.06
1544802373.11
1544802373.18
1544802373.22
1544802373.26
1544802373.31
1544802373.36
1544802373.4
1544802373.45
1544802373.5
1544802373.56
1544802373.6
1544802373.64
1544802373.69
1544802373.76
1544802373.81
1544802373.85
1544802373.91
1544802373.99
1544802374.03
1544802374.09
1544802374.18
1544802374.21
1544802374.26
1544802374.33
1544802374.39
1544802374.44
1544802374.51
1544802374.58
1544802374.62
1544802374.7
1544802374.78
1544802374.82
1544802374.87
1544802374.93
1544802374.99
1544802375.03
1544802375.1
1544802375.15
1544802375.2
1544802375.24
1544802375.29
1544802375.33
1544802375.39
1544802375.42
1544802375.46
1544802375.51
1544802375.56
1544802375.6
1544802375.65
1544802375.7
1544802375.73
1544802375.78
1544802375.82
1544802375.88
1544802375.95
1544802376.01
1544802376.08
1544802376.13
1544802376.18
1544802376.22
1544802376.29
1544802376.34
1544802376.39
1544802376.41
1544802376.45
1544802376.52
1544802376.58
1544802376.62
1544802376.67
1544802376.72
1544802376.77
1544802376.81
1544802376.86
1544802376.91
1544802376.97
1544802377.0
1544802377.05
1544802377.12
1544802377.17
1544802377.21
1544802377.28
1544802377.35
1544802377.39
1544802377.43
1544802377.52
1544802377.57
1544802377.62
1544802377.66
1544802377.73
1544802377.79
1544802377.82
1544802377.88
1544802377.96
1544802377.99
1544802378.03
1544802378.09
1544802378.16
1544802378.2
1544802378.25
1544802378.3
1544802378.37
1544802378.41
1544802378.48
1544802378.54
1544802378.6
1544802378.64
1544802378.69
1544802378.77
1544802378.81
1544802378.87
1544802378.93
1544802378.98
1544802379.03
1544802379.1
1544802379.16
1544802379.2
1544802379.24
1544802379.3
1544802379.37
1544802379.41
1544802379.45
1544802379.5
1544802379.56
1544802379.59
1544802379.63
1544802379.69
1544802379.76
1544802379.79
1544802379.85
1544802379.89
1544802379.96
1544802379.99
1544802380.03
1544802380.07
1544802380.13
1544802380.19
1544802380.23
1544802380.29
1544802380.32
1544802380.38
1544802380.42
1544802380.49
1544802380.56
1544802380.6
1544802380.63
1544802380.69
1544802380.74
1544802380.82
1544802380.85
1544802380.9
1544802380.98
1544802381.02
1544802381.06
1544802381.12
1544802381.17
1544802381.21
1544802381.25
1544802381.34
1544802381.4
1544802381.45
1544802381.52
1544802381.59
1544802381.64
1544802381.69
1544802381.77
1544802381.82
1544802381.89
1544802381.96
1544802382.0
1544802382.05
1544802382.09
1544802382.13
1544802382.2
1544802382.26
1544802382.32
1544802382.38
1544802382.42
1544802382.47
1544802382.53
1544802382.58
1544802382.62
1544802382.67
1544802382.77
1544802382.88
1544802382.98
1544802383.08
1544802383.17
1544802383.25
1544802383.33
1544802383.4
1544802383.5
1544802383.61
1544802383.7
1544802383.8
1544802383.9
1544802384.0
1544802384.1
1544802384.2
1544802384.32
1544802384.43
1544802384.52
1544802384.59
1544802384.64
1544802384.7
1544802384.75
1544802384.8
1544802384.83
1544802384.89
1544802384.94
1544802385.0
1544802385.04
1544802385.09
1544802385.14
1544802385.18
1544802385.21
1544802385.26
1544802385.31
1544802385.36
1544802385.4
1544802385.43
1544802385.48
1544802385.53
1544802385.58
1544802385.62
1544802385.66
1544802385.7
1544802385.75
1544802385.79
1544802385.83
1544802385.9
1544802385.96
1544802386.0
1544802386.05
1544802386.14
1544802386.19
1544802386.26
1544802386.32
1544802386.38
1544802386.41
1544802386.45
1544802386.51
1544802386.56
1544802386.61
1544802386.64
1544802386.69
1544802386.77
1544802386.81
1544802386.86
1544802386.92
1544802386.97
1544802387.02
1544802387.1
1544802387.16
1544802387.2
1544802387.23
1544802387.29
1544802387.35
1544802387.39
1544802387.43
1544802387.52
1544802387.58
1544802387.62
1544802387.67
1544802387.76
1544802387.8
1544802387.86
1544802387.93
1544802387.98
1544802388.02
1544802388.09
1544802388.14
1544802388.19
1544802388.23
1544802388.28
1544802388.34
1544802388.39
1544802388.44
1544802388.5
1544802388.56
1544802388.62
1544802388.67
1544802388.73
1544802388.78
1544802388.82
1544802388.87
1544802388.92
1544802388.96
1544802389.0
1544802389.04
1544802389.12
1544802389.17
1544802389.21
1544802389.26
1544802389.29
1544802389.33
1544802389.37
1544802389.41
1544802389.48
1544802389.53
1544802389.6
1544802389.63
1544802389.69
1544802389.76
1544802389.79
1544802389.85
1544802389.91
1544802389.96
1544802390.02
1544802390.08
1544802390.13
1544802390.19
1544802390.23
1544802390.3
1544802390.36
1544802390.41
1544802390.44
1544802390.52
1544802390.59
1544802390.63
1544802390.7
1544802390.76
1544802390.81
1544802390.87
1544802390.94
1544802391.0
1544802391.04
1544802391.1
1544802391.16
1544802391.2
1544802391.24
1544802391.3
1544802391.36
1544802391.41
1544802391.44
1544802391.52
1544802391.57
1544802391.61
1544802391.7
1544802391.76
1544802391.8
1544802391.85
1544802391.89
1544802391.98
1544802392.03
1544802392.1
1544802392.18
1544802392.23
1544802392.3
1544802392.35
1544802392.39
1544802392.42
1544802392.47
1544802392.54
1544802392.6
1544802392.65
1544802392.71
1544802392.77
1544802392.81
1544802392.86
1544802392.94
1544802392.98
1544802393.02
1544802393.07
1544802393.11
1544802393.17
1544802393.2
1544802393.28
1544802393.36
1544802393.44
1544802393.52
1544802393.6
1544802393.66
1544802393.7
1544802393.73
1544802393.78
1544802393.83
1544802393.91
1544802393.98
1544802394.02
1544802394.07
1544802394.15
1544802394.23
1544802394.29
1544802394.37
1544802394.4
1544802394.47
1544802394.53
1544802394.6
1544802394.68
1544802394.76
1544802394.85
1544802394.93
1544802395.01
1544802395.11
1544802395.19
1544802395.27
1544802395.36
1544802395.43
1544802395.52
1544802395.58
1544802395.63
1544802395.69
1544802395.75
1544802395.79
1544802395.83
1544802395.87
1544802395.91
1544802395.97
1544802396.0
1544802396.07
1544802396.17
1544802396.2
1544802396.24
1544802396.29
1544802396.34
1544802396.38
1544802396.42
1544802396.47
1544802396.52
1544802396.57
1544802396.61
1544802396.67
1544802396.76
1544802396.79
1544802396.84
1544802396.89
1544802396.95
1544802396.99
1544802397.02
1544802397.07
1544802397.11
1544802397.16
1544802397.2
1544802397.24
1544802397.29
1544802397.35
1544802397.39
1544802397.44
1544802397.49
1544802397.53
1544802397.58
1544802397.61
1544802397.67
1544802397.73
1544802397.78
1544802397.82
1544802397.87
1544802397.9
1544802397.95
1544802398.04
1544802398.08
1544802398.13
1544802398.19
1544802398.27
1544802398.33
1544802398.39
1544802398.43
1544802398.48
1544802398.55
1544802398.62
1544802398.71
1544802398.8
1544802398.86
1544802398.92
1544802398.97
1544802399.06
1544802399.15
1544802399.23
1544802399.32
1544802399.41
1544802399.49
1544802399.56
1544802399.64
1544802399.72
1544802399.78
1544802399.86
1544802399.93
1544802400.01
1544802400.07
1544802400.15
1544802400.22
1544802400.31
1544802400.39
1544802400.47
1544802400.52
1544802400.59
1544802400.66
1544802400.71
1544802400.77
1544802400.82
1544802400.9
1544802400.97
1544802401.05
1544802401.1
1544802401.15
1544802401.19
1544802401.23
1544802401.28
1544802401.32
1544802401.37
1544802401.41
1544802401.45
1544802401.5
1544802401.54
1544802401.61
1544802401.67
1544802401.7
1544802401.73
1544802401.79
1544802401.87
1544802401.91
1544802401.96
1544802402.01
1544802402.05
1544802402.1
1544802402.15
1544802402.21
1544802402.27
1544802402.35
1544802402.41
1544802402.48
1544802402.52
1544802402.57
1544802402.62
1544802402.67
1544802402.72
1544802402.77
1544802402.85
1544802402.9
1544802402.95
1544802403.02
1544802403.06
1544802403.1
1544802403.14
1544802403.19
1544802403.24
1544802403.29
1544802403.33
1544802403.38
1544802403.42
1544802403.48
1544802403.51
1544802403.56
1544802403.61
1544802403.68
1544802403.72
1544802403.76
1544802403.83
1544802403.88
1544802403.92
1544802403.98
1544802404.03
1544802404.09
1544802404.14
1544802404.19
1544802404.23
1544802404.29
1544802404.33
1544802404.4
1544802404.47
1544802404.51
1544802404.55
1544802404.6
1544802404.65
1544802404.69
1544802404.73
1544802404.78
1544802404.81
1544802404.85
1544802404.9
1544802404.95
1544802405.01
1544802405.08
1544802405.12
1544802405.19
1544802405.25
1544802405.29
1544802405.33
1544802405.41
1544802405.46
1544802405.52
1544802405.57
1544802405.61
1544802405.66
1544802405.71
1544802405.76
1544802405.86
1544802405.91
1544802405.95
1544802406.01
1544802406.06
1544802406.1
1544802406.15
1544802406.22
1544802406.28
1544802406.31
1544802406.35
1544802406.41
1544802406.45
1544802406.5
1544802406.54
1544802406.59
1544802406.63
1544802406.67
1544802406.71
1544802406.75
1544802406.81
1544802406.87
1544802406.92
1544802406.98
1544802407.04
1544802407.09
1544802407.13
1544802407.19
1544802407.25
1544802407.29
1544802407.33
1544802407.39
1544802407.46
1544802407.51
1544802407.55
1544802407.6
1544802407.66
1544802407.71
1544802407.78
1544802407.84
1544802407.89
1544802407.92
1544802407.97
1544802408.01
1544802408.06
1544802408.1
1544802408.14
1544802408.19
1544802408.25
1544802408.3
1544802408.34
1544802408.4
1544802408.47
1544802408.51
1544802408.55
1544802408.61
1544802408.66
1544802408.69
1544802408.73
1544802408.78
1544802408.83
1544802408.88
1544802408.92
1544802409.01
1544802409.1
1544802409.18
1544802409.26
1544802409.34
1544802409.4
1544802409.46
1544802409.51
1544802409.56
1544802409.61
1544802409.68
1544802409.74
1544802409.8
1544802409.83
1544802409.88
1544802409.92
1544802409.96
1544802410.0
1544802410.06
1544802410.14
1544802410.2
1544802410.27
1544802410.35
1544802410.42
1544802410.49
1544802410.58
1544802410.65
1544802410.73
1544802410.81
1544802410.9
1544802410.98
1544802411.06
1544802411.13
1544802411.21
1544802411.29
1544802411.35
1544802411.42
1544802411.49
1544802411.52
1544802411.58
1544802411.65
1544802411.71
1544802411.74
1544802411.81
1544802411.86
1544802411.91
1544802411.96
1544802412.01
1544802412.07
1544802412.12
1544802412.16
1544802412.23
1544802412.27
1544802412.31
1544802412.36
1544802412.44
1544802412.48
1544802412.52
1544802412.56
1544802412.61
1544802412.69
1544802412.73
1544802412.78
1544802412.85
1544802412.89
1544802412.93
1544802412.98
1544802413.04
1544802413.08
1544802413.11
1544802413.16
1544802413.2
1544802413.25
1544802413.3
1544802413.36
1544802413.39
1544802413.44
1544802413.49
1544802413.53
1544802413.58
1544802413.65
1544802413.69
1544802413.72
1544802413.76
1544802413.83
1544802413.87
1544802413.9
1544802413.96
1544802414.01
1544802414.07
1544802414.11
1544802414.16
1544802414.21
1544802414.26
1544802414.3
1544802414.34
1544802414.41
1544802414.48
1544802414.51
1544802414.55
1544802414.62
1544802414.69
1544802414.73
1544802414.8
1544802414.85
1544802414.89
1544802414.93
1544802414.99
1544802415.04
1544802415.07
1544802415.11
1544802415.15
1544802415.21
1544802415.29
1544802415.34
1544802415.37
1544802415.43
1544802415.47
1544802415.51
1544802415.55
1544802415.59
1544802415.63
1544802415.67
1544802415.72
1544802415.79
1544802415.89
1544802415.93
1544802416.01
1544802416.08
1544802416.11
1544802416.18
1544802416.23
1544802416.28
1544802416.32
1544802416.36
1544802416.4
1544802416.45
1544802416.5
1544802416.53
1544802416.59
1544802416.66
1544802416.7
1544802416.75
1544802416.83
1544802416.88
1544802416.93
1544802416.98
1544802417.07
1544802417.11
1544802417.15
1544802417.19
1544802417.28
1544802417.31
1544802417.36
1544802417.4
1544802417.46
1544802417.52
1544802417.6
1544802417.68
1544802417.72
1544802417.78
1544802417.87
1544802417.96
1544802418.04
1544802418.11
1544802418.18
1544802418.26
1544802418.33
1544802418.4
1544802418.48
1544802418.54
1544802418.61
1544802418.68
1544802418.72
1544802418.78
1544802418.82
1544802418.92
1544802419.02
1544802419.08
1544802419.11
1544802419.17
1544802419.25
1544802419.32
1544802419.42
1544802419.48
1544802419.52
1544802419.58
1544802419.62
1544802419.7
1544802419.77
1544802419.86
1544802419.93
1544802420.02
1544802420.08
1544802420.12
1544802420.18
1544802420.22
1544802420.29
1544802420.35
1544802420.39
1544802420.42
1544802420.47
1544802420.51
1544802420.56
1544802420.61
1544802420.66
1544802420.71
1544802420.77
1544802420.82
1544802420.9
1544802420.97
1544802421.02
1544802421.11
1544802421.2
1544802421.27
1544802421.3
1544802421.35
1544802421.39
1544802421.43
1544802421.48
1544802421.52
1544802421.57
1544802421.61
1544802421.66
1544802421.71
1544802421.8
1544802421.87
1544802421.93
1544802421.97
1544802422.02
1544802422.07
1544802422.11
1544802422.15
1544802422.19
1544802422.23
1544802422.27
1544802422.31
1544802422.36
1544802422.4
1544802422.46
1544802422.5
1544802422.53
1544802422.59
1544802422.65
1544802422.7
1544802422.73
1544802422.76
1544802422.8
1544802422.85
1544802422.89
1544802422.93
1544802422.99
1544802423.04
1544802423.08
1544802423.11
1544802423.16
1544802423.23
1544802423.29
1544802423.32
1544802423.37
1544802423.42
1544802423.47
1544802423.51
1544802423.58
1544802423.63
1544802423.69
1544802423.72
1544802423.78
1544802423.86
1544802423.9
1544802423.94
1544802424.01
1544802424.06
1544802424.1
1544802424.14
1544802424.19
1544802424.24
1544802424.29
1544802424.32
1544802424.37
1544802424.41
1544802424.47
1544802424.5
1544802424.56
1544802424.62
1544802424.67
1544802424.7
1544802424.74
1544802424.8
1544802424.86
1544802424.89
1544802424.94
1544802424.99
1544802425.05
1544802425.09
1544802425.12
1544802425.17
1544802425.22
1544802425.26
1544802425.3
1544802425.33
1544802425.39
1544802425.43
1544802425.48
1544802425.53
1544802425.59
1544802425.66
1544802425.7
1544802425.75
1544802425.8
1544802425.86
1544802425.91
1544802425.95
1544802426.02
1544802426.06
1544802426.09
1544802426.13
1544802426.18
1544802426.22
1544802426.27
1544802426.3
1544802426.36
1544802426.4
1544802426.46
1544802426.49
1544802426.53
1544802426.58
1544802426.66
1544802426.71
1544802426.76
1544802426.82
1544802426.88
1544802426.91
1544802426.96
1544802427.02
1544802427.08
1544802427.12
1544802427.18
1544802427.24
1544802427.29
1544802427.33
1544802427.38
1544802427.43
1544802427.5
1544802427.59
1544802427.65
1544802427.73
1544802427.79
1544802427.88
1544802427.97
1544802428.02
1544802428.1
1544802428.18
1544802428.28
1544802428.36
1544802428.42
1544802428.51
1544802428.59
1544802428.66
1544802428.73
1544802428.81
1544802428.89
1544802428.93
1544802428.99
1544802429.03
1544802429.09
1544802429.13
1544802429.22
1544802429.32
1544802429.41
1544802429.5
1544802429.6
1544802429.67
1544802429.72
1544802429.77
1544802429.82
1544802429.89
1544802430.0
1544802430.07
1544802430.15
1544802430.22
1544802430.31
1544802430.41
1544802430.49
1544802430.56
1544802430.66
1544802430.71
1544802430.81
1544802430.89
1544802430.96
1544802431.02
1544802431.08
1544802431.15
1544802431.23
1544802431.33
1544802431.45
1544802431.56
1544802431.62
1544802431.73
1544802431.78
1544802431.83
1544802431.88
1544802431.93
1544802431.99
1544802432.06
1544802432.11
1544802432.19
1544802432.27
1544802432.32
1544802432.41
1544802432.48
1544802432.56
1544802432.66
1544802432.71
1544802432.78
1544802432.85
1544802432.94
1544802433.02
1544802433.09
1544802433.16
1544802433.24
1544802433.29
1544802433.33
1544802433.4
1544802433.51
1544802433.63
1544802433.71
1544802433.76
1544802433.81
1544802433.86
1544802433.91
1544802433.96
1544802434.01
1544802434.14
1544802434.19
1544802434.24
1544802434.28
1544802434.32
1544802434.38
1544802434.42
1544802434.48
1544802434.52
1544802434.56
1544802434.66
1544802434.7
1544802434.74
1544802434.79
1544802434.85
1544802434.89
1544802434.93
1544802434.98
1544802435.05
1544802435.1
1544802435.15
1544802435.23
1544802435.28
1544802435.31
1544802435.37
1544802435.43
1544802435.48
1544802435.52
1544802435.58
1544802435.63
1544802435.69
1544802435.72
1544802435.77
1544802435.83
1544802435.91
1544802435.95
1544802436.02
1544802436.08
1544802436.12
1544802436.17
1544802436.22
1544802436.26
1544802436.31
1544802436.36
1544802436.44
1544802436.5
1544802436.54
1544802436.65
1544802436.7
1544802436.73
1544802436.81
1544802436.86
1544802436.9
1544802436.95
1544802437.02
1544802437.07
1544802437.11
1544802437.15
1544802437.21
1544802437.27
1544802437.32
1544802437.39
1544802437.46
1544802437.51
1544802437.6
1544802437.69
1544802437.74
1544802437.81
1544802437.88
1544802437.92
1544802437.96
1544802438.01
1544802438.06
1544802438.1
1544802438.15
1544802438.21
1544802438.25
1544802438.31
1544802438.37
1544802438.43
1544802438.48
1544802438.52
1544802438.58
1544802438.63
1544802438.68
1544802438.72
1544802438.76
1544802438.83
1544802438.88
1544802438.93
1544802438.98
1544802439.03
1544802439.08
1544802439.12
1544802439.18
1544802439.23
1544802439.27
1544802439.31
1544802439.35
1544802439.39
1544802439.43
1544802439.47
1544802439.52
1544802439.56
1544802439.61
1544802439.67
1544802439.72
1544802439.77
1544802439.84
1544802439.89
1544802439.93
1544802440.0
1544802440.05
1544802440.09
1544802440.13
1544802440.2
1544802440.27
1544802440.31
1544802440.36
1544802440.43
1544802440.5
1544802440.53
1544802440.58
1544802440.62
1544802440.68
1544802440.72
1544802440.8
1544802440.87
1544802440.91
1544802440.96
1544802441.02
1544802441.07
1544802441.11
1544802441.14
1544802441.21
1544802441.27
1544802441.31
1544802441.37
1544802441.42
1544802441.47
1544802441.51
1544802441.54
1544802441.59
1544802441.63
1544802441.68
1544802441.72
1544802441.79
1544802441.84
1544802441.88
1544802441.92
1544802441.97
1544802442.01
1544802442.04
1544802442.08
1544802442.13
1544802442.22
1544802442.3
1544802442.33
1544802442.37
1544802442.42
1544802442.48
1544802442.51
1544802442.57
1544802442.63
1544802442.68
1544802442.72
1544802442.78
1544802442.83
1544802442.88
1544802442.92
1544802442.99
1544802443.05
1544802443.12
1544802443.2
1544802443.27
1544802443.34
1544802443.41
1544802443.49
1544802443.55
1544802443.62
1544802443.7
1544802443.75
1544802443.83
1544802443.91
1544802444.0
1544802444.05
1544802444.09
1544802444.13
1544802444.2
1544802444.27
1544802444.31
1544802444.37
1544802444.47
1544802444.51
1544802444.61
1544802444.7
1544802444.81
1544802444.93
1544802445.01
1544802445.11
1544802445.21
1544802445.28
1544802445.33
1544802445.38
1544802445.41
1544802445.45
1544802445.56
1544802445.6
1544802445.65
1544802445.71
1544802445.77
1544802445.8
1544802445.84
1544802445.91
1544802445.98
1544802446.02
1544802446.07
1544802446.13
1544802446.18
1544802446.22
1544802446.26
1544802446.3
1544802446.34
1544802446.38
1544802446.42
1544802446.46
1544802446.51
1544802446.56
1544802446.6
1544802446.64
1544802446.69
1544802446.73
1544802446.77
1544802446.82
1544802446.88
1544802446.96
1544802447.02
1544802447.08
1544802447.16
1544802447.21
1544802447.26
1544802447.3
1544802447.38
1544802447.42
1544802447.46
1544802447.49
1544802447.54
1544802447.58
1544802447.62
1544802447.67
1544802447.72
1544802447.77
1544802447.8
1544802447.84
1544802447.9
1544802447.96
1544802448.01
1544802448.07
1544802448.13
1544802448.18
1544802448.21
1544802448.25
1544802448.31
1544802448.37
1544802448.41
1544802448.49
1544802448.57
1544802448.65
1544802448.7
1544802448.77
1544802448.83
1544802448.92
1544802448.99
1544802449.06
1544802449.12
1544802449.2
1544802449.27
1544802449.33
1544802449.38
1544802449.42
1544802449.52
1544802449.59
1544802449.63
1544802449.68
1544802449.72
1544802449.79
1544802449.87
1544802449.96
1544802450.02
1544802450.09
1544802450.18
1544802450.28
1544802450.33
1544802450.41
1544802450.45
1544802450.51
1544802450.54
1544802450.59
1544802450.63
1544802450.68
1544802450.73
1544802450.78
1544802450.87
1544802450.96
1544802451.05
1544802451.1
1544802451.18
1544802451.22
1544802451.29
1544802451.36
1544802451.39
1544802451.43
1544802451.49
1544802451.53
1544802451.58
1544802451.62
1544802451.66
1544802451.75
1544802451.79
1544802451.82
1544802451.87
1544802451.93
1544802451.97
1544802452.01
1544802452.05
1544802452.11
1544802452.16
1544802452.22
1544802452.27
1544802452.31
1544802452.37
1544802452.42
1544802452.46
1544802452.51
1544802452.56
1544802452.6
1544802452.63
1544802452.69
1544802452.78
1544802452.82
1544802452.87
1544802452.93
1544802452.97
1544802453.0
1544802453.05
1544802453.09
1544802453.14
1544802453.19
1544802453.23
1544802453.28
1544802453.32
1544802453.36
1544802453.4
1544802453.43
1544802453.49
1544802453.55
1544802453.58
1544802453.63
1544802453.68
1544802453.74
1544802453.79
1544802453.82
1544802453.89
1544802453.97
1544802454.02
1544802454.06
1544802454.11
1544802454.16
1544802454.2
1544802454.26
1544802454.34
1544802454.42
1544802454.54
1544802454.63
1544802454.74
1544802454.83
1544802454.92
1544802455.0
1544802455.09
1544802455.15
1544802455.21
1544802455.27
1544802455.31
1544802455.38
1544802455.43
1544802455.49
1544802455.57
1544802455.63
1544802455.7
1544802455.78
1544802455.87
1544802455.95
1544802455.99
1544802456.05
1544802456.13
1544802456.22
1544802456.29
1544802456.34
1544802456.4
1544802456.47
1544802456.52
1544802456.59
1544802456.64
1544802456.7
1544802456.76
1544802456.81
1544802456.87
1544802456.97
1544802457.06
1544802457.16
1544802457.29
1544802457.4
1544802457.52
1544802457.6
1544802457.7
1544802457.78
1544802457.89
1544802457.98
1544802458.08
1544802458.16
1544802458.24
1544802458.32
1544802458.38
1544802458.43
1544802458.48
1544802458.56
