1544818654.23
1544818654.41
1544818654.46
1544818654.51
1544818654.56
1544818654.6
1544818654.69
1544818654.76
1544818654.81
1544818654.87
1544818654.92
1544818654.99
1544818655.05
1544818655.11
1544818655.19
1544818655.26
1544818655.34
1544818655.39
1544818655.44
1544818655.49
1544818655.55
1544818655.62
1544818655.69
1544818655.75
1544818655.8
1544818655.85
1544818655.9
1544818655.94
1544818655.99
1544818656.08
1544818656.17
1544818656.23
1544818656.31
1544818656.38
1544818656.45
1544818656.5
1544818656.58
1544818656.65
1544818656.71
1544818656.78
1544818656.86
1544818656.95
1544818657.04
1544818657.13
1544818657.21
1544818657.29
1544818657.36
1544818657.41
1544818657.5
1544818657.56
1544818657.63
1544818657.7
1544818657.75
1544818657.8
1544818657.86
1544818657.91
1544818657.95
1544818658.01
1544818658.1
1544818658.16
1544818658.2
1544818658.25
1544818658.31
1544818658.38
1544818658.45
1544818658.5
1544818658.56
1544818658.61
1544818658.67
1544818658.73
1544818658.78
1544818658.84
1544818658.91
1544818658.98
1544818659.06
1544818659.14
1544818659.23
1544818659.32
1544818659.42
1544818659.5
1544818659.55
1544818659.59
1544818659.63
1544818659.68
1544818659.72
1544818659.76
1544818659.82
1544818659.88
1544818659.91
1544818659.97
1544818660.03
1544818660.08
1544818660.12
1544818660.16
1544818660.21
1544818660.26
1544818660.3
1544818660.34
1544818660.43
1544818660.48
1544818660.52
1544818660.56
1544818660.65
1544818660.7
1544818660.75
1544818660.81
1544818660.85
1544818660.89
1544818660.92
1544818660.96
1544818661.02
1544818661.09
1544818661.13
1544818661.21
1544818661.26
1544818661.31
1544818661.35
1544818661.41
1544818661.46
1544818661.5
1544818661.55
1544818661.59
1544818661.65
1544818661.68
1544818661.72
1544818661.83
1544818661.88
1544818661.92
1544818661.96
1544818662.0
1544818662.05
1544818662.1
1544818662.14
1544818662.19
1544818662.26
1544818662.31
1544818662.36
1544818662.4
1544818662.45
1544818662.5
1544818662.55
1544818662.62
1544818662.67
1544818662.71
1544818662.78
1544818662.83
1544818662.9
1544818662.93
1544818662.97
1544818663.03
1544818663.08
1544818663.12
1544818663.17
1544818663.21
1544818663.26
1544818663.31
1544818663.36
1544818663.39
1544818663.44
1544818663.48
1544818663.53
1544818663.58
1544818663.63
1544818663.68
1544818663.71
1544818663.76
1544818663.81
1544818663.87
1544818663.9
1544818663.93
1544818663.97
1544818664.05
1544818664.09
1544818664.14
1544818664.19
1544818664.23
1544818664.28
1544818664.32
1544818664.4
1544818664.46
1544818664.49
1544818664.52
1544818664.56
1544818664.66
1544818664.69
1544818664.73
1544818664.81
1544818664.86
1544818664.9
1544818664.96
1544818665.03
1544818665.08
1544818665.12
1544818665.18
1544818665.25
1544818665.3
1544818665.34
1544818665.42
1544818665.48
1544818665.52
1544818665.57
1544818665.6
1544818665.65
1544818665.69
1544818665.73
1544818665.78
1544818665.83
1544818665.87
1544818665.91
1544818665.94
1544818665.99
1544818666.04
1544818666.08
1544818666.12
1544818666.19
1544818666.23
1544818666.28
1544818666.31
1544818666.36
1544818666.45
1544818666.5
1544818666.55
1544818666.62
1544818666.66
1544818666.71
1544818666.78
1544818666.83
1544818666.89
1544818666.93
1544818666.98
1544818667.03
1544818667.09
1544818667.12
1544818667.18
1544818667.23
1544818667.27
1544818667.3
1544818667.33
1544818667.41
1544818667.46
1544818667.5
1544818667.53
1544818667.59
1544818667.65
1544818667.68
1544818667.72
1544818667.78
1544818667.84
1544818667.89
1544818667.93
1544818667.96
1544818668.0
1544818668.04
1544818668.07
1544818668.1
1544818668.14
1544818668.21
1544818668.24
1544818668.27
1544818668.31
1544818668.37
1544818668.42
1544818668.46
1544818668.5
1544818668.55
1544818668.6
1544818668.66
1544818668.69
1544818668.73
1544818668.78
1544818668.83
1544818668.88
1544818668.92
1544818668.98
1544818669.02
1544818669.08
1544818669.11
1544818669.16
1544818669.21
1544818669.29
1544818669.36
1544818669.43
1544818669.51
1544818669.59
1544818669.66
1544818669.72
1544818669.79
1544818669.85
1544818669.89
1544818669.93
1544818669.99
1544818670.06
1544818670.12
1544818670.19
1544818670.27
1544818670.36
1544818670.43
1544818670.51
1544818670.57
1544818670.63
1544818670.7
1544818670.74
1544818670.81
1544818670.87
1544818670.91
1544818670.95
1544818671.01
1544818671.06
1544818671.1
1544818671.14
1544818671.23
1544818671.27
1544818671.31
1544818671.34
1544818671.39
1544818671.43
1544818671.47
1544818671.51
1544818671.56
1544818671.61
1544818671.66
1544818671.7
1544818671.74
1544818671.78
1544818671.82
1544818671.86
1544818671.9
1544818671.96
1544818672.02
1544818672.07
1544818672.11
1544818672.18
1544818672.24
1544818672.29
1544818672.35
1544818672.43
1544818672.49
1544818672.54
1544818672.62
1544818672.68
1544818672.74
1544818672.83
1544818672.88
1544818672.93
1544818672.98
1544818673.04
1544818673.1
1544818673.16
1544818673.23
1544818673.29
1544818673.33
1544818673.4
1544818673.46
1544818673.49
1544818673.53
1544818673.58
1544818673.63
1544818673.68
1544818673.73
1544818673.81
1544818673.87
1544818673.91
1544818673.95
1544818674.0
1544818674.04
1544818674.08
1544818674.11
1544818674.16
1544818674.22
1544818674.26
1544818674.31
1544818674.36
1544818674.42
1544818674.46
1544818674.51
1544818674.57
1544818674.66
1544818674.74
1544818674.8
1544818674.86
1544818674.96
1544818675.0
1544818675.03
1544818675.11
1544818675.17
1544818675.24
1544818675.28
1544818675.32
1544818675.4
1544818675.48
1544818675.55
1544818675.63
1544818675.73
1544818675.81
1544818675.9
1544818675.97
1544818676.06
1544818676.12
1544818676.21
1544818676.31
1544818676.4
1544818676.48
1544818676.58
1544818676.66
1544818676.75
1544818676.84
1544818676.92
1544818677.0
1544818677.08
1544818677.16
1544818677.25
1544818677.33
1544818677.42
1544818677.48
1544818677.53
1544818677.59
1544818677.63
1544818677.68
1544818677.71
1544818677.74
1544818677.81
1544818677.85
1544818677.89
1544818677.93
1544818677.98
1544818678.04
1544818678.08
1544818678.12
1544818678.19
1544818678.25
1544818678.29
1544818678.33
1544818678.39
1544818678.43
1544818678.48
1544818678.52
1544818678.59
1544818678.65
1544818678.69
1544818678.73
1544818678.79
1544818678.85
1544818678.89
1544818678.95
1544818679.0
1544818679.04
1544818679.08
1544818679.12
1544818679.18
1544818679.23
1544818679.28
1544818679.33
1544818679.39
1544818679.43
1544818679.48
1544818679.52
1544818679.57
1544818679.61
1544818679.67
1544818679.71
1544818679.78
1544818679.83
1544818679.88
1544818679.91
1544818679.97
1544818680.03
1544818680.06
1544818680.1
1544818680.14
1544818680.2
1544818680.25
1544818680.28
1544818680.32
1544818680.38
1544818680.43
1544818680.48
1544818680.52
1544818680.6
1544818680.65
1544818680.69
1544818680.73
1544818680.78
1544818680.82
1544818680.86
1544818680.9
1544818680.94
1544818680.99
1544818681.04
1544818681.08
1544818681.12
1544818681.16
1544818681.2
1544818681.26
1544818681.29
1544818681.33
1544818681.38
1544818681.43
1544818681.47
1544818681.51
1544818681.59
1544818681.64
1544818681.68
1544818681.72
1544818681.78
1544818681.85
1544818681.88
1544818681.93
1544818682.02
1544818682.07
1544818682.11
1544818682.16
1544818682.25
1544818682.29
1544818682.33
1544818682.43
1544818682.49
1544818682.54
1544818682.58
1544818682.63
1544818682.68
1544818682.71
1544818682.78
1544818682.85
1544818682.89
1544818682.94
1544818682.98
1544818683.02
1544818683.06
1544818683.1
1544818683.15
1544818683.19
1544818683.26
1544818683.3
1544818683.34
1544818683.38
1544818683.41
1544818683.46
1544818683.5
1544818683.53
1544818683.58
1544818683.65
1544818683.69
1544818683.76
1544818683.83
1544818683.88
1544818683.92
1544818683.99
1544818684.05
1544818684.08
1544818684.12
1544818684.17
1544818684.22
1544818684.27
1544818684.31
1544818684.35
1544818684.39
1544818684.43
1544818684.47
1544818684.51
1544818684.56
1544818684.62
1544818684.67
1544818684.71
1544818684.75
1544818684.81
1544818684.87
1544818684.91
1544818684.97
1544818685.01
1544818685.07
1544818685.11
1544818685.15
1544818685.22
1544818685.27
1544818685.31
1544818685.36
1544818685.44
1544818685.49
1544818685.52
1544818685.59
1544818685.67
1544818685.71
1544818685.76
1544818685.81
1544818685.87
1544818685.91
1544818685.95
1544818686.0
1544818686.07
1544818686.1
1544818686.13
1544818686.19
1544818686.25
1544818686.28
1544818686.31
1544818686.36
1544818686.42
1544818686.48
1544818686.53
1544818686.6
1544818686.68
1544818686.73
1544818686.81
1544818686.87
1544818686.91
1544818686.99
1544818687.09
1544818687.19
1544818687.28
1544818687.38
1544818687.46
1544818687.54
1544818687.61
1544818687.69
1544818687.79
1544818687.92
1544818688.02
1544818688.09
1544818688.19
1544818688.29
1544818688.4
1544818688.5
1544818688.56
1544818688.61
1544818688.65
1544818688.72
1544818688.8
1544818688.87
1544818688.94
1544818689.01
1544818689.06
1544818689.15
1544818689.22
1544818689.29
1544818689.34
1544818689.41
1544818689.47
1544818689.53
1544818689.65
1544818689.77
1544818689.87
1544818689.94
1544818690.02
1544818690.06
1544818690.11
1544818690.16
1544818690.22
1544818690.27
1544818690.31
1544818690.37
1544818690.45
1544818690.5
1544818690.53
1544818690.63
1544818690.68
1544818690.71
1544818690.75
1544818690.82
1544818690.87
1544818690.91
1544818690.95
1544818691.0
1544818691.06
1544818691.1
1544818691.15
1544818691.21
1544818691.27
1544818691.31
1544818691.38
1544818691.44
1544818691.47
1544818691.51
1544818691.55
1544818691.63
1544818691.68
1544818691.72
1544818691.75
1544818691.85
1544818691.9
1544818691.96
1544818692.02
1544818692.08
1544818692.12
1544818692.18
1544818692.25
1544818692.28
1544818692.32
1544818692.39
1544818692.43
1544818692.48
1544818692.51
1544818692.58
1544818692.63
1544818692.68
1544818692.72
1544818692.79
1544818692.83
1544818692.87
1544818692.93
1544818692.99
1544818693.04
1544818693.08
1544818693.12
1544818693.17
1544818693.23
1544818693.28
1544818693.32
1544818693.37
1544818693.42
1544818693.47
1544818693.5
1544818693.54
1544818693.59
1544818693.65
1544818693.69
1544818693.73
1544818693.8
1544818693.86
1544818693.89
1544818693.93
1544818693.99
1544818694.03
1544818694.08
1544818694.13
1544818694.19
1544818694.27
1544818694.31
1544818694.35
1544818694.41
1544818694.47
1544818694.51
1544818694.56
1544818694.62
1544818694.67
1544818694.72
1544818694.78
1544818694.84
1544818694.89
1544818694.92
1544818694.96
1544818695.01
1544818695.07
1544818695.12
1544818695.19
1544818695.25
1544818695.29
1544818695.34
1544818695.38
1544818695.43
1544818695.47
1544818695.51
1544818695.55
1544818695.59
1544818695.62
1544818695.66
1544818695.7
1544818695.73
1544818695.79
1544818695.84
1544818695.89
1544818695.92
1544818695.96
1544818696.05
1544818696.09
1544818696.13
1544818696.19
1544818696.23
1544818696.28
1544818696.33
1544818696.41
1544818696.48
1544818696.51
1544818696.6
1544818696.66
1544818696.7
1544818696.75
1544818696.84
1544818696.89
1544818696.93
1544818696.98
1544818697.03
1544818697.08
1544818697.12
1544818697.18
1544818697.25
1544818697.29
1544818697.33
1544818697.39
1544818697.45
1544818697.49
1544818697.52
1544818697.58
1544818697.64
1544818697.69
1544818697.73
1544818697.85
1544818697.89
1544818697.93
1544818698.0
1544818698.06
1544818698.1
1544818698.14
1544818698.22
1544818698.28
1544818698.31
1544818698.36
1544818698.4
1544818698.46
1544818698.5
1544818698.54
1544818698.58
1544818698.62
1544818698.65
1544818698.69
1544818698.73
1544818698.8
1544818698.85
1544818698.89
1544818698.93
1544818699.0
1544818699.08
1544818699.15
1544818699.2
1544818699.25
1544818699.29
1544818699.35
1544818699.42
1544818699.48
1544818699.54
1544818699.59
1544818699.67
1544818699.74
1544818699.81
1544818699.9
1544818699.96
1544818700.02
1544818700.08
1544818700.16
1544818700.23
1544818700.33
1544818700.42
1544818700.5
1544818700.6
1544818700.66
1544818700.74
1544818700.8
1544818700.84
1544818700.93
1544818700.98
1544818701.02
1544818701.1
1544818701.16
1544818701.2
1544818701.23
1544818701.28
1544818701.35
1544818701.39
1544818701.42
1544818701.46
1544818701.51
1544818701.55
1544818701.59
1544818701.63
1544818701.68
1544818701.74
1544818701.78
1544818701.81
1544818701.88
1544818701.93
1544818701.96
1544818702.01
1544818702.05
1544818702.1
1544818702.15
1544818702.2
1544818702.25
1544818702.31
1544818702.36
1544818702.41
1544818702.46
1544818702.52
1544818702.58
1544818702.62
1544818702.66
1544818702.7
1544818702.75
1544818702.8
1544818702.85
1544818702.89
1544818702.92
1544818702.96
1544818703.0
1544818703.03
1544818703.09
1544818703.14
1544818703.19
1544818703.22
1544818703.26
1544818703.32
1544818703.37
1544818703.41
1544818703.45
1544818703.52
1544818703.57
1544818703.61
1544818703.65
1544818703.7
1544818703.75
1544818703.79
1544818703.83
1544818703.87
1544818703.94
1544818703.99
1544818704.02
1544818704.09
1544818704.15
1544818704.18
1544818704.22
1544818704.29
1544818704.34
1544818704.38
1544818704.41
1544818704.48
1544818704.53
1544818704.58
1544818704.61
1544818704.67
1544818704.71
1544818704.76
1544818704.83
1544818704.92
1544818705.01
1544818705.08
1544818705.17
1544818705.24
1544818705.3
1544818705.38
1544818705.46
1544818705.56
1544818705.63
1544818705.7
1544818705.76
1544818705.82
1544818705.89
1544818705.95
1544818705.98
1544818706.02
1544818706.09
1544818706.17
1544818706.22
1544818706.28
1544818706.34
1544818706.38
1544818706.47
1544818706.52
1544818706.58
1544818706.65
1544818706.69
1544818706.76
1544818706.82
1544818706.89
1544818706.95
1544818707.03
1544818707.1
1544818707.17
1544818707.22
1544818707.28
1544818707.33
1544818707.41
1544818707.47
1544818707.51
1544818707.56
1544818707.61
1544818707.66
1544818707.72
1544818707.77
1544818707.82
1544818707.89
1544818707.94
1544818708.03
1544818708.08
1544818708.12
1544818708.16
1544818708.2
1544818708.28
1544818708.31
1544818708.4
1544818708.47
1544818708.51
1544818708.57
1544818708.65
1544818708.69
1544818708.73
1544818708.78
1544818708.86
1544818708.89
1544818708.93
1544818708.96
1544818709.01
1544818709.08
1544818709.13
1544818709.21
1544818709.26
1544818709.3
1544818709.35
1544818709.46
1544818709.5
1544818709.54
1544818709.63
1544818709.68
1544818709.71
1544818709.77
1544818709.83
1544818709.89
1544818709.93
1544818710.01
1544818710.07
1544818710.1
1544818710.13
1544818710.19
1544818710.26
1544818710.3
1544818710.34
1544818710.43
1544818710.49
1544818710.53
1544818710.59
1544818710.64
1544818710.69
1544818710.73
1544818710.8
1544818710.85
1544818710.9
1544818710.93
1544818711.01
1544818711.07
1544818711.1
1544818711.15
1544818711.22
1544818711.29
1544818711.33
1544818711.42
1544818711.47
1544818711.5
1544818711.54
1544818711.61
1544818711.67
1544818711.71
1544818711.75
1544818711.82
1544818711.86
1544818711.91
1544818711.96
1544818712.04
1544818712.09
1544818712.13
1544818712.21
1544818712.26
1544818712.29
1544818712.33
1544818712.4
1544818712.45
1544818712.49
1544818712.53
1544818712.58
1544818712.65
1544818712.71
1544818712.78
1544818712.83
1544818712.88
1544818712.92
1544818712.96
1544818713.05
1544818713.1
1544818713.15
1544818713.2
1544818713.26
1544818713.29
1544818713.33
1544818713.41
1544818713.47
1544818713.5
1544818713.55
1544818713.58
1544818713.66
1544818713.7
1544818713.75
1544818713.83
1544818713.88
1544818713.92
1544818713.98
1544818714.05
1544818714.09
1544818714.13
1544818714.19
1544818714.24
1544818714.29
1544818714.33
1544818714.38
1544818714.42
1544818714.48
1544818714.51
1544818714.56
1544818714.62
1544818714.67
1544818714.7
1544818714.78
1544818714.85
1544818714.9
1544818714.95
1544818715.03
1544818715.09
1544818715.13
1544818715.2
1544818715.25
1544818715.29
1544818715.37
1544818715.44
1544818715.49
1544818715.53
1544818715.59
1544818715.68
1544818715.78
1544818715.88
1544818715.94
1544818716.0
1544818716.06
1544818716.14
1544818716.24
1544818716.35
1544818716.39
1544818716.43
1544818716.51
1544818716.61
1544818716.7
1544818716.79
1544818716.87
1544818716.95
1544818717.0
1544818717.05
1544818717.11
1544818717.18
1544818717.28
1544818717.35
1544818717.42
1544818717.48
1544818717.51
1544818717.55
1544818717.59
1544818717.63
1544818717.68
1544818717.73
1544818717.78
1544818717.82
1544818717.86
1544818717.9
1544818717.93
1544818718.0
1544818718.05
1544818718.1
1544818718.16
1544818718.24
1544818718.29
1544818718.32
1544818718.4
1544818718.45
1544818718.49
1544818718.53
1544818718.6
1544818718.65
1544818718.69
1544818718.72
1544818718.77
1544818718.82
1544818718.87
1544818718.91
1544818718.95
1544818719.0
1544818719.05
1544818719.09
1544818719.13
1544818719.18
1544818719.22
1544818719.27
1544818719.3
1544818719.34
1544818719.38
1544818719.43
1544818719.49
1544818719.53
1544818719.59
1544818719.63
1544818719.68
1544818719.73
1544818719.78
1544818719.86
1544818719.91
1544818719.97
1544818720.02
1544818720.07
1544818720.11
1544818720.16
1544818720.23
1544818720.28
1544818720.33
1544818720.38
1544818720.44
1544818720.48
1544818720.52
1544818720.58
1544818720.63
1544818720.67
1544818720.71
1544818720.74
1544818720.83
1544818720.87
1544818720.91
1544818720.95
1544818721.02
1544818721.08
1544818721.11
1544818721.15
1544818721.19
1544818721.25
1544818721.29
1544818721.32
1544818721.36
1544818721.4
1544818721.45
1544818721.49
1544818721.53
1544818721.57
1544818721.63
1544818721.71
1544818721.78
1544818721.83
1544818721.88
1544818721.93
1544818722.01
1544818722.1
1544818722.16
1544818722.25
1544818722.35
1544818722.41
1544818722.47
1544818722.54
1544818722.59
1544818722.65
1544818722.73
1544818722.78
1544818722.84
1544818722.92
1544818722.98
1544818723.05
1544818723.1
1544818723.19
1544818723.27
1544818723.34
1544818723.39
1544818723.45
1544818723.51
1544818723.56
1544818723.63
1544818723.71
1544818723.78
1544818723.84
1544818723.89
1544818723.93
1544818723.98
1544818724.08
1544818724.13
1544818724.21
1544818724.28
1544818724.35
1544818724.43
1544818724.49
1544818724.55
1544818724.62
1544818724.69
1544818724.75
1544818724.79
1544818724.83
1544818724.92
1544818724.98
1544818725.03
1544818725.09
1544818725.15
1544818725.2
1544818725.24
1544818725.28
1544818725.32
1544818725.37
1544818725.41
1544818725.44
1544818725.51
1544818725.6
1544818725.68
1544818725.76
1544818725.84
1544818725.92
1544818726.01
1544818726.11
1544818726.22
1544818726.31
1544818726.37
1544818726.46
1544818726.59
1544818726.7
1544818726.77
1544818726.82
1544818726.88
1544818726.93
1544818726.99
1544818727.05
1544818727.1
1544818727.17
1544818727.23
1544818727.29
1544818727.37
1544818727.46
1544818727.55
1544818727.62
1544818727.71
1544818727.8
1544818727.88
1544818727.96
1544818728.01
1544818728.07
1544818728.16
1544818728.23
1544818728.3
1544818728.36
1544818728.42
1544818728.46
1544818728.5
1544818728.53
1544818728.58
1544818728.64
1544818728.71
1544818728.77
1544818728.83
1544818728.88
1544818728.92
1544818728.96
1544818729.0
1544818729.05
1544818729.1
1544818729.16
1544818729.21
1544818729.25
1544818729.29
1544818729.35
1544818729.42
1544818729.49
1544818729.55
1544818729.59
1544818729.63
1544818729.67
1544818729.71
1544818729.78
1544818729.85
1544818729.88
1544818729.92
1544818729.96
1544818730.01
1544818730.06
1544818730.09
1544818730.13
1544818730.21
1544818730.26
1544818730.29
1544818730.33
1544818730.4
1544818730.46
1544818730.51
1544818730.56
1544818730.61
1544818730.67
1544818730.71
1544818730.75
1544818730.81
1544818730.85
1544818730.9
1544818730.93
1544818730.99
1544818731.03
1544818731.1
1544818731.13
1544818731.18
1544818731.26
1544818731.3
1544818731.35
1544818731.39
1544818731.43
1544818731.47
1544818731.52
1544818731.59
1544818731.65
1544818731.71
1544818731.77
1544818731.81
1544818731.86
1544818731.91
1544818731.95
1544818731.98
1544818732.02
1544818732.08
1544818732.13
1544818732.18
1544818732.22
1544818732.27
1544818732.31
1544818732.35
1544818732.38
1544818732.41
1544818732.45
1544818732.49
1544818732.53
1544818732.56
1544818732.6
1544818732.65
1544818732.69
1544818732.73
1544818732.78
1544818732.83
1544818732.87
1544818732.91
1544818732.96
1544818733.0
1544818733.07
1544818733.1
1544818733.14
1544818733.22
1544818733.26
1544818733.3
1544818733.35
1544818733.4
1544818733.45
1544818733.48
1544818733.53
1544818733.59
1544818733.63
1544818733.68
1544818733.71
1544818733.76
1544818733.82
1544818733.87
1544818733.91
1544818733.95
1544818734.01
1544818734.07
1544818734.12
1544818734.17
1544818734.21
1544818734.26
1544818734.3
1544818734.34
1544818734.41
1544818734.47
1544818734.5
1544818734.53
1544818734.58
1544818734.63
1544818734.67
1544818734.72
1544818734.77
1544818734.82
1544818734.86
1544818734.91
1544818734.95
1544818735.0
1544818735.04
1544818735.09
1544818735.13
1544818735.16
1544818735.2
1544818735.23
1544818735.27
1544818735.31
1544818735.36
1544818735.43
1544818735.49
1544818735.53
1544818735.56
1544818735.6
1544818735.65
1544818735.71
1544818735.75
1544818735.81
1544818735.85
1544818735.89
1544818735.94
1544818735.97
1544818736.01
1544818736.05
1544818736.09
1544818736.12
1544818736.16
1544818736.2
1544818736.23
1544818736.27
1544818736.3
1544818736.35
1544818736.45
1544818736.5
1544818736.55
1544818736.59
1544818736.66
1544818736.69
1544818736.76
1544818736.8
1544818736.86
1544818736.92
1544818736.99
1544818737.07
1544818737.13
1544818737.18
1544818737.23
1544818737.28
1544818737.32
1544818737.36
1544818737.44
1544818737.51
1544818737.57
1544818737.64
1544818737.68
1544818737.74
1544818737.8
1544818737.87
1544818737.92
1544818737.98
1544818738.05
1544818738.12
1544818738.18
1544818738.25
1544818738.3
1544818738.37
1544818738.43
1544818738.49
1544818738.55
1544818738.59
1544818738.65
1544818738.73
1544818738.78
1544818738.83
1544818738.9
1544818738.96
1544818739.02
1544818739.09
1544818739.15
1544818739.2
1544818739.24
1544818739.28
1544818739.34
1544818739.39
1544818739.43
1544818739.49
1544818739.58
1544818739.67
1544818739.73
1544818739.81
1544818739.86
1544818739.9
1544818739.97
1544818740.05
1544818740.11
1544818740.18
1544818740.24
1544818740.3
1544818740.35
1544818740.41
1544818740.49
1544818740.58
1544818740.65
1544818740.72
1544818740.8
1544818740.84
1544818740.89
1544818740.93
1544818741.0
1544818741.06
1544818741.11
1544818741.16
1544818741.23
1544818741.27
1544818741.32
1544818741.38
1544818741.43
1544818741.47
1544818741.51
1544818741.55
1544818741.61
1544818741.66
1544818741.69
1544818741.73
1544818741.78
1544818741.85
1544818741.91
1544818741.96
1544818742.04
1544818742.09
1544818742.15
1544818742.19
1544818742.26
1544818742.3
1544818742.35
1544818742.41
1544818742.47
1544818742.51
1544818742.56
1544818742.62
1544818742.67
1544818742.7
1544818742.74
1544818742.82
1544818742.87
1544818742.92
1544818742.97
1544818743.01
1544818743.07
1544818743.11
1544818743.15
1544818743.2
1544818743.24
1544818743.28
1544818743.31
1544818743.36
1544818743.42
1544818743.46
1544818743.51
1544818743.55
1544818743.6
1544818743.65
1544818743.7
1544818743.73
1544818743.84
1544818743.89
1544818743.94
1544818744.01
1544818744.07
1544818744.12
1544818744.2
1544818744.24
1544818744.28
1544818744.31
1544818744.36
1544818744.41
1544818744.46
1544818744.49
1544818744.54
1544818744.61
1544818744.7
1544818744.76
1544818744.8
1544818744.85
1544818744.9
1544818744.94
1544818745.0
1544818745.05
1544818745.09
1544818745.13
1544818745.18
1544818745.25
1544818745.29
1544818745.33
1544818745.37
1544818745.43
1544818745.48
1544818745.53
1544818745.59
1544818745.65
1544818745.69
1544818745.73
1544818745.79
1544818745.84
1544818745.89
1544818745.93
1544818745.99
1544818746.05
1544818746.08
1544818746.11
1544818746.15
1544818746.22
1544818746.27
1544818746.3
1544818746.35
1544818746.41
1544818746.47
1544818746.51
1544818746.55
1544818746.64
1544818746.69
1544818746.73
1544818746.81
1544818746.86
1544818746.9
1544818746.97
1544818747.02
1544818747.06
1544818747.1
1544818747.13
1544818747.2
1544818747.26
1544818747.29
1544818747.33
1544818747.38
1544818747.42
1544818747.46
1544818747.5
1544818747.56
1544818747.61
1544818747.67
1544818747.72
1544818747.78
1544818747.85
1544818747.89
1544818747.93
1544818748.0
1544818748.05
1544818748.1
1544818748.14
1544818748.2
1544818748.26
1544818748.31
1544818748.35
1544818748.39
1544818748.44
1544818748.48
1544818748.52
1544818748.56
1544818748.61
1544818748.66
1544818748.72
1544818748.77
1544818748.82
1544818748.89
1544818748.95
1544818748.99
1544818749.03
1544818749.07
1544818749.14
1544818749.18
1544818749.22
1544818749.29
1544818749.33
1544818749.37
1544818749.42
1544818749.47
1544818749.51
1544818749.58
1544818749.64
1544818749.7
1544818749.75
1544818749.81
1544818749.86
1544818749.9
1544818749.94
1544818750.03
1544818750.09
1544818750.13
1544818750.19
1544818750.25
1544818750.3
1544818750.35
1544818750.4
1544818750.44
1544818750.48
1544818750.52
1544818750.59
1544818750.64
1544818750.67
1544818750.71
1544818750.76
1544818750.81
1544818750.87
1544818750.91
1544818750.96
1544818751.01
1544818751.06
1544818751.1
1544818751.13
1544818751.18
1544818751.25
1544818751.3
1544818751.35
1544818751.4
1544818751.47
1544818751.52
1544818751.57
1544818751.61
1544818751.66
1544818751.71
1544818751.75
1544818751.83
1544818751.93
1544818752.01
1544818752.1
1544818752.16
1544818752.23
1544818752.3
1544818752.37
1544818752.44
1544818752.51
1544818752.59
1544818752.67
1544818752.75
1544818752.83
1544818752.9
1544818752.97
1544818753.04
1544818753.11
1544818753.2
1544818753.27
1544818753.32
1544818753.42
1544818753.46
1544818753.5
1544818753.55
1544818753.59
1544818753.64
1544818753.68
1544818753.73
1544818753.8
1544818753.85
1544818753.89
1544818753.93
1544818754.0
1544818754.06
1544818754.1
1544818754.15
1544818754.2
1544818754.26
1544818754.29
1544818754.33
1544818754.4
1544818754.45
1544818754.49
1544818754.53
1544818754.59
1544818754.66
1544818754.7
1544818754.78
1544818754.83
1544818754.88
1544818754.91
1544818754.96
1544818755.06
1544818755.09
1544818755.12
1544818755.16
1544818755.21
1544818755.26
1544818755.3
1544818755.34
1544818755.41
1544818755.47
1544818755.51
1544818755.54
1544818755.58
1544818755.61
1544818755.66
1544818755.69
1544818755.74
1544818755.8
1544818755.85
1544818755.89
1544818755.92
1544818755.98
1544818756.05
1544818756.09
1544818756.13
1544818756.2
1544818756.26
1544818756.31
1544818756.34
1544818756.39
1544818756.46
1544818756.5
1544818756.54
1544818756.61
1544818756.66
1544818756.7
1544818756.75
1544818756.79
1544818756.84
1544818756.87
1544818756.9
1544818756.94
1544818756.98
1544818757.03
1544818757.08
1544818757.11
1544818757.15
1544818757.21
1544818757.25
1544818757.28
1544818757.32
1544818757.36
1544818757.41
1544818757.45
1544818757.49
1544818757.52
1544818757.59
1544818757.64
1544818757.68
1544818757.71
1544818757.75
1544818757.79
1544818757.83
1544818757.86
1544818757.9
1544818757.93
1544818757.97
1544818758.02
1544818758.07
1544818758.1
1544818758.13
1544818758.19
1544818758.25
1544818758.28
1544818758.31
1544818758.35
1544818758.39
1544818758.43
1544818758.48
1544818758.51
1544818758.55
1544818758.58
1544818758.65
1544818758.68
1544818758.72
1544818758.75
1544818758.79
1544818758.82
1544818758.86
1544818758.9
1544818758.94
1544818758.99
1544818759.03
1544818759.07
1544818759.1
1544818759.14
1544818759.18
1544818759.22
1544818759.26
1544818759.3
1544818759.33
1544818759.39
1544818759.43
1544818759.47
1544818759.51
1544818759.55
1544818759.58
1544818759.62
1544818759.67
1544818759.7
1544818759.75
1544818759.78
1544818759.83
1544818759.88
1544818759.91
1544818759.95
1544818760.0
1544818760.06
1544818760.1
1544818760.17
1544818760.23
1544818760.28
1544818760.33
1544818760.38
1544818760.42
1544818760.48
1544818760.52
1544818760.57
1544818760.61
1544818760.65
1544818760.7
1544818760.73
1544818760.8
1544818760.84
1544818760.9
1544818760.94
1544818761.01
1544818761.07
1544818761.12
1544818761.19
1544818761.25
1544818761.28
1544818761.31
1544818761.38
1544818761.43
1544818761.48
1544818761.51
1544818761.57
1544818761.62
1544818761.66
1544818761.72
1544818761.78
1544818761.86
1544818761.92
1544818761.97
1544818762.03
1544818762.08
1544818762.13
1544818762.21
1544818762.3
1544818762.38
1544818762.46
1544818762.51
1544818762.56
1544818762.63
1544818762.72
1544818762.8
1544818762.88
1544818762.96
1544818763.08
1544818763.14
1544818763.22
1544818763.31
1544818763.39
1544818763.48
1544818763.55
1544818763.58
1544818763.61
1544818763.65
1544818763.7
1544818763.76
1544818763.8
1544818763.86
1544818763.91
1544818763.97
1544818764.05
1544818764.1
1544818764.17
1544818764.23
1544818764.28
1544818764.31
1544818764.37
1544818764.43
1544818764.48
1544818764.51
1544818764.56
1544818764.63
1544818764.7
1544818764.74
1544818764.82
1544818764.86
1544818764.91
1544818764.95
1544818764.99
1544818765.04
1544818765.09
1544818765.12
1544818765.15
1544818765.21
1544818765.25
1544818765.3
1544818765.34
1544818765.41
1544818765.45
1544818765.5
1544818765.55
1544818765.65
1544818765.71
1544818765.82
1544818765.87
1544818765.91
1544818765.99
1544818766.06
1544818766.12
1544818766.2
1544818766.25
1544818766.29
1544818766.36
1544818766.48
1544818766.52
1544818766.6
1544818766.66
1544818766.71
1544818766.76
1544818766.83
1544818766.88
1544818766.91
1544818766.98
1544818767.03
1544818767.11
1544818767.16
1544818767.21
1544818767.26
1544818767.3
1544818767.37
1544818767.44
1544818767.48
1544818767.52
1544818767.56
1544818767.6
1544818767.65
1544818767.69
1544818767.74
1544818767.79
1544818767.84
1544818767.88
1544818767.92
1544818767.98
1544818768.03
1544818768.08
1544818768.11
1544818768.17
1544818768.25
1544818768.3
1544818768.34
1544818768.4
1544818768.46
1544818768.5
1544818768.54
1544818768.6
1544818768.65
1544818768.68
1544818768.71
1544818768.76
1544818768.8
1544818768.86
1544818768.92
1544818768.98
1544818769.04
1544818769.09
1544818769.15
1544818769.21
1544818769.25
1544818769.29
1544818769.34
1544818769.41
1544818769.48
1544818769.52
1544818769.58
1544818769.63
1544818769.67
1544818769.7
1544818769.76
1544818769.82
1544818769.88
1544818769.93
1544818770.01
1544818770.07
1544818770.11
1544818770.17
1544818770.22
1544818770.28
1544818770.32
1544818770.36
1544818770.4
1544818770.46
1544818770.5
1544818770.58
1544818770.65
1544818770.71
1544818770.76
1544818770.81
1544818770.87
1544818770.92
1544818770.97
1544818771.02
1544818771.07
1544818771.1
1544818771.14
1544818771.21
1544818771.27
1544818771.31
1544818771.34
1544818771.38
1544818771.42
1544818771.47
1544818771.5
1544818771.54
1544818771.61
1544818771.67
1544818771.72
1544818771.77
1544818771.85
1544818771.89
1544818771.96
1544818772.03
1544818772.08
1544818772.13
1544818772.21
1544818772.25
1544818772.28
1544818772.32
1544818772.36
1544818772.41
1544818772.47
1544818772.52
1544818772.58
1544818772.65
1544818772.69
1544818772.73
1544818772.78
1544818772.85
1544818772.9
1544818772.96
1544818773.01
1544818773.07
1544818773.11
1544818773.15
1544818773.2
1544818773.25
1544818773.31
1544818773.37
1544818773.43
1544818773.51
1544818773.59
1544818773.65
1544818773.7
1544818773.75
1544818773.82
1544818773.91
1544818773.99
1544818774.08
1544818774.12
1544818774.16
1544818774.19
1544818774.23
1544818774.28
1544818774.36
1544818774.43
1544818774.51
1544818774.59
1544818774.66
1544818774.73
1544818774.81
1544818774.87
1544818774.94
1544818775.0
1544818775.07
1544818775.13
1544818775.2
1544818775.27
1544818775.33
1544818775.37
1544818775.41
1544818775.46
1544818775.5
1544818775.55
1544818775.62
1544818775.72
1544818775.78
1544818775.89
1544818775.98
1544818776.05
1544818776.1
1544818776.16
1544818776.21
1544818776.25
1544818776.31
1544818776.34
1544818776.38
1544818776.43
1544818776.47
1544818776.55
1544818776.59
1544818776.63
1544818776.69
1544818776.75
1544818776.79
1544818776.83
1544818776.89
1544818776.95
1544818776.99
1544818777.02
1544818777.06
1544818777.13
1544818777.18
1544818777.21
1544818777.27
1544818777.31
1544818777.34
1544818777.39
1544818777.42
1544818777.47
1544818777.52
1544818777.56
1544818777.59
1544818777.64
1544818777.7
1544818777.78
1544818777.83
1544818777.91
1544818777.97
1544818778.0
1544818778.04
1544818778.11
1544818778.16
1544818778.21
1544818778.24
1544818778.31
1544818778.37
1544818778.41
1544818778.46
1544818778.52
1544818778.57
1544818778.61
1544818778.67
1544818778.71
1544818778.76
1544818778.79
1544818778.83
1544818778.9
1544818778.96
1544818779.01
1544818779.05
1544818779.11
1544818779.17
1544818779.21
1544818779.28
1544818779.36
1544818779.41
1544818779.46
1544818779.49
1544818779.53
1544818779.58
1544818779.63
1544818779.69
1544818779.79
1544818779.83
1544818779.88
1544818779.94
1544818779.99
1544818780.04
1544818780.1
1544818780.16
1544818780.2
1544818780.25
1544818780.29
1544818780.36
1544818780.45
1544818780.52
1544818780.57
1544818780.61
1544818780.66
1544818780.71
1544818780.76
1544818780.79
1544818780.82
1544818780.86
1544818780.89
1544818780.94
1544818780.98
1544818781.01
1544818781.05
1544818781.11
1544818781.17
1544818781.2
1544818781.23
1544818781.28
1544818781.33
1544818781.38
1544818781.41
1544818781.45
1544818781.49
1544818781.53
1544818781.58
1544818781.61
1544818781.66
1544818781.69
1544818781.73
1544818781.76
1544818781.79
1544818781.82
1544818781.87
1544818781.92
1544818781.95
1544818781.98
1544818782.01
1544818782.07
1544818782.11
1544818782.15
1544818782.19
1544818782.23
1544818782.28
1544818782.31
1544818782.36
1544818782.41
1544818782.46
1544818782.53
1544818782.58
1544818782.62
1544818782.71
1544818782.76
1544818782.8
1544818782.87
1544818782.94
1544818782.98
1544818783.01
1544818783.05
1544818783.09
1544818783.13
1544818783.18
1544818783.21
1544818783.24
1544818783.28
1544818783.33
1544818783.37
1544818783.4
1544818783.45
1544818783.49
1544818783.53
1544818783.58
1544818783.61
1544818783.65
1544818783.7
1544818783.75
1544818783.79
1544818783.83
1544818783.89
1544818783.95
1544818784.0
1544818784.03
1544818784.09
1544818784.13
1544818784.16
1544818784.2
1544818784.24
1544818784.3
1544818784.35
1544818784.39
1544818784.44
1544818784.51
1544818784.56
1544818784.6
1544818784.68
1544818784.74
1544818784.78
1544818784.82
1544818784.87
1544818784.92
1544818784.96
1544818785.0
1544818785.03
1544818785.11
1544818785.17
1544818785.21
1544818785.26
1544818785.32
1544818785.37
1544818785.41
1544818785.45
1544818785.5
1544818785.55
1544818785.6
1544818785.67
1544818785.77
1544818785.85
1544818785.95
1544818786.0
1544818786.09
1544818786.19
1544818786.28
1544818786.32
1544818786.38
1544818786.43
1544818786.47
1544818786.5
1544818786.56
1544818786.6
1544818786.66
1544818786.71
1544818786.78
1544818786.82
1544818786.87
1544818786.93
1544818786.98
1544818787.03
1544818787.1
1544818787.17
1544818787.21
1544818787.3
1544818787.36
1544818787.41
1544818787.48
1544818787.53
1544818787.57
1544818787.6
1544818787.67
1544818787.73
1544818787.77
1544818787.81
1544818787.88
1544818787.96
1544818787.99
1544818788.03
1544818788.09
1544818788.14
1544818788.19
1544818788.23
1544818788.31
1544818788.34
1544818788.39
1544818788.42
1544818788.47
1544818788.51
1544818788.55
1544818788.58
1544818788.62
1544818788.71
1544818788.76
1544818788.8
1544818788.85
1544818788.91
1544818788.98
1544818789.04
1544818789.11
1544818789.18
1544818789.26
1544818789.32
1544818789.4
1544818789.48
1544818789.55
1544818789.62
1544818789.69
1544818789.76
1544818789.83
1544818789.9
1544818789.98
1544818790.07
1544818790.12
1544818790.2
1544818790.26
1544818790.33
1544818790.41
1544818790.48
1544818790.55
1544818790.61
1544818790.68
1544818790.74
1544818790.79
1544818790.86
1544818790.93
1544818791.0
1544818791.07
1544818791.15
1544818791.23
1544818791.31
1544818791.39
1544818791.48
1544818791.55
1544818791.59
1544818791.63
1544818791.72
1544818791.81
1544818791.89
1544818791.95
1544818792.03
1544818792.1
1544818792.2
1544818792.29
1544818792.36
1544818792.41
1544818792.48
1544818792.55
1544818792.6
1544818792.68
1544818792.76
1544818792.8
1544818792.85
1544818792.9
1544818792.95
1544818793.01
1544818793.08
1544818793.16
1544818793.22
1544818793.3
1544818793.37
1544818793.41
1544818793.48
1544818793.57
1544818793.65
1544818793.73
1544818793.78
1544818793.81
1544818793.85
1544818793.9
1544818793.96
1544818793.99
1544818794.02
1544818794.1
1544818794.16
1544818794.2
1544818794.24
1544818794.35
1544818794.39
1544818794.42
1544818794.46
1544818794.56
1544818794.6
1544818794.64
1544818794.68
1544818794.72
1544818794.77
1544818794.81
1544818794.85
1544818794.92
1544818794.97
1544818795.01
1544818795.06
1544818795.12
1544818795.16
1544818795.21
1544818795.26
1544818795.33
1544818795.4
1544818795.47
1544818795.54
1544818795.63
1544818795.71
1544818795.78
1544818795.86
1544818795.94
1544818796.01
1544818796.1
1544818796.17
1544818796.27
1544818796.35
1544818796.43
1544818796.51
1544818796.58
1544818796.66
1544818796.69
1544818796.73
1544818796.79
1544818796.83
1544818796.88
1544818796.95
1544818797.01
1544818797.06
1544818797.1
1544818797.14
1544818797.18
1544818797.24
1544818797.28
1544818797.32
1544818797.37
1544818797.42
1544818797.47
1544818797.5
1544818797.55
1544818797.6
1544818797.65
1544818797.69
1544818797.73
1544818797.78
1544818797.85
1544818797.9
1544818797.94
1544818797.99
1544818798.06
1544818798.1
1544818798.14
1544818798.18
1544818798.26
1544818798.29
1544818798.32
1544818798.37
1544818798.41
1544818798.46
1544818798.51
1544818798.58
1544818798.63
1544818798.67
1544818798.71
1544818798.77
1544818798.85
1544818798.9
1544818798.99
1544818799.08
1544818799.15
1544818799.19
1544818799.24
1544818799.3
1544818799.38
1544818799.46
1544818799.54
1544818799.65
1544818799.72
1544818799.77
1544818799.85
1544818799.95
1544818800.01
1544818800.07
1544818800.12
1544818800.16
1544818800.21
1544818800.27
1544818800.33
1544818800.38
1544818800.43
1544818800.47
1544818800.52
1544818800.56
1544818800.6
1544818800.65
1544818800.7
1544818800.76
1544818800.8
1544818800.84
1544818800.91
1544818800.96
1544818801.0
1544818801.03
1544818801.08
1544818801.11
1544818801.16
1544818801.21
1544818801.26
1544818801.3
1544818801.38
1544818801.41
1544818801.47
1544818801.51
1544818801.55
1544818801.59
1544818801.63
1544818801.68
1544818801.74
1544818801.78
1544818801.81
1544818801.86
1544818801.93
1544818801.98
1544818802.02
1544818802.07
1544818802.15
1544818802.2
1544818802.25
1544818802.31
1544818802.36
1544818802.4
1544818802.43
1544818802.48
1544818802.53
1544818802.58
1544818802.61
1544818802.65
1544818802.71
1544818802.76
1544818802.8
1544818802.86
1544818802.91
1544818802.98
1544818803.02
1544818803.07
1544818803.11
1544818803.15
1544818803.19
1544818803.23
1544818803.3
1544818803.36
1544818803.42
1544818803.48
1544818803.55
1544818803.6
1544818803.64
1544818803.67
1544818803.74
1544818803.79
1544818803.83
1544818803.89
1544818803.95
1544818804.0
1544818804.05
1544818804.09
1544818804.16
1544818804.21
1544818804.27
1544818804.32
1544818804.38
1544818804.42
1544818804.48
1544818804.54
1544818804.59
1544818804.64
1544818804.69
1544818804.75
1544818804.8
1544818804.85
1544818804.89
1544818804.94
1544818804.98
1544818805.03
1544818805.09
1544818805.13
1544818805.2
1544818805.27
1544818805.31
1544818805.37
1544818805.42
1544818805.46
1544818805.5
1544818805.56
1544818805.62
1544818805.67
1544818805.72
1544818805.78
1544818805.83
1544818805.88
1544818805.95
1544818805.99
1544818806.04
1544818806.09
1544818806.15
1544818806.21
1544818806.25
1544818806.32
1544818806.38
1544818806.42
1544818806.48
1544818806.55
1544818806.58
1544818806.62
1544818806.66
1544818806.71
1544818806.75
1544818806.79
1544818806.83
1544818806.92
1544818806.98
1544818807.01
1544818807.07
1544818807.13
1544818807.17
1544818807.21
1544818807.24
1544818807.29
1544818807.35
1544818807.38
1544818807.43
1544818807.49
1544818807.54
1544818807.59
1544818807.63
1544818807.69
1544818807.74
1544818807.8
1544818807.86
1544818807.91
1544818807.95
1544818807.98
1544818808.02
1544818808.06
1544818808.11
1544818808.15
1544818808.19
1544818808.22
1544818808.3
1544818808.35
1544818808.39
1544818808.43
1544818808.49
1544818808.53
1544818808.58
1544818808.61
1544818808.66
1544818808.7
1544818808.75
1544818808.79
1544818808.82
1544818808.86
1544818808.92
1544818808.97
1544818809.01
1544818809.06
1544818809.12
1544818809.17
1544818809.21
1544818809.25
1544818809.32
1544818809.37
1544818809.41
1544818809.45
1544818809.49
1544818809.55
1544818809.58
1544818809.61
1544818809.65
1544818809.71
1544818809.76
1544818809.79
1544818809.84
1544818809.92
1544818809.98
1544818810.02
1544818810.1
1544818810.16
1544818810.2
1544818810.25
1544818810.31
1544818810.38
1544818810.46
1544818810.58
1544818810.62
1544818810.7
1544818810.77
1544818810.82
1544818811.11
1544818811.2
1544818811.3
1544818811.39
1544818811.48
1544818811.59
1544818811.68
1544818811.77
1544818811.85
1544818811.88
1544818811.94
1544818812.01
1544818812.11
1544818812.2
1544818812.31
1544818812.38
1544818812.47
1544818812.55
1544818812.65
1544818812.73
1544818812.81
1544818812.88
1544818812.93
1544818813.0
1544818813.07
1544818813.1
1544818813.14
1544818813.2
1544818813.25
1544818813.32
1544818813.4
1544818813.47
1544818813.51
1544818813.56
1544818813.63
1544818813.69
1544818813.73
1544818813.81
1544818813.87
1544818813.9
1544818813.94
1544818814.01
1544818814.06
1544818814.1
1544818814.15
1544818814.25
1544818814.3
1544818814.35
1544818814.43
1544818814.48
1544818814.51
1544818814.55
1544818814.59
1544818814.64
1544818814.71
1544818814.76
1544818814.81
1544818814.87
1544818814.92
1544818814.96
1544818815.01
1544818815.05
1544818815.08
1544818815.11
1544818815.16
1544818815.21
1544818815.28
1544818815.31
1544818815.37
1544818815.42
1544818815.47
1544818815.51
1544818815.55
1544818815.64
1544818815.69
1544818815.72
1544818815.8
1544818815.86
1544818815.89
1544818815.93
1544818815.97
1544818816.03
1544818816.08
1544818816.12
1544818816.17
1544818816.25
1544818816.29
1544818816.34
1544818816.41
1544818816.48
1544818816.52
1544818816.58
1544818816.65
1544818816.69
1544818816.73
1544818816.77
1544818816.85
1544818816.89
1544818816.95
1544818817.01
1544818817.08
1544818817.11
1544818817.16
1544818817.21
1544818817.25
1544818817.3
1544818817.35
1544818817.42
1544818817.47
1544818817.5
1544818817.55
1544818817.61
1544818817.67
1544818817.7
1544818817.74
1544818817.81
1544818817.87
1544818817.9
1544818817.94
1544818818.0
1544818818.04
1544818818.08
1544818818.12
1544818818.16
1544818818.22
1544818818.26
1544818818.29
1544818818.32
1544818818.38
1544818818.44
1544818818.49
1544818818.53
1544818818.56
1544818818.63
1544818818.68
1544818818.72
1544818818.75
1544818818.78
1544818818.84
1544818818.88
1544818818.93
1544818819.0
1544818819.11
1544818819.2
1544818819.26
1544818819.31
1544818819.37
1544818819.43
1544818819.56
1544818819.67
1544818819.73
1544818819.8
1544818819.87
1544818819.93
1544818819.99
1544818820.08
1544818820.17
1544818820.25
1544818820.32
1544818820.39
1544818820.48
1544818820.55
1544818820.61
1544818820.66
1544818820.71
1544818820.76
1544818820.8
1544818820.83
1544818820.89
1544818820.94
1544818820.98
1544818821.01
1544818821.05
1544818821.12
1544818821.17
1544818821.21
1544818821.28
1544818821.34
1544818821.4
1544818821.45
1544818821.51
1544818821.57
1544818821.61
1544818821.67
1544818821.75
1544818821.79
1544818821.87
1544818821.95
1544818822.01
1544818822.05
1544818822.11
1544818822.16
1544818822.2
1544818822.25
1544818822.3
1544818822.35
1544818822.4
1544818822.45
1544818822.5
1544818822.55
1544818822.61
1544818822.69
1544818822.75
1544818822.8
1544818822.84
1544818822.89
1544818822.96
1544818823.0
1544818823.06
1544818823.13
1544818823.18
1544818823.22
1544818823.28
1544818823.33
1544818823.39
1544818823.45
1544818823.54
1544818823.58
1544818823.62
1544818823.67
1544818823.71
1544818823.75
1544818823.8
1544818823.84
1544818823.9
1544818823.96
1544818824.0
1544818824.03
1544818824.09
1544818824.13
1544818824.18
1544818824.21
1544818824.26
1544818824.31
1544818824.36
1544818824.41
1544818824.46
1544818824.5
1544818824.56
1544818824.6
1544818824.67
1544818824.74
1544818824.79
1544818824.84
1544818824.9
1544818824.96
1544818825.0
1544818825.05
1544818825.16
1544818825.26
1544818825.33
1544818825.39
1544818825.47
1544818825.51
1544818825.56
1544818825.61
1544818825.68
1544818825.75
1544818825.81
1544818825.86
1544818825.91
1544818825.97
1544818826.0
1544818826.04
1544818826.13
1544818826.17
1544818826.2
1544818826.25
1544818826.29
1544818826.35
1544818826.39
1544818826.44
1544818826.48
1544818826.54
1544818826.58
1544818826.62
1544818826.68
1544818826.74
1544818826.77
1544818826.81
1544818826.87
1544818826.94
1544818826.98
1544818827.01
1544818827.05
1544818827.1
1544818827.14
1544818827.18
1544818827.22
1544818827.28
1544818827.34
1544818827.38
1544818827.42
1544818827.46
1544818827.5
1544818827.57
1544818827.61
1544818827.65
1544818827.73
1544818827.79
1544818827.82
1544818827.9
1544818827.95
1544818827.99
1544818828.03
1544818828.09
1544818828.13
1544818828.18
1544818828.22
1544818828.3
1544818828.36
1544818828.4
1544818828.44
1544818828.51
1544818828.56
1544818828.6
1544818828.65
1544818828.68
1544818828.72
1544818828.76
1544818828.8
1544818828.84
1544818828.9
1544818828.95
1544818828.98
1544818829.01
1544818829.07
1544818829.11
1544818829.15
1544818829.19
1544818829.23
1544818829.31
1544818829.36
1544818829.4
1544818829.45
1544818829.51
1544818829.58
1544818829.61
1544818829.69
1544818829.75
1544818829.8
1544818829.84
1544818829.92
1544818829.97
1544818830.0
1544818830.04
1544818830.08
1544818830.14
1544818830.19
1544818830.23
1544818830.29
1544818830.33
1544818830.39
1544818830.43
1544818830.48
1544818830.53
1544818830.58
1544818830.62
1544818830.7
1544818830.76
1544818830.79
1544818830.84
1544818830.89
1544818830.94
1544818830.98
1544818831.02
1544818831.09
1544818831.14
1544818831.18
1544818831.22
1544818831.26
1544818831.32
1544818831.36
1544818831.4
1544818831.47
1544818831.51
1544818831.56
1544818831.6
1544818831.64
1544818831.68
1544818831.73
1544818831.77
1544818831.82
1544818831.88
1544818831.94
1544818831.98
1544818832.03
1544818832.1
1544818832.17
1544818832.21
1544818832.26
1544818832.32
1544818832.37
1544818832.4
1544818832.44
1544818832.48
1544818832.53
1544818832.57
1544818832.61
1544818832.65
1544818832.72
1544818832.78
1544818832.82
1544818832.87
1544818832.91
1544818832.98
1544818833.02
1544818833.09
1544818833.14
1544818833.18
1544818833.21
1544818833.24
1544818833.31
1544818833.34
1544818833.38
1544818833.43
1544818833.47
1544818833.5
1544818833.56
1544818833.6
1544818833.66
1544818833.7
1544818833.77
1544818833.83
1544818833.9
1544818833.97
1544818834.04
1544818834.11
1544818834.18
1544818834.25
1544818834.31
1544818834.39
1544818834.46
1544818834.53
1544818834.62
1544818834.7
1544818834.77
1544818834.83
1544818834.91
1544818834.97
1544818835.01
1544818835.06
1544818835.14
1544818835.24
1544818835.34
1544818835.41
1544818835.47
1544818835.51
1544818835.56
1544818835.62
1544818835.68
1544818835.71
1544818835.76
1544818835.81
1544818835.85
1544818835.89
1544818835.92
1544818835.98
1544818836.03
1544818836.08
1544818836.12
1544818836.17
1544818836.21
1544818836.25
1544818836.3
1544818836.33
1544818836.41
1544818836.49
1544818836.57
1544818836.67
1544818836.72
1544818836.77
1544818836.81
1544818836.88
1544818836.93
1544818836.98
1544818837.02
1544818837.06
1544818837.09
1544818837.13
1544818837.17
1544818837.24
1544818837.3
1544818837.34
1544818837.43
1544818837.49
1544818837.53
1544818837.61
1544818837.69
1544818837.75
1544818837.81
1544818837.88
1544818837.91
1544818837.96
1544818838.0
1544818838.04
1544818838.08
1544818838.15
1544818838.22
1544818838.26
1544818838.3
1544818838.33
1544818838.39
1544818838.44
1544818838.48
1544818838.53
1544818838.61
1544818838.68
1544818838.71
1544818838.75
1544818838.81
1544818838.86
1544818838.9
1544818838.94
1544818839.0
1544818839.05
1544818839.09
1544818839.12
1544818839.18
1544818839.24
1544818839.28
1544818839.32
1544818839.37
1544818839.43
1544818839.47
1544818839.52
1544818839.59
1544818839.63
1544818839.68
1544818839.73
1544818839.78
1544818839.82
1544818839.89
1544818839.96
1544818840.0
1544818840.04
1544818840.12
1544818840.22
1544818840.3
1544818840.37
1544818840.46
1544818840.51
1544818840.59
1544818840.66
1544818840.71
1544818840.77
1544818840.82
1544818840.87
1544818840.91
1544818840.97
1544818841.02
1544818841.08
1544818841.13
1544818841.19
1544818841.23
1544818841.27
1544818841.31
1544818841.39
1544818841.47
1544818841.54
1544818841.6
1544818841.67
1544818841.75
1544818841.82
1544818841.87
