1544823542.78
1544823543.86
1544823544.01
1544823544.12
1544823544.23
1544823544.32
1544823544.4
1544823544.49
1544823544.6
1544823544.69
1544823544.75
1544823545.02
1544823545.21
1544823545.36
1544823545.52
1544823545.61
1544823545.71
1544823545.78
1544823545.86
1544823545.94
1544823546.02
1544823546.09
1544823546.22
1544823546.29
1544823546.37
1544823546.44
1544823546.48
1544823546.55
1544823546.6
1544823546.67
1544823546.76
1544823546.86
1544823546.95
1544823547.05
1544823547.14
1544823547.23
1544823547.32
1544823547.39
1544823547.46
1544823547.52
1544823547.58
1544823547.64
1544823547.71
1544823547.77
1544823547.83
1544823547.92
1544823547.99
1544823548.08
1544823548.15
1544823548.25
1544823548.32
1544823548.4
1544823548.48
1544823548.56
1544823548.65
1544823548.73
1544823548.83
1544823548.91
1544823549.0
1544823549.07
1544823549.14
1544823549.22
1544823549.29
1544823549.38
1544823549.45
1544823549.53
1544823549.58
1544823549.66
1544823549.75
1544823549.83
1544823549.92
1544823549.99
1544823550.06
1544823550.15
1544823550.23
1544823550.33
1544823550.43
1544823550.5
1544823550.57
1544823550.64
1544823550.72
1544823550.79
1544823550.85
1544823550.92
1544823550.99
1544823551.07
1544823551.12
1544823551.19
1544823551.26
1544823551.34
1544823551.42
1544823551.49
1544823551.58
1544823551.64
1544823551.71
1544823551.79
1544823551.86
1544823551.93
1544823551.99
1544823552.06
1544823552.13
1544823552.19
1544823552.26
1544823552.33
1544823552.41
1544823552.52
1544823552.58
1544823552.65
1544823552.71
1544823552.78
1544823552.84
1544823552.9
1544823552.97
1544823553.03
1544823553.08
1544823553.14
1544823553.19
1544823553.25
1544823553.29
1544823553.35
1544823553.42
1544823553.49
1544823553.54
1544823553.61
1544823553.66
1544823553.75
1544823553.83
1544823553.9
1544823553.98
1544823554.04
1544823554.1
1544823554.17
1544823554.24
1544823554.3
1544823554.36
1544823554.41
1544823554.49
1544823554.56
1544823554.62
1544823554.7
1544823554.76
1544823554.85
1544823554.92
1544823554.98
1544823555.04
1544823555.09
1544823555.15
1544823555.22
1544823555.27
1544823555.34
1544823555.4
1544823555.46
1544823555.52
1544823555.57
1544823555.66
1544823555.74
1544823555.8
1544823555.87
1544823555.92
1544823555.98
1544823556.04
1544823556.09
1544823556.14
1544823556.19
1544823556.26
1544823556.31
1544823556.36
1544823556.41
1544823556.47
1544823556.57
1544823556.64
1544823556.73
1544823556.8
1544823556.89
1544823556.96
1544823557.02
1544823557.08
1544823557.16
1544823557.24
1544823557.29
1544823557.42
1544823557.54
1544823557.62
1544823557.67
1544823557.74
1544823557.79
1544823557.86
1544823557.91
1544823557.97
1544823558.03
1544823558.09
1544823558.15
1544823558.21
1544823558.27
1544823558.33
1544823558.39
1544823558.45
1544823558.51
1544823558.57
1544823558.63
1544823558.68
1544823558.74
1544823558.79
1544823558.85
1544823558.9
1544823558.95
1544823559.0
1544823559.07
1544823559.14
1544823559.23
1544823559.29
1544823559.34
1544823559.39
1544823559.46
1544823559.52
1544823559.56
1544823559.61
1544823559.67
1544823559.74
1544823559.81
1544823559.87
1544823559.94
1544823560.01
1544823560.08
1544823560.16
1544823560.23
1544823560.3
1544823560.36
1544823560.42
1544823560.48
1544823560.54
1544823560.6
1544823560.66
1544823560.74
1544823560.81
1544823560.89
1544823560.97
1544823561.03
1544823561.1
1544823561.16
1544823561.22
1544823561.28
1544823561.33
1544823561.4
1544823561.46
1544823561.53
1544823561.59
1544823561.66
1544823561.72
1544823561.82
1544823561.91
1544823562.0
1544823562.08
1544823562.17
1544823562.23
1544823562.31
1544823562.39
1544823562.47
1544823562.56
1544823562.65
1544823562.74
1544823562.81
1544823562.89
1544823562.96
1544823563.03
1544823563.11
1544823563.18
1544823563.26
1544823563.33
1544823563.42
1544823563.49
1544823563.56
1544823563.63
1544823563.68
1544823563.76
1544823563.85
1544823563.93
1544823564.01
1544823564.08
1544823564.17
1544823564.24
1544823564.33
1544823564.39
1544823564.47
1544823564.55
1544823564.61
1544823564.68
1544823564.75
1544823564.81
1544823564.89
1544823564.95
1544823565.03
1544823565.1
1544823565.18
1544823565.24
1544823565.32
1544823565.38
1544823565.45
1544823565.51
1544823565.57
1544823565.64
1544823565.71
1544823565.76
1544823565.84
1544823565.92
1544823565.99
1544823566.05
1544823566.12
1544823566.18
1544823566.25
1544823566.31
1544823566.37
1544823566.44
1544823566.51
1544823566.56
1544823566.63
1544823566.68
1544823566.74
1544823566.8
1544823566.86
1544823566.92
1544823566.99
1544823567.06
1544823567.12
1544823567.18
1544823567.24
1544823567.29
1544823567.35
1544823567.42
1544823567.48
1544823567.54
1544823567.61
1544823567.67
1544823567.72
1544823567.78
1544823567.84
1544823567.9
1544823567.96
1544823568.02
1544823568.07
1544823568.13
1544823568.2
1544823568.26
1544823568.33
1544823568.39
1544823568.44
1544823568.52
1544823568.58
1544823568.65
1544823568.71
1544823568.76
1544823568.83
1544823568.9
1544823568.97
1544823569.03
1544823569.09
1544823569.16
1544823569.23
1544823569.3
1544823569.37
1544823569.42
1544823569.51
1544823569.58
1544823569.65
1544823569.71
1544823569.77
1544823569.83
1544823569.89
1544823569.96
1544823570.02
1544823570.07
1544823570.12
1544823570.17
1544823570.22
1544823570.27
1544823570.31
1544823570.36
1544823570.41
1544823570.47
1544823570.53
1544823570.58
1544823570.63
1544823570.68
1544823570.74
1544823570.79
1544823570.85
1544823570.9
1544823570.95
1544823571.0
1544823571.06
1544823571.12
1544823571.17
1544823571.22
1544823571.27
1544823571.33
1544823571.38
1544823571.43
1544823571.49
1544823571.54
1544823571.61
1544823571.66
1544823571.72
1544823571.79
1544823571.86
1544823571.93
1544823572.0
1544823572.07
1544823572.14
1544823572.2
1544823572.27
1544823572.32
1544823572.38
1544823572.45
1544823572.51
1544823572.58
1544823572.68
1544823572.78
1544823572.88
1544823572.98
1544823573.07
1544823573.16
1544823573.25
1544823573.33
1544823573.42
1544823573.52
1544823573.61
1544823573.68
1544823573.77
1544823573.85
1544823573.93
1544823574.01
1544823574.07
1544823574.15
1544823574.24
1544823574.31
1544823574.39
1544823574.47
1544823574.53
1544823574.59
1544823574.65
1544823574.71
1544823574.76
1544823574.84
1544823574.9
1544823574.98
1544823575.04
1544823575.07
1544823575.12
1544823575.17
1544823575.22
1544823575.26
1544823575.3
1544823575.33
1544823575.37
1544823575.41
1544823575.45
1544823575.48
1544823575.53
1544823575.57
1544823575.61
1544823575.65
1544823575.69
1544823575.75
1544823575.81
1544823575.84
1544823575.89
1544823575.93
1544823575.97
1544823576.02
1544823576.05
1544823576.09
1544823576.13
1544823576.17
1544823576.22
1544823576.25
1544823576.29
1544823576.34
1544823576.4
1544823576.43
1544823576.46
1544823576.51
1544823576.55
1544823576.59
1544823576.63
1544823576.66
1544823576.7
1544823576.75
1544823576.79
1544823576.83
1544823576.87
1544823576.93
1544823576.98
1544823577.02
1544823577.06
1544823577.11
1544823577.16
1544823577.2
1544823577.24
1544823577.28
1544823577.32
1544823577.39
1544823577.44
1544823577.48
1544823577.52
1544823577.56
1544823577.6
1544823577.64
1544823577.67
1544823577.72
1544823577.77
1544823577.81
1544823577.84
1544823577.88
1544823577.93
1544823577.97
1544823578.01
1544823578.05
1544823578.08
1544823578.13
1544823578.19
1544823578.24
1544823578.28
1544823578.34
1544823578.39
1544823578.43
1544823578.47
1544823578.53
1544823578.59
1544823578.64
1544823578.69
1544823578.73
1544823578.78
1544823578.82
1544823578.85
1544823578.9
1544823578.96
1544823579.01
1544823579.05
1544823579.11
1544823579.18
1544823579.22
1544823579.26
1544823579.3
1544823579.38
1544823579.42
1544823579.46
1544823579.51
1544823579.55
1544823579.59
1544823579.64
1544823579.69
1544823579.76
1544823579.81
1544823579.86
1544823579.91
1544823579.96
1544823580.0
1544823580.05
1544823580.11
1544823580.17
1544823580.22
1544823580.26
1544823580.29
1544823580.35
1544823580.4
1544823580.44
1544823580.49
1544823580.55
1544823580.59
1544823580.63
1544823580.67
1544823580.73
1544823580.8
1544823580.84
1544823580.88
1544823580.94
1544823581.01
1544823581.05
1544823581.09
1544823581.13
1544823581.18
1544823581.23
1544823581.27
1544823581.31
1544823581.34
1544823581.38
1544823581.42
1544823581.45
1544823581.5
1544823581.54
1544823581.6
1544823581.65
1544823581.7
1544823581.76
1544823581.8
1544823581.84
1544823581.89
1544823581.95
1544823581.99
1544823582.04
1544823582.08
1544823582.14
1544823582.18
1544823582.22
1544823582.26
1544823582.31
1544823582.36
1544823582.41
1544823582.46
1544823582.51
1544823582.56
1544823582.62
1544823582.66
1544823582.7
1544823582.74
1544823582.77
1544823582.83
1544823582.87
1544823582.93
1544823582.98
1544823583.04
1544823583.09
1544823583.15
1544823583.2
1544823583.25
1544823583.31
1544823583.36
1544823583.42
1544823583.48
1544823583.54
1544823583.61
1544823583.67
1544823583.74
1544823583.79
1544823583.85
1544823583.9
1544823583.94
1544823583.98
1544823584.04
1544823584.11
1544823584.17
1544823584.24
1544823584.32
1544823584.39
1544823584.48
1544823584.56
1544823584.63
1544823584.7
1544823584.75
1544823584.83
1544823584.88
1544823584.96
1544823585.02
1544823585.07
1544823585.13
1544823585.19
1544823585.25
1544823585.33
1544823585.4
1544823585.46
1544823585.52
1544823585.57
1544823585.61
1544823585.66
1544823585.7
1544823585.74
1544823585.78
1544823585.82
1544823585.86
1544823585.92
1544823585.97
1544823586.01
1544823586.05
1544823586.11
1544823586.16
1544823586.21
1544823586.25
1544823586.31
1544823586.36
1544823586.39
1544823586.44
1544823586.47
1544823586.52
1544823586.58
1544823586.62
1544823586.65
1544823586.68
1544823586.73
1544823586.79
1544823586.82
1544823586.86
1544823586.89
1544823586.96
1544823587.01
1544823587.05
1544823587.09
1544823587.16
1544823587.21
1544823587.25
1544823587.29
1544823587.36
1544823587.41
1544823587.45
1544823587.49
1544823587.54
1544823587.6
1544823587.65
1544823587.69
1544823587.75
1544823587.8
1544823587.83
1544823587.86
1544823587.9
1544823587.94
1544823587.99
1544823588.03
1544823588.06
1544823588.16
1544823588.21
1544823588.26
1544823588.32
1544823588.37
1544823588.41
1544823588.45
1544823588.48
1544823588.52
1544823588.59
1544823588.63
1544823588.68
1544823588.73
1544823588.77
1544823588.81
1544823588.84
1544823588.88
1544823588.92
1544823588.96
1544823588.99
1544823589.04
1544823589.07
1544823589.12
1544823589.17
1544823589.21
1544823589.25
1544823589.29
1544823589.35
1544823589.4
1544823589.43
1544823589.47
1544823589.52
1544823589.56
1544823589.61
1544823589.65
1544823589.7
1544823589.75
1544823589.79
1544823589.83
1544823589.87
1544823589.92
1544823589.96
1544823590.02
1544823590.05
1544823590.1
1544823590.15
1544823590.19
1544823590.24
1544823590.29
1544823590.35
1544823590.39
1544823590.44
1544823590.47
1544823590.52
1544823590.57
1544823590.61
1544823590.65
1544823590.69
1544823590.73
1544823590.77
1544823590.83
1544823590.86
1544823590.94
1544823590.98
1544823591.02
1544823591.07
1544823591.13
1544823591.18
1544823591.23
1544823591.26
1544823591.31
1544823591.37
1544823591.41
1544823591.45
1544823591.49
1544823591.53
1544823591.57
1544823591.62
1544823591.66
1544823591.75
1544823591.8
1544823591.84
1544823591.9
1544823591.97
1544823592.01
1544823592.05
1544823592.09
1544823592.14
1544823592.18
1544823592.22
1544823592.26
1544823592.33
1544823592.39
1544823592.43
1544823592.48
1544823592.55
1544823592.6
1544823592.64
1544823592.69
1544823592.75
1544823592.79
1544823592.82
1544823592.86
1544823592.94
1544823592.99
1544823593.04
1544823593.09
1544823593.15
1544823593.2
1544823593.24
1544823593.27
1544823593.31
1544823593.38
1544823593.43
1544823593.47
1544823593.54
1544823593.6
1544823593.66
1544823593.73
1544823593.8
1544823593.86
1544823593.92
1544823593.96
1544823594.0
1544823594.05
1544823594.1
1544823594.15
1544823594.2
1544823594.26
1544823594.34
1544823594.41
1544823594.47
1544823594.53
1544823594.59
1544823594.64
1544823594.67
1544823594.73
1544823594.79
1544823594.87
1544823594.93
1544823594.99
1544823595.03
1544823595.07
1544823595.12
1544823595.16
1544823595.2
1544823595.24
1544823595.27
1544823595.33
1544823595.39
1544823595.43
1544823595.47
1544823595.54
1544823595.59
1544823595.63
1544823595.66
1544823595.69
1544823595.74
1544823595.79
1544823595.83
1544823595.87
1544823595.92
1544823595.98
1544823596.02
1544823596.06
1544823596.11
1544823596.16
1544823596.22
1544823596.26
1544823596.33
1544823596.39
1544823596.43
1544823596.47
1544823596.53
1544823596.59
1544823596.63
1544823596.66
1544823596.71
1544823596.78
1544823596.83
1544823596.88
1544823596.92
1544823596.96
1544823597.01
1544823597.04
1544823597.07
1544823597.12
1544823597.18
1544823597.21
1544823597.26
1544823597.3
1544823597.35
1544823597.41
1544823597.44
1544823597.51
1544823597.57
1544823597.61
1544823597.66
1544823597.72
1544823597.77
1544823597.82
1544823597.86
1544823597.9
1544823597.95
1544823597.98
1544823598.04
1544823598.08
1544823598.12
1544823598.15
1544823598.19
1544823598.23
1544823598.29
1544823598.37
1544823598.42
1544823598.46
1544823598.52
1544823598.57
1544823598.62
1544823598.67
1544823598.72
1544823598.77
1544823598.82
1544823598.87
1544823598.92
1544823598.97
1544823599.03
1544823599.09
1544823599.16
1544823599.23
1544823599.29
1544823599.36
1544823599.4
1544823599.46
1544823599.51
1544823599.57
1544823599.64
1544823599.69
1544823599.76
1544823599.81
1544823599.86
1544823599.91
1544823599.97
1544823600.04
1544823600.1
1544823600.16
1544823600.23
1544823600.28
1544823600.33
1544823600.36
1544823600.43
1544823600.51
1544823600.57
1544823600.64
1544823600.7
1544823600.79
1544823600.84
1544823600.91
1544823600.98
1544823601.03
1544823601.07
1544823601.12
1544823601.17
1544823601.21
1544823601.24
1544823601.28
1544823601.33
1544823601.38
1544823601.42
1544823601.46
1544823601.49
1544823601.55
1544823601.6
1544823601.64
1544823601.67
1544823601.71
1544823601.77
1544823601.82
1544823601.86
1544823601.89
1544823601.93
1544823601.98
1544823602.01
1544823602.06
1544823602.11
1544823602.16
1544823602.21
1544823602.24
1544823602.27
1544823602.31
1544823602.35
1544823602.4
1544823602.44
1544823602.48
1544823602.52
1544823602.56
1544823602.61
1544823602.65
1544823602.69
1544823602.74
1544823602.78
1544823602.84
1544823602.88
1544823602.94
1544823602.99
1544823603.04
1544823603.09
1544823603.14
1544823603.19
1544823603.24
1544823603.29
1544823603.33
1544823603.39
1544823603.42
1544823603.46
1544823603.52
1544823603.59
1544823603.63
1544823603.67
1544823603.73
1544823603.8
1544823603.85
1544823603.89
1544823603.95
1544823604.01
1544823604.05
1544823604.09
1544823604.16
1544823604.21
1544823604.26
1544823604.31
1544823604.37
1544823604.42
1544823604.46
1544823604.49
1544823604.53
1544823604.61
1544823604.65
1544823604.69
1544823604.76
1544823604.81
1544823604.87
1544823604.91
1544823604.98
1544823605.03
1544823605.08
1544823605.12
1544823605.16
1544823605.22
1544823605.25
1544823605.31
1544823605.36
1544823605.43
1544823605.47
1544823605.52
1544823605.58
1544823605.63
1544823605.67
1544823605.72
1544823605.78
1544823605.83
1544823605.87
1544823605.91
1544823605.96
1544823606.02
1544823606.06
1544823606.11
1544823606.16
1544823606.22
1544823606.26
1544823606.3
1544823606.35
1544823606.39
1544823606.43
1544823606.47
1544823606.51
1544823606.57
1544823606.63
1544823606.67
1544823606.72
1544823606.78
1544823606.85
1544823606.89
1544823606.94
1544823607.0
1544823607.04
1544823607.08
1544823607.13
1544823607.18
1544823607.23
1544823607.26
1544823607.3
1544823607.34
1544823607.38
1544823607.42
1544823607.45
1544823607.49
1544823607.54
1544823607.6
1544823607.64
1544823607.69
1544823607.72
1544823607.76
1544823607.81
1544823607.84
1544823607.87
1544823607.92
1544823607.98
1544823608.03
1544823608.07
1544823608.11
1544823608.16
1544823608.21
1544823608.25
1544823608.29
1544823608.33
1544823608.38
1544823608.43
1544823608.48
1544823608.51
1544823608.55
1544823608.59
1544823608.63
1544823608.67
1544823608.71
1544823608.77
1544823608.81
1544823608.85
1544823608.88
1544823608.97
1544823609.01
1544823609.05
1544823609.11
1544823609.18
1544823609.25
1544823609.32
1544823609.38
1544823609.44
1544823609.5
1544823609.54
1544823609.6
1544823609.66
1544823609.71
1544823609.75
1544823609.79
1544823609.84
1544823609.87
1544823609.92
1544823609.96
1544823610.0
1544823610.04
1544823610.1
1544823610.16
1544823610.22
1544823610.27
1544823610.32
1544823610.37
1544823610.45
1544823610.52
1544823610.58
1544823610.61
1544823610.66
1544823610.72
1544823610.78
1544823610.85
1544823610.91
1544823610.96
1544823611.01
1544823611.07
1544823611.11
1544823611.16
1544823611.22
1544823611.26
1544823611.31
1544823611.35
1544823611.39
1544823611.46
1544823611.51
1544823611.54
1544823611.58
1544823611.62
1544823611.67
1544823611.71
1544823611.75
1544823611.78
1544823611.82
1544823611.86
1544823611.9
1544823611.94
1544823611.99
1544823612.04
1544823612.1
1544823612.14
1544823612.19
1544823612.25
1544823612.31
1544823612.35
1544823612.39
1544823612.43
1544823612.51
1544823612.55
1544823612.59
1544823612.64
1544823612.71
1544823612.75
1544823612.8
1544823612.86
1544823612.92
1544823612.96
1544823613.03
1544823613.09
1544823613.14
1544823613.18
1544823613.24
1544823613.29
1544823613.34
1544823613.38
1544823613.43
1544823613.49
1544823613.54
1544823613.58
1544823613.64
1544823613.69
1544823613.72
1544823613.76
1544823613.8
1544823613.84
1544823613.88
1544823613.91
1544823613.95
1544823613.98
1544823614.02
1544823614.07
1544823614.13
1544823614.17
1544823614.23
1544823614.28
1544823614.32
1544823614.35
1544823614.38
1544823614.43
1544823614.48
1544823614.52
1544823614.55
1544823614.59
1544823614.63
1544823614.71
1544823614.74
1544823614.78
1544823614.85
1544823614.91
1544823614.94
1544823614.99
1544823615.05
1544823615.11
1544823615.14
1544823615.18
1544823615.22
1544823615.26
1544823615.32
1544823615.36
1544823615.41
1544823615.46
1544823615.51
1544823615.55
1544823615.59
1544823615.66
1544823615.72
1544823615.76
1544823615.81
1544823615.86
1544823615.92
1544823615.98
1544823616.04
1544823616.09
1544823616.13
1544823616.17
1544823616.22
1544823616.27
1544823616.32
1544823616.37
1544823616.44
1544823616.48
1544823616.53
1544823616.57
1544823616.64
1544823616.68
1544823616.74
1544823616.79
1544823616.84
1544823616.91
1544823616.98
1544823617.04
1544823617.11
1544823617.18
1544823617.24
1544823617.3
1544823617.36
1544823617.41
1544823617.48
1544823617.54
1544823617.6
1544823617.66
1544823617.71
1544823617.76
1544823617.82
1544823617.88
1544823617.94
1544823618.0
1544823618.04
1544823618.08
1544823618.12
1544823618.18
1544823618.22
1544823618.26
1544823618.32
1544823618.38
1544823618.44
1544823618.49
1544823618.56
1544823618.64
1544823618.71
1544823618.77
1544823618.82
1544823618.86
1544823618.91
1544823618.95
1544823618.99
1544823619.04
1544823619.1
1544823619.13
1544823619.16
1544823619.22
1544823619.27
1544823619.31
1544823619.36
1544823619.41
1544823619.45
1544823619.49
1544823619.52
1544823619.55
1544823619.61
1544823619.66
1544823619.71
1544823619.74
1544823619.79
1544823619.84
1544823619.89
1544823619.93
1544823619.96
1544823620.01
1544823620.05
1544823620.11
1544823620.14
1544823620.18
1544823620.25
1544823620.29
1544823620.34
1544823620.37
1544823620.44
1544823620.49
1544823620.52
1544823620.55
1544823620.61
1544823620.68
1544823620.72
1544823620.76
1544823620.8
1544823620.85
1544823620.89
1544823620.93
1544823620.96
1544823621.03
1544823621.08
1544823621.12
1544823621.16
1544823621.22
1544823621.28
1544823621.31
1544823621.35
1544823621.42
1544823621.49
1544823621.53
1544823621.57
1544823621.62
1544823621.68
1544823621.71
1544823621.75
1544823621.79
1544823621.84
1544823621.89
1544823621.93
1544823621.98
1544823622.02
1544823622.07
1544823622.13
1544823622.16
1544823622.22
1544823622.29
1544823622.33
1544823622.37
1544823622.42
1544823622.5
1544823622.54
1544823622.58
1544823622.64
1544823622.69
1544823622.72
1544823622.76
1544823622.79
1544823622.83
1544823622.87
1544823622.92
1544823622.96
1544823622.99
1544823623.09
1544823623.14
1544823623.17
1544823623.21
1544823623.29
1544823623.33
1544823623.38
1544823623.41
1544823623.45
1544823623.5
1544823623.54
1544823623.58
1544823623.63
1544823623.68
1544823623.74
1544823623.78
1544823623.83
1544823623.88
1544823623.92
1544823623.95
1544823623.99
1544823624.03
1544823624.07
1544823624.12
1544823624.15
1544823624.19
1544823624.23
1544823624.27
1544823624.3
1544823624.34
1544823624.38
1544823624.45
1544823624.51
1544823624.55
1544823624.59
1544823624.64
1544823624.71
1544823624.75
1544823624.79
1544823624.85
1544823624.89
1544823624.93
1544823624.97
1544823625.02
1544823625.07
1544823625.11
1544823625.14
1544823625.18
1544823625.25
1544823625.29
1544823625.33
1544823625.38
1544823625.43
1544823625.48
1544823625.53
1544823625.58
1544823625.64
1544823625.71
1544823625.76
1544823625.82
1544823625.88
1544823625.93
1544823625.97
1544823626.03
1544823626.08
1544823626.14
1544823626.21
1544823626.27
1544823626.34
1544823626.4
1544823626.46
1544823626.53
1544823626.59
1544823626.64
1544823626.69
1544823626.73
1544823626.78
1544823626.84
1544823626.91
1544823626.96
1544823627.01
1544823627.05
1544823627.1
1544823627.14
1544823627.19
1544823627.25
1544823627.31
1544823627.36
1544823627.42
1544823627.47
1544823627.53
1544823627.59
1544823627.68
1544823627.76
1544823627.83
1544823627.86
1544823627.93
1544823628.0
1544823628.06
1544823628.14
1544823628.2
1544823628.26
1544823628.35
1544823628.43
1544823628.49
1544823628.55
1544823628.61
1544823628.65
1544823628.72
1544823628.78
1544823628.84
1544823628.9
1544823628.97
1544823629.02
1544823629.09
1544823629.12
1544823629.17
1544823629.21
1544823629.26
1544823629.31
1544823629.34
1544823629.38
1544823629.43
1544823629.47
1544823629.51
1544823629.56
1544823629.62
1544823629.68
1544823629.72
1544823629.76
1544823629.82
1544823629.87
1544823629.91
1544823629.95
1544823629.99
1544823630.04
1544823630.11
1544823630.14
1544823630.19
1544823630.23
1544823630.28
1544823630.32
1544823630.36
1544823630.42
1544823630.49
1544823630.54
1544823630.59
1544823630.63
1544823630.69
1544823630.72
1544823630.76
1544823630.8
1544823630.84
1544823630.89
1544823630.93
1544823630.99
1544823631.05
1544823631.09
1544823631.14
1544823631.19
1544823631.23
1544823631.27
1544823631.31
1544823631.34
1544823631.38
1544823631.42
1544823631.45
1544823631.49
1544823631.54
1544823631.57
1544823631.62
1544823631.66
1544823631.7
1544823631.74
1544823631.78
1544823631.82
1544823631.86
1544823631.92
1544823631.95
1544823632.0
1544823632.06
1544823632.11
1544823632.16
1544823632.21
1544823632.28
1544823632.32
1544823632.36
1544823632.41
1544823632.5
1544823632.53
1544823632.59
1544823632.67
1544823632.72
1544823632.76
1544823632.82
1544823632.86
1544823632.91
1544823632.95
1544823633.01
1544823633.06
1544823633.1
1544823633.14
1544823633.18
1544823633.25
1544823633.3
1544823633.33
1544823633.36
1544823633.41
1544823633.47
1544823633.51
1544823633.55
1544823633.59
1544823633.64
1544823633.7
1544823633.73
1544823633.76
1544823633.82
1544823633.88
1544823633.92
1544823633.96
1544823634.01
1544823634.07
1544823634.11
1544823634.15
1544823634.2
1544823634.23
1544823634.28
1544823634.32
1544823634.36
1544823634.43
1544823634.48
1544823634.53
1544823634.56
1544823634.62
1544823634.69
1544823634.73
1544823634.76
1544823634.81
1544823634.87
1544823634.92
1544823634.96
1544823634.99
1544823635.06
1544823635.11
1544823635.16
1544823635.2
1544823635.27
1544823635.32
1544823635.36
1544823635.43
1544823635.48
1544823635.52
1544823635.57
1544823635.63
1544823635.69
1544823635.76
1544823635.8
1544823635.85
1544823635.92
1544823636.03
1544823636.1
1544823636.19
1544823636.26
1544823636.33
1544823636.4
1544823636.48
1544823636.55
1544823636.61
1544823636.66
1544823636.72
1544823636.78
1544823636.85
1544823636.91
1544823636.96
1544823637.03
1544823637.07
1544823637.14
1544823637.2
1544823637.26
1544823637.32
1544823637.36
1544823637.42
1544823637.47
1544823637.53
1544823637.6
1544823637.67
1544823637.72
1544823637.75
1544823637.81
1544823637.85
1544823637.9
1544823637.95
1544823638.0
1544823638.08
1544823638.14
1544823638.18
1544823638.23
1544823638.27
1544823638.31
1544823638.37
1544823638.44
1544823638.48
1544823638.52
1544823638.56
1544823638.61
1544823638.65
1544823638.69
1544823638.74
1544823638.79
1544823638.85
1544823638.89
1544823638.92
1544823638.97
1544823639.01
1544823639.06
1544823639.11
1544823639.14
1544823639.19
1544823639.25
1544823639.31
1544823639.34
1544823639.42
1544823639.47
1544823639.51
1544823639.55
1544823639.59
1544823639.64
1544823639.69
1544823639.73
1544823639.77
1544823639.86
1544823639.91
1544823639.96
1544823640.0
1544823640.07
1544823640.1
1544823640.14
1544823640.19
1544823640.24
1544823640.3
1544823640.33
1544823640.36
1544823640.41
1544823640.46
1544823640.51
1544823640.56
1544823640.61
1544823640.65
1544823640.71
1544823640.74
1544823640.78
1544823640.86
1544823640.91
1544823640.95
1544823640.98
1544823641.05
1544823641.09
1544823641.14
1544823641.18
1544823641.22
1544823641.26
1544823641.31
1544823641.35
1544823641.41
1544823641.46
1544823641.5
1544823641.54
1544823641.58
1544823641.64
1544823641.68
1544823641.72
1544823641.77
1544823641.82
1544823641.87
1544823641.93
1544823641.98
1544823642.05
1544823642.11
1544823642.15
1544823642.18
1544823642.22
1544823642.26
1544823642.31
1544823642.34
1544823642.39
1544823642.44
1544823642.5
1544823642.54
1544823642.59
1544823642.65
1544823642.69
1544823642.73
1544823642.77
1544823642.83
1544823642.89
1544823642.93
1544823642.97
1544823643.03
1544823643.09
1544823643.12
1544823643.15
1544823643.19
1544823643.23
1544823643.27
1544823643.33
1544823643.37
1544823643.41
1544823643.44
1544823643.48
1544823643.52
1544823643.58
1544823643.64
1544823643.68
1544823643.73
1544823643.77
1544823643.81
1544823643.89
1544823643.93
1544823643.97
1544823644.01
1544823644.05
1544823644.1
1544823644.15
1544823644.23
1544823644.29
1544823644.36
1544823644.42
1544823644.48
1544823644.55
1544823644.61
1544823644.68
1544823644.73
1544823644.8
1544823644.86
1544823644.93
1544823644.99
1544823645.06
1544823645.14
1544823645.21
1544823645.28
1544823645.36
1544823645.43
1544823645.51
1544823645.57
1544823645.63
1544823645.7
1544823645.77
1544823645.83
1544823645.89
1544823645.96
1544823646.04
1544823646.09
1544823646.13
1544823646.18
1544823646.23
1544823646.28
1544823646.33
1544823646.37
1544823646.42
1544823646.5
1544823646.56
1544823646.6
1544823646.64
1544823646.71
1544823646.81
1544823646.9
1544823647.0
1544823647.08
1544823647.14
1544823647.21
1544823647.25
1544823647.3
1544823647.37
1544823647.42
1544823647.45
1544823647.48
1544823647.53
1544823647.57
1544823647.63
1544823647.66
1544823647.69
1544823647.73
1544823647.78
1544823647.82
1544823647.86
1544823647.91
1544823647.96
1544823648.0
1544823648.05
1544823648.09
1544823648.13
1544823648.19
1544823648.24
1544823648.27
1544823648.31
1544823648.37
1544823648.42
1544823648.46
1544823648.49
1544823648.55
1544823648.6
1544823648.64
1544823648.67
1544823648.74
1544823648.81
1544823648.88
1544823648.95
1544823649.03
1544823649.09
1544823649.17
1544823649.22
1544823649.28
1544823649.35
1544823649.4
1544823649.46
1544823649.53
1544823649.61
1544823649.68
1544823649.73
1544823649.79
1544823649.85
1544823649.91
1544823649.96
1544823650.03
1544823650.11
1544823650.16
1544823650.23
1544823650.29
1544823650.35
1544823650.41
1544823650.46
1544823650.52
1544823650.57
1544823650.65
1544823650.7
1544823650.74
1544823650.8
1544823650.85
1544823650.92
1544823650.96
1544823651.04
1544823651.1
1544823651.14
1544823651.18
1544823651.23
1544823651.28
1544823651.32
1544823651.35
1544823651.39
1544823651.43
1544823651.48
1544823651.52
1544823651.56
1544823651.61
1544823651.67
1544823651.72
1544823651.77
1544823651.82
1544823651.87
1544823651.92
1544823651.96
1544823651.99
1544823652.03
1544823652.07
1544823652.12
1544823652.15
1544823652.19
1544823652.24
1544823652.3
1544823652.34
1544823652.37
1544823652.43
1544823652.5
1544823652.54
1544823652.58
1544823652.64
1544823652.7
1544823652.74
1544823652.78
1544823652.84
1544823652.91
1544823652.95
1544823652.99
1544823653.05
1544823653.1
1544823653.14
1544823653.18
1544823653.23
1544823653.29
1544823653.32
1544823653.36
1544823653.41
1544823653.49
1544823653.52
1544823653.57
1544823653.61
1544823653.67
1544823653.72
1544823653.76
1544823653.79
1544823653.86
1544823653.9
1544823653.94
1544823653.99
1544823654.05
1544823654.11
1544823654.16
1544823654.21
1544823654.25
1544823654.3
1544823654.33
1544823654.36
1544823654.39
1544823654.48
1544823654.53
1544823654.56
1544823654.6
1544823654.65
1544823654.69
1544823654.73
1544823654.76
1544823654.8
1544823654.89
1544823654.93
1544823654.98
1544823655.02
1544823655.06
1544823655.12
1544823655.15
1544823655.21
1544823655.29
1544823655.33
1544823655.37
1544823655.41
1544823655.46
1544823655.51
1544823655.56
1544823655.61
1544823655.65
1544823655.71
1544823655.75
1544823655.8
1544823655.86
1544823655.91
1544823655.94
1544823655.98
1544823656.02
1544823656.05
1544823656.12
1544823656.16
1544823656.2
1544823656.24
1544823656.27
1544823656.32
1544823656.36
1544823656.41
1544823656.46
1544823656.52
1544823656.56
1544823656.62
1544823656.69
1544823656.75
1544823656.78
1544823656.82
1544823656.85
1544823656.89
1544823656.93
1544823656.97
1544823657.02
1544823657.08
1544823657.12
1544823657.16
1544823657.2
1544823657.24
1544823657.31
1544823657.35
1544823657.42
1544823657.5
1544823657.54
1544823657.58
1544823657.64
1544823657.69
1544823657.73
1544823657.76
1544823657.81
1544823657.86
1544823657.91
1544823657.94
1544823657.98
1544823658.06
1544823658.12
1544823658.16
1544823658.2
1544823658.27
1544823658.33
1544823658.36
1544823658.4
1544823658.48
1544823658.53
1544823658.58
1544823658.62
1544823658.67
1544823658.72
1544823658.77
1544823658.84
1544823658.88
1544823658.93
1544823658.95
1544823658.99
1544823659.06
1544823659.1
1544823659.15
1544823659.19
1544823659.22
1544823659.27
1544823659.32
1544823659.36
1544823659.4
1544823659.46
1544823659.51
1544823659.56
1544823659.61
1544823659.67
1544823659.71
1544823659.76
1544823659.82
1544823659.88
1544823659.94
1544823660.01
1544823660.07
1544823660.13
1544823660.19
1544823660.23
1544823660.26
1544823660.34
1544823660.41
1544823660.48
1544823660.52
1544823660.56
1544823660.63
1544823660.69
1544823660.74
1544823660.81
1544823660.87
1544823660.93
1544823660.99
1544823661.05
1544823661.1
1544823661.15
1544823661.2
1544823661.25
1544823661.31
1544823661.37
1544823661.42
1544823661.49
1544823661.55
1544823661.61
1544823661.69
1544823661.74
1544823661.77
1544823661.81
1544823661.9
1544823661.94
1544823661.99
1544823662.05
1544823662.12
1544823662.16
1544823662.2
1544823662.24
1544823662.28
1544823662.32
1544823662.35
1544823662.42
1544823662.5
1544823662.53
1544823662.56
1544823662.6
1544823662.65
1544823662.7
1544823662.74
1544823662.78
1544823662.83
1544823662.88
1544823662.93
1544823662.98
1544823663.04
1544823663.09
1544823663.13
1544823663.18
1544823663.22
1544823663.26
1544823663.3
1544823663.34
1544823663.38
1544823663.43
1544823663.51
1544823663.54
1544823663.58
1544823663.65
1544823663.72
1544823663.76
1544823663.81
1544823663.86
1544823663.91
1544823663.95
1544823664.0
1544823664.06
1544823664.11
1544823664.15
1544823664.19
1544823664.27
1544823664.33
1544823664.37
1544823664.41
1544823664.44
1544823664.48
1544823664.53
1544823664.57
1544823664.62
1544823664.67
1544823664.71
1544823664.75
1544823664.8
1544823664.86
1544823664.94
1544823665.03
1544823665.11
1544823665.17
1544823665.25
1544823665.32
1544823665.39
1544823665.46
1544823665.52
1544823665.61
1544823665.68
1544823665.72
1544823665.76
1544823665.82
1544823665.9
1544823665.98
1544823666.08
1544823666.18
1544823666.28
1544823666.37
1544823666.48
1544823666.59
1544823666.67
1544823666.72
1544823666.77
1544823666.82
1544823666.86
1544823666.91
1544823666.98
1544823667.04
1544823667.11
1544823667.18
1544823667.31
1544823667.39
1544823667.46
1544823667.56
1544823667.66
1544823667.76
1544823667.84
1544823667.89
1544823667.96
1544823668.04
1544823668.09
1544823668.17
1544823668.23
1544823668.29
1544823668.33
1544823668.37
1544823668.42
1544823668.46
1544823668.5
1544823668.55
1544823668.6
1544823668.64
1544823668.68
1544823668.76
1544823668.8
1544823668.84
1544823668.88
1544823668.93
1544823668.97
1544823669.02
1544823669.06
1544823669.1
1544823669.16
1544823669.21
1544823669.25
1544823669.29
1544823669.36
1544823669.4
1544823669.44
1544823669.47
1544823669.52
1544823669.56
1544823669.61
1544823669.64
1544823669.7
1544823669.76
1544823669.81
1544823669.86
1544823669.91
1544823669.97
1544823670.02
1544823670.06
1544823670.1
1544823670.19
1544823670.22
1544823670.26
1544823670.3
1544823670.35
1544823670.4
1544823670.44
1544823670.51
1544823670.58
1544823670.63
1544823670.66
1544823670.7
1544823670.75
1544823670.81
1544823670.84
1544823670.89
1544823670.94
1544823671.01
1544823671.04
1544823671.11
1544823671.17
1544823671.22
1544823671.31
1544823671.35
1544823671.4
1544823671.45
1544823671.51
1544823671.59
1544823671.64
1544823671.68
1544823671.74
1544823671.79
1544823671.83
1544823671.86
1544823671.92
1544823671.99
1544823672.02
1544823672.06
1544823672.1
1544823672.15
1544823672.21
1544823672.25
1544823672.29
1544823672.34
1544823672.39
1544823672.43
1544823672.46
1544823672.51
1544823672.57
1544823672.62
1544823672.65
1544823672.71
1544823672.76
1544823672.8
1544823672.84
1544823672.87
1544823672.92
1544823672.98
1544823673.02
1544823673.06
1544823673.11
1544823673.16
1544823673.21
1544823673.24
1544823673.28
1544823673.34
1544823673.4
1544823673.45
1544823673.49
1544823673.56
1544823673.61
1544823673.64
1544823673.68
1544823673.76
1544823673.81
1544823673.85
1544823673.88
1544823673.95
1544823673.99
1544823674.03
1544823674.06
1544823674.11
1544823674.16
1544823674.22
1544823674.25
1544823674.3
1544823674.34
1544823674.38
1544823674.43
1544823674.48
1544823674.54
1544823674.6
1544823674.66
1544823674.72
1544823674.77
1544823674.84
1544823674.91
1544823674.96
1544823675.0
1544823675.06
1544823675.12
1544823675.18
1544823675.23
1544823675.27
1544823675.33
1544823675.38
1544823675.44
1544823675.48
1544823675.52
1544823675.57
1544823675.63
1544823675.69
1544823675.74
1544823675.77
1544823675.82
1544823675.87
1544823675.91
1544823675.96
1544823676.05
1544823676.11
1544823676.2
1544823676.26
1544823676.32
1544823676.39
1544823676.46
1544823676.54
1544823676.62
1544823676.72
1544823676.79
1544823676.83
1544823676.88
1544823676.95
1544823677.01
1544823677.09
1544823677.14
1544823677.19
1544823677.26
1544823677.31
1544823677.35
1544823677.42
1544823677.49
1544823677.53
1544823677.57
1544823677.64
1544823677.68
1544823677.72
1544823677.76
1544823677.8
1544823677.86
1544823677.91
1544823677.95
1544823677.99
1544823678.04
1544823678.1
1544823678.14
1544823678.18
1544823678.24
1544823678.3
1544823678.34
1544823678.41
1544823678.46
1544823678.53
1544823678.58
1544823678.64
1544823678.7
1544823678.75
1544823678.81
1544823678.86
1544823678.91
1544823678.96
1544823679.01
1544823679.06
1544823679.12
1544823679.17
1544823679.24
1544823679.29
1544823679.34
1544823679.41
1544823679.44
1544823679.49
1544823679.56
1544823679.61
1544823679.64
1544823679.69
1544823679.73
1544823679.79
1544823679.83
1544823679.88
1544823679.95
1544823680.01
1544823680.06
1544823680.11
1544823680.16
1544823680.21
1544823680.24
1544823680.29
1544823680.34
1544823680.4
1544823680.43
1544823680.47
1544823680.53
1544823680.58
1544823680.62
1544823680.66
1544823680.73
1544823680.79
1544823680.83
1544823680.88
1544823680.93
1544823680.99
1544823681.03
1544823681.08
1544823681.13
1544823681.18
1544823681.23
1544823681.29
1544823681.32
1544823681.36
1544823681.42
1544823681.46
1544823681.5
1544823681.57
1544823681.6
1544823681.64
1544823681.68
1544823681.74
1544823681.78
1544823681.82
1544823681.86
1544823681.92
1544823681.97
1544823682.01
1544823682.06
1544823682.13
1544823682.19
1544823682.22
1544823682.27
1544823682.31
1544823682.36
1544823682.42
1544823682.46
1544823682.5
1544823682.57
1544823682.62
1544823682.65
1544823682.69
1544823682.73
1544823682.77
1544823682.81
1544823682.86
1544823682.9
1544823682.95
1544823682.99
1544823683.04
1544823683.07
1544823683.14
1544823683.2
1544823683.24
1544823683.27
1544823683.33
1544823683.4
1544823683.44
1544823683.49
1544823683.54
1544823683.6
1544823683.64
1544823683.68
1544823683.77
1544823683.81
1544823683.85
1544823683.89
1544823683.96
1544823684.01
1544823684.04
1544823684.08
1544823684.13
1544823684.18
1544823684.22
1544823684.26
1544823684.31
1544823684.35
1544823684.39
1544823684.43
1544823684.46
1544823684.51
1544823684.58
1544823684.63
1544823684.66
1544823684.72
1544823684.78
1544823684.82
1544823684.86
1544823684.92
1544823684.98
1544823685.03
1544823685.08
1544823685.13
1544823685.18
1544823685.25
1544823685.31
1544823685.38
1544823685.42
1544823685.47
1544823685.52
1544823685.58
1544823685.62
1544823685.66
1544823685.73
1544823685.79
1544823685.83
1544823685.87
1544823685.96
1544823686.0
1544823686.04
1544823686.09
1544823686.16
1544823686.22
1544823686.26
1544823686.29
1544823686.35
1544823686.42
1544823686.46
1544823686.5
1544823686.55
1544823686.6
1544823686.64
1544823686.69
1544823686.76
1544823686.81
1544823686.84
1544823686.91
1544823686.96
1544823687.04
1544823687.11
1544823687.2
1544823687.25
1544823687.3
1544823687.35
1544823687.41
1544823687.46
1544823687.54
1544823687.6
1544823687.64
1544823687.68
1544823687.81
1544823687.89
1544823687.94
1544823688.01
1544823688.07
1544823688.14
1544823688.19
1544823688.25
1544823688.31
1544823688.37
1544823688.44
1544823688.52
1544823688.58
1544823688.66
1544823688.72
1544823688.76
1544823688.8
1544823688.84
1544823688.89
1544823688.94
1544823689.0
1544823689.08
1544823689.12
1544823689.17
1544823689.22
1544823689.28
1544823689.32
1544823689.37
1544823689.43
1544823689.51
1544823689.54
1544823689.58
1544823689.63
1544823689.68
1544823689.73
1544823689.77
1544823689.81
1544823689.86
1544823689.9
1544823689.95
1544823689.99
1544823690.05
1544823690.09
1544823690.14
1544823690.17
1544823690.21
1544823690.29
1544823690.33
1544823690.36
1544823690.4
1544823690.45
1544823690.5
1544823690.54
1544823690.58
1544823690.62
1544823690.67
1544823690.71
1544823690.75
1544823690.82
1544823690.89
1544823690.94
1544823690.99
1544823691.05
1544823691.13
1544823691.17
1544823691.22
1544823691.26
1544823691.3
1544823691.34
1544823691.39
1544823691.42
1544823691.46
1544823691.5
1544823691.53
1544823691.57
1544823691.63
1544823691.69
1544823691.73
1544823691.76
1544823691.79
1544823691.84
1544823691.9
1544823691.94
1544823691.97
1544823692.02
1544823692.07
1544823692.11
1544823692.15
1544823692.18
1544823692.22
1544823692.25
1544823692.28
1544823692.34
1544823692.39
1544823692.44
1544823692.5
1544823692.55
1544823692.59
1544823692.64
1544823692.71
1544823692.76
1544823692.81
1544823692.85
1544823692.91
1544823692.95
1544823693.01
1544823693.05
1544823693.11
1544823693.17
1544823693.24
1544823693.28
1544823693.34
1544823693.41
1544823693.47
1544823693.53
1544823693.58
1544823693.65
1544823693.71
1544823693.76
1544823693.82
1544823693.87
1544823693.93
1544823693.98
1544823694.04
1544823694.09
1544823694.14
1544823694.18
1544823694.24
1544823694.3
1544823694.35
1544823694.41
1544823694.49
1544823694.58
1544823694.63
1544823694.67
1544823694.73
1544823694.78
1544823694.85
1544823694.89
1544823694.95
1544823695.01
1544823695.06
1544823695.11
1544823695.15
1544823695.19
1544823695.25
1544823695.3
1544823695.35
1544823695.39
1544823695.44
