1544821866.31
1544821866.9
1544821866.98
1544821867.08
1544821867.17
1544821867.25
1544821867.37
1544821867.48
1544821867.56
1544821867.64
1544821867.72
1544821867.81
1544821867.89
1544821867.96
1544821868.06
1544821868.15
1544821868.22
1544821868.28
1544821868.36
1544821868.44
1544821868.5
1544821868.57
1544821868.65
1544821868.71
1544821868.77
1544821868.85
1544821868.91
1544821868.98
1544821869.05
1544821869.12
1544821869.19
1544821869.27
1544821869.33
1544821869.41
1544821869.47
1544821869.53
1544821869.59
1544821869.65
1544821869.71
1544821869.78
1544821869.85
1544821869.93
1544821870.01
1544821870.09
1544821870.18
1544821870.25
1544821870.31
1544821870.37
1544821870.45
1544821870.52
1544821870.58
1544821870.67
1544821870.75
1544821870.83
1544821870.89
1544821870.97
1544821871.04
1544821871.11
1544821871.19
1544821871.26
1544821871.32
1544821871.38
1544821871.44
1544821871.56
1544821871.63
1544821871.71
1544821871.77
1544821871.85
1544821871.92
1544821872.0
1544821872.07
1544821872.16
1544821872.23
1544821872.3
1544821872.36
1544821872.44
1544821872.51
1544821872.57
1544821872.64
1544821872.71
1544821872.82
1544821872.91
1544821872.96
1544821873.02
1544821873.1
1544821873.14
1544821873.2
1544821873.28
1544821873.36
1544821873.43
1544821873.5
1544821873.58
1544821873.65
1544821873.73
1544821873.79
1544821873.86
1544821873.95
1544821874.02
1544821874.08
1544821874.16
1544821874.23
1544821874.3
1544821874.38
1544821874.45
1544821874.51
1544821874.59
1544821874.67
1544821874.76
1544821874.88
1544821874.96
1544821875.02
1544821875.09
1544821875.18
1544821875.25
1544821875.32
1544821875.39
1544821875.46
1544821875.53
1544821875.61
1544821875.68
1544821875.76
1544821875.88
1544821875.95
1544821876.01
1544821876.11
1544821876.17
1544821876.25
1544821876.32
1544821876.38
1544821876.45
1544821876.53
1544821876.58
1544821876.68
1544821876.77
1544821876.84
1544821876.93
1544821876.99
1544821877.06
1544821877.15
1544821877.22
1544821877.31
1544821877.42
1544821877.51
1544821877.61
1544821877.69
1544821877.77
1544821877.85
1544821877.93
1544821878.01
1544821878.1
1544821878.18
1544821878.28
1544821878.36
1544821878.46
1544821878.58
1544821878.69
1544821878.79
1544821878.91
1544821878.96
1544821879.07
1544821879.19
1544821879.28
1544821879.37
1544821879.43
1544821879.49
1544821879.62
1544821879.69
1544821879.77
1544821879.83
1544821879.9
1544821879.96
1544821880.03
1544821880.12
1544821880.17
1544821880.25
1544821880.31
1544821880.36
1544821880.42
1544821880.53
1544821880.61
1544821880.67
1544821880.73
1544821880.78
1544821880.85
1544821880.92
1544821880.98
1544821881.04
1544821881.11
1544821881.17
1544821881.24
1544821881.29
1544821881.36
1544821881.42
1544821881.47
1544821881.53
1544821881.58
1544821881.65
1544821881.71
1544821881.77
1544821881.84
1544821881.91
1544821881.96
1544821882.03
1544821882.1
1544821882.16
1544821882.23
1544821882.28
1544821882.35
1544821882.42
1544821882.49
1544821882.57
1544821882.64
1544821882.7
1544821882.76
1544821882.82
1544821882.89
1544821882.96
1544821883.02
1544821883.07
1544821883.13
1544821883.19
1544821883.25
1544821883.31
1544821883.38
1544821883.5
1544821883.58
1544821883.66
1544821883.74
1544821883.83
1544821883.91
1544821883.97
1544821884.06
1544821884.15
1544821884.25
1544821884.34
1544821884.42
1544821884.51
1544821884.59
1544821884.67
1544821884.74
1544821884.78
1544821884.83
1544821884.86
1544821884.91
1544821884.95
1544821885.0
1544821885.05
1544821885.08
1544821885.13
1544821885.17
1544821885.22
1544821885.26
1544821885.29
1544821885.35
1544821885.39
1544821885.43
1544821885.46
1544821885.51
1544821885.57
1544821885.61
1544821885.65
1544821885.68
1544821885.72
1544821885.76
1544821885.81
1544821885.88
1544821885.93
1544821885.99
1544821886.05
1544821886.11
1544821886.17
1544821886.24
1544821886.29
1544821886.35
1544821886.41
1544821886.47
1544821886.55
1544821886.61
1544821886.66
1544821886.73
1544821886.81
1544821886.86
1544821886.92
1544821886.98
1544821887.04
1544821887.12
1544821887.16
1544821887.22
1544821887.25
1544821887.29
1544821887.34
1544821887.39
1544821887.46
1544821887.52
1544821887.57
1544821887.65
1544821887.71
1544821887.77
1544821887.85
1544821887.91
1544821887.98
1544821888.03
1544821888.06
1544821888.11
1544821888.16
1544821888.21
1544821888.25
1544821888.34
1544821888.41
1544821888.46
1544821888.49
1544821888.55
1544821888.61
1544821888.64
1544821888.67
1544821888.72
1544821888.76
1544821888.81
1544821888.85
1544821888.89
1544821888.93
1544821888.97
1544821889.01
1544821889.05
1544821889.09
1544821889.13
1544821889.16
1544821889.2
1544821889.23
1544821889.26
1544821889.3
1544821889.36
1544821889.41
1544821889.45
1544821889.49
1544821889.54
1544821889.57
1544821889.61
1544821889.65
1544821889.69
1544821889.74
1544821889.78
1544821889.82
1544821889.86
1544821889.9
1544821889.95
1544821889.98
1544821890.02
1544821890.06
1544821890.11
1544821890.15
1544821890.2
1544821890.24
1544821890.27
1544821890.31
1544821890.37
1544821890.43
1544821890.46
1544821890.5
1544821890.54
1544821890.57
1544821890.61
1544821890.65
1544821890.68
1544821890.73
1544821890.77
1544821890.81
1544821890.86
1544821890.94
1544821891.0
1544821891.03
1544821891.08
1544821891.16
1544821891.21
1544821891.24
1544821891.28
1544821891.33
1544821891.37
1544821891.41
1544821891.45
1544821891.48
1544821891.53
1544821891.57
1544821891.6
1544821891.64
1544821891.67
1544821891.71
1544821891.77
1544821891.82
1544821891.86
1544821891.9
1544821891.96
1544821892.0
1544821892.05
1544821892.08
1544821892.15
1544821892.21
1544821892.24
1544821892.27
1544821892.31
1544821892.37
1544821892.42
1544821892.46
1544821892.49
1544821892.53
1544821892.57
1544821892.61
1544821892.65
1544821892.69
1544821892.74
1544821892.79
1544821892.83
1544821892.87
1544821892.93
1544821892.98
1544821893.03
1544821893.06
1544821893.09
1544821893.16
1544821893.22
1544821893.26
1544821893.3
1544821893.34
1544821893.39
1544821893.43
1544821893.47
1544821893.51
1544821893.57
1544821893.62
1544821893.66
1544821893.71
1544821893.77
1544821893.82
1544821893.85
1544821893.88
1544821893.95
1544821894.0
1544821894.04
1544821894.07
1544821894.11
1544821894.16
1544821894.21
1544821894.25
1544821894.29
1544821894.35
1544821894.4
1544821894.43
1544821894.47
1544821894.52
1544821894.56
1544821894.6
1544821894.65
1544821894.69
1544821894.74
1544821894.78
1544821894.82
1544821894.86
1544821894.89
1544821894.93
1544821894.97
1544821895.01
1544821895.06
1544821895.09
1544821895.14
1544821895.21
1544821895.24
1544821895.27
1544821895.31
1544821895.37
1544821895.42
1544821895.46
1544821895.51
1544821895.58
1544821895.63
1544821895.67
1544821895.73
1544821895.76
1544821895.81
1544821895.85
1544821895.89
1544821895.95
1544821895.99
1544821896.03
1544821896.07
1544821896.12
1544821896.18
1544821896.22
1544821896.26
1544821896.31
1544821896.37
1544821896.45
1544821896.51
1544821896.55
1544821896.6
1544821896.64
1544821896.68
1544821896.73
1544821896.77
1544821896.85
1544821896.91
1544821896.97
1544821897.03
1544821897.1
1544821897.15
1544821897.18
1544821897.24
1544821897.27
1544821897.33
1544821897.37
1544821897.43
1544821897.49
1544821897.55
1544821897.6
1544821897.66
1544821897.72
1544821897.77
1544821897.83
1544821897.88
1544821897.92
1544821897.97
1544821898.02
1544821898.06
1544821898.1
1544821898.16
1544821898.21
1544821898.26
1544821898.3
1544821898.35
1544821898.39
1544821898.44
1544821898.49
1544821898.57
1544821898.63
1544821898.66
1544821898.7
1544821898.78
1544821898.84
1544821898.91
1544821898.97
1544821899.03
1544821899.08
1544821899.15
1544821899.21
1544821899.27
1544821899.34
1544821899.39
1544821899.45
1544821899.51
1544821899.56
1544821899.63
1544821899.7
1544821899.76
1544821899.83
1544821899.89
1544821899.94
1544821900.01
1544821900.08
1544821900.13
1544821900.18
1544821900.23
1544821900.29
1544821900.35
1544821900.41
1544821900.47
1544821900.53
1544821900.58
1544821900.63
1544821900.68
1544821900.74
1544821900.8
1544821900.84
1544821900.88
1544821900.93
1544821901.01
1544821901.05
1544821901.1
1544821901.17
1544821901.21
1544821901.24
1544821901.27
1544821901.32
1544821901.38
1544821901.42
1544821901.46
1544821901.51
1544821901.57
1544821901.62
1544821901.66
1544821901.71
1544821901.77
1544821901.81
1544821901.86
1544821901.89
1544821901.96
1544821902.01
1544821902.06
1544821902.1
1544821902.17
1544821902.21
1544821902.25
1544821902.28
1544821902.31
1544821902.37
1544821902.43
1544821902.46
1544821902.51
1544821902.55
1544821902.62
1544821902.66
1544821902.7
1544821902.76
1544821902.82
1544821902.86
1544821902.91
1544821902.96
1544821903.02
1544821903.06
1544821903.13
1544821903.21
1544821903.3
1544821903.38
1544821903.45
1544821903.49
1544821903.54
1544821903.58
1544821903.63
1544821903.69
1544821903.76
1544821903.83
1544821903.89
1544821903.95
1544821904.04
1544821904.11
1544821904.19
1544821904.27
1544821904.34
1544821904.37
1544821904.45
1544821904.51
1544821904.56
1544821904.61
1544821904.67
1544821904.73
1544821904.77
1544821904.84
1544821904.91
1544821904.98
1544821905.03
1544821905.07
1544821905.12
1544821905.17
1544821905.25
1544821905.32
1544821905.38
1544821905.46
1544821905.49
1544821905.53
1544821905.57
1544821905.64
1544821905.68
1544821905.75
1544821905.81
1544821905.87
1544821905.94
1544821906.01
1544821906.07
1544821906.14
1544821906.19
1544821906.26
1544821906.32
1544821906.38
1544821906.44
1544821906.49
1544821906.56
1544821906.61
1544821906.67
1544821906.74
1544821906.81
1544821906.88
1544821906.93
1544821906.97
1544821907.01
1544821907.06
1544821907.11
1544821907.16
1544821907.21
1544821907.25
1544821907.31
1544821907.37
1544821907.44
1544821907.49
1544821907.55
1544821907.61
1544821907.67
1544821907.71
1544821907.76
1544821907.82
1544821907.87
1544821907.94
1544821908.0
1544821908.04
1544821908.08
1544821908.13
1544821908.17
1544821908.22
1544821908.26
1544821908.32
1544821908.38
1544821908.43
1544821908.46
1544821908.52
1544821908.57
1544821908.62
1544821908.66
1544821908.71
1544821908.76
1544821908.82
1544821908.86
1544821908.9
1544821908.98
1544821909.04
1544821909.11
1544821909.17
1544821909.24
1544821909.31
1544821909.37
1544821909.42
1544821909.47
1544821909.55
1544821909.62
1544821909.68
1544821909.76
1544821909.84
1544821909.91
1544821909.97
1544821910.02
1544821910.07
1544821910.12
1544821910.19
1544821910.24
1544821910.28
1544821910.32
1544821910.39
1544821910.44
1544821910.47
1544821910.51
1544821910.55
1544821910.6
1544821910.64
1544821910.67
1544821910.73
1544821910.79
1544821910.83
1544821910.87
1544821910.91
1544821910.94
1544821910.99
1544821911.04
1544821911.07
1544821911.12
1544821911.19
1544821911.23
1544821911.26
1544821911.31
1544821911.35
1544821911.4
1544821911.45
1544821911.5
1544821911.54
1544821911.59
1544821911.63
1544821911.66
1544821911.7
1544821911.74
1544821911.78
1544821911.83
1544821911.87
1544821911.91
1544821911.95
1544821911.99
1544821912.02
1544821912.05
1544821912.08
1544821912.12
1544821912.17
1544821912.22
1544821912.26
1544821912.29
1544821912.34
1544821912.39
1544821912.43
1544821912.47
1544821912.52
1544821912.57
1544821912.61
1544821912.65
1544821912.69
1544821912.73
1544821912.77
1544821912.81
1544821912.85
1544821912.89
1544821912.94
1544821912.98
1544821913.05
1544821913.08
1544821913.12
1544821913.18
1544821913.23
1544821913.27
1544821913.32
1544821913.36
1544821913.4
1544821913.44
1544821913.48
1544821913.54
1544821913.58
1544821913.63
1544821913.66
1544821913.7
1544821913.73
1544821913.77
1544821913.82
1544821913.85
1544821913.88
1544821913.93
1544821913.97
1544821914.01
1544821914.06
1544821914.11
1544821914.16
1544821914.21
1544821914.25
1544821914.28
1544821914.36
1544821914.41
1544821914.45
1544821914.49
1544821914.56
1544821914.61
1544821914.65
1544821914.69
1544821914.76
1544821914.84
1544821914.87
1544821914.93
1544821914.99
1544821915.04
1544821915.07
1544821915.11
1544821915.17
1544821915.22
1544821915.26
1544821915.29
1544821915.34
1544821915.39
1544821915.43
1544821915.47
1544821915.51
1544821915.57
1544821915.61
1544821915.65
1544821915.68
1544821915.72
1544821915.79
1544821915.83
1544821915.87
1544821915.92
1544821915.98
1544821916.04
1544821916.07
1544821916.13
1544821916.17
1544821916.21
1544821916.27
1544821916.33
1544821916.37
1544821916.42
1544821916.46
1544821916.51
1544821916.56
1544821916.62
1544821916.68
1544821916.75
1544821916.81
1544821916.86
1544821916.92
1544821916.96
1544821916.99
1544821917.05
1544821917.09
1544821917.16
1544821917.21
1544821917.26
1544821917.3
1544821917.35
1544821917.39
1544821917.45
1544821917.5
1544821917.54
1544821917.57
1544821917.62
1544821917.66
1544821917.73
1544821917.78
1544821917.84
1544821917.88
1544821917.93
1544821917.98
1544821918.03
1544821918.1
1544821918.17
1544821918.23
1544821918.27
1544821918.31
1544821918.37
1544821918.42
1544821918.46
1544821918.51
1544821918.56
1544821918.61
1544821918.64
1544821918.68
1544821918.73
1544821918.81
1544821918.84
1544821918.88
1544821918.93
1544821918.98
1544821919.02
1544821919.07
1544821919.11
1544821919.16
1544821919.21
1544821919.25
1544821919.29
1544821919.35
1544821919.39
1544821919.44
1544821919.47
1544821919.51
1544821919.58
1544821919.63
1544821919.66
1544821919.71
1544821919.76
1544821919.81
1544821919.85
1544821919.88
1544821919.97
1544821920.01
1544821920.05
1544821920.08
1544821920.16
1544821920.21
1544821920.25
1544821920.29
1544821920.35
1544821920.4
1544821920.44
1544821920.48
1544821920.53
1544821920.56
1544821920.61
1544821920.69
1544821920.74
1544821920.78
1544821920.83
1544821920.88
1544821920.96
1544821921.02
1544821921.06
1544821921.09
1544821921.15
1544821921.19
1544821921.24
1544821921.28
1544821921.33
1544821921.41
1544821921.45
1544821921.49
1544821921.58
1544821921.65
1544821921.71
1544821921.76
1544821921.81
1544821921.85
1544821921.9
1544821921.94
1544821921.99
1544821922.04
1544821922.08
1544821922.13
1544821922.17
1544821922.22
1544821922.26
1544821922.31
1544821922.36
1544821922.41
1544821922.45
1544821922.52
1544821922.57
1544821922.62
1544821922.68
1544821922.73
1544821922.79
1544821922.85
1544821922.92
1544821922.97
1544821923.05
1544821923.1
1544821923.17
1544821923.22
1544821923.27
1544821923.33
1544821923.41
1544821923.47
1544821923.54
1544821923.61
1544821923.65
1544821923.69
1544821923.75
1544821923.8
1544821923.87
1544821923.94
1544821924.0
1544821924.04
1544821924.08
1544821924.13
1544821924.17
1544821924.21
1544821924.27
1544821924.33
1544821924.37
1544821924.42
1544821924.47
1544821924.52
1544821924.55
1544821924.59
1544821924.64
1544821924.69
1544821924.73
1544821924.77
1544821924.81
1544821924.85
1544821924.93
1544821924.96
1544821925.0
1544821925.06
1544821925.11
1544821925.15
1544821925.19
1544821925.24
1544821925.3
1544821925.34
1544821925.39
1544821925.46
1544821925.52
1544821925.56
1544821925.6
1544821925.65
1544821925.69
1544821925.72
1544821925.76
1544821925.82
1544821925.86
1544821925.9
1544821925.95
1544821926.0
1544821926.04
1544821926.07
1544821926.12
1544821926.16
1544821926.19
1544821926.24
1544821926.28
1544821926.33
1544821926.36
1544821926.39
1544821926.44
1544821926.48
1544821926.52
1544821926.56
1544821926.61
1544821926.66
1544821926.7
1544821926.74
1544821926.77
1544821926.81
1544821926.85
1544821926.89
1544821926.94
1544821926.97
1544821927.02
1544821927.06
1544821927.11
1544821927.17
1544821927.22
1544821927.29
1544821927.34
1544821927.37
1544821927.42
1544821927.49
1544821927.53
1544821927.56
1544821927.59
1544821927.63
1544821927.68
1544821927.73
1544821927.76
1544821927.82
1544821927.89
1544821927.93
1544821927.97
1544821928.03
1544821928.09
1544821928.13
1544821928.18
1544821928.24
1544821928.3
1544821928.35
1544821928.4
1544821928.45
1544821928.52
1544821928.55
1544821928.58
1544821928.63
1544821928.71
1544821928.75
1544821928.78
1544821928.83
1544821928.88
1544821928.92
1544821928.96
1544821928.99
1544821929.04
1544821929.09
1544821929.13
1544821929.16
1544821929.21
1544821929.26
1544821929.32
1544821929.36
1544821929.39
1544821929.43
1544821929.48
1544821929.53
1544821929.57
1544821929.62
1544821929.67
1544821929.73
1544821929.77
1544821929.81
1544821929.85
1544821929.9
1544821929.95
1544821929.98
1544821930.02
1544821930.07
1544821930.12
1544821930.16
1544821930.21
1544821930.27
1544821930.31
1544821930.35
1544821930.39
1544821930.46
1544821930.51
1544821930.55
1544821930.6
1544821930.64
1544821930.69
1544821930.74
1544821930.77
1544821930.82
1544821930.88
1544821930.93
1544821930.96
1544821931.02
1544821931.07
1544821931.12
1544821931.16
1544821931.2
1544821931.25
1544821931.29
1544821931.33
1544821931.37
1544821931.4
1544821931.46
1544821931.51
1544821931.54
1544821931.58
1544821931.64
1544821931.69
1544821931.74
1544821931.77
1544821931.81
1544821931.85
1544821931.9
1544821931.93
1544821931.97
1544821932.01
1544821932.07
1544821932.13
1544821932.18
1544821932.23
1544821932.27
1544821932.32
1544821932.36
1544821932.4
1544821932.47
1544821932.53
1544821932.57
1544821932.62
1544821932.67
1544821932.75
1544821932.81
1544821932.87
1544821932.93
1544821932.98
1544821933.05
1544821933.12
1544821933.18
1544821933.25
1544821933.32
1544821933.37
1544821933.43
1544821933.49
1544821933.55
1544821933.61
1544821933.66
1544821933.73
1544821933.78
1544821933.85
1544821933.91
1544821933.96
1544821934.0
1544821934.06
1544821934.11
1544821934.14
1544821934.19
1544821934.25
1544821934.3
1544821934.37
1544821934.44
1544821934.5
1544821934.55
1544821934.58
1544821934.64
1544821934.7
1544821934.75
1544821934.81
1544821934.86
1544821934.9
1544821934.95
1544821935.0
1544821935.05
1544821935.1
1544821935.15
1544821935.2
1544821935.26
1544821935.32
1544821935.36
1544821935.43
1544821935.47
1544821935.54
1544821935.58
1544821935.64
1544821935.7
1544821935.74
1544821935.81
1544821935.86
1544821935.9
1544821935.97
1544821936.01
1544821936.05
1544821936.08
1544821936.13
1544821936.18
1544821936.22
1544821936.25
1544821936.29
1544821936.35
1544821936.41
1544821936.45
1544821936.49
1544821936.54
1544821936.6
1544821936.64
1544821936.67
1544821936.71
1544821936.78
1544821936.83
1544821936.87
1544821936.92
1544821936.96
1544821937.02
1544821937.06
1544821937.11
1544821937.18
1544821937.23
1544821937.27
1544821937.31
1544821937.4
1544821937.44
1544821937.48
1544821937.53
1544821937.61
1544821937.64
1544821937.68
1544821937.74
1544821937.77
1544821937.81
1544821937.86
1544821937.9
1544821937.95
1544821938.01
1544821938.06
1544821938.09
1544821938.14
1544821938.18
1544821938.22
1544821938.26
1544821938.3
1544821938.35
1544821938.39
1544821938.44
1544821938.48
1544821938.55
1544821938.6
1544821938.65
1544821938.69
1544821938.74
1544821938.78
1544821938.84
1544821938.88
1544821938.94
1544821938.98
1544821939.04
1544821939.08
1544821939.15
1544821939.21
1544821939.25
1544821939.28
1544821939.34
1544821939.4
1544821939.43
1544821939.47
1544821939.53
1544821939.59
1544821939.64
1544821939.68
1544821939.74
1544821939.8
1544821939.84
1544821939.87
1544821939.91
1544821939.96
1544821940.01
1544821940.05
1544821940.09
1544821940.16
1544821940.22
1544821940.26
1544821940.3
1544821940.34
1544821940.4
1544821940.44
1544821940.5
1544821940.55
1544821940.61
1544821940.65
1544821940.69
1544821940.74
1544821940.78
1544821940.83
1544821940.87
1544821940.92
1544821940.96
1544821941.01
1544821941.04
1544821941.07
1544821941.11
1544821941.15
1544821941.19
1544821941.24
1544821941.28
1544821941.33
1544821941.38
1544821941.43
1544821941.47
1544821941.51
1544821941.58
1544821941.63
1544821941.67
1544821941.72
1544821941.77
1544821941.82
1544821941.86
1544821941.91
1544821941.96
1544821942.01
1544821942.05
1544821942.1
1544821942.16
1544821942.21
1544821942.25
1544821942.29
1544821942.34
1544821942.39
1544821942.43
1544821942.46
1544821942.5
1544821942.54
1544821942.59
1544821942.64
1544821942.67
1544821942.72
1544821942.76
1544821942.81
1544821942.86
1544821942.9
1544821942.96
1544821943.01
1544821943.05
1544821943.08
1544821943.13
1544821943.18
1544821943.22
1544821943.26
1544821943.29
1544821943.34
1544821943.39
1544821943.43
1544821943.46
1544821943.51
1544821943.57
1544821943.63
1544821943.66
1544821943.69
1544821943.73
1544821943.77
1544821943.82
1544821943.86
1544821943.9
1544821943.96
1544821944.02
1544821944.06
1544821944.1
1544821944.15
1544821944.18
1544821944.23
1544821944.26
1544821944.3
1544821944.35
1544821944.4
1544821944.44
1544821944.48
1544821944.53
1544821944.57
1544821944.62
1544821944.66
1544821944.69
1544821944.78
1544821944.82
1544821944.86
1544821944.89
1544821944.95
1544821945.01
1544821945.04
1544821945.08
1544821945.14
1544821945.19
1544821945.25
1544821945.31
1544821945.37
1544821945.42
1544821945.47
1544821945.53
1544821945.57
1544821945.64
1544821945.69
1544821945.75
1544821945.82
1544821945.87
1544821945.95
1544821946.01
1544821946.07
1544821946.14
1544821946.19
1544821946.24
1544821946.28
1544821946.35
1544821946.41
1544821946.47
1544821946.54
1544821946.58
1544821946.64
1544821946.71
1544821946.77
1544821946.83
1544821946.88
1544821946.93
1544821946.98
1544821947.05
1544821947.11
1544821947.18
1544821947.24
1544821947.31
1544821947.35
1544821947.38
1544821947.45
1544821947.51
1544821947.55
1544821947.59
1544821947.65
1544821947.71
1544821947.76
1544821947.84
1544821947.89
1544821947.96
1544821948.02
1544821948.09
1544821948.17
1544821948.25
1544821948.31
1544821948.36
1544821948.42
1544821948.47
1544821948.54
1544821948.61
1544821948.67
1544821948.73
1544821948.79
1544821948.84
1544821948.88
1544821948.93
1544821948.97
1544821949.01
1544821949.06
1544821949.11
1544821949.16
1544821949.23
1544821949.28
1544821949.35
1544821949.41
1544821949.46
1544821949.52
1544821949.58
1544821949.63
1544821949.66
1544821949.71
1544821949.76
1544821949.82
1544821949.86
1544821949.91
1544821949.97
1544821950.03
1544821950.07
1544821950.11
1544821950.17
1544821950.23
1544821950.25
1544821950.29
1544821950.33
1544821950.37
1544821950.42
1544821950.46
1544821950.49
1544821950.54
1544821950.57
1544821950.62
1544821950.66
1544821950.69
1544821950.74
1544821950.78
1544821950.82
1544821950.86
1544821950.91
1544821950.97
1544821951.03
1544821951.07
1544821951.12
1544821951.18
1544821951.23
1544821951.27
1544821951.31
1544821951.37
1544821951.42
1544821951.45
1544821951.49
1544821951.54
1544821951.61
1544821951.64
1544821951.68
1544821951.73
1544821951.79
1544821951.84
1544821951.88
1544821951.93
1544821951.98
1544821952.03
1544821952.06
1544821952.12
1544821952.16
1544821952.2
1544821952.25
1544821952.28
1544821952.34
1544821952.41
1544821952.45
1544821952.49
1544821952.56
1544821952.62
1544821952.66
1544821952.69
1544821952.75
1544821952.78
1544821952.82
1544821952.86
1544821952.91
1544821952.97
1544821953.01
1544821953.06
1544821953.1
1544821953.15
1544821953.2
1544821953.24
1544821953.28
1544821953.33
1544821953.39
1544821953.46
1544821953.51
1544821953.58
1544821953.62
1544821953.66
1544821953.7
1544821953.76
1544821953.82
1544821953.85
1544821953.89
1544821953.94
1544821954.0
1544821954.04
1544821954.07
1544821954.13
1544821954.17
1544821954.21
1544821954.25
1544821954.29
1544821954.34
1544821954.4
1544821954.44
1544821954.48
1544821954.52
1544821954.56
1544821954.61
1544821954.67
1544821954.72
1544821954.77
1544821954.81
1544821954.85
1544821954.89
1544821954.95
1544821955.0
1544821955.05
1544821955.09
1544821955.14
1544821955.18
1544821955.23
1544821955.26
1544821955.3
1544821955.35
1544821955.39
1544821955.44
1544821955.47
1544821955.51
1544821955.57
1544821955.62
1544821955.66
1544821955.7
1544821955.73
1544821955.77
1544821955.82
1544821955.85
1544821955.9
1544821955.95
1544821955.99
1544821956.04
1544821956.08
1544821956.12
1544821956.15
1544821956.2
1544821956.24
1544821956.28
1544821956.32
1544821956.36
1544821956.41
1544821956.44
1544821956.48
1544821956.51
1544821956.56
1544821956.62
1544821956.66
1544821956.73
1544821956.78
1544821956.82
1544821956.86
1544821956.89
1544821956.96
1544821957.01
1544821957.05
1544821957.09
1544821957.16
1544821957.21
1544821957.25
1544821957.29
1544821957.33
1544821957.37
1544821957.41
1544821957.45
1544821957.49
1544821957.57
1544821957.63
1544821957.67
1544821957.71
1544821957.75
1544821957.8
1544821957.84
1544821957.87
1544821957.91
1544821957.96
1544821958.01
1544821958.06
1544821958.1
1544821958.14
1544821958.18
1544821958.23
1544821958.27
1544821958.31
1544821958.36
1544821958.41
1544821958.45
1544821958.5
1544821958.55
1544821958.59
1544821958.64
1544821958.68
1544821958.73
1544821958.77
1544821958.83
1544821958.87
1544821958.92
1544821959.0
1544821959.03
1544821959.07
1544821959.11
1544821959.16
1544821959.23
1544821959.27
1544821959.3
1544821959.35
1544821959.39
1544821959.43
1544821959.46
1544821959.5
1544821959.55
1544821959.61
1544821959.65
1544821959.69
1544821959.76
1544821959.83
1544821959.88
1544821959.94
1544821959.99
1544821960.04
1544821960.11
1544821960.18
1544821960.23
1544821960.3
1544821960.36
1544821960.43
1544821960.48
1544821960.54
1544821960.6
1544821960.66
1544821960.73
1544821960.79
1544821960.86
1544821960.92
1544821960.97
1544821961.06
1544821961.11
1544821961.18
1544821961.23
1544821961.27
1544821961.32
1544821961.36
1544821961.42
1544821961.46
1544821961.53
1544821961.58
1544821961.63
1544821961.68
1544821961.72
1544821961.78
1544821961.83
1544821961.87
1544821961.92
1544821962.01
1544821962.05
1544821962.08
1544821962.15
1544821962.21
1544821962.24
1544821962.28
1544821962.32
1544821962.36
1544821962.42
1544821962.45
1544821962.5
1544821962.54
1544821962.59
1544821962.62
1544821962.66
1544821962.71
1544821962.73
1544821962.79
1544821962.84
1544821962.87
1544821962.94
1544821963.01
1544821963.07
1544821963.11
1544821963.21
1544821963.24
1544821963.28
1544821963.34
1544821963.39
1544821963.43
1544821963.47
1544821963.52
1544821963.57
1544821963.63
1544821963.66
1544821963.71
1544821963.74
1544821963.78
1544821963.82
1544821963.86
1544821963.89
1544821963.95
1544821963.99
1544821964.04
1544821964.07
1544821964.11
1544821964.15
1544821964.19
1544821964.23
1544821964.26
1544821964.3
1544821964.34
1544821964.37
1544821964.41
1544821964.45
1544821964.48
1544821964.52
1544821964.55
1544821964.6
1544821964.64
1544821964.67
1544821964.7
1544821964.75
1544821964.78
1544821964.81
1544821964.85
1544821964.89
1544821964.93
1544821964.97
1544821965.01
1544821965.04
1544821965.08
1544821965.11
1544821965.18
1544821965.23
1544821965.26
1544821965.3
1544821965.34
1544821965.4
1544821965.44
1544821965.47
1544821965.51
1544821965.56
1544821965.61
1544821965.64
1544821965.67
1544821965.71
1544821965.76
1544821965.8
1544821965.84
1544821965.87
1544821965.91
1544821965.96
1544821966.0
1544821966.03
1544821966.07
1544821966.1
1544821966.14
1544821966.18
1544821966.23
1544821966.26
1544821966.29
1544821966.34
1544821966.38
1544821966.43
1544821966.46
1544821966.5
1544821966.57
1544821966.61
1544821966.65
1544821966.68
1544821966.73
1544821966.77
1544821966.81
1544821966.85
1544821966.88
1544821966.93
1544821966.99
1544821967.02
1544821967.06
1544821967.09
1544821967.14
1544821967.17
1544821967.21
1544821967.25
1544821967.29
1544821967.34
1544821967.39
1544821967.43
1544821967.47
1544821967.53
1544821967.56
1544821967.6
1544821967.66
1544821967.71
1544821967.75
1544821967.79
1544821967.83
1544821967.87
1544821967.91
1544821967.94
1544821967.98
1544821968.03
1544821968.08
1544821968.12
1544821968.19
1544821968.23
1544821968.26
1544821968.3
1544821968.34
1544821968.38
1544821968.43
1544821968.46
1544821968.5
1544821968.54
1544821968.58
1544821968.65
1544821968.69
1544821968.73
1544821968.77
1544821968.83
1544821968.91
1544821968.97
1544821969.04
1544821969.12
1544821969.19
1544821969.24
1544821969.28
1544821969.33
1544821969.37
1544821969.43
1544821969.5
1544821969.55
1544821969.6
1544821969.65
1544821969.69
1544821969.74
1544821969.79
1544821969.84
1544821969.87
1544821969.93
1544821969.97
1544821970.02
1544821970.07
1544821970.12
1544821970.15
1544821970.2
1544821970.26
1544821970.31
1544821970.37
1544821970.43
1544821970.5
1544821970.55
1544821970.61
1544821970.65
1544821970.69
1544821970.77
1544821970.82
1544821970.87
1544821970.92
1544821970.98
1544821971.03
1544821971.07
1544821971.13
1544821971.19
1544821971.24
1544821971.29
1544821971.35
1544821971.4
1544821971.44
1544821971.48
1544821971.53
1544821971.61
1544821971.66
1544821971.71
1544821971.78
1544821971.83
1544821971.86
1544821971.93
1544821971.97
1544821972.02
1544821972.06
1544821972.1
1544821972.16
1544821972.21
1544821972.25
1544821972.29
1544821972.35
1544821972.41
1544821972.45
1544821972.49
1544821972.54
1544821972.58
1544821972.62
1544821972.66
1544821972.73
1544821972.79
1544821972.83
1544821972.87
1544821972.91
1544821972.99
1544821973.03
1544821973.07
1544821973.11
1544821973.16
1544821973.21
1544821973.26
1544821973.3
1544821973.35
1544821973.39
1544821973.43
1544821973.48
1544821973.53
1544821973.56
1544821973.6
1544821973.64
1544821973.67
1544821973.73
1544821973.8
1544821973.84
1544821973.89
1544821973.94
1544821974.0
1544821974.04
1544821974.09
1544821974.13
1544821974.19
1544821974.24
1544821974.28
1544821974.34
1544821974.38
1544821974.44
1544821974.47
1544821974.52
1544821974.56
1544821974.61
1544821974.66
1544821974.7
1544821974.74
1544821974.79
1544821974.83
1544821974.87
1544821974.91
1544821974.99
1544821975.03
1544821975.06
1544821975.12
1544821975.19
1544821975.27
1544821975.35
1544821975.43
1544821975.51
1544821975.59
1544821975.69
1544821975.77
1544821975.85
1544821975.94
1544821976.02
1544821976.09
1544821976.19
1544821976.28
1544821976.37
1544821976.45
1544821976.54
1544821976.61
1544821976.68
1544821976.77
1544821976.86
1544821976.92
1544821976.96
1544821977.01
1544821977.1
1544821977.17
1544821977.24
1544821977.29
1544821977.36
1544821977.43
1544821977.51
1544821977.55
1544821977.6
1544821977.64
1544821977.7
1544821977.74
1544821977.78
1544821977.83
1544821977.88
1544821977.92
1544821977.96
1544821977.99
1544821978.05
1544821978.09
1544821978.14
1544821978.18
1544821978.23
1544821978.27
1544821978.31
1544821978.34
1544821978.38
1544821978.43
1544821978.5
1544821978.54
1544821978.57
1544821978.63
1544821978.66
1544821978.71
1544821978.76
1544821978.79
1544821978.84
1544821978.88
1544821978.94
1544821978.97
1544821979.02
1544821979.07
1544821979.13
1544821979.18
1544821979.23
1544821979.27
1544821979.33
1544821979.38
1544821979.44
1544821979.5
1544821979.57
1544821979.66
1544821979.74
1544821979.81
1544821979.89
1544821979.97
1544821980.06
1544821980.15
1544821980.24
1544821980.28
1544821980.34
1544821980.39
1544821980.46
1544821980.51
1544821980.56
1544821980.61
1544821980.65
1544821980.71
1544821980.77
1544821980.84
1544821980.91
1544821980.96
1544821981.01
1544821981.06
1544821981.11
1544821981.16
1544821981.21
1544821981.25
1544821981.31
1544821981.34
1544821981.37
1544821981.43
1544821981.47
1544821981.51
1544821981.55
1544821981.58
1544821981.62
1544821981.68
1544821981.73
1544821981.76
1544821981.82
1544821981.88
1544821981.92
1544821981.97
1544821982.02
1544821982.06
1544821982.11
1544821982.15
1544821982.19
1544821982.24
1544821982.3
1544821982.34
1544821982.37
1544821982.43
1544821982.49
1544821982.54
1544821982.58
1544821982.64
1544821982.68
1544821982.72
1544821982.76
1544821982.82
1544821982.9
1544821982.93
1544821982.97
1544821983.02
1544821983.05
1544821983.11
1544821983.14
1544821983.17
1544821983.23
1544821983.28
1544821983.32
1544821983.37
1544821983.42
1544821983.47
1544821983.53
1544821983.56
1544821983.61
1544821983.66
1544821983.72
1544821983.76
1544821983.8
1544821983.84
1544821983.88
1544821983.92
1544821983.96
1544821984.0
1544821984.08
1544821984.13
1544821984.17
1544821984.23
1544821984.28
1544821984.33
1544821984.36
1544821984.4
1544821984.48
1544821984.53
1544821984.56
1544821984.61
1544821984.68
1544821984.73
1544821984.77
1544821984.81
1544821984.85
1544821984.88
1544821984.93
1544821984.97
1544821985.02
1544821985.07
1544821985.12
1544821985.17
1544821985.22
1544821985.26
1544821985.31
1544821985.34
1544821985.38
1544821985.43
1544821985.47
1544821985.51
1544821985.55
1544821985.59
1544821985.64
1544821985.72
1544821985.76
1544821985.82
1544821985.88
1544821985.93
1544821985.97
1544821986.01
1544821986.07
1544821986.12
1544821986.16
1544821986.21
1544821986.29
1544821986.35
1544821986.39
1544821986.44
1544821986.49
1544821986.55
1544821986.59
1544821986.63
1544821986.68
1544821986.72
1544821986.76
1544821986.79
1544821986.85
1544821986.91
1544821986.95
1544821986.99
1544821987.04
1544821987.08
1544821987.14
1544821987.18
1544821987.23
1544821987.28
1544821987.32
1544821987.35
1544821987.38
1544821987.43
1544821987.5
1544821987.54
1544821987.57
1544821987.62
1544821987.68
1544821987.72
1544821987.76
1544821987.81
1544821987.87
1544821987.92
1544821987.96
1544821988.0
1544821988.04
1544821988.1
1544821988.17
1544821988.22
1544821988.26
1544821988.3
1544821988.36
1544821988.41
1544821988.45
1544821988.48
1544821988.55
1544821988.61
1544821988.66
1544821988.72
1544821988.78
1544821988.84
1544821988.91
1544821988.97
1544821989.03
1544821989.07
1544821989.14
1544821989.2
1544821989.26
1544821989.32
1544821989.38
1544821989.45
1544821989.49
1544821989.55
1544821989.62
1544821989.71
1544821989.77
1544821989.83
1544821989.9
1544821989.96
1544821990.03
1544821990.08
1544821990.15
1544821990.23
1544821990.28
1544821990.32
1544821990.36
1544821990.41
1544821990.44
1544821990.48
1544821990.53
1544821990.58
1544821990.63
1544821990.66
1544821990.7
1544821990.76
1544821990.79
1544821990.84
1544821990.87
1544821990.92
1544821990.98
1544821991.03
1544821991.07
1544821991.11
1544821991.16
1544821991.21
1544821991.26
1544821991.31
1544821991.38
1544821991.43
1544821991.47
1544821991.53
1544821991.59
1544821991.64
1544821991.68
1544821991.73
1544821991.77
1544821991.81
1544821991.85
1544821991.88
1544821991.93
1544821992.01
1544821992.05
1544821992.09
1544821992.15
1544821992.23
1544821992.26
1544821992.32
1544821992.39
1544821992.44
1544821992.48
1544821992.52
1544821992.56
1544821992.62
1544821992.66
1544821992.71
1544821992.75
1544821992.81
1544821992.85
1544821992.89
1544821992.94
1544821992.99
1544821993.04
1544821993.09
1544821993.13
1544821993.19
1544821993.24
1544821993.27
1544821993.3
1544821993.37
1544821993.42
1544821993.45
1544821993.48
1544821993.53
1544821993.56
1544821993.66
1544821993.69
1544821993.75
1544821993.81
1544821993.85
1544821993.88
1544821993.93
1544821994.03
1544821994.06
1544821994.11
1544821994.16
1544821994.2
1544821994.25
1544821994.29
1544821994.33
1544821994.36
1544821994.4
1544821994.43
1544821994.49
1544821994.57
1544821994.61
1544821994.66
1544821994.69
1544821994.76
1544821994.84
1544821994.91
1544821994.96
1544821995.01
1544821995.06
1544821995.11
1544821995.15
1544821995.18
1544821995.27
1544821995.33
1544821995.38
1544821995.43
1544821995.48
1544821995.55
1544821995.62
1544821995.68
1544821995.76
1544821995.82
1544821995.9
1544821995.95
1544821996.0
1544821996.06
1544821996.14
1544821996.23
1544821996.31
1544821996.37
1544821996.44
1544821996.5
1544821996.55
1544821996.6
1544821996.65
1544821996.69
1544821996.75
1544821996.8
1544821996.84
1544821996.87
1544821996.92
1544821997.0
1544821997.04
1544821997.08
1544821997.16
1544821997.21
1544821997.26
1544821997.29
1544821997.34
1544821997.38
1544821997.43
1544821997.48
1544821997.56
1544821997.64
1544821997.71
1544821997.76
1544821997.83
1544821997.89
1544821997.96
1544821998.01
1544821998.06
1544821998.11
1544821998.18
1544821998.23
1544821998.27
1544821998.32
1544821998.36
1544821998.42
1544821998.46
1544821998.51
1544821998.59
1544821998.64
1544821998.68
1544821998.75
1544821998.81
1544821998.85
1544821998.88
1544821998.95
1544821999.01
1544821999.06
1544821999.09
1544821999.16
1544821999.2
1544821999.24
1544821999.29
1544821999.33
1544821999.38
1544821999.43
1544821999.47
1544821999.51
1544821999.59
1544821999.63
1544821999.67
1544821999.72
1544821999.77
1544821999.81
1544821999.84
1544821999.88
1544821999.93
1544821999.98
1544822000.03
1544822000.06
1544822000.11
1544822000.17
1544822000.22
1544822000.26
1544822000.31
1544822000.35
1544822000.39
1544822000.43
1544822000.46
1544822000.52
1544822000.59
1544822000.63
1544822000.67
1544822000.73
1544822000.77
1544822000.82
1544822000.86
1544822000.89
1544822000.96
1544822001.01
1544822001.05
1544822001.1
1544822001.16
1544822001.21
1544822001.25
1544822001.28
1544822001.34
1544822001.39
1544822001.43
1544822001.47
1544822001.52
1544822001.58
1544822001.64
1544822001.68
1544822001.74
1544822001.82
1544822001.85
1544822001.9
1544822001.94
1544822001.98
1544822002.02
1544822002.06
1544822002.11
1544822002.18
1544822002.22
1544822002.26
1544822002.3
1544822002.36
1544822002.42
1544822002.46
1544822002.5
1544822002.59
1544822002.63
1544822002.67
1544822002.73
1544822002.78
1544822002.83
1544822002.88
1544822002.93
1544822002.96
1544822003.01
1544822003.05
1544822003.09
1544822003.15
1544822003.21
1544822003.24
1544822003.27
1544822003.35
1544822003.41
1544822003.45
1544822003.49
1544822003.55
1544822003.61
1544822003.65
1544822003.69
1544822003.76
1544822003.81
1544822003.85
1544822003.88
1544822003.93
1544822003.96
1544822004.02
1544822004.06
1544822004.12
1544822004.2
1544822004.23
1544822004.28
1544822004.36
1544822004.42
1544822004.46
1544822004.5
1544822004.54
1544822004.58
1544822004.63
1544822004.67
1544822004.71
1544822004.76
1544822004.82
1544822004.86
1544822004.91
1544822004.96
1544822005.02
1544822005.06
1544822005.12
1544822005.19
1544822005.24
1544822005.27
1544822005.32
1544822005.39
1544822005.43
1544822005.47
1544822005.52
1544822005.56
1544822005.62
1544822005.66
1544822005.72
1544822005.76
1544822005.82
1544822005.85
1544822005.89
1544822005.95
1544822005.99
1544822006.03
1544822006.07
1544822006.12
1544822006.16
1544822006.2
1544822006.25
1544822006.29
1544822006.34
1544822006.38
1544822006.43
1544822006.48
1544822006.53
1544822006.59
1544822006.65
1544822006.71
1544822006.78
1544822006.84
1544822006.91
1544822006.95
1544822006.99
1544822007.04
1544822007.09
1544822007.16
1544822007.22
1544822007.27
1544822007.34
1544822007.41
1544822007.48
1544822007.55
1544822007.61
1544822007.67
1544822007.74
1544822007.79
1544822007.86
1544822007.92
1544822007.99
1544822008.06
1544822008.11
1544822008.17
1544822008.23
1544822008.28
1544822008.35
1544822008.4
1544822008.46
1544822008.52
1544822008.56
1544822008.6
1544822008.66
1544822008.73
1544822008.78
1544822008.83
1544822008.88
1544822008.93
1544822009.0
1544822009.05
1544822009.11
1544822009.17
1544822009.23
1544822009.28
1544822009.34
1544822009.4
1544822009.46
1544822009.51
1544822009.56
1544822009.59
1544822009.69
1544822009.75
1544822009.83
1544822009.9
1544822009.94
1544822009.98
1544822010.03
1544822010.06
1544822010.11
1544822010.16
1544822010.21
1544822010.25
1544822010.28
1544822010.35
1544822010.42
1544822010.46
1544822010.49
1544822010.52
1544822010.6
1544822010.65
1544822010.7
1544822010.76
1544822010.82
1544822010.86
1544822010.9
1544822010.96
1544822011.02
1544822011.06
1544822011.1
1544822011.15
1544822011.21
1544822011.24
1544822011.29
1544822011.35
1544822011.4
1544822011.44
1544822011.48
1544822011.52
1544822011.57
1544822011.62
1544822011.66
1544822011.71
1544822011.77
1544822011.82
1544822011.86
1544822011.91
1544822011.98
1544822012.03
1544822012.07
1544822012.11
1544822012.17
1544822012.22
1544822012.26
1544822012.3
1544822012.35
1544822012.39
1544822012.44
1544822012.47
1544822012.52
1544822012.55
1544822012.61
1544822012.68
1544822012.79
1544822012.84
1544822012.89
1544822012.95
1544822013.0
1544822013.03
1544822013.07
1544822013.13
1544822013.21
1544822013.25
1544822013.29
1544822013.34
1544822013.41
1544822013.46
1544822013.5
1544822013.57
1544822013.63
1544822013.66
1544822013.73
1544822013.8
1544822013.84
1544822013.88
1544822013.93
1544822013.97
1544822014.02
1544822014.06
1544822014.13
1544822014.21
1544822014.25
1544822014.29
1544822014.35
1544822014.39
1544822014.43
1544822014.48
1544822014.53
1544822014.57
1544822014.63
1544822014.67
1544822014.72
1544822014.78
1544822014.84
1544822014.88
1544822014.93
1544822014.99
1544822015.04
1544822015.09
1544822015.13
1544822015.19
1544822015.24
1544822015.27
1544822015.31
1544822015.39
1544822015.43
1544822015.46
1544822015.52
1544822015.57
1544822015.61
1544822015.66
1544822015.7
1544822015.76
1544822015.82
1544822015.86
1544822015.9
1544822015.95
1544822016.0
1544822016.04
1544822016.09
1544822016.15
1544822016.22
1544822016.27
1544822016.31
1544822016.36
1544822016.4
1544822016.44
1544822016.47
1544822016.51
1544822016.61
1544822016.66
1544822016.69
1544822016.73
1544822016.77
1544822016.81
1544822016.85
1544822016.88
1544822016.92
1544822016.98
1544822017.03
1544822017.06
1544822017.1
1544822017.14
1544822017.2
1544822017.24
1544822017.27
1544822017.32
1544822017.37
1544822017.41
1544822017.45
1544822017.49
1544822017.53
1544822017.57
1544822017.63
1544822017.67
1544822017.71
1544822017.75
1544822017.78
1544822017.82
1544822017.86
1544822017.9
1544822017.94
1544822017.98
1544822018.02
1544822018.07
1544822018.13
1544822018.17
1544822018.21
1544822018.25
1544822018.28
1544822018.33
1544822018.41
1544822018.46
1544822018.52
1544822018.57
1544822018.61
1544822018.66
1544822018.7
1544822018.79
1544822018.84
1544822018.88
1544822018.95
1544822018.99
1544822019.04
1544822019.07
1544822019.12
1544822019.19
1544822019.24
1544822019.28
1544822019.34
1544822019.38
1544822019.44
1544822019.53
1544822019.59
1544822019.65
1544822019.7
1544822019.74
1544822019.82
1544822019.9
1544822019.95
1544822020.0
1544822020.05
1544822020.13
1544822020.21
1544822020.27
1544822020.35
1544822020.41
1544822020.49
1544822020.55
1544822020.63
1544822020.7
1544822020.78
1544822020.84
1544822020.92
1544822020.99
1544822021.04
1544822021.09
1544822021.17
1544822021.24
1544822021.28
1544822021.33
1544822021.38
1544822021.43
1544822021.47
1544822021.52
1544822021.59
1544822021.64
1544822021.67
1544822021.77
1544822021.82
1544822021.85
1544822021.89
1544822021.94
1544822021.98
1544822022.03
1544822022.07
1544822022.12
1544822022.18
1544822022.23
1544822022.27
1544822022.32
1544822022.39
1544822022.44
1544822022.48
1544822022.56
1544822022.61
1544822022.66
1544822022.7
1544822022.75
1544822022.8
1544822022.85
1544822022.88
1544822022.93
1544822022.97
1544822023.02
1544822023.06
1544822023.12
1544822023.2
1544822023.24
1544822023.28
1544822023.32
1544822023.38
1544822023.43
1544822023.46
1544822023.51
1544822023.58
1544822023.64
1544822023.68
1544822023.73
1544822023.8
1544822023.83
1544822023.86
1544822023.9
1544822023.96
1544822024.01
1544822024.07
1544822024.13
1544822024.19
1544822024.24
1544822024.29
1544822024.34
1544822024.39
1544822024.45
1544822024.51
1544822024.58
1544822024.64
1544822024.69
1544822024.74
1544822024.81
1544822024.86
1544822024.92
1544822024.97
1544822025.03
1544822025.08
1544822025.13
1544822025.17
1544822025.23
1544822025.29
1544822025.37
1544822025.42
1544822025.46
1544822025.51
1544822025.57
1544822025.66
1544822025.72
1544822025.78
1544822025.85
1544822025.88
1544822025.96
1544822026.01
1544822026.07
1544822026.14
1544822026.21
1544822026.26
1544822026.34
1544822026.41
1544822026.47
1544822026.56
1544822026.64
1544822026.74
1544822026.8
1544822026.86
1544822026.92
1544822026.97
1544822027.04
