1544818286.62
1544818286.76
1544818286.82
1544818286.89
1544818286.96
1544818287.02
1544818287.09
1544818287.16
1544818287.22
1544818287.29
1544818287.35
1544818287.4
1544818287.46
1544818287.5
1544818287.55
1544818287.6
1544818287.65
1544818287.68
1544818287.71
1544818287.76
1544818287.79
1544818287.84
1544818287.9
1544818287.94
1544818287.98
1544818288.01
1544818288.04
1544818288.08
1544818288.12
1544818288.16
1544818288.2
1544818288.23
1544818288.27
1544818288.31
1544818288.35
1544818288.4
1544818288.43
1544818288.48
1544818288.53
1544818288.6
1544818288.64
1544818288.7
1544818288.75
1544818288.81
1544818288.86
1544818288.9
1544818288.93
1544818288.97
1544818289.01
1544818289.07
1544818289.11
1544818289.14
1544818289.19
1544818289.24
1544818289.28
1544818289.33
1544818289.4
1544818289.46
1544818289.52
1544818289.58
1544818289.64
1544818289.68
1544818289.73
1544818289.79
1544818289.84
1544818289.89
1544818289.93
1544818289.98
1544818290.02
1544818290.07
1544818290.12
1544818290.17
1544818290.21
1544818290.26
1544818290.32
1544818290.37
1544818290.42
1544818290.49
1544818290.54
1544818290.6
1544818290.66
1544818290.7
1544818290.75
1544818290.81
1544818290.86
1544818290.9
1544818290.96
1544818291.01
1544818291.07
1544818291.11
1544818291.15
1544818291.21
1544818291.27
1544818291.32
1544818291.38
1544818291.45
1544818291.5
1544818291.54
1544818291.6
1544818291.65
1544818291.7
1544818291.75
1544818291.79
1544818291.82
1544818291.88
1544818291.93
1544818291.98
1544818292.02
1544818292.08
1544818292.13
1544818292.19
1544818292.24
1544818292.29
1544818292.33
1544818292.37
1544818292.42
1544818292.48
1544818292.54
1544818292.58
1544818292.62
1544818292.66
1544818292.73
1544818292.78
1544818292.81
1544818292.86
1544818292.91
1544818292.96
1544818293.0
1544818293.03
1544818293.06
1544818293.1
1544818293.14
1544818293.18
1544818293.21
1544818293.26
1544818293.31
1544818293.37
1544818293.4
1544818293.44
1544818293.51
1544818293.55
1544818293.58
1544818293.62
1544818293.67
1544818293.71
1544818293.76
1544818293.8
1544818293.84
1544818293.89
1544818293.93
1544818293.99
1544818294.05
1544818294.1
1544818294.16
1544818294.21
1544818294.26
1544818294.3
1544818294.35
1544818294.4
1544818294.45
1544818294.49
1544818294.55
1544818294.61
1544818294.67
1544818294.72
1544818294.78
1544818294.85
1544818294.91
1544818294.96
1544818294.99
1544818295.04
1544818295.12
1544818295.18
1544818295.22
1544818295.26
1544818295.3
1544818295.34
1544818295.41
1544818295.45
1544818295.49
1544818295.53
1544818295.56
1544818295.63
1544818295.68
1544818295.71
1544818295.75
1544818295.78
1544818295.82
1544818295.86
1544818295.89
1544818295.92
1544818295.96
1544818296.0
1544818296.04
1544818296.08
1544818296.11
1544818296.14
1544818296.22
1544818296.26
1544818296.31
1544818296.35
1544818296.39
1544818296.44
1544818296.48
1544818296.51
1544818296.55
1544818296.61
1544818296.65
1544818296.69
1544818296.73
1544818296.76
1544818296.8
1544818296.84
1544818296.88
1544818296.91
1544818296.96
1544818297.0
1544818297.04
1544818297.08
1544818297.11
1544818297.16
1544818297.21
1544818297.26
1544818297.29
1544818297.33
1544818297.36
1544818297.44
1544818297.48
1544818297.52
1544818297.55
1544818297.6
1544818297.65
1544818297.69
1544818297.72
1544818297.78
1544818297.83
1544818297.89
1544818297.93
1544818297.97
1544818298.02
1544818298.06
1544818298.1
1544818298.13
1544818298.19
1544818298.23
1544818298.27
1544818298.31
1544818298.33
1544818298.39
1544818298.43
1544818298.47
1544818298.5
1544818298.53
1544818298.59
1544818298.64
1544818298.68
1544818298.71
1544818298.74
1544818298.81
1544818298.87
1544818298.91
1544818298.94
1544818298.98
1544818299.02
1544818299.08
1544818299.11
1544818299.14
1544818299.22
1544818299.26
1544818299.29
1544818299.33
1544818299.36
1544818299.41
1544818299.46
1544818299.5
1544818299.54
1544818299.6
1544818299.64
1544818299.69
1544818299.72
1544818299.77
1544818299.82
1544818299.86
1544818299.9
1544818299.93
1544818300.01
1544818300.06
1544818300.1
1544818300.13
1544818300.19
1544818300.24
1544818300.28
1544818300.32
1544818300.36
1544818300.44
1544818300.49
1544818300.53
1544818300.58
1544818300.63
1544818300.68
1544818300.71
1544818300.75
1544818300.8
1544818300.85
1544818300.89
1544818300.93
1544818300.97
1544818301.02
1544818301.06
1544818301.1
1544818301.14
1544818301.2
1544818301.25
1544818301.28
1544818301.32
1544818301.36
1544818301.41
1544818301.47
1544818301.51
1544818301.54
1544818301.6
1544818301.64
1544818301.68
1544818301.72
1544818301.78
1544818301.84
1544818301.87
1544818301.91
1544818301.95
1544818302.01
1544818302.05
1544818302.09
1544818302.13
1544818302.2
1544818302.25
1544818302.29
1544818302.32
1544818302.36
1544818302.4
1544818302.45
1544818302.49
1544818302.53
1544818302.61
1544818302.66
1544818302.69
1544818302.72
1544818302.76
1544818302.82
1544818302.86
1544818302.89
1544818302.93
1544818302.97
1544818303.02
1544818303.06
1544818303.1
1544818303.13
1544818303.19
1544818303.26
1544818303.29
1544818303.32
1544818303.35
1544818303.4
1544818303.48
1544818303.52
1544818303.56
1544818303.61
1544818303.67
1544818303.73
1544818303.77
1544818303.81
1544818303.84
1544818303.91
1544818303.96
1544818303.99
1544818304.03
1544818304.08
1544818304.12
1544818304.17
1544818304.2
1544818304.28
1544818304.33
1544818304.39
1544818304.45
1544818304.51
1544818304.58
1544818304.62
1544818304.7
1544818304.76
1544818304.82
1544818304.89
1544818304.95
1544818304.99
1544818305.03
1544818305.09
1544818305.16
1544818305.22
1544818305.29
1544818305.34
1544818305.4
1544818305.47
1544818305.51
1544818305.54
1544818305.61
1544818305.67
1544818305.71
1544818305.76
1544818305.81
1544818305.86
1544818305.91
1544818305.93
1544818305.99
1544818306.03
1544818306.08
1544818306.12
1544818306.16
1544818306.2
1544818306.23
1544818306.27
1544818306.31
1544818306.35
1544818306.39
1544818306.44
1544818306.48
1544818306.51
1544818306.58
1544818306.63
1544818306.68
1544818306.72
1544818306.77
1544818306.82
1544818306.87
1544818306.9
1544818306.93
1544818306.96
1544818307.01
1544818307.07
1544818307.11
1544818307.14
1544818307.18
1544818307.22
1544818307.26
1544818307.31
1544818307.34
1544818307.39
1544818307.44
1544818307.48
1544818307.52
1544818307.56
1544818307.63
1544818307.68
1544818307.71
1544818307.75
1544818307.79
1544818307.83
1544818307.89
1544818307.93
1544818307.97
1544818308.01
1544818308.06
1544818308.1
1544818308.15
1544818308.22
1544818308.27
1544818308.31
1544818308.36
1544818308.42
1544818308.47
1544818308.51
1544818308.57
1544818308.63
1544818308.68
1544818308.72
1544818308.76
1544818308.81
1544818308.85
1544818308.9
1544818308.93
1544818308.98
1544818309.03
1544818309.08
1544818309.11
1544818309.15
1544818309.2
1544818309.24
1544818309.28
1544818309.33
1544818309.36
1544818309.42
1544818309.47
1544818309.54
1544818309.6
1544818309.66
1544818309.69
1544818309.72
1544818309.76
1544818309.8
1544818309.86
1544818309.9
1544818309.96
1544818310.02
1544818310.08
1544818310.13
1544818310.17
1544818310.21
1544818310.25
1544818310.31
1544818310.38
1544818310.43
1544818310.5
1544818310.56
1544818310.62
1544818310.67
1544818310.71
1544818310.78
1544818310.83
1544818310.89
1544818310.95
1544818311.0
1544818311.05
1544818311.11
1544818311.17
1544818311.23
1544818311.29
1544818311.33
1544818311.39
1544818311.44
1544818311.49
1544818311.55
1544818311.61
1544818311.66
1544818311.71
1544818311.78
1544818311.83
1544818311.87
1544818311.91
1544818311.96
1544818312.02
1544818312.1
1544818312.16
1544818312.23
1544818312.3
1544818312.36
1544818312.43
1544818312.49
1544818312.57
1544818312.63
1544818312.71
1544818312.77
1544818312.83
1544818312.9
1544818312.95
1544818313.0
1544818313.06
1544818313.1
1544818313.16
1544818313.21
1544818313.26
1544818313.31
1544818313.36
1544818313.4
1544818313.43
1544818313.48
1544818313.53
1544818313.58
1544818313.62
1544818313.67
1544818313.73
1544818313.77
1544818313.8
1544818313.84
1544818313.9
1544818313.97
1544818314.01
1544818314.05
1544818314.09
1544818314.14
1544818314.19
1544818314.22
1544818314.27
1544818314.32
1544818314.37
1544818314.41
1544818314.46
1544818314.51
1544818314.57
1544818314.62
1544818314.66
1544818314.7
1544818314.74
1544818314.79
1544818314.85
1544818314.9
1544818314.96
1544818315.01
1544818315.08
1544818315.14
1544818315.2
1544818315.27
1544818315.31
1544818315.38
1544818315.41
1544818315.44
1544818315.51
1544818315.56
1544818315.6
1544818315.64
1544818315.71
1544818315.77
1544818315.81
1544818315.86
1544818315.9
1544818315.94
1544818315.98
1544818316.01
1544818316.06
1544818316.11
1544818316.16
1544818316.2
1544818316.23
1544818316.27
1544818316.31
1544818316.35
1544818316.38
1544818316.41
1544818316.45
1544818316.5
1544818316.56
1544818316.61
1544818316.68
1544818316.74
1544818316.81
1544818316.88
1544818316.93
1544818316.98
1544818317.02
1544818317.07
1544818317.11
1544818317.16
1544818317.2
1544818317.24
1544818317.28
1544818317.32
1544818317.36
1544818317.39
1544818317.43
1544818317.47
1544818317.51
1544818317.55
1544818317.59
1544818317.62
1544818317.65
1544818317.71
1544818317.77
1544818317.83
1544818317.89
1544818317.96
1544818318.01
1544818318.07
1544818318.13
1544818318.18
1544818318.24
1544818318.29
1544818318.35
1544818318.41
1544818318.47
1544818318.53
1544818318.6
1544818318.65
1544818318.71
1544818318.76
1544818318.82
1544818318.89
1544818318.94
1544818319.0
1544818319.07
1544818319.13
1544818319.18
1544818319.25
1544818319.29
1544818319.33
1544818319.39
1544818319.43
1544818319.5
1544818319.55
1544818319.59
1544818319.63
1544818319.69
1544818319.74
1544818319.78
1544818319.83
1544818319.86
1544818319.9
1544818319.93
1544818319.97
1544818320.02
1544818320.07
1544818320.11
1544818320.14
1544818320.21
1544818320.27
1544818320.3
1544818320.36
1544818320.43
1544818320.47
1544818320.51
1544818320.56
1544818320.61
1544818320.66
1544818320.7
1544818320.74
1544818320.83
1544818320.87
1544818320.91
1544818320.95
1544818321.02
1544818321.07
1544818321.1
1544818321.13
1544818321.2
1544818321.25
1544818321.28
1544818321.31
1544818321.35
1544818321.38
1544818321.41
1544818321.46
1544818321.5
1544818321.53
1544818321.57
1544818321.61
1544818321.66
1544818321.69
1544818321.72
1544818321.76
1544818321.79
1544818321.85
1544818321.89
1544818321.92
1544818321.98
1544818322.04
1544818322.08
1544818322.11
1544818322.15
1544818322.19
1544818322.24
1544818322.28
1544818322.32
1544818322.36
1544818322.41
1544818322.46
1544818322.51
1544818322.56
1544818322.61
1544818322.64
1544818322.68
1544818322.73
1544818322.76
1544818322.8
1544818322.83
1544818322.88
1544818322.91
1544818322.94
1544818323.01
1544818323.05
1544818323.08
1544818323.12
1544818323.16
1544818323.21
1544818323.26
1544818323.3
1544818323.34
1544818323.38
1544818323.45
1544818323.49
1544818323.52
1544818323.57
1544818323.65
1544818323.69
1544818323.75
1544818323.83
1544818323.87
1544818323.9
1544818323.94
1544818323.99
1544818324.04
1544818324.08
1544818324.12
1544818324.18
1544818324.24
1544818324.28
1544818324.33
1544818324.38
1544818324.42
1544818324.46
1544818324.5
1544818324.53
1544818324.57
1544818324.63
1544818324.68
1544818324.71
1544818324.74
1544818324.79
1544818324.83
1544818324.87
1544818324.9
1544818324.93
1544818324.99
1544818325.04
1544818325.09
1544818325.13
1544818325.16
1544818325.2
1544818325.24
1544818325.28
1544818325.32
1544818325.36
1544818325.41
1544818325.46
1544818325.49
1544818325.52
1544818325.57
1544818325.6
1544818325.65
1544818325.69
1544818325.73
1544818325.81
1544818325.87
1544818325.91
1544818325.96
1544818326.0
1544818326.06
1544818326.09
1544818326.13
1544818326.16
1544818326.2
1544818326.25
1544818326.29
1544818326.32
1544818326.37
1544818326.43
1544818326.48
1544818326.51
1544818326.56
1544818326.61
1544818326.65
1544818326.69
1544818326.73
1544818326.8
1544818326.85
1544818326.9
1544818326.93
1544818327.0
1544818327.06
1544818327.09
1544818327.13
1544818327.16
1544818327.21
1544818327.25
1544818327.28
1544818327.32
1544818327.38
1544818327.43
1544818327.48
1544818327.52
1544818327.57
1544818327.61
1544818327.65
1544818327.69
1544818327.73
1544818327.76
1544818327.82
1544818327.86
1544818327.9
1544818327.93
1544818327.98
1544818328.03
1544818328.07
1544818328.1
1544818328.16
1544818328.23
1544818328.28
1544818328.31
1544818328.36
1544818328.42
1544818328.46
1544818328.5
1544818328.53
1544818328.57
1544818328.62
1544818328.65
1544818328.7
1544818328.74
1544818328.79
1544818328.84
1544818328.88
1544818328.91
1544818328.96
1544818329.0
1544818329.04
1544818329.09
1544818329.12
1544818329.16
1544818329.2
1544818329.25
1544818329.29
1544818329.32
1544818329.38
1544818329.42
1544818329.48
1544818329.51
1544818329.56
1544818329.6
1544818329.65
1544818329.68
1544818329.71
1544818329.74
1544818329.8
1544818329.85
1544818329.9
1544818329.93
1544818329.97
1544818330.0
1544818330.04
1544818330.08
1544818330.11
1544818330.16
1544818330.2
1544818330.26
1544818330.29
1544818330.33
1544818330.4
1544818330.45
1544818330.49
1544818330.52
1544818330.57
1544818330.62
1544818330.66
1544818330.69
1544818330.73
1544818330.78
1544818330.84
1544818330.88
1544818330.91
1544818330.94
1544818331.01
1544818331.06
1544818331.1
1544818331.14
1544818331.18
1544818331.22
1544818331.27
1544818331.3
1544818331.34
1544818331.39
1544818331.45
1544818331.51
1544818331.56
1544818331.61
1544818331.66
1544818331.71
1544818331.77
1544818331.81
1544818331.88
1544818331.94
1544818332.0
1544818332.06
1544818332.11
1544818332.17
1544818332.22
1544818332.28
1544818332.33
1544818332.39
1544818332.44
1544818332.49
1544818332.54
1544818332.58
1544818332.62
1544818332.68
1544818332.74
1544818332.79
1544818332.85
1544818332.89
1544818332.93
1544818332.96
1544818333.01
1544818333.05
1544818333.09
1544818333.13
1544818333.18
1544818333.23
1544818333.28
1544818333.33
1544818333.39
1544818333.44
1544818333.51
1544818333.57
1544818333.63
1544818333.68
1544818333.72
1544818333.76
1544818333.81
1544818333.86
1544818333.91
1544818333.98
1544818334.03
1544818334.09
1544818334.15
1544818334.2
1544818334.25
1544818334.3
1544818334.35
1544818334.4
1544818334.46
1544818334.51
1544818334.56
1544818334.6
1544818334.66
1544818334.71
1544818334.76
1544818334.82
1544818334.88
1544818334.91
1544818334.97
1544818335.02
1544818335.08
1544818335.13
1544818335.18
1544818335.23
1544818335.29
1544818335.36
1544818335.42
1544818335.48
1544818335.53
1544818335.58
1544818335.64
1544818335.69
1544818335.75
1544818335.79
1544818335.85
1544818335.9
1544818335.97
1544818336.05
1544818336.1
1544818336.15
1544818336.21
1544818336.26
1544818336.31
1544818336.36
1544818336.43
1544818336.49
1544818336.53
1544818336.58
1544818336.63
1544818336.68
1544818336.72
1544818336.78
1544818336.83
1544818336.86
1544818336.91
1544818336.96
1544818337.02
1544818337.08
1544818337.11
1544818337.15
1544818337.21
1544818337.26
1544818337.31
1544818337.36
1544818337.42
1544818337.46
1544818337.5
1544818337.53
1544818337.58
1544818337.62
1544818337.67
1544818337.71
1544818337.75
1544818337.79
1544818337.83
1544818337.88
1544818337.91
1544818337.94
1544818338.0
1544818338.05
1544818338.09
1544818338.13
1544818338.18
1544818338.23
1544818338.28
1544818338.31
1544818338.35
1544818338.41
1544818338.46
1544818338.5
1544818338.54
1544818338.6
1544818338.65
1544818338.69
1544818338.72
1544818338.79
1544818338.84
1544818338.88
1544818338.92
1544818338.96
1544818339.02
1544818339.07
1544818339.11
1544818339.15
1544818339.2
1544818339.25
1544818339.28
1544818339.31
1544818339.36
1544818339.4
1544818339.44
1544818339.49
1544818339.54
1544818339.57
1544818339.61
1544818339.65
1544818339.68
1544818339.72
1544818339.76
1544818339.8
1544818339.86
1544818339.91
1544818339.95
1544818340.0
1544818340.05
1544818340.09
1544818340.14
1544818340.22
1544818340.27
1544818340.3
1544818340.33
1544818340.41
1544818340.46
1544818340.49
1544818340.53
1544818340.6
1544818340.66
1544818340.69
1544818340.73
1544818340.8
1544818340.85
1544818340.89
1544818340.92
1544818340.96
1544818341.01
1544818341.05
1544818341.09
1544818341.12
1544818341.17
1544818341.21
1544818341.27
1544818341.3
1544818341.36
1544818341.43
1544818341.46
1544818341.51
1544818341.55
1544818341.6
1544818341.65
1544818341.69
1544818341.73
1544818341.78
1544818341.82
1544818341.86
1544818341.89
1544818341.93
1544818342.0
1544818342.06
1544818342.1
1544818342.13
1544818342.19
1544818342.25
1544818342.29
1544818342.33
1544818342.41
1544818342.46
1544818342.5
1544818342.53
1544818342.57
1544818342.62
1544818342.66
1544818342.7
1544818342.74
1544818342.78
1544818342.85
1544818342.89
1544818342.93
1544818343.01
1544818343.07
1544818343.11
1544818343.16
1544818343.19
1544818343.23
1544818343.26
1544818343.3
1544818343.34
1544818343.38
1544818343.42
1544818343.46
1544818343.49
1544818343.53
1544818343.58
1544818343.64
1544818343.69
1544818343.73
1544818343.78
1544818343.81
1544818343.86
1544818343.9
1544818343.94
1544818344.03
1544818344.08
1544818344.11
1544818344.17
1544818344.22
1544818344.27
1544818344.31
1544818344.35
1544818344.39
1544818344.46
1544818344.5
1544818344.53
1544818344.58
1544818344.65
1544818344.68
1544818344.71
1544818344.75
1544818344.8
1544818344.84
1544818344.89
1544818344.92
1544818344.96
1544818345.01
1544818345.06
1544818345.1
1544818345.13
1544818345.18
1544818345.21
1544818345.26
1544818345.29
1544818345.32
1544818345.36
1544818345.4
1544818345.45
1544818345.48
1544818345.51
1544818345.55
1544818345.62
1544818345.67
1544818345.7
1544818345.73
1544818345.76
1544818345.82
1544818345.87
1544818345.9
1544818345.93
1544818345.97
1544818346.03
1544818346.08
1544818346.11
1544818346.15
1544818346.22
1544818346.27
1544818346.31
1544818346.35
1544818346.4
1544818346.45
1544818346.49
1544818346.52
1544818346.56
1544818346.65
1544818346.68
1544818346.72
1544818346.8
1544818346.85
1544818346.89
1544818346.92
1544818346.96
1544818347.01
1544818347.05
1544818347.09
1544818347.12
1544818347.19
1544818347.23
1544818347.27
1544818347.31
1544818347.35
1544818347.41
1544818347.46
1544818347.49
1544818347.53
1544818347.58
1544818347.62
1544818347.66
1544818347.7
1544818347.73
1544818347.79
1544818347.82
1544818347.86
1544818347.89
1544818347.93
1544818347.98
1544818348.01
1544818348.06
1544818348.09
1544818348.12
1544818348.16
1544818348.21
1544818348.26
1544818348.3
1544818348.33
1544818348.38
1544818348.43
1544818348.47
1544818348.5
1544818348.55
1544818348.61
1544818348.68
1544818348.76
1544818348.82
1544818348.88
1544818348.93
1544818348.99
1544818349.05
1544818349.1
1544818349.15
1544818349.2
1544818349.26
1544818349.32
1544818349.38
1544818349.45
1544818349.52
1544818349.6
1544818349.69
1544818349.76
1544818349.81
1544818349.87
1544818349.93
1544818349.99
1544818350.03
1544818350.08
1544818350.12
1544818350.2
1544818350.27
1544818350.31
1544818350.35
1544818350.41
1544818350.47
1544818350.51
1544818350.55
1544818350.58
1544818350.64
1544818350.69
1544818350.72
1544818350.79
1544818350.84
1544818350.88
1544818350.91
1544818350.94
1544818350.99
1544818351.03
1544818351.08
1544818351.12
1544818351.17
1544818351.22
1544818351.26
1544818351.3
1544818351.34
1544818351.38
1544818351.46
1544818351.5
1544818351.55
1544818351.59
1544818351.63
1544818351.68
1544818351.71
1544818351.75
1544818351.79
1544818351.82
1544818351.87
1544818351.91
1544818351.94
1544818351.99
1544818352.04
1544818352.09
1544818352.12
1544818352.16
1544818352.24
1544818352.29
1544818352.32
1544818352.38
1544818352.44
1544818352.48
1544818352.52
1544818352.56
1544818352.62
1544818352.67
1544818352.71
1544818352.76
1544818352.82
1544818352.87
1544818352.9
1544818352.94
1544818353.0
1544818353.07
1544818353.11
1544818353.15
1544818353.2
1544818353.25
1544818353.29
1544818353.32
1544818353.37
1544818353.4
1544818353.46
1544818353.5
1544818353.53
1544818353.58
1544818353.63
1544818353.67
1544818353.71
1544818353.75
1544818353.81
1544818353.86
1544818353.9
1544818353.94
1544818353.98
1544818354.01
1544818354.05
1544818354.14
1544818354.19
1544818354.23
1544818354.27
1544818354.31
1544818354.37
1544818354.42
1544818354.48
1544818354.53
1544818354.57
1544818354.62
1544818354.68
1544818354.74
1544818354.79
1544818354.83
1544818354.9
1544818354.96
1544818355.01
1544818355.06
1544818355.11
1544818355.16
1544818355.2
1544818355.25
1544818355.3
1544818355.35
1544818355.4
1544818355.46
1544818355.5
1544818355.54
1544818355.61
1544818355.66
1544818355.71
1544818355.76
1544818355.82
1544818355.91
1544818355.99
1544818356.05
1544818356.1
1544818356.15
1544818356.2
1544818356.26
1544818356.31
1544818356.36
1544818356.41
1544818356.46
1544818356.5
1544818356.59
1544818356.66
1544818356.72
1544818356.79
1544818356.86
1544818356.91
1544818356.97
1544818357.01
1544818357.09
1544818357.15
1544818357.18
1544818357.22
1544818357.29
1544818357.34
1544818357.4
1544818357.45
1544818357.49
1544818357.52
1544818357.57
1544818357.62
1544818357.66
1544818357.7
1544818357.73
1544818357.78
1544818357.83
1544818357.88
1544818357.93
1544818357.98
1544818358.02
1544818358.07
1544818358.11
1544818358.17
1544818358.22
1544818358.26
1544818358.31
1544818358.34
1544818358.39
1544818358.45
1544818358.49
1544818358.53
1544818358.59
1544818358.63
1544818358.68
1544818358.72
1544818358.78
1544818358.84
1544818358.88
1544818358.91
1544818358.94
1544818358.99
1544818359.05
1544818359.09
1544818359.12
1544818359.17
1544818359.21
1544818359.25
1544818359.28
1544818359.31
1544818359.36
1544818359.4
1544818359.46
1544818359.49
1544818359.52
1544818359.56
1544818359.6
1544818359.64
1544818359.69
1544818359.73
1544818359.79
1544818359.85
1544818359.89
1544818359.92
1544818359.96
1544818360.02
1544818360.08
1544818360.12
1544818360.18
1544818360.23
1544818360.28
1544818360.31
1544818360.37
1544818360.42
1544818360.46
1544818360.49
1544818360.52
1544818360.59
1544818360.64
1544818360.69
1544818360.73
1544818360.77
1544818360.83
1544818360.88
1544818360.92
1544818360.96
1544818361.01
1544818361.07
1544818361.1
1544818361.14
1544818361.18
1544818361.24
1544818361.28
1544818361.32
1544818361.37
1544818361.42
1544818361.47
1544818361.5
1544818361.55
1544818361.59
1544818361.64
1544818361.69
1544818361.73
1544818361.77
1544818361.81
1544818361.85
1544818361.88
1544818361.92
1544818361.97
1544818362.03
1544818362.09
1544818362.12
1544818362.17
1544818362.24
1544818362.29
1544818362.33
1544818362.38
1544818362.43
1544818362.47
1544818362.51
1544818362.56
1544818362.63
1544818362.68
1544818362.71
1544818362.75
1544818362.79
1544818362.83
1544818362.87
1544818362.91
1544818362.95
1544818363.0
1544818363.05
1544818363.09
1544818363.13
1544818363.19
1544818363.22
1544818363.26
1544818363.29
1544818363.33
1544818363.38
1544818363.44
1544818363.48
1544818363.52
1544818363.56
1544818363.62
1544818363.67
1544818363.71
1544818363.75
1544818363.81
1544818363.86
1544818363.91
1544818363.95
1544818364.02
1544818364.07
1544818364.11
1544818364.14
1544818364.19
1544818364.25
1544818364.29
1544818364.32
1544818364.37
1544818364.4
1544818364.44
1544818364.48
1544818364.52
1544818364.56
1544818364.63
1544818364.67
1544818364.71
1544818364.76
1544818364.81
1544818364.85
1544818364.9
1544818364.94
1544818364.98
1544818365.02
1544818365.06
1544818365.1
1544818365.14
1544818365.2
1544818365.24
1544818365.28
1544818365.32
1544818365.37
1544818365.42
1544818365.46
1544818365.5
1544818365.54
1544818365.61
1544818365.65
1544818365.69
1544818365.73
1544818365.79
1544818365.85
1544818365.88
1544818365.91
1544818365.95
1544818366.0
1544818366.06
1544818366.1
1544818366.15
1544818366.2
1544818366.26
1544818366.3
1544818366.33
1544818366.38
1544818366.42
1544818366.46
1544818366.49
1544818366.53
1544818366.59
1544818366.64
1544818366.69
1544818366.73
1544818366.79
1544818366.84
1544818366.89
1544818366.93
1544818366.99
1544818367.05
1544818367.1
1544818367.15
1544818367.19
1544818367.23
1544818367.28
1544818367.31
1544818367.37
1544818367.42
1544818367.47
1544818367.5
1544818367.54
1544818367.59
1544818367.66
1544818367.73
1544818367.8
1544818367.85
1544818367.91
1544818367.97
1544818368.02
1544818368.08
1544818368.13
1544818368.2
1544818368.28
1544818368.33
1544818368.38
1544818368.43
1544818368.49
1544818368.54
1544818368.58
1544818368.63
1544818368.68
1544818368.72
1544818368.78
1544818368.82
1544818368.86
1544818368.9
1544818368.96
1544818369.01
1544818369.08
1544818369.13
1544818369.18
1544818369.23
1544818369.28
1544818369.33
1544818369.38
1544818369.43
1544818369.46
1544818369.5
1544818369.53
1544818369.58
1544818369.63
1544818369.67
1544818369.71
1544818369.74
1544818369.8
1544818369.86
1544818369.89
1544818369.93
1544818369.99
1544818370.03
1544818370.07
1544818370.11
1544818370.15
1544818370.21
1544818370.26
1544818370.3
1544818370.35
1544818370.38
1544818370.42
1544818370.46
1544818370.5
1544818370.55
1544818370.61
1544818370.65
1544818370.69
1544818370.73
1544818370.76
1544818370.8
1544818370.84
1544818370.88
1544818370.92
1544818370.96
1544818371.0
1544818371.04
1544818371.08
1544818371.11
1544818371.16
1544818371.22
1544818371.26
1544818371.3
1544818371.33
1544818371.37
1544818371.44
1544818371.48
1544818371.52
1544818371.55
1544818371.59
1544818371.64
1544818371.68
1544818371.72
1544818371.77
1544818371.81
1544818371.86
1544818371.9
1544818371.93
1544818371.98
1544818372.02
1544818372.06
1544818372.1
1544818372.13
1544818372.2
1544818372.25
1544818372.3
1544818372.34
1544818372.41
1544818372.47
1544818372.51
1544818372.55
1544818372.58
1544818372.62
1544818372.67
1544818372.72
1544818372.76
1544818372.8
1544818372.83
1544818372.88
1544818372.91
1544818372.96
1544818372.99
1544818373.03
1544818373.09
1544818373.16
1544818373.2
1544818373.26
1544818373.31
1544818373.34
1544818373.41
1544818373.45
1544818373.49
1544818373.53
1544818373.6
1544818373.65
1544818373.69
1544818373.72
1544818373.76
1544818373.82
1544818373.89
1544818373.92
1544818373.96
1544818374.01
1544818374.09
1544818374.12
1544818374.2
1544818374.26
1544818374.32
1544818374.38
1544818374.42
1544818374.47
1544818374.52
1544818374.57
1544818374.63
1544818374.69
1544818374.75
1544818374.81
1544818374.87
1544818374.93
1544818375.0
1544818375.06
1544818375.11
1544818375.16
1544818375.21
1544818375.27
1544818375.33
1544818375.39
1544818375.45
1544818375.49
1544818375.52
1544818375.56
1544818375.61
1544818375.64
1544818375.68
1544818375.73
1544818375.77
1544818375.82
1544818375.88
1544818375.93
1544818375.98
1544818376.03
1544818376.08
1544818376.12
1544818376.18
1544818376.22
1544818376.27
1544818376.31
1544818376.35
1544818376.41
1544818376.46
1544818376.52
1544818376.59
1544818376.63
1544818376.68
1544818376.72
1544818376.78
1544818376.83
1544818376.88
1544818376.92
1544818376.96
1544818377.04
1544818377.09
1544818377.13
1544818377.18
1544818377.24
1544818377.28
1544818377.32
1544818377.36
1544818377.41
1544818377.45
1544818377.49
1544818377.53
1544818377.59
1544818377.63
1544818377.68
1544818377.72
1544818377.75
1544818377.82
1544818377.87
1544818377.9
1544818377.93
1544818377.97
1544818378.03
1544818378.08
1544818378.11
1544818378.15
1544818378.2
1544818378.25
1544818378.29
1544818378.32
1544818378.36
1544818378.42
1544818378.46
1544818378.5
1544818378.54
1544818378.61
1544818378.66
1544818378.7
1544818378.73
1544818378.78
1544818378.83
1544818378.88
1544818378.93
1544818378.98
1544818379.02
1544818379.08
1544818379.13
1544818379.18
1544818379.23
1544818379.28
1544818379.32
1544818379.36
1544818379.4
1544818379.44
1544818379.48
1544818379.51
1544818379.54
1544818379.58
1544818379.63
1544818379.68
1544818379.73
1544818379.78
1544818379.82
1544818379.86
1544818379.89
1544818379.93
1544818379.99
1544818380.05
1544818380.08
1544818380.12
1544818380.16
1544818380.2
1544818380.25
1544818380.29
1544818380.33
1544818380.41
1544818380.47
1544818380.51
1544818380.58
1544818380.63
1544818380.69
1544818380.73
1544818380.8
1544818380.86
1544818380.91
1544818380.99
1544818381.04
1544818381.1
1544818381.15
1544818381.21
1544818381.28
1544818381.32
1544818381.35
1544818381.4
1544818381.45
1544818381.49
1544818381.52
1544818381.56
1544818381.6
1544818381.64
1544818381.68
1544818381.72
1544818381.76
1544818381.82
1544818381.86
1544818381.9
1544818381.94
1544818382.04
1544818382.08
1544818382.12
1544818382.17
1544818382.23
1544818382.28
1544818382.32
1544818382.36
1544818382.41
1544818382.46
1544818382.49
1544818382.53
1544818382.59
1544818382.65
1544818382.69
1544818382.73
1544818382.79
1544818382.83
1544818382.88
1544818382.93
1544818382.99
1544818383.03
1544818383.09
1544818383.13
1544818383.18
1544818383.23
1544818383.28
1544818383.31
1544818383.36
1544818383.41
1544818383.45
1544818383.49
1544818383.52
1544818383.56
1544818383.62
1544818383.68
1544818383.75
1544818383.79
1544818383.83
1544818383.89
1544818383.95
1544818383.99
1544818384.03
1544818384.08
1544818384.14
1544818384.22
1544818384.28
1544818384.33
1544818384.39
1544818384.45
1544818384.49
1544818384.54
1544818384.59
1544818384.65
1544818384.7
1544818384.77
1544818384.83
1544818384.9
1544818384.96
1544818385.03
1544818385.11
1544818385.18
1544818385.23
1544818385.31
1544818385.38
1544818385.45
1544818385.49
1544818385.53
1544818385.59
1544818385.64
1544818385.71
1544818385.78
1544818385.83
1544818385.9
1544818385.99
1544818386.06
1544818386.1
1544818386.14
1544818386.19
1544818386.22
1544818386.26
1544818386.3
1544818386.33
1544818386.4
1544818386.44
1544818386.49
1544818386.53
1544818386.58
1544818386.63
1544818386.69
1544818386.72
1544818386.78
1544818386.83
1544818386.87
1544818386.91
1544818386.95
1544818386.99
1544818387.03
1544818387.07
1544818387.1
1544818387.13
1544818387.2
1544818387.25
1544818387.29
1544818387.34
1544818387.42
1544818387.47
1544818387.51
1544818387.56
1544818387.62
1544818387.66
1544818387.7
1544818387.75
1544818387.84
1544818387.89
1544818387.92
1544818387.99
1544818388.04
1544818388.09
1544818388.13
1544818388.21
1544818388.26
1544818388.29
1544818388.33
1544818388.4
1544818388.46
1544818388.51
1544818388.56
1544818388.62
1544818388.66
1544818388.7
1544818388.73
1544818388.78
1544818388.83
1544818388.88
1544818388.91
1544818388.96
1544818389.03
1544818389.08
1544818389.11
1544818389.18
1544818389.25
1544818389.28
1544818389.31
1544818389.35
1544818389.43
1544818389.48
1544818389.52
1544818389.59
1544818389.65
1544818389.68
1544818389.73
1544818389.79
1544818389.83
1544818389.88
1544818389.93
1544818389.99
1544818390.06
1544818390.1
1544818390.14
1544818390.22
1544818390.27
1544818390.3
1544818390.34
1544818390.43
1544818390.47
1544818390.5
1544818390.53
1544818390.58
1544818390.61
1544818390.65
1544818390.69
1544818390.73
1544818390.78
1544818390.83
1544818390.87
1544818390.91
1544818390.95
1544818391.02
1544818391.07
1544818391.1
1544818391.15
1544818391.2
1544818391.25
1544818391.29
1544818391.35
1544818391.4
1544818391.45
1544818391.49
1544818391.52
1544818391.56
1544818391.62
1544818391.69
1544818391.75
1544818391.81
1544818391.87
1544818391.91
1544818391.95
1544818392.02
1544818392.06
1544818392.11
1544818392.17
1544818392.21
1544818392.26
1544818392.3
1544818392.34
1544818392.39
1544818392.43
1544818392.48
1544818392.52
1544818392.57
1544818392.62
1544818392.67
1544818392.71
1544818392.76
1544818392.81
1544818392.86
1544818392.92
1544818392.98
1544818393.04
1544818393.1
1544818393.17
1544818393.23
1544818393.28
1544818393.32
1544818393.37
1544818393.41
1544818393.47
1544818393.54
1544818393.61
1544818393.68
1544818393.71
1544818393.75
1544818393.8
1544818393.85
1544818393.89
1544818393.93
1544818393.99
1544818394.06
1544818394.1
1544818394.14
1544818394.2
1544818394.26
1544818394.3
1544818394.34
1544818394.38
1544818394.43
1544818394.48
1544818394.51
1544818394.54
1544818394.6
1544818394.66
1544818394.7
1544818394.74
1544818394.82
1544818394.87
1544818394.91
1544818394.96
1544818395.0
1544818395.04
1544818395.08
1544818395.11
1544818395.16
1544818395.25
1544818395.29
1544818395.33
1544818395.4
1544818395.46
1544818395.5
1544818395.53
1544818395.57
1544818395.63
1544818395.67
1544818395.7
1544818395.77
1544818395.81
1544818395.86
1544818395.9
1544818395.97
1544818396.04
1544818396.09
1544818396.13
1544818396.17
1544818396.21
1544818396.24
1544818396.28
1544818396.32
1544818396.37
1544818396.42
1544818396.46
1544818396.49
1544818396.52
1544818396.57
1544818396.63
1544818396.68
1544818396.75
1544818396.81
1544818396.88
1544818396.92
1544818396.98
1544818397.04
1544818397.12
1544818397.21
1544818397.3
1544818397.39
1544818397.46
1544818397.51
1544818397.57
1544818397.67
1544818397.73
1544818397.82
1544818397.87
1544818397.91
1544818397.96
1544818398.02
1544818398.1
1544818398.18
1544818398.26
1544818398.33
1544818398.37
1544818398.41
1544818398.46
1544818398.53
1544818398.58
1544818398.62
1544818398.66
1544818398.73
1544818398.77
1544818398.81
1544818398.85
1544818398.91
1544818398.97
1544818399.01
1544818399.05
1544818399.09
1544818399.13
1544818399.17
1544818399.21
1544818399.26
1544818399.3
1544818399.36
1544818399.39
1544818399.43
1544818399.47
1544818399.55
1544818399.58
1544818399.62
1544818399.67
1544818399.72
1544818399.78
1544818399.82
1544818399.88
1544818399.95
1544818400.02
1544818400.11
1544818400.18
1544818400.24
1544818400.31
1544818400.38
1544818400.46
1544818400.55
1544818400.63
1544818400.71
1544818400.78
1544818400.83
1544818400.87
1544818400.91
1544818400.94
1544818400.99
1544818401.04
1544818401.11
1544818401.2
1544818401.26
1544818401.35
1544818401.42
1544818401.47
1544818401.51
1544818401.56
1544818401.62
1544818401.66
1544818401.74
1544818401.78
1544818401.82
1544818401.88
1544818401.93
1544818401.97
1544818402.01
1544818402.05
1544818402.1
1544818402.15
1544818402.18
1544818402.22
1544818402.26
1544818402.3
1544818402.35
1544818402.38
1544818402.41
1544818402.46
1544818402.51
1544818402.56
1544818402.59
1544818402.64
1544818402.7
1544818402.75
1544818402.78
1544818402.82
1544818402.87
1544818402.92
1544818402.97
1544818403.0
1544818403.04
1544818403.11
1544818403.18
1544818403.25
1544818403.32
1544818403.37
1544818403.41
1544818403.46
1544818403.51
1544818403.57
1544818403.61
1544818403.65
1544818403.71
1544818403.77
1544818403.83
1544818403.9
1544818403.96
1544818404.02
1544818404.09
1544818404.15
1544818404.2
1544818404.26
1544818404.32
1544818404.39
1544818404.46
1544818404.51
1544818404.58
1544818404.64
1544818404.73
1544818404.81
1544818404.88
1544818404.93
1544818405.01
1544818405.08
1544818405.11
1544818405.17
1544818405.22
1544818405.27
1544818405.32
1544818405.38
1544818405.43
1544818405.48
1544818405.53
1544818405.58
1544818405.62
1544818405.67
1544818405.73
1544818405.81
1544818405.87
1544818405.91
1544818405.97
1544818406.03
1544818406.11
1544818406.19
1544818406.26
1544818406.31
1544818406.37
1544818406.42
1544818406.49
1544818406.55
1544818406.61
1544818406.67
1544818406.72
1544818406.79
1544818406.85
1544818406.89
1544818406.93
1544818406.98
1544818407.02
1544818407.08
1544818407.11
1544818407.16
1544818407.21
1544818407.27
1544818407.32
1544818407.38
1544818407.43
1544818407.47
1544818407.51
1544818407.56
1544818407.6
1544818407.65
1544818407.69
1544818407.74
1544818407.78
1544818407.84
1544818407.89
1544818407.93
1544818408.02
1544818408.08
1544818408.13
1544818408.18
1544818408.23
1544818408.28
1544818408.32
1544818408.36
1544818408.41
1544818408.47
1544818408.51
1544818408.55
1544818408.63
1544818408.69
1544818408.73
1544818408.79
1544818408.84
1544818408.88
1544818408.93
1544818409.01
1544818409.07
1544818409.11
1544818409.16
1544818409.23
1544818409.29
1544818409.32
1544818409.38
1544818409.43
1544818409.48
1544818409.51
1544818409.55
1544818409.61
1544818409.66
1544818409.69
1544818409.72
1544818409.77
1544818409.83
1544818409.88
1544818409.92
1544818409.97
1544818410.03
1544818410.09
1544818410.13
1544818410.17
1544818410.21
1544818410.27
1544818410.31
1544818410.34
1544818410.39
1544818410.43
1544818410.48
1544818410.52
1544818410.58
1544818410.63
1544818410.68
1544818410.71
1544818410.76
1544818410.82
1544818410.88
1544818410.91
1544818410.96
1544818411.02
1544818411.07
1544818411.1
1544818411.15
1544818411.19
1544818411.23
1544818411.27
1544818411.31
1544818411.35
1544818411.42
1544818411.46
1544818411.5
1544818411.55
1544818411.63
1544818411.67
1544818411.71
1544818411.76
1544818411.82
1544818411.87
1544818411.91
1544818411.95
1544818412.01
1544818412.06
1544818412.11
1544818412.15
1544818412.2
1544818412.25
1544818412.31
1544818412.36
1544818412.41
1544818412.46
1544818412.51
1544818412.56
1544818412.61
1544818412.7
1544818412.76
1544818412.82
1544818412.89
1544818412.96
1544818413.02
1544818413.09
1544818413.15
1544818413.21
1544818413.28
1544818413.34
1544818413.41
1544818413.47
1544818413.53
1544818413.59
1544818413.66
1544818413.71
1544818413.78
1544818413.83
1544818413.89
1544818413.93
1544818413.98
1544818414.01
1544818414.05
1544818414.11
1544818414.18
1544818414.23
1544818414.31
1544818414.37
1544818414.42
1544818414.48
1544818414.51
1544818414.56
1544818414.63
1544818414.68
1544818414.72
1544818414.79
1544818414.84
1544818414.89
1544818414.96
1544818415.02
1544818415.08
1544818415.12
1544818415.18
1544818415.23
1544818415.29
1544818415.35
1544818415.41
1544818415.46
1544818415.53
1544818415.61
1544818415.71
1544818415.76
1544818415.81
1544818415.86
1544818415.91
1544818415.96
1544818416.0
1544818416.05
1544818416.11
1544818416.16
1544818416.21
1544818416.27
1544818416.3
1544818416.33
1544818416.38
1544818416.41
1544818416.45
1544818416.49
1544818416.56
1544818416.61
1544818416.66
1544818416.76
1544818416.8
1544818416.83
1544818416.9
1544818416.93
1544818416.98
1544818417.02
1544818417.07
1544818417.15
1544818417.19
1544818417.23
1544818417.3
1544818417.36
1544818417.4
1544818417.43
1544818417.49
1544818417.53
1544818417.58
1544818417.61
1544818417.65
1544818417.7
1544818417.77
1544818417.8
1544818417.83
1544818417.88
1544818417.92
1544818417.96
1544818418.0
1544818418.03
1544818418.13
1544818418.18
1544818418.21
1544818418.25
1544818418.29
1544818418.35
1544818418.39
1544818418.43
1544818418.47
1544818418.53
1544818418.59
1544818418.62
1544818418.67
1544818418.76
1544818418.81
1544818418.87
1544818418.93
1544818418.97
1544818419.01
1544818419.05
1544818419.12
1544818419.16
1544818419.21
1544818419.24
1544818419.33
1544818419.38
1544818419.42
1544818419.49
1544818419.56
1544818419.6
1544818419.63
1544818419.71
1544818419.76
1544818419.81
1544818419.84
1544818419.9
1544818419.95
1544818420.0
1544818420.04
1544818420.11
1544818420.16
1544818420.2
1544818420.24
1544818420.3
1544818420.36
1544818420.39
1544818420.44
1544818420.49
1544818420.55
1544818420.6
1544818420.65
1544818420.69
1544818420.73
1544818420.78
1544818420.82
1544818420.86
1544818420.93
1544818420.99
1544818421.02
1544818421.08
1544818421.12
1544818421.17
1544818421.2
1544818421.25
1544818421.31
1544818421.36
1544818421.41
1544818421.47
1544818421.52
1544818421.58
1544818421.62
1544818421.65
1544818421.72
1544818421.78
1544818421.84
1544818421.9
1544818421.96
1544818422.02
1544818422.09
1544818422.13
1544818422.19
1544818422.24
1544818422.31
1544818422.36
1544818422.42
1544818422.49
1544818422.55
1544818422.6
1544818422.65
1544818422.7
1544818422.75
1544818422.81
1544818422.86
1544818422.91
1544818422.95
1544818422.98
1544818423.03
1544818423.08
1544818423.13
1544818423.18
1544818423.22
1544818423.28
1544818423.33
1544818423.4
1544818423.46
1544818423.51
1544818423.56
1544818423.6
1544818423.66
1544818423.71
1544818423.79
1544818423.86
1544818423.92
1544818423.98
1544818424.04
1544818424.11
1544818424.16
1544818424.2
1544818424.24
1544818424.29
1544818424.35
1544818424.4
1544818424.44
1544818424.51
1544818424.57
1544818424.61
1544818424.66
1544818424.7
1544818424.75
1544818424.79
1544818424.84
1544818424.89
1544818424.95
1544818424.99
1544818425.02
1544818425.07
1544818425.12
1544818425.17
1544818425.21
1544818425.25
1544818425.29
1544818425.34
1544818425.39
1544818425.42
1544818425.47
1544818425.51
1544818425.56
1544818425.59
1544818425.63
1544818425.69
1544818425.74
1544818425.79
1544818425.83
1544818425.87
1544818425.93
1544818425.97
1544818426.02
1544818426.08
1544818426.13
1544818426.18
1544818426.21
1544818426.25
1544818426.32
1544818426.38
1544818426.42
1544818426.47
1544818426.51
1544818426.56
1544818426.6
1544818426.65
1544818426.69
1544818426.77
1544818426.81
1544818426.86
1544818426.92
1544818426.97
1544818427.01
1544818427.05
1544818427.09
1544818427.13
1544818427.19
1544818427.23
1544818427.31
1544818427.36
1544818427.4
1544818427.45
1544818427.52
1544818427.58
1544818427.62
1544818427.67
1544818427.75
1544818427.78
1544818427.82
1544818427.9
1544818427.96
1544818427.99
1544818428.03
1544818428.11
1544818428.17
1544818428.21
1544818428.25
1544818428.3
1544818428.36
1544818428.4
1544818428.45
1544818428.51
1544818428.56
1544818428.61
1544818428.64
1544818428.71
1544818428.75
1544818428.8
1544818428.85
1544818428.9
1544818428.96
1544818429.0
1544818429.05
1544818429.11
1544818429.17
1544818429.2
1544818429.24
1544818429.28
1544818429.33
1544818429.39
1544818429.45
1544818429.5
1544818429.55
1544818429.59
1544818429.65
1544818429.72
1544818429.77
1544818429.83
1544818429.9
1544818429.96
1544818430.0
1544818430.04
1544818430.11
1544818430.19
1544818430.25
1544818430.29
1544818430.33
1544818430.38
1544818430.43
1544818430.49
1544818430.54
1544818430.6
1544818430.64
1544818430.69
1544818430.74
1544818430.8
1544818430.86
1544818430.9
1544818430.94
1544818431.01
1544818431.1
1544818431.16
1544818431.2
1544818431.24
1544818431.34
1544818431.39
1544818431.42
1544818431.49
1544818431.55
1544818431.59
1544818431.63
1544818431.67
1544818431.71
1544818431.76
1544818431.79
1544818431.83
1544818431.88
1544818431.95
1544818431.99
1544818432.03
1544818432.1
1544818432.16
1544818432.2
1544818432.25
1544818432.33
1544818432.38
1544818432.42
1544818432.48
1544818432.54
1544818432.6
1544818432.64
1544818432.7
1544818432.76
1544818432.79
1544818432.83
1544818432.89
1544818432.96
1544818432.99
1544818433.03
1544818433.1
1544818433.18
1544818433.25
1544818433.33
1544818433.38
1544818433.43
1544818433.48
1544818433.53
1544818433.59
1544818433.65
1544818433.71
1544818433.74
1544818433.8
1544818433.84
1544818433.91
1544818433.96
1544818434.01
1544818434.05
1544818434.12
1544818434.18
1544818434.23
1544818434.29
1544818434.32
1544818434.37
1544818434.41
1544818434.46
1544818434.5
1544818434.53
1544818434.6
1544818434.65
1544818434.68
1544818434.72
1544818434.76
1544818434.81
1544818434.85
1544818434.9
1544818434.93
1544818434.97
1544818435.03
1544818435.08
1544818435.12
1544818435.18
1544818435.22
1544818435.26
1544818435.3
1544818435.35
1544818435.4
1544818435.46
1544818435.51
1544818435.56
1544818435.64
1544818435.69
1544818435.72
1544818435.76
1544818435.81
1544818435.86
1544818435.9
1544818435.95
1544818435.99
1544818436.03
1544818436.08
1544818436.11
1544818436.15
1544818436.2
1544818436.25
1544818436.29
1544818436.33
1544818436.38
1544818436.43
1544818436.48
1544818436.51
1544818436.55
1544818436.6
1544818436.65
1544818436.7
1544818436.73
1544818436.77
1544818436.82
1544818436.87
1544818436.91
1544818436.96
1544818437.01
1544818437.06
1544818437.1
1544818437.15
1544818437.22
1544818437.28
1544818437.31
1544818437.37
1544818437.42
1544818437.46
1544818437.5
1544818437.54
1544818437.62
1544818437.66
1544818437.71
1544818437.77
1544818437.81
1544818437.86
1544818437.91
1544818437.96
1544818438.03
1544818438.08
1544818438.11
1544818438.16
1544818438.21
1544818438.25
1544818438.3
1544818438.33
1544818438.41
1544818438.45
1544818438.49
1544818438.52
1544818438.58
1544818438.63
1544818438.67
1544818438.72
1544818438.76
1544818438.81
1544818438.87
1544818438.91
1544818438.96
1544818438.98
1544818439.02
1544818439.06
1544818439.11
1544818439.14
1544818439.19
1544818439.23
1544818439.28
1544818439.31
1544818439.35
1544818439.39
1544818439.44
1544818439.49
1544818439.53
1544818439.58
1544818439.64
1544818439.68
1544818439.72
1544818439.76
1544818439.8
1544818439.84
1544818439.88
1544818439.92
1544818439.96
1544818440.01
1544818440.06
1544818440.11
1544818440.2
1544818440.26
1544818440.29
1544818440.33
1544818440.37
1544818440.44
1544818440.49
1544818440.53
1544818440.6
1544818440.66
1544818440.7
1544818440.75
1544818440.81
1544818440.85
1544818440.89
1544818440.93
1544818440.96
1544818441.0
1544818441.05
1544818441.1
1544818441.14
1544818441.18
1544818441.24
1544818441.28
1544818441.32
1544818441.36
1544818441.46
1544818441.5
1544818441.56
1544818441.61
1544818441.67
1544818441.72
1544818441.78
1544818441.85
1544818441.88
1544818441.92
1544818441.97
1544818442.01
1544818442.08
1544818442.13
1544818442.2
1544818442.27
1544818442.33
1544818442.39
1544818442.46
1544818442.52
1544818442.58
1544818442.65
1544818442.71
1544818442.76
1544818442.82
1544818442.88
1544818442.94
1544818443.0
1544818443.06
1544818443.13
1544818443.2
1544818443.27
1544818443.34
1544818443.41
1544818443.49
1544818443.56
1544818443.65
1544818443.72
1544818443.8
1544818443.88
1544818443.95
1544818444.02
1544818444.09
1544818444.16
1544818444.21
1544818444.27
1544818444.32
1544818444.37
1544818444.42
1544818444.49
1544818444.55
1544818444.59
1544818444.63
1544818444.71
1544818444.75
1544818444.8
1544818444.86
1544818444.91
1544818444.97
1544818445.0
1544818445.06
1544818445.13
1544818445.21
1544818445.3
1544818445.39
1544818445.47
1544818445.54
1544818445.61
1544818445.68
1544818445.76
1544818445.83
1544818445.9
1544818445.99
1544818446.08
1544818446.16
1544818446.25
1544818446.34
1544818446.43
1544818446.51
1544818446.6
1544818446.68
1544818446.77
1544818446.83
1544818446.88
1544818446.93
1544818446.98
1544818447.03
1544818447.11
1544818447.19
1544818447.28
1544818447.33
1544818447.38
1544818447.42
1544818447.48
1544818447.53
1544818447.58
1544818447.61
1544818447.65
1544818447.72
1544818447.77
1544818447.81
1544818447.85
1544818447.9
1544818447.93
1544818447.97
1544818448.01
1544818448.06
1544818448.1
1544818448.17
1544818448.21
1544818448.26
1544818448.3
1544818448.35
1544818448.39
1544818448.43
1544818448.48
1544818448.52
1544818448.56
1544818448.61
1544818448.65
1544818448.72
1544818448.79
1544818448.82
1544818448.86
1544818448.92
1544818448.98
1544818449.02
1544818449.06
1544818449.12
1544818449.19
1544818449.24
1544818449.29
1544818449.36
1544818449.4
1544818449.44
1544818449.49
1544818449.55
1544818449.59
1544818449.66
1544818449.72
1544818449.78
1544818449.82
1544818449.88
1544818449.96
1544818450.0
1544818450.05
1544818450.1
1544818450.16
1544818450.2
1544818450.25
1544818450.28
1544818450.31
1544818450.38
1544818450.41
1544818450.45
1544818450.49
1544818450.58
1544818450.62
1544818450.68
1544818450.75
1544818450.79
1544818450.84
1544818450.92
1544818450.97
1544818451.01
1544818451.06
1544818451.1
1544818451.14
1544818451.18
1544818451.23
1544818451.26
1544818451.31
1544818451.37
1544818451.41
1544818451.46
1544818451.51
1544818451.57
1544818451.61
1544818451.65
1544818451.7
1544818451.76
1544818451.8
1544818451.83
1544818451.89
1544818451.95
1544818451.99
1544818452.03
1544818452.09
1544818452.15
1544818452.19
1544818452.23
1544818452.28
1544818452.35
1544818452.39
1544818452.44
1544818452.49
1544818452.55
1544818452.59
1544818452.63
1544818452.7
1544818452.75
1544818452.78
1544818452.81
1544818452.86
1544818452.91
1544818452.97
1544818453.03
1544818453.09
1544818453.14
1544818453.19
1544818453.23
1544818453.29
1544818453.35
1544818453.43
1544818453.49
1544818453.53
1544818453.59
1544818453.63
1544818453.69
1544818453.73
1544818453.78
1544818453.83
1544818453.89
1544818453.96
1544818454.01
1544818454.06
1544818454.11
1544818454.15
1544818454.19
1544818454.24
1544818454.31
1544818454.39
1544818454.45
1544818454.51
1544818454.58
1544818454.64
1544818454.69
1544818454.75
1544818454.8
1544818454.86
1544818454.93
1544818455.0
1544818455.07
1544818455.13
1544818455.19
1544818455.26
1544818455.29
1544818455.33
1544818455.39
1544818455.45
1544818455.5
1544818455.55
1544818455.61
1544818455.68
1544818455.73
1544818455.79
1544818455.85
1544818455.89
1544818455.94
1544818456.01
1544818456.08
1544818456.16
1544818456.21
1544818456.28
1544818456.36
1544818456.39
1544818456.43
1544818456.5
1544818456.58
1544818456.65
1544818456.71
1544818456.77
1544818456.82
1544818456.88
1544818456.94
1544818457.0
1544818457.06
1544818457.1
1544818457.15
1544818457.21
1544818457.28
1544818457.34
1544818457.41
1544818457.48
1544818457.56
1544818457.62
1544818457.71
1544818457.78
1544818457.86
1544818457.93
1544818458.0
1544818458.07
1544818458.14
1544818458.22
1544818458.3
1544818458.37
1544818458.42
1544818458.48
1544818458.58
1544818458.66
1544818458.76
1544818458.84
1544818458.89
1544818458.98
1544818459.05
1544818459.11
1544818459.19
1544818459.26
1544818459.31
1544818459.39
1544818459.45
1544818459.5
1544818459.56
1544818459.62
1544818459.66
1544818459.7
1544818459.75
1544818459.79
1544818459.83
1544818459.88
1544818459.92
1544818459.96
1544818460.02
1544818460.06
1544818460.12
1544818460.18
1544818460.22
1544818460.28
1544818460.35
1544818460.42
1544818460.49
1544818460.55
1544818460.62
1544818460.68
1544818460.75
1544818460.8
1544818460.87
1544818460.92
1544818460.97
1544818461.01
1544818461.08
1544818461.13
1544818461.19
1544818461.26
1544818461.33
1544818461.41
1544818461.48
1544818461.54
1544818461.61
1544818461.67
1544818461.71
1544818461.79
1544818461.86
1544818461.93
1544818461.99
1544818462.05
1544818462.12
1544818462.17
1544818462.24
1544818462.32
1544818462.39
1544818462.45
1544818462.5
1544818462.56
1544818462.63
1544818462.68
1544818462.75
1544818462.81
1544818462.88
1544818462.95
1544818463.02
1544818463.07
1544818463.12
1544818463.19
1544818463.26
1544818463.33
1544818463.41
1544818463.5
1544818463.59
1544818463.68
1544818463.74
1544818463.82
1544818463.89
1544818463.94
1544818464.01
1544818464.07
1544818464.13
1544818464.19
1544818464.23
1544818464.29
1544818464.33
1544818464.39
1544818464.45
1544818464.5
1544818464.53
1544818464.59
1544818464.64
1544818464.69
1544818464.73
1544818464.79
1544818464.83
1544818464.88
1544818464.91
1544818464.95
1544818464.99
1544818465.03
1544818465.08
1544818465.11
1544818465.16
1544818465.19
1544818465.23
1544818465.29
1544818465.33
1544818465.39
1544818465.47
1544818465.51
1544818465.55
1544818465.6
1544818465.66
1544818465.7
1544818465.73
1544818465.77
1544818465.84
1544818465.9
1544818465.95
1544818466.02
1544818466.07
1544818466.11
1544818466.15
1544818466.19
1544818466.26
1544818466.3
1544818466.33
1544818466.38
1544818466.44
1544818466.5
1544818466.54
1544818466.59
1544818466.64
1544818466.69
1544818466.74
1544818466.8
1544818466.86
1544818466.9
1544818466.94
1544818467.01
1544818467.06
1544818467.11
1544818467.16
1544818467.22
1544818467.27
1544818467.31
1544818467.36
1544818467.42
1544818467.48
1544818467.51
1544818467.56
1544818467.61
1544818467.68
1544818467.71
1544818467.76
1544818467.81
1544818467.87
1544818467.91
1544818467.96
1544818468.0
1544818468.05
1544818468.09
1544818468.12
1544818468.16
1544818468.23
1544818468.28
1544818468.31
1544818468.35
1544818468.4
1544818468.45
1544818468.5
1544818468.53
1544818468.59
1544818468.65
1544818468.69
1544818468.72
1544818468.76
1544818468.83
1544818468.88
1544818468.91
1544818468.96
1544818469.01
1544818469.05
1544818469.09
1544818469.13
1544818469.17
1544818469.21
1544818469.25
1544818469.3
1544818469.34
1544818469.39
1544818469.43
1544818469.49
1544818469.53
1544818469.59
1544818469.65
1544818469.69
1544818469.72
1544818469.76
1544818469.83
1544818469.89
1544818469.92
1544818469.96
1544818470.01
1544818470.05
1544818470.09
1544818470.12
1544818470.15
1544818470.2
1544818470.25
1544818470.29
1544818470.33
1544818470.39
1544818470.43
1544818470.48
1544818470.52
1544818470.55
1544818470.63
1544818470.68
1544818470.72
1544818470.77
1544818470.82
1544818470.88
1544818470.92
1544818470.96
1544818471.04
1544818471.09
1544818471.14
1544818471.18
1544818471.22
1544818471.27
1544818471.32
1544818471.37
1544818471.45
1544818471.5
1544818471.56
1544818471.65
1544818471.7
1544818471.74
1544818471.8
1544818471.85
1544818471.89
1544818471.93
1544818471.98
1544818472.02
1544818472.07
1544818472.11
1544818472.17
1544818472.22
1544818472.26
1544818472.3
1544818472.34
1544818472.41
1544818472.46
1544818472.49
1544818472.53
1544818472.56
1544818472.61
1544818472.68
1544818472.71
1544818472.76
1544818472.82
1544818472.86
1544818472.9
1544818472.93
1544818472.97
1544818473.03
1544818473.07
1544818473.11
1544818473.14
1544818473.24
1544818473.29
1544818473.32
1544818473.38
1544818473.42
1544818473.47
1544818473.51
1544818473.56
1544818473.63
1544818473.67
1544818473.71
1544818473.75
1544818473.8
1544818473.86
1544818473.9
1544818473.93
1544818473.99
1544818474.05
1544818474.1
1544818474.14
1544818474.2
1544818474.23
1544818474.27
1544818474.29
1544818474.33
1544818474.41
1544818474.46
1544818474.49
1544818474.53
1544818474.58
1544818474.63
1544818474.67
1544818474.7
1544818474.74
1544818474.8
1544818474.86
1544818474.9
1544818474.94
1544818475.0
1544818475.06
1544818475.1
1544818475.14
1544818475.19
1544818475.24
1544818475.29
1544818475.32
1544818475.37
1544818475.41
1544818475.45
1544818475.49
1544818475.53
1544818475.59
1544818475.65
1544818475.69
1544818475.73
1544818475.8
1544818475.85
1544818475.89
1544818475.93
1544818475.97
1544818476.01
1544818476.08
1544818476.12
1544818476.17
1544818476.2
1544818476.24
1544818476.3
1544818476.34
1544818476.38
1544818476.43
1544818476.49
1544818476.53
1544818476.58
1544818476.62
1544818476.67
1544818476.73
1544818476.78
1544818476.83
1544818476.9
1544818476.96
1544818477.03
1544818477.1
1544818477.17
1544818477.23
1544818477.3
1544818477.37
1544818477.44
1544818477.54
1544818477.58
1544818477.61
1544818477.66
1544818477.73
1544818477.79
1544818477.85
1544818477.92
1544818477.98
1544818478.03
1544818478.11
1544818478.18
1544818478.23
1544818478.29
1544818478.32
1544818478.36
1544818478.41
1544818478.45
1544818478.5
1544818478.55
1544818478.59
1544818478.63
1544818478.68
1544818478.73
1544818478.78
1544818478.81
1544818478.86
1544818478.9
1544818478.94
1544818478.99
1544818479.04
1544818479.13
1544818479.19
1544818479.23
1544818479.26
1544818479.31
1544818479.36
1544818479.39
1544818479.42
1544818479.47
1544818479.51
1544818479.55
1544818479.59
1544818479.62
1544818479.65
1544818479.7
1544818479.78
1544818479.82
1544818479.87
1544818479.91
1544818479.95
1544818479.99
1544818480.03
1544818480.08
1544818480.13
1544818480.18
1544818480.22
1544818480.26
1544818480.31
1544818480.37
1544818480.41
1544818480.48
1544818480.55
1544818480.59
1544818480.65
1544818480.7
1544818480.75
1544818480.8
1544818480.83
1544818480.86
1544818480.9
1544818480.97
1544818481.0
1544818481.04
1544818481.1
1544818481.14
1544818481.18
1544818481.21
1544818481.25
1544818481.29
1544818481.33
1544818481.37
1544818481.41
1544818481.44
1544818481.5
1544818481.56
1544818481.61
1544818481.67
1544818481.71
1544818481.76
1544818481.82
1544818481.89
1544818481.97
1544818482.03
1544818482.11
1544818482.2
1544818482.27
1544818482.35
1544818482.41
1544818482.51
1544818482.55
1544818482.59
1544818482.63
1544818482.71
1544818482.77
1544818482.81
1544818482.86
1544818482.91
1544818482.97
1544818483.01
1544818483.05
1544818483.1
1544818483.15
1544818483.2
1544818483.24
1544818483.28
1544818483.34
1544818483.38
1544818483.42
1544818483.47
1544818483.52
1544818483.57
1544818483.61
1544818483.64
1544818483.69
1544818483.73
1544818483.78
1544818483.81
1544818483.85
1544818483.88
1544818483.94
1544818483.98
1544818484.01
1544818484.05
1544818484.1
1544818484.15
1544818484.18
1544818484.23
1544818484.28
1544818484.33
1544818484.38
1544818484.42
1544818484.46
1544818484.51
1544818484.56
1544818484.6
1544818484.65
1544818484.72
1544818484.8
1544818484.88
1544818484.95
1544818485.02
1544818485.07
1544818485.12
1544818485.18
1544818485.23
1544818485.3
1544818485.36
1544818485.43
1544818485.51
1544818485.57
1544818485.63
1544818485.7
1544818485.77
1544818485.83
1544818485.9
1544818485.98
1544818486.06
1544818486.11
1544818486.16
1544818486.22
1544818486.26
1544818486.36
1544818486.43
1544818486.51
1544818486.6
1544818486.65
1544818486.7
1544818486.77
1544818486.82
1544818486.89
1544818486.96
1544818487.03
1544818487.1
1544818487.17
1544818487.22
1544818487.29
1544818487.35
1544818487.41
1544818487.48
1544818487.55
1544818487.62
1544818487.7
1544818487.79
1544818487.87
1544818487.93
1544818488.02
1544818488.09
1544818488.13
1544818488.19
1544818488.25
1544818488.32
1544818488.4
1544818488.48
1544818488.57
1544818488.64
1544818488.71
1544818488.79
1544818488.87
1544818488.92
1544818488.97
1544818489.01
1544818489.07
1544818489.12
