1544818653.79
1544818654.35
1544818654.43
1544818654.48
1544818654.52
1544818654.58
1544818654.64
1544818654.71
1544818654.77
1544818654.83
1544818654.89
1544818654.95
1544818655.01
1544818655.08
1544818655.14
1544818655.21
1544818655.28
1544818655.36
1544818655.41
1544818655.46
1544818655.51
1544818655.57
1544818655.65
1544818655.72
1544818655.78
1544818655.81
1544818655.87
1544818655.91
1544818655.96
1544818656.01
1544818656.1
1544818656.19
1544818656.27
1544818656.33
1544818656.4
1544818656.48
1544818656.52
1544818656.61
1544818656.68
1544818656.75
1544818656.81
1544818656.89
1544818656.98
1544818657.08
1544818657.16
1544818657.25
1544818657.31
1544818657.39
1544818657.45
1544818657.52
1544818657.59
1544818657.65
1544818657.72
1544818657.77
1544818657.82
1544818657.88
1544818657.92
1544818657.98
1544818658.05
1544818658.12
1544818658.18
1544818658.22
1544818658.28
1544818658.33
1544818658.4
1544818658.47
1544818658.52
1544818658.59
1544818658.63
1544818658.69
1544818658.75
1544818658.81
1544818658.87
1544818658.93
1544818659.0
1544818659.09
1544818659.17
1544818659.26
1544818659.36
1544818659.46
1544818659.52
1544818659.56
1544818659.61
1544818659.65
1544818659.69
1544818659.74
1544818659.78
1544818659.84
1544818659.89
1544818659.92
1544818660.0
1544818660.05
1544818660.09
1544818660.13
1544818660.18
1544818660.22
1544818660.27
1544818660.31
1544818660.37
1544818660.45
1544818660.49
1544818660.53
1544818660.6
1544818660.67
1544818660.71
1544818660.76
1544818660.83
1544818660.86
1544818660.9
1544818660.93
1544818660.99
1544818661.06
1544818661.11
1544818661.16
1544818661.22
1544818661.28
1544818661.32
1544818661.37
1544818661.43
1544818661.48
1544818661.52
1544818661.56
1544818661.6
1544818661.66
1544818661.7
1544818661.76
1544818661.85
1544818661.9
1544818661.94
1544818661.98
1544818662.02
1544818662.07
1544818662.11
1544818662.16
1544818662.22
1544818662.29
1544818662.33
1544818662.37
1544818662.42
1544818662.47
1544818662.52
1544818662.58
1544818662.64
1544818662.68
1544818662.73
1544818662.8
1544818662.86
1544818662.91
1544818662.95
1544818663.0
1544818663.05
1544818663.1
1544818663.15
1544818663.19
1544818663.23
1544818663.28
1544818663.32
1544818663.37
1544818663.41
1544818663.46
1544818663.5
1544818663.55
1544818663.6
1544818663.64
1544818663.69
1544818663.73
1544818663.77
1544818663.83
1544818663.88
1544818663.91
1544818663.95
1544818664.0
1544818664.07
1544818664.1
1544818664.15
1544818664.2
1544818664.25
1544818664.3
1544818664.36
1544818664.42
1544818664.47
1544818664.51
1544818664.53
1544818664.59
1544818664.67
1544818664.71
1544818664.75
1544818664.82
1544818664.87
1544818664.92
1544818664.99
1544818665.05
1544818665.09
1544818665.13
1544818665.21
1544818665.26
1544818665.31
1544818665.37
1544818665.44
1544818665.49
1544818665.54
1544818665.58
1544818665.61
1544818665.67
1544818665.7
1544818665.74
1544818665.8
1544818665.84
1544818665.89
1544818665.92
1544818665.96
1544818666.01
1544818666.06
1544818666.1
1544818666.13
1544818666.21
1544818666.25
1544818666.29
1544818666.33
1544818666.39
1544818666.47
1544818666.52
1544818666.57
1544818666.63
1544818666.68
1544818666.73
1544818666.8
1544818666.86
1544818666.9
1544818666.95
1544818667.0
1544818667.06
1544818667.1
1544818667.13
1544818667.2
1544818667.24
1544818667.28
1544818667.31
1544818667.35
1544818667.44
1544818667.47
1544818667.51
1544818667.55
1544818667.61
1544818667.66
1544818667.7
1544818667.73
1544818667.8
1544818667.87
1544818667.9
1544818667.94
1544818667.98
1544818668.01
1544818668.05
1544818668.08
1544818668.11
1544818668.16
1544818668.22
1544818668.25
1544818668.28
1544818668.32
1544818668.38
1544818668.44
1544818668.48
1544818668.51
1544818668.56
1544818668.61
1544818668.67
1544818668.7
1544818668.75
1544818668.8
1544818668.86
1544818668.9
1544818668.94
1544818669.0
1544818669.05
1544818669.09
1544818669.13
1544818669.17
1544818669.24
1544818669.31
1544818669.39
1544818669.47
1544818669.54
1544818669.61
1544818669.68
1544818669.75
1544818669.81
1544818669.86
1544818669.91
1544818669.95
1544818670.01
1544818670.08
1544818670.15
1544818670.21
1544818670.29
1544818670.38
1544818670.46
1544818670.52
1544818670.59
1544818670.65
1544818670.71
1544818670.77
1544818670.84
1544818670.88
1544818670.92
1544818670.96
1544818671.02
1544818671.08
1544818671.11
1544818671.18
1544818671.25
1544818671.28
1544818671.32
1544818671.35
1544818671.4
1544818671.45
1544818671.49
1544818671.53
1544818671.58
1544818671.64
1544818671.68
1544818671.71
1544818671.76
1544818671.8
1544818671.83
1544818671.87
1544818671.91
1544818671.98
1544818672.04
1544818672.09
1544818672.13
1544818672.2
1544818672.27
1544818672.31
1544818672.38
1544818672.46
1544818672.5
1544818672.57
1544818672.66
1544818672.69
1544818672.77
1544818672.86
1544818672.9
1544818672.94
1544818673.0
1544818673.06
1544818673.11
1544818673.18
1544818673.26
1544818673.3
1544818673.35
1544818673.43
1544818673.47
1544818673.5
1544818673.54
1544818673.6
1544818673.64
1544818673.69
1544818673.76
1544818673.84
1544818673.88
1544818673.91
1544818673.96
1544818674.01
1544818674.06
1544818674.09
1544818674.13
1544818674.18
1544818674.24
1544818674.28
1544818674.33
1544818674.38
1544818674.44
1544818674.48
1544818674.52
1544818674.6
1544818674.68
1544818674.76
1544818674.82
1544818674.9
1544818674.97
1544818675.01
1544818675.06
1544818675.13
1544818675.2
1544818675.25
1544818675.3
1544818675.33
1544818675.42
1544818675.5
1544818675.58
1544818675.67
1544818675.76
1544818675.83
1544818675.92
1544818676.0
1544818676.08
1544818676.15
1544818676.25
1544818676.34
1544818676.43
1544818676.51
1544818676.61
1544818676.68
1544818676.78
1544818676.87
1544818676.94
1544818677.02
1544818677.11
1544818677.19
1544818677.28
1544818677.36
1544818677.43
1544818677.51
1544818677.55
1544818677.6
1544818677.65
1544818677.69
1544818677.72
1544818677.75
1544818677.82
1544818677.86
1544818677.9
1544818677.94
1544818678.01
1544818678.06
1544818678.1
1544818678.13
1544818678.21
1544818678.26
1544818678.31
1544818678.35
1544818678.4
1544818678.45
1544818678.5
1544818678.54
1544818678.61
1544818678.66
1544818678.7
1544818678.74
1544818678.81
1544818678.86
1544818678.91
1544818678.97
1544818679.01
1544818679.05
1544818679.09
1544818679.13
1544818679.2
1544818679.26
1544818679.3
1544818679.35
1544818679.4
1544818679.45
1544818679.49
1544818679.53
1544818679.59
1544818679.63
1544818679.69
1544818679.73
1544818679.8
1544818679.85
1544818679.89
1544818679.93
1544818679.99
1544818680.04
1544818680.08
1544818680.11
1544818680.16
1544818680.21
1544818680.26
1544818680.3
1544818680.33
1544818680.39
1544818680.45
1544818680.49
1544818680.55
1544818680.62
1544818680.67
1544818680.71
1544818680.75
1544818680.79
1544818680.83
1544818680.87
1544818680.91
1544818680.96
1544818681.0
1544818681.06
1544818681.1
1544818681.13
1544818681.18
1544818681.22
1544818681.27
1544818681.3
1544818681.34
1544818681.39
1544818681.45
1544818681.49
1544818681.53
1544818681.61
1544818681.66
1544818681.7
1544818681.73
1544818681.8
1544818681.86
1544818681.9
1544818681.95
1544818682.04
1544818682.08
1544818682.12
1544818682.18
1544818682.26
1544818682.31
1544818682.38
1544818682.46
1544818682.51
1544818682.56
1544818682.59
1544818682.65
1544818682.68
1544818682.72
1544818682.81
1544818682.86
1544818682.9
1544818682.95
1544818682.99
1544818683.04
1544818683.08
1544818683.11
1544818683.16
1544818683.21
1544818683.27
1544818683.31
1544818683.35
1544818683.39
1544818683.43
1544818683.47
1544818683.51
1544818683.55
1544818683.6
1544818683.67
1544818683.71
1544818683.78
1544818683.85
1544818683.89
1544818683.94
1544818684.01
1544818684.06
1544818684.1
1544818684.13
1544818684.19
1544818684.23
1544818684.28
1544818684.32
1544818684.36
1544818684.4
1544818684.45
1544818684.48
1544818684.52
1544818684.58
1544818684.64
1544818684.68
1544818684.72
1544818684.77
1544818684.83
1544818684.88
1544818684.93
1544818684.99
1544818685.04
1544818685.09
1544818685.13
1544818685.18
1544818685.24
1544818685.28
1544818685.32
1544818685.38
1544818685.46
1544818685.5
1544818685.54
1544818685.61
1544818685.68
1544818685.72
1544818685.78
1544818685.84
1544818685.88
1544818685.92
1544818685.96
1544818686.02
1544818686.08
1544818686.11
1544818686.15
1544818686.2
1544818686.26
1544818686.29
1544818686.33
1544818686.38
1544818686.45
1544818686.5
1544818686.56
1544818686.62
1544818686.7
1544818686.76
1544818686.84
1544818686.88
1544818686.93
1544818687.03
1544818687.12
1544818687.22
1544818687.32
1544818687.4
1544818687.49
1544818687.56
1544818687.65
1544818687.72
1544818687.86
1544818687.96
1544818688.03
1544818688.12
1544818688.22
1544818688.32
1544818688.43
1544818688.53
1544818688.58
1544818688.62
1544818688.68
1544818688.75
1544818688.82
1544818688.9
1544818688.97
1544818689.04
1544818689.09
1544818689.19
1544818689.25
1544818689.31
1544818689.36
1544818689.43
1544818689.48
1544818689.57
1544818689.69
1544818689.8
1544818689.89
1544818689.97
1544818690.04
1544818690.08
1544818690.12
1544818690.18
1544818690.23
1544818690.28
1544818690.33
1544818690.39
1544818690.46
1544818690.51
1544818690.58
1544818690.65
1544818690.69
1544818690.72
1544818690.76
1544818690.84
1544818690.88
1544818690.92
1544818690.97
1544818691.02
1544818691.07
1544818691.11
1544818691.17
1544818691.23
1544818691.29
1544818691.32
1544818691.39
1544818691.45
1544818691.48
1544818691.52
1544818691.56
1544818691.66
1544818691.7
1544818691.73
1544818691.78
1544818691.86
1544818691.92
1544818691.98
1544818692.05
1544818692.09
1544818692.13
1544818692.2
1544818692.26
1544818692.3
1544818692.33
1544818692.4
1544818692.45
1544818692.49
1544818692.53
1544818692.6
1544818692.66
1544818692.7
1544818692.75
1544818692.8
1544818692.85
1544818692.9
1544818692.95
1544818693.01
1544818693.05
1544818693.1
1544818693.13
1544818693.19
1544818693.25
1544818693.29
1544818693.34
1544818693.39
1544818693.44
1544818693.48
1544818693.51
1544818693.56
1544818693.61
1544818693.67
1544818693.71
1544818693.75
1544818693.82
1544818693.87
1544818693.91
1544818693.94
1544818694.01
1544818694.05
1544818694.1
1544818694.15
1544818694.23
1544818694.28
1544818694.33
1544818694.37
1544818694.43
1544818694.48
1544818694.53
1544818694.58
1544818694.65
1544818694.69
1544818694.73
1544818694.8
1544818694.86
1544818694.9
1544818694.93
1544818694.98
1544818695.03
1544818695.08
1544818695.13
1544818695.21
1544818695.27
1544818695.31
1544818695.35
1544818695.39
1544818695.44
1544818695.48
1544818695.52
1544818695.56
1544818695.6
1544818695.64
1544818695.67
1544818695.71
1544818695.76
1544818695.81
1544818695.86
1544818695.9
1544818695.93
1544818695.97
1544818696.06
1544818696.11
1544818696.15
1544818696.2
1544818696.26
1544818696.3
1544818696.35
1544818696.43
1544818696.49
1544818696.53
1544818696.61
1544818696.67
1544818696.72
1544818696.78
1544818696.86
1544818696.9
1544818696.93
1544818696.99
1544818697.06
1544818697.09
1544818697.14
1544818697.21
1544818697.27
1544818697.3
1544818697.36
1544818697.41
1544818697.46
1544818697.5
1544818697.54
1544818697.59
1544818697.66
1544818697.7
1544818697.75
1544818697.87
1544818697.9
1544818697.95
1544818698.02
1544818698.07
1544818698.11
1544818698.17
1544818698.25
1544818698.29
1544818698.33
1544818698.38
1544818698.41
1544818698.47
1544818698.51
1544818698.56
1544818698.59
1544818698.63
1544818698.67
1544818698.7
1544818698.75
1544818698.81
1544818698.87
1544818698.91
1544818698.96
1544818699.02
1544818699.1
1544818699.17
1544818699.21
1544818699.26
1544818699.31
1544818699.38
1544818699.44
1544818699.5
1544818699.56
1544818699.61
1544818699.69
1544818699.78
1544818699.85
1544818699.93
1544818699.98
1544818700.03
1544818700.1
1544818700.18
1544818700.28
1544818700.37
1544818700.45
1544818700.53
1544818700.63
1544818700.69
1544818700.76
1544818700.81
1544818700.88
1544818700.95
1544818701.0
1544818701.03
1544818701.13
1544818701.17
1544818701.21
1544818701.24
1544818701.29
1544818701.37
1544818701.4
1544818701.43
1544818701.48
1544818701.53
1544818701.56
1544818701.6
1544818701.64
1544818701.7
1544818701.76
1544818701.79
1544818701.84
1544818701.89
1544818701.94
1544818701.98
1544818702.02
1544818702.07
1544818702.11
1544818702.18
1544818702.22
1544818702.27
1544818702.33
1544818702.38
1544818702.42
1544818702.49
1544818702.55
1544818702.59
1544818702.64
1544818702.68
1544818702.72
1544818702.77
1544818702.81
1544818702.86
1544818702.9
1544818702.93
1544818702.97
1544818703.01
1544818703.06
1544818703.11
1544818703.16
1544818703.19
1544818703.23
1544818703.28
1544818703.35
1544818703.39
1544818703.42
1544818703.47
1544818703.54
1544818703.58
1544818703.62
1544818703.66
1544818703.72
1544818703.77
1544818703.8
1544818703.85
1544818703.89
1544818703.96
1544818704.0
1544818704.03
1544818704.1
1544818704.16
1544818704.2
1544818704.24
1544818704.3
1544818704.35
1544818704.39
1544818704.43
1544818704.5
1544818704.55
1544818704.59
1544818704.63
1544818704.69
1544818704.72
1544818704.78
1544818704.85
1544818704.96
1544818705.02
1544818705.11
1544818705.19
1544818705.27
1544818705.33
1544818705.41
1544818705.49
1544818705.58
1544818705.65
1544818705.72
1544818705.78
1544818705.84
1544818705.91
1544818705.96
1544818706.0
1544818706.04
1544818706.11
1544818706.18
1544818706.25
1544818706.3
1544818706.35
1544818706.41
1544818706.49
1544818706.54
1544818706.6
1544818706.67
1544818706.71
1544818706.78
1544818706.84
1544818706.91
1544818706.97
1544818707.06
1544818707.13
1544818707.19
1544818707.24
1544818707.3
1544818707.36
1544818707.44
1544818707.48
1544818707.53
1544818707.58
1544818707.63
1544818707.69
1544818707.74
1544818707.78
1544818707.84
1544818707.9
1544818707.96
1544818708.05
1544818708.09
1544818708.14
1544818708.17
1544818708.21
1544818708.29
1544818708.33
1544818708.42
1544818708.48
1544818708.53
1544818708.59
1544818708.66
1544818708.7
1544818708.76
1544818708.81
1544818708.87
1544818708.9
1544818708.94
1544818708.98
1544818709.04
1544818709.1
1544818709.16
1544818709.23
1544818709.28
1544818709.31
1544818709.37
1544818709.47
1544818709.51
1544818709.58
1544818709.66
1544818709.69
1544818709.72
1544818709.78
1544818709.86
1544818709.9
1544818709.96
1544818710.03
1544818710.08
1544818710.11
1544818710.14
1544818710.21
1544818710.28
1544818710.31
1544818710.37
1544818710.46
1544818710.5
1544818710.55
1544818710.6
1544818710.66
1544818710.7
1544818710.75
1544818710.82
1544818710.87
1544818710.91
1544818710.97
1544818711.04
1544818711.08
1544818711.12
1544818711.17
1544818711.26
1544818711.3
1544818711.36
1544818711.44
1544818711.48
1544818711.51
1544818711.56
1544818711.63
1544818711.68
1544818711.73
1544818711.78
1544818711.84
1544818711.88
1544818711.92
1544818711.98
1544818712.06
1544818712.1
1544818712.16
1544818712.24
1544818712.27
1544818712.31
1544818712.34
1544818712.42
1544818712.47
1544818712.51
1544818712.55
1544818712.6
1544818712.68
1544818712.73
1544818712.8
1544818712.86
1544818712.89
1544818712.93
1544818713.0
1544818713.06
1544818713.11
1544818713.16
1544818713.22
1544818713.27
1544818713.31
1544818713.35
1544818713.42
1544818713.48
1544818713.51
1544818713.56
1544818713.6
1544818713.68
1544818713.71
1544818713.78
1544818713.86
1544818713.89
1544818713.93
1544818714.0
1544818714.06
1544818714.1
1544818714.15
1544818714.2
1544818714.26
1544818714.3
1544818714.34
1544818714.4
1544818714.45
1544818714.49
1544818714.53
1544818714.57
1544818714.64
1544818714.68
1544818714.72
1544818714.8
1544818714.88
1544818714.92
1544818714.98
1544818715.05
1544818715.1
1544818715.15
1544818715.21
1544818715.26
1544818715.31
1544818715.4
1544818715.46
1544818715.5
1544818715.54
1544818715.61
1544818715.71
1544818715.81
1544818715.9
1544818715.97
1544818716.02
1544818716.08
1544818716.18
1544818716.29
1544818716.37
1544818716.41
1544818716.46
1544818716.55
1544818716.63
1544818716.74
1544818716.81
1544818716.89
1544818716.96
1544818717.02
1544818717.08
1544818717.15
1544818717.21
1544818717.31
1544818717.37
1544818717.45
1544818717.49
1544818717.52
1544818717.56
1544818717.6
1544818717.65
1544818717.69
1544818717.75
1544818717.79
1544818717.83
1544818717.88
1544818717.91
1544818717.96
1544818718.02
1544818718.08
1544818718.11
1544818718.19
1544818718.26
1544818718.3
1544818718.33
1544818718.43
1544818718.47
1544818718.51
1544818718.55
1544818718.61
1544818718.66
1544818718.7
1544818718.73
1544818718.78
1544818718.84
1544818718.88
1544818718.92
1544818718.97
1544818719.01
1544818719.06
1544818719.1
1544818719.15
1544818719.19
1544818719.25
1544818719.28
1544818719.31
1544818719.35
1544818719.39
1544818719.46
1544818719.51
1544818719.55
1544818719.6
1544818719.64
1544818719.7
1544818719.75
1544818719.8
1544818719.88
1544818719.93
1544818719.99
1544818720.05
1544818720.08
1544818720.12
1544818720.18
1544818720.26
1544818720.29
1544818720.35
1544818720.4
1544818720.45
1544818720.5
1544818720.53
1544818720.59
1544818720.65
1544818720.68
1544818720.72
1544818720.77
1544818720.85
1544818720.88
1544818720.93
1544818720.97
1544818721.04
1544818721.09
1544818721.12
1544818721.16
1544818721.21
1544818721.27
1544818721.3
1544818721.33
1544818721.38
1544818721.42
1544818721.47
1544818721.51
1544818721.54
1544818721.6
1544818721.67
1544818721.73
1544818721.79
1544818721.85
1544818721.89
1544818721.96
1544818722.05
1544818722.13
1544818722.2
1544818722.29
1544818722.36
1544818722.43
1544818722.49
1544818722.56
1544818722.61
1544818722.68
1544818722.76
1544818722.8
1544818722.88
1544818722.94
1544818723.0
1544818723.07
1544818723.12
1544818723.21
1544818723.29
1544818723.36
1544818723.41
1544818723.47
1544818723.53
1544818723.59
1544818723.67
1544818723.73
1544818723.81
1544818723.85
1544818723.9
1544818723.95
1544818724.01
1544818724.1
1544818724.16
1544818724.22
1544818724.31
1544818724.38
1544818724.46
1544818724.51
1544818724.57
1544818724.64
1544818724.71
1544818724.76
1544818724.8
1544818724.84
1544818724.95
1544818725.0
1544818725.05
1544818725.1
1544818725.17
1544818725.21
1544818725.25
1544818725.29
1544818725.34
1544818725.39
1544818725.42
1544818725.45
1544818725.54
1544818725.62
1544818725.71
1544818725.78
1544818725.87
1544818725.97
1544818726.05
1544818726.15
1544818726.25
1544818726.33
1544818726.4
1544818726.49
1544818726.63
1544818726.73
1544818726.79
1544818726.84
1544818726.9
1544818726.95
1544818727.01
1544818727.07
1544818727.12
1544818727.19
1544818727.26
1544818727.32
1544818727.39
1544818727.49
1544818727.58
1544818727.66
1544818727.75
1544818727.82
1544818727.91
1544818727.98
1544818728.02
1544818728.1
1544818728.18
1544818728.25
1544818728.31
1544818728.38
1544818728.44
1544818728.47
1544818728.51
1544818728.55
1544818728.59
1544818728.66
1544818728.73
1544818728.79
1544818728.85
1544818728.89
1544818728.93
1544818728.97
1544818729.02
1544818729.06
1544818729.12
1544818729.17
1544818729.22
1544818729.26
1544818729.31
1544818729.38
1544818729.45
1544818729.51
1544818729.56
1544818729.6
1544818729.65
1544818729.68
1544818729.74
1544818729.8
1544818729.86
1544818729.89
1544818729.93
1544818729.98
1544818730.03
1544818730.07
1544818730.11
1544818730.16
1544818730.23
1544818730.27
1544818730.3
1544818730.34
1544818730.43
1544818730.48
1544818730.52
1544818730.58
1544818730.64
1544818730.68
1544818730.72
1544818730.77
1544818730.82
1544818730.87
1544818730.91
1544818730.96
1544818731.01
1544818731.05
1544818731.11
1544818731.15
1544818731.22
1544818731.27
1544818731.32
1544818731.36
1544818731.4
1544818731.44
1544818731.48
1544818731.55
1544818731.61
1544818731.66
1544818731.72
1544818731.78
1544818731.83
1544818731.87
1544818731.92
1544818731.96
1544818732.0
1544818732.04
1544818732.1
1544818732.15
1544818732.19
1544818732.24
1544818732.28
1544818732.32
1544818732.36
1544818732.39
1544818732.42
1544818732.46
1544818732.5
1544818732.54
1544818732.58
1544818732.62
1544818732.66
1544818732.7
1544818732.75
1544818732.79
1544818732.84
1544818732.88
1544818732.93
1544818732.97
1544818733.02
1544818733.08
1544818733.12
1544818733.16
1544818733.24
1544818733.28
1544818733.32
1544818733.36
1544818733.41
1544818733.46
1544818733.5
1544818733.55
1544818733.6
1544818733.65
1544818733.69
1544818733.72
1544818733.78
1544818733.84
1544818733.88
1544818733.92
1544818733.96
1544818734.02
1544818734.09
1544818734.14
1544818734.18
1544818734.22
1544818734.27
1544818734.32
1544818734.36
1544818734.43
1544818734.48
1544818734.51
1544818734.55
1544818734.59
1544818734.64
1544818734.69
1544818734.73
1544818734.79
1544818734.84
1544818734.88
1544818734.93
1544818734.96
1544818735.01
1544818735.06
1544818735.1
1544818735.14
1544818735.17
1544818735.21
1544818735.25
1544818735.28
1544818735.33
1544818735.38
1544818735.45
1544818735.5
1544818735.54
1544818735.57
1544818735.62
1544818735.67
1544818735.72
1544818735.77
1544818735.83
1544818735.87
1544818735.91
1544818735.95
1544818735.98
1544818736.02
1544818736.06
1544818736.1
1544818736.13
1544818736.18
1544818736.21
1544818736.25
1544818736.28
1544818736.32
1544818736.38
1544818736.46
1544818736.52
1544818736.56
1544818736.62
1544818736.67
1544818736.71
1544818736.77
1544818736.82
1544818736.88
1544818736.94
1544818737.01
1544818737.08
1544818737.15
1544818737.2
1544818737.25
1544818737.29
1544818737.33
1544818737.39
1544818737.46
1544818737.52
1544818737.59
1544818737.65
1544818737.69
1544818737.76
1544818737.82
1544818737.88
1544818737.95
1544818738.0
1544818738.07
1544818738.15
1544818738.21
1544818738.27
1544818738.33
1544818738.39
1544818738.45
1544818738.51
1544818738.56
1544818738.6
1544818738.67
1544818738.75
1544818738.8
1544818738.86
1544818738.92
1544818738.98
1544818739.05
1544818739.12
1544818739.17
1544818739.21
1544818739.26
1544818739.3
1544818739.36
1544818739.41
1544818739.46
1544818739.52
1544818739.61
1544818739.69
1544818739.76
1544818739.83
1544818739.87
1544818739.91
1544818740.0
1544818740.07
1544818740.13
1544818740.2
1544818740.26
1544818740.32
1544818740.37
1544818740.43
1544818740.52
1544818740.6
1544818740.67
1544818740.75
1544818740.82
1544818740.87
1544818740.9
1544818740.95
1544818741.01
1544818741.08
1544818741.13
1544818741.19
1544818741.24
1544818741.29
1544818741.33
1544818741.39
1544818741.45
1544818741.49
1544818741.53
1544818741.57
1544818741.62
1544818741.67
1544818741.7
1544818741.74
1544818741.8
1544818741.87
1544818741.92
1544818741.98
1544818742.06
1544818742.11
1544818742.17
1544818742.21
1544818742.28
1544818742.32
1544818742.38
1544818742.44
1544818742.49
1544818742.53
1544818742.58
1544818742.64
1544818742.68
1544818742.71
1544818742.76
1544818742.84
1544818742.89
1544818742.93
1544818742.98
1544818743.03
1544818743.08
1544818743.13
1544818743.16
1544818743.21
1544818743.26
1544818743.29
1544818743.32
1544818743.38
1544818743.43
1544818743.48
1544818743.52
1544818743.57
1544818743.62
1544818743.68
1544818743.71
1544818743.78
1544818743.86
1544818743.91
1544818743.97
1544818744.02
1544818744.09
1544818744.14
1544818744.22
1544818744.26
1544818744.29
1544818744.32
1544818744.38
1544818744.43
1544818744.47
1544818744.5
1544818744.56
1544818744.64
1544818744.72
1544818744.78
1544818744.82
1544818744.87
1544818744.91
1544818744.96
1544818745.02
1544818745.07
1544818745.1
1544818745.14
1544818745.2
1544818745.26
1544818745.3
1544818745.34
1544818745.4
1544818745.46
1544818745.5
1544818745.55
1544818745.61
1544818745.67
1544818745.71
1544818745.75
1544818745.8
1544818745.86
1544818745.9
1544818745.94
1544818746.0
1544818746.06
1544818746.09
1544818746.12
1544818746.18
1544818746.24
1544818746.28
1544818746.31
1544818746.37
1544818746.44
1544818746.48
1544818746.52
1544818746.58
1544818746.66
1544818746.7
1544818746.77
1544818746.83
1544818746.88
1544818746.92
1544818746.98
1544818747.03
1544818747.08
1544818747.11
1544818747.16
1544818747.22
1544818747.27
1544818747.31
1544818747.35
1544818747.39
1544818747.43
1544818747.48
1544818747.51
1544818747.58
1544818747.63
1544818747.69
1544818747.73
1544818747.8
1544818747.86
1544818747.9
1544818747.97
1544818748.03
1544818748.06
1544818748.11
1544818748.16
1544818748.22
1544818748.28
1544818748.32
1544818748.36
1544818748.4
1544818748.45
1544818748.49
1544818748.53
1544818748.57
1544818748.62
1544818748.69
1544818748.75
1544818748.78
1544818748.85
1544818748.92
1544818748.97
1544818749.0
1544818749.04
1544818749.09
1544818749.16
1544818749.19
1544818749.24
1544818749.3
1544818749.35
1544818749.39
1544818749.44
1544818749.49
1544818749.53
1544818749.6
1544818749.67
1544818749.71
1544818749.78
1544818749.82
1544818749.87
1544818749.91
1544818749.97
1544818750.06
1544818750.1
1544818750.15
1544818750.21
1544818750.26
1544818750.33
1544818750.36
1544818750.41
1544818750.45
1544818750.49
1544818750.54
1544818750.6
1544818750.65
1544818750.69
1544818750.72
1544818750.78
1544818750.83
1544818750.89
1544818750.93
1544818750.98
1544818751.03
1544818751.08
1544818751.11
1544818751.14
1544818751.21
1544818751.27
1544818751.31
1544818751.37
1544818751.42
1544818751.49
1544818751.53
1544818751.59
1544818751.63
1544818751.67
1544818751.72
1544818751.78
1544818751.88
1544818751.96
1544818752.03
1544818752.13
1544818752.19
1544818752.26
1544818752.32
1544818752.39
1544818752.46
1544818752.54
1544818752.61
1544818752.7
1544818752.78
1544818752.85
1544818752.93
1544818752.99
1544818753.07
1544818753.15
1544818753.22
1544818753.29
1544818753.35
1544818753.44
1544818753.48
1544818753.51
1544818753.56
1544818753.61
1544818753.66
1544818753.7
1544818753.75
1544818753.81
1544818753.87
1544818753.91
1544818753.95
1544818754.02
1544818754.07
1544818754.11
1544818754.16
1544818754.22
1544818754.27
1544818754.31
1544818754.36
1544818754.42
1544818754.47
1544818754.51
1544818754.55
1544818754.61
1544818754.67
1544818754.72
1544818754.8
1544818754.85
1544818754.89
1544818754.93
1544818754.98
1544818755.07
1544818755.1
1544818755.13
1544818755.18
1544818755.23
1544818755.27
1544818755.31
1544818755.35
1544818755.43
1544818755.48
1544818755.51
1544818755.55
1544818755.59
1544818755.63
1544818755.67
1544818755.7
1544818755.77
1544818755.82
1544818755.87
1544818755.9
1544818755.94
1544818756.0
1544818756.06
1544818756.11
1544818756.16
1544818756.22
1544818756.27
1544818756.32
1544818756.36
1544818756.41
1544818756.47
1544818756.51
1544818756.56
1544818756.64
1544818756.68
1544818756.72
1544818756.77
1544818756.8
1544818756.85
1544818756.88
1544818756.91
1544818756.96
1544818757.0
1544818757.05
1544818757.09
1544818757.12
1544818757.16
1544818757.22
1544818757.26
1544818757.3
1544818757.33
1544818757.38
1544818757.43
1544818757.47
1544818757.5
1544818757.53
1544818757.61
1544818757.65
1544818757.69
1544818757.73
1544818757.76
1544818757.8
1544818757.84
1544818757.87
1544818757.91
1544818757.94
1544818757.98
1544818758.04
1544818758.08
1544818758.11
1544818758.15
1544818758.21
1544818758.26
1544818758.29
1544818758.33
1544818758.37
1544818758.4
1544818758.45
1544818758.49
1544818758.52
1544818758.56
1544818758.6
1544818758.66
1544818758.7
1544818758.73
1544818758.76
1544818758.8
1544818758.84
1544818758.87
1544818758.91
1544818758.96
1544818759.0
1544818759.04
1544818759.08
1544818759.11
1544818759.15
1544818759.19
1544818759.23
1544818759.27
1544818759.31
1544818759.35
1544818759.4
1544818759.45
1544818759.49
1544818759.52
1544818759.56
1544818759.6
1544818759.63
1544818759.68
1544818759.72
1544818759.76
1544818759.8
1544818759.84
1544818759.89
1544818759.92
1544818759.96
1544818760.01
1544818760.08
1544818760.11
1544818760.18
1544818760.25
1544818760.29
1544818760.35
1544818760.39
1544818760.45
1544818760.49
1544818760.55
1544818760.58
1544818760.62
1544818760.67
1544818760.71
1544818760.76
1544818760.82
1544818760.86
1544818760.91
1544818760.95
1544818761.03
1544818761.09
1544818761.15
1544818761.2
1544818761.26
1544818761.29
1544818761.34
1544818761.39
1544818761.45
1544818761.49
1544818761.52
1544818761.58
1544818761.63
1544818761.68
1544818761.74
1544818761.81
1544818761.88
1544818761.93
1544818761.98
1544818762.05
1544818762.1
1544818762.17
1544818762.23
1544818762.32
1544818762.41
1544818762.48
1544818762.52
1544818762.58
1544818762.66
1544818762.75
1544818762.83
1544818762.91
1544818763.0
1544818763.1
1544818763.18
1544818763.26
1544818763.35
1544818763.41
1544818763.51
1544818763.56
1544818763.59
1544818763.62
1544818763.67
1544818763.73
1544818763.78
1544818763.82
1544818763.88
1544818763.92
1544818764.0
1544818764.08
1544818764.12
1544818764.18
1544818764.25
1544818764.29
1544818764.32
1544818764.39
1544818764.45
1544818764.49
1544818764.53
1544818764.58
1544818764.66
1544818764.71
1544818764.76
1544818764.83
1544818764.88
1544818764.92
1544818764.96
1544818765.01
1544818765.06
1544818765.1
1544818765.13
1544818765.18
1544818765.22
1544818765.27
1544818765.31
1544818765.37
1544818765.42
1544818765.47
1544818765.52
1544818765.58
1544818765.68
1544818765.74
1544818765.83
1544818765.88
1544818765.94
1544818766.01
1544818766.09
1544818766.14
1544818766.21
1544818766.27
1544818766.31
1544818766.39
1544818766.49
1544818766.53
1544818766.62
1544818766.68
1544818766.73
1544818766.79
1544818766.85
1544818766.89
1544818766.93
1544818766.99
1544818767.08
1544818767.12
1544818767.18
1544818767.22
1544818767.28
1544818767.32
1544818767.39
1544818767.46
1544818767.49
1544818767.54
1544818767.58
1544818767.62
1544818767.67
1544818767.71
1544818767.76
1544818767.82
1544818767.86
1544818767.89
1544818767.93
1544818768.0
1544818768.05
1544818768.09
1544818768.12
1544818768.19
1544818768.27
1544818768.31
1544818768.37
1544818768.42
1544818768.48
1544818768.51
1544818768.56
1544818768.62
1544818768.66
1544818768.69
1544818768.73
1544818768.77
1544818768.82
1544818768.88
1544818768.94
1544818769.01
1544818769.06
1544818769.11
1544818769.17
1544818769.22
1544818769.26
1544818769.3
1544818769.35
1544818769.44
1544818769.48
1544818769.54
1544818769.6
1544818769.64
1544818769.68
1544818769.72
1544818769.78
1544818769.85
1544818769.9
1544818769.95
1544818770.04
1544818770.08
1544818770.13
1544818770.19
1544818770.25
1544818770.29
1544818770.33
1544818770.37
1544818770.41
1544818770.47
1544818770.51
1544818770.6
1544818770.66
1544818770.72
1544818770.78
1544818770.83
1544818770.89
1544818770.93
1544818770.99
1544818771.05
1544818771.08
1544818771.11
1544818771.16
1544818771.24
1544818771.28
1544818771.32
1544818771.36
1544818771.4
1544818771.44
1544818771.48
1544818771.51
1544818771.56
1544818771.64
1544818771.69
1544818771.74
1544818771.79
1544818771.87
1544818771.91
1544818771.98
1544818772.05
1544818772.1
1544818772.16
1544818772.22
1544818772.26
1544818772.3
1544818772.34
1544818772.38
1544818772.44
1544818772.48
1544818772.53
1544818772.61
1544818772.66
1544818772.7
1544818772.75
1544818772.8
1544818772.86
1544818772.91
1544818772.98
1544818773.03
1544818773.08
1544818773.12
1544818773.16
1544818773.22
1544818773.27
1544818773.33
1544818773.39
1544818773.48
1544818773.54
1544818773.62
1544818773.67
1544818773.71
1544818773.78
1544818773.86
1544818773.94
1544818774.01
1544818774.09
1544818774.13
1544818774.17
1544818774.21
1544818774.24
1544818774.3
1544818774.39
1544818774.46
1544818774.54
1544818774.61
1544818774.69
1544818774.76
1544818774.83
1544818774.9
1544818774.96
1544818775.03
1544818775.09
1544818775.16
1544818775.22
1544818775.3
1544818775.34
1544818775.39
1544818775.43
1544818775.48
1544818775.52
1544818775.58
1544818775.66
1544818775.74
1544818775.82
1544818775.92
1544818776.01
1544818776.07
1544818776.12
1544818776.19
1544818776.23
1544818776.28
1544818776.32
1544818776.36
1544818776.4
1544818776.45
1544818776.5
1544818776.56
1544818776.6
1544818776.65
1544818776.71
1544818776.76
1544818776.81
1544818776.85
1544818776.92
1544818776.96
1544818777.0
1544818777.03
1544818777.09
1544818777.15
1544818777.19
1544818777.23
1544818777.28
1544818777.32
1544818777.36
1544818777.4
1544818777.43
1544818777.5
1544818777.53
1544818777.57
1544818777.6
1544818777.66
1544818777.75
1544818777.8
1544818777.86
1544818777.94
1544818777.98
1544818778.01
1544818778.08
1544818778.14
1544818778.18
1544818778.22
1544818778.27
1544818778.33
1544818778.38
1544818778.43
1544818778.48
1544818778.54
1544818778.59
1544818778.63
1544818778.68
1544818778.73
1544818778.77
1544818778.81
1544818778.85
1544818778.92
1544818778.98
1544818779.02
1544818779.07
1544818779.13
1544818779.18
1544818779.23
1544818779.31
1544818779.37
1544818779.42
1544818779.48
1544818779.5
1544818779.55
1544818779.59
1544818779.66
1544818779.7
1544818779.8
1544818779.85
1544818779.9
1544818779.96
1544818780.0
1544818780.06
1544818780.13
1544818780.17
1544818780.22
1544818780.27
1544818780.32
1544818780.39
1544818780.48
1544818780.55
1544818780.58
1544818780.63
1544818780.68
1544818780.73
1544818780.77
1544818780.8
1544818780.83
1544818780.87
1544818780.91
1544818780.95
1544818780.99
1544818781.02
1544818781.08
1544818781.13
1544818781.18
1544818781.21
1544818781.25
1544818781.29
1544818781.35
1544818781.39
1544818781.42
1544818781.47
1544818781.51
1544818781.55
1544818781.59
1544818781.62
1544818781.67
1544818781.7
1544818781.74
1544818781.77
1544818781.8
1544818781.83
1544818781.88
1544818781.93
1544818781.96
1544818781.99
1544818782.03
1544818782.08
1544818782.13
1544818782.16
1544818782.21
1544818782.25
1544818782.29
1544818782.33
1544818782.38
1544818782.42
1544818782.49
1544818782.55
1544818782.59
1544818782.65
1544818782.72
1544818782.77
1544818782.81
1544818782.89
1544818782.95
1544818782.99
1544818783.02
1544818783.07
1544818783.1
1544818783.15
1544818783.19
1544818783.22
1544818783.25
1544818783.29
1544818783.35
1544818783.38
1544818783.41
1544818783.46
1544818783.51
1544818783.55
1544818783.59
1544818783.62
1544818783.66
1544818783.72
1544818783.76
1544818783.81
1544818783.86
1544818783.91
1544818783.97
1544818784.01
1544818784.04
1544818784.1
1544818784.15
1544818784.17
1544818784.22
1544818784.26
1544818784.31
1544818784.37
1544818784.41
1544818784.46
1544818784.52
1544818784.58
1544818784.63
1544818784.69
1544818784.75
1544818784.79
1544818784.84
1544818784.89
1544818784.94
1544818784.98
1544818785.01
1544818785.07
1544818785.13
1544818785.19
1544818785.23
1544818785.28
1544818785.35
1544818785.38
1544818785.42
1544818785.46
1544818785.52
1544818785.57
1544818785.63
1544818785.71
1544818785.8
1544818785.89
1544818785.97
1544818786.02
1544818786.12
1544818786.22
1544818786.3
1544818786.35
1544818786.4
1544818786.44
1544818786.48
1544818786.52
1544818786.57
1544818786.61
1544818786.68
1544818786.75
1544818786.79
1544818786.84
1544818786.88
1544818786.95
1544818786.99
1544818787.07
1544818787.12
1544818787.18
1544818787.23
1544818787.32
1544818787.38
1544818787.43
1544818787.5
1544818787.54
1544818787.58
1544818787.62
1544818787.69
1544818787.74
1544818787.79
1544818787.83
1544818787.9
1544818787.97
1544818788.01
1544818788.05
1544818788.11
1544818788.16
1544818788.2
1544818788.26
1544818788.32
1544818788.36
1544818788.4
1544818788.44
1544818788.48
1544818788.52
1544818788.56
1544818788.6
1544818788.65
1544818788.73
1544818788.77
1544818788.81
1544818788.87
1544818788.94
1544818789.0
1544818789.06
1544818789.13
1544818789.2
1544818789.28
1544818789.34
1544818789.42
1544818789.5
1544818789.57
1544818789.64
1544818789.7
1544818789.77
1544818789.86
1544818789.92
1544818790.01
1544818790.09
1544818790.14
1544818790.22
1544818790.29
1544818790.35
1544818790.43
1544818790.5
1544818790.57
1544818790.63
1544818790.7
1544818790.76
1544818790.8
1544818790.87
1544818790.96
1544818791.03
1544818791.1
1544818791.18
1544818791.26
1544818791.35
1544818791.42
1544818791.5
1544818791.57
1544818791.6
1544818791.68
1544818791.76
1544818791.83
1544818791.91
1544818791.98
1544818792.05
1544818792.13
1544818792.23
1544818792.33
1544818792.38
1544818792.44
1544818792.5
1544818792.58
1544818792.63
1544818792.71
1544818792.78
1544818792.81
1544818792.87
1544818792.91
1544818792.96
1544818793.04
1544818793.11
1544818793.18
1544818793.25
1544818793.32
1544818793.38
1544818793.42
1544818793.51
1544818793.6
1544818793.68
1544818793.75
1544818793.79
1544818793.83
1544818793.87
1544818793.91
1544818793.97
1544818794.0
1544818794.04
1544818794.13
1544818794.18
1544818794.21
1544818794.26
1544818794.36
1544818794.4
1544818794.44
1544818794.49
1544818794.58
1544818794.61
1544818794.65
1544818794.69
1544818794.74
1544818794.78
1544818794.82
1544818794.87
1544818794.95
1544818794.99
1544818795.03
1544818795.08
1544818795.14
1544818795.18
1544818795.23
1544818795.28
1544818795.35
1544818795.42
1544818795.49
1544818795.57
1544818795.66
1544818795.73
1544818795.81
1544818795.89
1544818795.97
1544818796.03
1544818796.12
1544818796.2
1544818796.3
1544818796.38
1544818796.47
1544818796.55
1544818796.6
1544818796.67
1544818796.71
1544818796.74
1544818796.81
1544818796.84
1544818796.89
1544818796.98
1544818797.02
1544818797.08
1544818797.11
1544818797.15
1544818797.2
1544818797.26
1544818797.3
1544818797.34
1544818797.39
1544818797.44
1544818797.48
1544818797.52
1544818797.57
1544818797.61
1544818797.67
1544818797.7
1544818797.74
1544818797.79
1544818797.87
1544818797.91
1544818797.96
1544818798.01
1544818798.08
1544818798.11
1544818798.16
1544818798.21
1544818798.27
1544818798.3
1544818798.34
1544818798.38
1544818798.42
1544818798.48
1544818798.53
1544818798.6
1544818798.65
1544818798.69
1544818798.73
1544818798.78
1544818798.87
1544818798.92
1544818799.02
1544818799.1
1544818799.16
1544818799.2
1544818799.27
1544818799.32
1544818799.4
1544818799.48
1544818799.58
1544818799.67
1544818799.74
1544818799.79
1544818799.89
1544818799.96
1544818800.03
1544818800.08
1544818800.13
1544818800.18
1544818800.23
1544818800.29
1544818800.34
1544818800.39
1544818800.45
1544818800.49
1544818800.53
1544818800.57
1544818800.62
1544818800.66
1544818800.72
1544818800.78
1544818800.81
1544818800.86
1544818800.93
1544818800.98
1544818801.01
1544818801.05
1544818801.09
1544818801.13
1544818801.18
1544818801.22
1544818801.27
1544818801.32
1544818801.39
1544818801.42
1544818801.48
1544818801.52
1544818801.57
1544818801.61
1544818801.65
1544818801.71
1544818801.75
1544818801.79
1544818801.83
1544818801.88
1544818801.95
1544818802.0
1544818802.05
1544818802.09
1544818802.17
1544818802.21
1544818802.27
1544818802.32
1544818802.37
1544818802.41
1544818802.45
1544818802.49
1544818802.54
1544818802.59
1544818802.62
1544818802.68
1544818802.73
1544818802.77
1544818802.81
1544818802.88
1544818802.94
1544818802.99
1544818803.04
1544818803.08
1544818803.12
1544818803.16
1544818803.2
1544818803.26
1544818803.32
1544818803.37
1544818803.44
1544818803.5
1544818803.57
1544818803.61
1544818803.65
1544818803.69
1544818803.76
1544818803.8
1544818803.84
1544818803.91
1544818803.97
1544818804.01
1544818804.07
1544818804.12
1544818804.18
1544818804.23
1544818804.29
1544818804.35
1544818804.4
1544818804.45
1544818804.5
1544818804.56
1544818804.61
1544818804.66
1544818804.71
1544818804.77
1544818804.82
1544818804.86
1544818804.91
1544818804.95
1544818805.0
1544818805.05
1544818805.1
1544818805.16
1544818805.22
1544818805.28
1544818805.33
1544818805.39
1544818805.44
1544818805.48
1544818805.53
1544818805.59
1544818805.64
1544818805.69
1544818805.74
1544818805.79
1544818805.85
1544818805.9
1544818805.96
1544818806.01
1544818806.06
1544818806.11
1544818806.18
1544818806.22
1544818806.28
1544818806.35
1544818806.39
1544818806.44
1544818806.5
1544818806.56
1544818806.59
1544818806.63
1544818806.68
1544818806.73
1544818806.77
1544818806.8
1544818806.85
1544818806.95
1544818806.99
1544818807.03
1544818807.09
1544818807.15
1544818807.18
1544818807.22
1544818807.26
1544818807.31
1544818807.36
1544818807.4
1544818807.45
1544818807.51
1544818807.56
1544818807.6
1544818807.65
1544818807.71
1544818807.76
1544818807.81
1544818807.88
1544818807.92
1544818807.96
1544818807.99
1544818808.03
1544818808.08
1544818808.12
1544818808.16
1544818808.2
1544818808.24
1544818808.31
1544818808.36
1544818808.4
1544818808.45
1544818808.5
1544818808.55
1544818808.59
1544818808.63
1544818808.68
1544818808.71
1544818808.76
1544818808.8
1544818808.83
1544818808.88
1544818808.94
1544818808.99
1544818809.03
1544818809.09
1544818809.13
1544818809.19
1544818809.23
1544818809.28
1544818809.34
1544818809.38
1544818809.43
1544818809.46
1544818809.52
1544818809.56
1544818809.59
1544818809.62
1544818809.67
1544818809.73
1544818809.77
1544818809.8
1544818809.88
1544818809.95
1544818809.99
1544818810.05
1544818810.12
1544818810.18
1544818810.22
1544818810.28
1544818810.33
1544818810.41
1544818810.49
1544818810.59
1544818810.66
1544818810.72
1544818810.79
1544818811.03
1544818811.12
1544818811.22
1544818811.32
1544818811.41
1544818811.51
1544818811.61
1544818811.7
1544818811.8
1544818811.86
1544818811.91
1544818811.95
1544818812.05
1544818812.13
1544818812.23
1544818812.33
1544818812.41
1544818812.5
1544818812.59
1544818812.68
1544818812.77
1544818812.85
1544818812.89
1544818812.94
1544818813.03
1544818813.08
1544818813.11
1544818813.16
1544818813.21
1544818813.27
1544818813.35
1544818813.42
1544818813.49
1544818813.52
1544818813.59
1544818813.66
1544818813.7
1544818813.75
1544818813.83
1544818813.88
1544818813.91
1544818813.95
1544818814.03
1544818814.07
1544818814.11
1544818814.18
1544818814.27
1544818814.31
1544818814.38
1544818814.46
1544818814.5
1544818814.53
1544818814.56
1544818814.6
1544818814.67
1544818814.72
1544818814.78
1544818814.83
1544818814.88
1544818814.93
1544818814.98
1544818815.02
1544818815.06
1544818815.09
1544818815.13
1544818815.18
1544818815.25
1544818815.29
1544818815.32
1544818815.38
1544818815.43
1544818815.48
1544818815.52
1544818815.58
1544818815.66
1544818815.7
1544818815.73
1544818815.82
1544818815.87
1544818815.9
1544818815.94
1544818815.99
1544818816.06
1544818816.1
1544818816.14
1544818816.19
1544818816.26
1544818816.3
1544818816.36
1544818816.44
1544818816.5
1544818816.55
1544818816.59
1544818816.66
1544818816.7
1544818816.75
1544818816.79
1544818816.86
1544818816.91
1544818816.97
1544818817.04
1544818817.09
1544818817.13
1544818817.18
1544818817.23
1544818817.27
1544818817.31
1544818817.37
1544818817.44
1544818817.48
1544818817.51
1544818817.56
1544818817.63
1544818817.68
1544818817.71
1544818817.76
1544818817.84
1544818817.88
1544818817.92
1544818817.96
1544818818.01
1544818818.06
1544818818.09
1544818818.13
1544818818.18
1544818818.23
1544818818.27
1544818818.3
1544818818.34
1544818818.39
1544818818.46
1544818818.5
1544818818.54
1544818818.59
1544818818.65
1544818818.69
1544818818.73
1544818818.76
1544818818.8
1544818818.86
1544818818.89
1544818818.95
1544818819.03
1544818819.15
1544818819.22
1544818819.28
1544818819.33
1544818819.39
1544818819.49
1544818819.6
1544818819.69
1544818819.76
1544818819.82
1544818819.89
1544818819.94
1544818820.03
1544818820.12
1544818820.2
1544818820.28
1544818820.36
1544818820.42
1544818820.49
1544818820.57
1544818820.63
1544818820.68
1544818820.72
1544818820.77
1544818820.81
1544818820.84
1544818820.91
1544818820.95
1544818820.99
1544818821.02
1544818821.08
1544818821.14
1544818821.18
1544818821.23
1544818821.29
1544818821.36
1544818821.41
1544818821.46
1544818821.53
1544818821.58
1544818821.62
1544818821.7
1544818821.76
1544818821.81
1544818821.9
1544818821.97
1544818822.02
1544818822.06
1544818822.12
1544818822.18
1544818822.21
1544818822.26
1544818822.32
1544818822.36
1544818822.41
1544818822.46
1544818822.51
1544818822.58
1544818822.62
1544818822.72
1544818822.77
1544818822.81
1544818822.86
1544818822.9
1544818822.98
1544818823.01
1544818823.09
1544818823.15
1544818823.2
1544818823.23
1544818823.3
1544818823.36
1544818823.41
1544818823.47
1544818823.56
1544818823.6
1544818823.63
1544818823.68
1544818823.72
1544818823.77
1544818823.81
1544818823.87
1544818823.92
1544818823.97
1544818824.01
1544818824.06
1544818824.1
1544818824.15
1544818824.19
1544818824.23
1544818824.28
1544818824.34
1544818824.38
1544818824.42
1544818824.47
1544818824.52
1544818824.57
1544818824.61
1544818824.7
1544818824.76
1544818824.81
1544818824.86
1544818824.93
1544818824.98
1544818825.02
1544818825.07
1544818825.19
1544818825.29
1544818825.36
1544818825.41
1544818825.49
1544818825.53
1544818825.58
1544818825.64
1544818825.7
1544818825.77
1544818825.83
1544818825.88
1544818825.93
1544818825.98
1544818826.01
1544818826.08
1544818826.14
1544818826.17
1544818826.22
1544818826.26
1544818826.31
1544818826.36
1544818826.4
1544818826.45
1544818826.5
1544818826.55
1544818826.59
1544818826.64
1544818826.7
1544818826.75
1544818826.78
1544818826.82
1544818826.89
1544818826.95
1544818826.99
1544818827.02
1544818827.07
1544818827.11
1544818827.15
1544818827.2
1544818827.24
1544818827.3
1544818827.36
1544818827.39
1544818827.44
1544818827.47
1544818827.54
1544818827.58
1544818827.62
1544818827.68
1544818827.76
1544818827.8
1544818827.86
1544818827.91
1544818827.96
1544818828.0
1544818828.05
1544818828.1
1544818828.16
1544818828.2
1544818828.23
1544818828.32
1544818828.37
1544818828.41
1544818828.46
1544818828.53
1544818828.58
1544818828.61
1544818828.66
1544818828.69
1544818828.74
1544818828.77
1544818828.81
1544818828.86
1544818828.91
1544818828.96
1544818828.99
1544818829.03
1544818829.08
1544818829.12
1544818829.17
1544818829.2
1544818829.25
1544818829.33
1544818829.38
1544818829.41
1544818829.46
1544818829.55
1544818829.59
1544818829.63
1544818829.71
1544818829.77
1544818829.81
1544818829.87
1544818829.95
1544818829.98
1544818830.01
1544818830.05
1544818830.1
1544818830.16
1544818830.21
1544818830.25
1544818830.3
1544818830.35
1544818830.4
1544818830.44
1544818830.49
1544818830.56
1544818830.59
1544818830.66
1544818830.73
1544818830.77
1544818830.81
1544818830.86
1544818830.9
1544818830.95
1544818830.99
1544818831.05
1544818831.11
1544818831.16
1544818831.2
1544818831.23
1544818831.28
1544818831.34
1544818831.38
1544818831.42
1544818831.48
1544818831.53
1544818831.57
1544818831.61
1544818831.66
1544818831.7
1544818831.75
1544818831.79
1544818831.83
1544818831.9
1544818831.96
1544818831.99
1544818832.04
1544818832.13
1544818832.18
1544818832.22
1544818832.29
1544818832.33
1544818832.38
1544818832.41
1544818832.46
1544818832.5
1544818832.55
1544818832.58
1544818832.62
1544818832.68
1544818832.73
1544818832.79
1544818832.83
1544818832.88
1544818832.94
1544818833.0
1544818833.05
1544818833.11
1544818833.16
1544818833.19
1544818833.22
1544818833.28
1544818833.32
1544818833.36
1544818833.4
1544818833.44
1544818833.48
1544818833.52
1544818833.57
1544818833.62
1544818833.68
1544818833.71
1544818833.79
1544818833.85
1544818833.92
1544818834.0
1544818834.06
1544818834.13
1544818834.21
1544818834.28
1544818834.33
1544818834.41
1544818834.48
1544818834.57
1544818834.64
1544818834.72
1544818834.79
1544818834.86
1544818834.94
1544818834.98
1544818835.03
1544818835.08
1544818835.17
1544818835.28
1544818835.36
1544818835.43
1544818835.49
1544818835.52
1544818835.58
1544818835.65
1544818835.69
1544818835.73
1544818835.78
1544818835.82
1544818835.87
1544818835.9
1544818835.94
1544818836.0
1544818836.05
1544818836.09
1544818836.13
1544818836.18
1544818836.23
1544818836.28
1544818836.31
1544818836.36
1544818836.45
1544818836.52
1544818836.61
1544818836.69
1544818836.74
1544818836.78
1544818836.84
1544818836.89
1544818836.95
1544818836.99
1544818837.04
1544818837.07
1544818837.11
1544818837.15
1544818837.18
1544818837.27
1544818837.31
1544818837.38
1544818837.44
1544818837.5
1544818837.55
1544818837.65
1544818837.71
1544818837.77
1544818837.85
1544818837.89
1544818837.92
1544818837.97
1544818838.01
1544818838.05
1544818838.1
1544818838.17
1544818838.23
1544818838.28
1544818838.31
1544818838.35
1544818838.41
1544818838.45
1544818838.5
1544818838.55
1544818838.65
1544818838.69
1544818838.73
1544818838.76
1544818838.83
1544818838.87
1544818838.91
1544818838.97
1544818839.02
1544818839.06
1544818839.1
1544818839.14
1544818839.2
1544818839.26
1544818839.29
1544818839.34
1544818839.39
1544818839.45
1544818839.49
1544818839.55
1544818839.6
1544818839.65
1544818839.7
1544818839.75
1544818839.8
1544818839.84
1544818839.91
1544818839.97
1544818840.01
1544818840.07
1544818840.15
1544818840.26
1544818840.32
1544818840.4
1544818840.48
1544818840.52
1544818840.61
1544818840.68
1544818840.73
1544818840.79
1544818840.83
1544818840.88
1544818840.93
1544818840.98
1544818841.05
1544818841.09
1544818841.15
1544818841.2
1544818841.24
1544818841.28
1544818841.32
1544818841.41
1544818841.49
1544818841.57
1544818841.61
1544818841.7
1544818841.78
1544818841.84
