1544819475.85
1544819476.9
1544819477.09
1544819477.25
1544819477.39
1544819477.5
1544819477.56
1544819477.67
1544819477.76
1544819477.86
1544819477.99
1544819478.13
1544819478.26
1544819478.49
1544819478.59
1544819478.75
1544819478.87
1544819478.98
1544819479.1
1544819479.21
1544819479.32
1544819479.43
1544819479.54
1544819479.65
1544819479.75
1544819479.87
1544819479.96
1544819480.07
1544819480.18
1544819480.29
1544819480.39
1544819480.52
1544819480.63
1544819480.7
1544819480.8
1544819480.92
1544819481.04
1544819481.15
1544819481.24
1544819481.37
1544819481.48
1544819481.62
1544819481.74
1544819481.85
1544819481.96
1544819482.07
1544819482.2
1544819482.32
1544819482.45
1544819482.57
1544819482.67
1544819482.81
1544819482.93
1544819483.05
1544819483.15
1544819483.26
1544819483.36
1544819483.44
1544819483.52
1544819483.63
1544819483.74
1544819483.86
1544819483.97
1544819484.11
1544819484.22
1544819484.32
1544819484.43
1544819484.56
1544819484.67
1544819484.78
1544819484.85
1544819484.97
1544819485.07
1544819485.18
1544819485.29
1544819485.39
1544819485.49
1544819485.59
1544819485.69
1544819485.8
1544819485.89
1544819485.97
1544819486.05
1544819486.13
1544819486.19
1544819486.25
1544819486.28
1544819486.34
1544819486.42
1544819486.5
1544819486.56
1544819486.64
1544819486.73
1544819486.8
1544819486.88
1544819486.96
1544819487.04
1544819487.12
1544819487.18
1544819487.27
1544819487.35
1544819487.42
1544819487.48
1544819487.56
1544819487.63
1544819487.71
1544819487.79
1544819487.87
1544819487.93
1544819488.01
1544819488.06
1544819488.13
1544819488.21
1544819488.32
1544819488.43
1544819488.49
1544819488.56
1544819488.63
1544819488.69
1544819488.76
1544819488.82
1544819488.89
1544819488.94
1544819489.02
1544819489.08
1544819489.15
1544819489.21
1544819489.27
1544819489.33
1544819489.41
1544819489.52
1544819489.61
1544819489.69
1544819489.77
1544819489.85
1544819489.94
1544819490.02
1544819490.11
1544819490.18
1544819490.24
1544819490.3
1544819490.36
1544819490.44
1544819490.53
1544819490.6
1544819490.69
1544819490.77
1544819490.83
1544819490.9
1544819490.97
1544819491.04
1544819491.12
1544819491.19
1544819491.26
1544819491.32
1544819491.38
1544819491.45
1544819491.54
1544819491.59
1544819491.68
1544819491.77
1544819491.85
1544819491.93
1544819492.01
1544819492.08
1544819492.16
1544819492.24
1544819492.31
1544819492.38
1544819492.46
1544819492.52
1544819492.62
1544819492.69
1544819492.77
1544819492.85
1544819492.92
1544819493.0
1544819493.07
1544819493.15
1544819493.22
1544819493.28
1544819493.35
1544819493.41
1544819493.53
1544819493.64
1544819493.7
1544819493.78
1544819493.86
1544819493.93
1544819494.0
1544819494.04
1544819494.09
1544819494.14
1544819494.22
1544819494.29
1544819494.35
1544819494.43
1544819494.5
1544819494.57
1544819494.63
1544819494.7
1544819494.76
1544819494.83
1544819494.89
1544819494.96
1544819495.03
1544819495.08
1544819495.14
1544819495.21
1544819495.28
1544819495.36
1544819495.43
1544819495.49
1544819495.57
1544819495.66
1544819495.75
1544819495.83
1544819495.91
1544819495.97
1544819496.04
1544819496.11
1544819496.18
1544819496.26
1544819496.34
1544819496.41
1544819496.49
1544819496.6
1544819496.68
1544819496.76
1544819496.84
1544819496.91
1544819496.96
1544819497.04
1544819497.12
1544819497.19
1544819497.27
1544819497.35
1544819497.44
1544819497.52
1544819497.59
1544819497.66
1544819497.72
1544819497.78
1544819497.86
1544819497.93
1544819498.0
1544819498.07
1544819498.15
1544819498.23
1544819498.3
1544819498.37
1544819498.44
1544819498.51
1544819498.58
1544819498.64
1544819498.71
1544819498.78
1544819498.85
1544819498.92
1544819498.98
1544819499.05
1544819499.13
1544819499.19
1544819499.27
1544819499.34
1544819499.42
1544819499.48
1544819499.54
1544819499.62
1544819499.67
1544819499.75
1544819499.83
1544819499.91
1544819499.98
1544819500.04
1544819500.09
1544819500.15
1544819500.22
1544819500.27
1544819500.33
1544819500.41
1544819500.47
1544819500.54
1544819500.61
1544819500.68
1544819500.74
1544819500.85
1544819500.93
1544819501.0
1544819501.11
1544819501.16
1544819501.23
1544819501.3
1544819501.38
1544819501.46
1544819501.55
1544819501.63
1544819501.7
1544819501.75
1544819501.83
1544819501.91
1544819501.98
1544819502.04
1544819502.11
1544819502.17
1544819502.25
1544819502.32
1544819502.41
1544819502.48
1544819502.57
1544819502.65
1544819502.73
1544819502.79
1544819502.87
1544819502.92
1544819502.97
1544819503.0
1544819503.07
1544819503.12
1544819503.16
1544819503.2
1544819503.27
1544819503.33
1544819503.37
1544819503.42
1544819503.47
1544819503.54
1544819503.59
1544819503.63
1544819503.67
1544819503.72
1544819503.75
1544819503.79
1544819503.83
1544819503.93
1544819503.99
1544819504.07
1544819504.14
1544819504.2
1544819504.27
1544819504.33
1544819504.38
1544819504.44
1544819504.51
1544819504.57
1544819504.64
1544819504.7
1544819504.78
1544819504.85
1544819504.91
1544819504.97
1544819505.03
1544819505.08
1544819505.14
1544819505.19
1544819505.26
1544819505.32
1544819505.37
1544819505.42
1544819505.5
1544819505.57
1544819505.64
1544819505.7
1544819505.77
1544819505.83
1544819505.88
1544819505.94
1544819505.98
1544819506.04
1544819506.07
1544819506.15
1544819506.19
1544819506.26
1544819506.32
1544819506.36
1544819506.44
1544819506.5
1544819506.59
1544819506.65
1544819506.72
1544819506.77
1544819506.8
1544819506.85
1544819506.88
1544819506.92
1544819506.96
1544819507.0
1544819507.04
1544819507.08
1544819507.12
1544819507.16
1544819507.2
1544819507.25
1544819507.3
1544819507.35
1544819507.38
1544819507.45
1544819507.52
1544819507.57
1544819507.6
1544819507.65
1544819507.7
1544819507.75
1544819507.8
1544819507.86
1544819507.92
1544819507.97
1544819508.02
1544819508.09
1544819508.14
1544819508.17
1544819508.22
1544819508.28
1544819508.34
1544819508.38
1544819508.43
1544819508.49
1544819508.53
1544819508.56
1544819508.6
1544819508.66
1544819508.73
1544819508.76
1544819508.8
1544819508.85
1544819508.91
1544819508.95
1544819509.0
1544819509.04
1544819509.09
1544819509.15
1544819509.18
1544819509.24
1544819509.3
1544819509.34
1544819509.39
1544819509.43
1544819509.5
1544819509.56
1544819509.63
1544819509.7
1544819509.77
1544819509.82
1544819509.86
1544819509.9
1544819509.95
1544819509.98
1544819510.03
1544819510.09
1544819510.14
1544819510.18
1544819510.23
1544819510.31
1544819510.37
1544819510.42
1544819510.49
1544819510.54
1544819510.59
1544819510.64
1544819510.71
1544819510.77
1544819510.83
1544819510.88
1544819510.93
1544819510.98
1544819511.04
1544819511.08
1544819511.13
1544819511.18
1544819511.22
1544819511.27
1544819511.32
1544819511.36
1544819511.39
1544819511.45
1544819511.5
1544819511.56
1544819511.6
1544819511.65
1544819511.72
1544819511.76
1544819511.8
1544819511.85
1544819511.9
1544819511.95
1544819511.99
1544819512.04
1544819512.1
1544819512.16
1544819512.23
1544819512.29
1544819512.35
1544819512.41
1544819512.48
1544819512.53
1544819512.6
1544819512.65
1544819512.69
1544819512.74
1544819512.8
1544819512.85
1544819512.91
1544819512.97
1544819513.02
1544819513.06
1544819513.12
1544819513.17
1544819513.22
1544819513.28
1544819513.34
1544819513.39
1544819513.46
1544819513.54
1544819513.59
1544819513.65
1544819513.71
1544819513.77
1544819513.82
1544819513.87
1544819513.94
1544819514.0
1544819514.08
1544819514.15
1544819514.2
1544819514.28
1544819514.35
1544819514.39
1544819514.46
1544819514.52
1544819514.59
1544819514.67
1544819514.74
1544819514.8
1544819514.88
1544819514.95
1544819515.03
1544819515.09
1544819515.18
1544819515.26
1544819515.34
1544819515.42
1544819515.49
1544819515.56
1544819515.65
1544819515.73
1544819515.82
1544819515.89
1544819515.97
1544819516.05
1544819516.12
1544819516.18
1544819516.23
1544819516.28
1544819516.32
1544819516.38
1544819516.44
1544819516.48
1544819516.54
1544819516.59
1544819516.64
1544819516.68
1544819516.72
1544819516.78
1544819516.84
1544819516.88
1544819516.95
1544819517.01
1544819517.09
1544819517.17
1544819517.22
1544819517.28
1544819517.33
1544819517.37
1544819517.44
1544819517.49
1544819517.57
1544819517.64
1544819517.72
1544819517.77
1544819517.85
1544819517.92
1544819517.98
1544819518.06
1544819518.12
1544819518.19
1544819518.25
1544819518.32
1544819518.38
1544819518.43
1544819518.49
1544819518.54
1544819518.6
1544819518.65
1544819518.69
1544819518.75
1544819518.8
1544819518.85
1544819518.91
1544819518.95
1544819519.01
1544819519.06
1544819519.12
1544819519.17
1544819519.23
1544819519.28
1544819519.32
1544819519.37
1544819519.42
1544819519.47
1544819519.51
1544819519.57
1544819519.61
1544819519.67
1544819519.73
1544819519.77
1544819519.83
1544819519.89
1544819519.94
1544819519.98
1544819520.06
1544819520.16
1544819520.23
1544819520.28
1544819520.34
1544819520.42
1544819520.48
1544819520.53
1544819520.57
1544819520.61
1544819520.68
1544819520.74
1544819520.79
1544819520.86
1544819520.92
1544819520.98
1544819521.04
1544819521.09
1544819521.17
1544819521.23
1544819521.29
1544819521.35
1544819521.42
1544819521.48
1544819521.53
1544819521.57
1544819521.62
1544819521.67
1544819521.72
1544819521.77
1544819521.83
1544819521.88
1544819521.93
1544819521.98
1544819522.03
1544819522.09
1544819522.16
1544819522.22
1544819522.28
1544819522.35
1544819522.42
1544819522.49
1544819522.55
1544819522.59
1544819522.64
1544819522.69
1544819522.75
1544819522.81
1544819522.88
1544819522.94
1544819522.98
1544819523.04
1544819523.1
1544819523.17
1544819523.25
1544819523.3
1544819523.37
1544819523.44
1544819523.48
1544819523.53
1544819523.59
1544819523.67
1544819523.74
1544819523.81
1544819523.88
1544819523.96
1544819524.03
1544819524.1
1544819524.18
1544819524.27
1544819524.35
1544819524.43
1544819524.5
1544819524.59
1544819524.69
1544819524.76
1544819524.83
1544819524.87
1544819524.93
1544819524.98
1544819525.03
1544819525.07
1544819525.13
1544819525.19
1544819525.24
1544819525.27
1544819525.32
1544819525.36
1544819525.42
1544819525.46
1544819525.5
1544819525.54
1544819525.58
1544819525.63
1544819525.67
1544819525.73
1544819525.77
1544819525.84
1544819525.88
1544819525.94
1544819526.0
1544819526.05
1544819526.1
1544819526.16
1544819526.22
1544819526.27
1544819526.31
1544819526.36
1544819526.42
1544819526.46
1544819526.5
1544819526.55
1544819526.62
1544819526.66
1544819526.69
1544819526.74
1544819526.77
1544819526.81
1544819526.85
1544819526.89
1544819526.96
1544819527.02
1544819527.06
1544819527.11
1544819527.16
1544819527.24
1544819527.29
1544819527.33
1544819527.41
1544819527.46
1544819527.51
1544819527.55
1544819527.62
1544819527.67
1544819527.71
1544819527.77
1544819527.83
1544819527.86
1544819527.9
1544819527.96
1544819528.02
1544819528.06
1544819528.11
1544819528.19
1544819528.25
1544819528.29
1544819528.35
1544819528.39
1544819528.45
1544819528.49
1544819528.54
1544819528.6
1544819528.66
1544819528.69
1544819528.77
1544819528.82
1544819528.86
1544819528.9
1544819528.99
1544819529.04
1544819529.07
1544819529.11
1544819529.19
1544819529.23
1544819529.27
1544819529.31
1544819529.36
1544819529.42
1544819529.46
1544819529.5
1544819529.55
1544819529.61
1544819529.65
1544819529.68
1544819529.74
1544819529.79
1544819529.84
1544819529.88
1544819529.93
1544819529.99
1544819530.04
1544819530.08
1544819530.12
1544819530.17
1544819530.23
1544819530.27
1544819530.32
1544819530.36
1544819530.4
1544819530.45
1544819530.49
1544819530.55
1544819530.62
1544819530.67
1544819530.7
1544819530.77
1544819530.8
1544819530.84
1544819530.88
1544819530.93
1544819531.0
1544819531.07
1544819531.11
1544819531.16
1544819531.22
1544819531.27
1544819531.31
1544819531.35
1544819531.41
1544819531.45
1544819531.49
1544819531.55
1544819531.63
1544819531.67
1544819531.72
1544819531.79
1544819531.85
1544819531.89
1544819531.94
1544819531.99
1544819532.04
1544819532.08
1544819532.12
1544819532.17
1544819532.22
1544819532.26
1544819532.31
1544819532.35
1544819532.4
1544819532.46
1544819532.51
1544819532.56
1544819532.63
1544819532.67
1544819532.72
1544819532.78
1544819532.84
1544819532.88
1544819532.94
1544819533.02
1544819533.09
1544819533.16
1544819533.23
1544819533.29
1544819533.36
1544819533.41
1544819533.45
1544819533.49
1544819533.53
1544819533.57
1544819533.62
1544819533.66
1544819533.72
1544819533.78
1544819533.84
1544819533.92
1544819533.99
1544819534.08
1544819534.16
1544819534.24
1544819534.31
1544819534.39
1544819534.47
1544819534.54
1544819534.6
1544819534.65
1544819534.73
1544819534.77
1544819534.82
1544819534.87
1544819534.93
1544819534.96
1544819535.04
1544819535.12
1544819535.17
1544819535.2
1544819535.26
1544819535.31
1544819535.36
1544819535.4
1544819535.46
1544819535.51
1544819535.55
1544819535.59
1544819535.65
1544819535.72
1544819535.77
1544819535.83
1544819535.91
1544819535.94
1544819535.98
1544819536.02
1544819536.07
1544819536.12
1544819536.16
1544819536.2
1544819536.25
1544819536.32
1544819536.36
1544819536.41
1544819536.47
1544819536.51
1544819536.56
1544819536.61
1544819536.66
1544819536.72
1544819536.76
1544819536.79
1544819536.84
1544819536.89
1544819536.94
1544819536.99
1544819537.05
1544819537.13
1544819537.2
1544819537.3
1544819537.37
1544819537.43
1544819537.49
1544819537.54
1544819537.6
1544819537.68
1544819537.77
1544819537.84
1544819537.88
1544819537.94
1544819537.98
1544819538.05
1544819538.11
1544819538.18
1544819538.27
1544819538.32
1544819538.36
1544819538.41
1544819538.48
1544819538.53
1544819538.58
1544819538.64
1544819538.69
1544819538.75
1544819538.81
1544819538.87
1544819538.92
1544819538.98
1544819539.05
1544819539.12
1544819539.19
1544819539.27
1544819539.34
1544819539.42
1544819539.47
1544819539.53
1544819539.59
1544819539.66
1544819539.73
1544819539.78
1544819539.83
1544819539.86
1544819539.9
1544819539.94
1544819539.98
1544819540.04
1544819540.11
1544819540.15
1544819540.19
1544819540.24
1544819540.34
1544819540.38
1544819540.44
1544819540.49
1544819540.55
1544819540.58
1544819540.65
1544819540.72
1544819540.76
1544819540.81
1544819540.88
1544819540.94
1544819540.97
1544819541.01
1544819541.08
1544819541.14
1544819541.18
1544819541.23
1544819541.29
1544819541.34
1544819541.37
1544819541.42
1544819541.47
1544819541.54
1544819541.57
1544819541.63
1544819541.7
1544819541.75
1544819541.79
1544819541.83
1544819541.91
1544819541.94
1544819541.99
1544819542.04
1544819542.1
1544819542.15
1544819542.19
1544819542.25
1544819542.32
1544819542.36
1544819542.41
1544819542.49
1544819542.54
1544819542.58
1544819542.64
1544819542.69
1544819542.74
1544819542.79
1544819542.84
1544819542.89
1544819542.94
1544819542.98
1544819543.04
1544819543.1
1544819543.16
1544819543.24
1544819543.31
1544819543.37
1544819543.44
1544819543.5
1544819543.56
1544819543.62
1544819543.67
1544819543.72
1544819543.77
1544819543.84
1544819543.92
1544819543.99
1544819544.07
1544819544.15
1544819544.21
1544819544.27
1544819544.31
1544819544.38
1544819544.44
1544819544.5
1544819544.57
1544819544.62
1544819544.68
1544819544.72
1544819544.78
1544819544.84
1544819544.89
1544819544.94
1544819545.0
1544819545.04
1544819545.08
1544819545.13
1544819545.18
1544819545.23
1544819545.28
1544819545.33
1544819545.38
1544819545.43
1544819545.48
1544819545.54
1544819545.62
1544819545.66
1544819545.7
1544819545.76
1544819545.82
1544819545.86
1544819545.93
1544819546.01
1544819546.05
1544819546.11
1544819546.18
1544819546.24
1544819546.27
1544819546.32
1544819546.41
1544819546.44
1544819546.48
1544819546.53
1544819546.58
1544819546.63
1544819546.66
1544819546.71
1544819546.79
1544819546.84
1544819546.88
1544819546.92
1544819546.96
1544819547.02
1544819547.06
1544819547.09
1544819547.14
1544819547.19
1544819547.24
1544819547.28
1544819547.35
1544819547.43
1544819547.47
1544819547.52
1544819547.57
1544819547.63
1544819547.67
1544819547.72
1544819547.78
1544819547.83
1544819547.87
1544819547.91
1544819547.98
1544819548.03
1544819548.08
1544819548.13
1544819548.2
1544819548.24
1544819548.28
1544819548.35
1544819548.41
1544819548.45
1544819548.51
1544819548.56
1544819548.62
1544819548.66
1544819548.71
1544819548.75
1544819548.81
1544819548.85
1544819548.9
1544819548.97
1544819549.03
1544819549.07
1544819549.12
1544819549.2
1544819549.25
1544819549.3
1544819549.35
1544819549.4
1544819549.45
1544819549.49
1544819549.55
1544819549.62
1544819549.65
1544819549.7
1544819549.77
1544819549.82
1544819549.86
1544819549.89
1544819549.94
1544819549.98
1544819550.02
1544819550.06
1544819550.12
1544819550.19
1544819550.26
1544819550.3
1544819550.38
1544819550.44
1544819550.49
1544819550.55
1544819550.61
1544819550.65
1544819550.69
1544819550.73
1544819550.78
1544819550.84
1544819550.87
1544819550.92
1544819550.97
1544819551.03
1544819551.08
1544819551.13
1544819551.18
1544819551.23
1544819551.28
1544819551.34
1544819551.41
1544819551.47
1544819551.54
1544819551.59
1544819551.64
1544819551.69
1544819551.74
1544819551.8
1544819551.86
1544819551.89
1544819551.95
1544819552.02
1544819552.09
1544819552.16
1544819552.22
1544819552.28
1544819552.34
1544819552.39
1544819552.46
1544819552.53
1544819552.59
1544819552.65
1544819552.71
1544819552.77
1544819552.85
1544819552.91
1544819552.98
1544819553.04
1544819553.09
1544819553.15
1544819553.2
1544819553.25
1544819553.32
1544819553.37
1544819553.42
1544819553.51
1544819553.57
1544819553.63
1544819553.71
1544819553.75
1544819553.79
1544819553.86
1544819553.93
1544819553.96
1544819553.99
1544819554.03
1544819554.08
1544819554.12
1544819554.17
1544819554.22
1544819554.28
1544819554.33
1544819554.38
1544819554.44
1544819554.5
1544819554.56
1544819554.61
1544819554.66
1544819554.71
1544819554.76
1544819554.81
1544819554.88
1544819554.93
1544819554.97
1544819555.02
1544819555.07
1544819555.12
1544819555.16
1544819555.22
1544819555.27
1544819555.33
1544819555.36
1544819555.4
1544819555.52
1544819555.55
1544819555.59
1544819555.65
1544819555.71
1544819555.76
1544819555.8
1544819555.86
1544819555.92
1544819555.96
1544819556.0
1544819556.07
1544819556.12
1544819556.18
1544819556.27
1544819556.34
1544819556.39
1544819556.46
1544819556.52
1544819556.58
1544819556.63
1544819556.68
1544819556.73
1544819556.77
1544819556.82
1544819556.87
1544819556.93
1544819556.97
1544819557.02
1544819557.07
1544819557.15
1544819557.2
1544819557.26
1544819557.32
1544819557.39
1544819557.47
1544819557.55
1544819557.62
1544819557.69
1544819557.75
1544819557.81
1544819557.86
1544819557.91
1544819557.98
1544819558.05
1544819558.12
1544819558.19
1544819558.27
1544819558.33
1544819558.4
1544819558.46
1544819558.5
1544819558.55
1544819558.6
1544819558.65
1544819558.69
1544819558.75
1544819558.82
1544819558.87
1544819558.91
1544819558.99
1544819559.04
1544819559.07
1544819559.12
1544819559.17
1544819559.23
1544819559.27
1544819559.32
1544819559.37
1544819559.43
1544819559.47
1544819559.52
1544819559.6
1544819559.66
1544819559.73
1544819559.79
1544819559.85
1544819559.89
1544819559.95
1544819560.03
1544819560.07
1544819560.11
1544819560.15
1544819560.2
1544819560.26
1544819560.31
1544819560.36
1544819560.44
1544819560.48
1544819560.54
1544819560.6
1544819560.65
1544819560.69
1544819560.73
1544819560.78
1544819560.84
1544819560.89
1544819560.95
1544819561.03
1544819561.07
1544819561.14
1544819561.21
1544819561.26
1544819561.3
1544819561.36
1544819561.42
1544819561.46
1544819561.49
1544819561.55
1544819561.61
1544819561.67
1544819561.72
1544819561.79
1544819561.84
1544819561.88
1544819561.92
1544819561.97
1544819562.03
1544819562.08
1544819562.14
1544819562.18
1544819562.24
1544819562.3
1544819562.37
1544819562.45
1544819562.52
1544819562.6
1544819562.69
1544819562.75
1544819562.82
1544819562.89
1544819562.95
1544819563.03
1544819563.06
1544819563.11
1544819563.15
1544819563.19
1544819563.25
1544819563.35
1544819563.43
1544819563.47
1544819563.55
1544819563.61
1544819563.66
1544819563.73
1544819563.78
1544819563.83
1544819563.87
1544819563.94
1544819564.0
1544819564.07
1544819564.14
1544819564.18
1544819564.23
1544819564.28
1544819564.34
1544819564.4
1544819564.47
1544819564.53
1544819564.58
1544819564.64
1544819564.72
1544819564.78
1544819564.85
1544819564.89
1544819564.97
1544819565.04
1544819565.07
1544819565.12
1544819565.17
1544819565.23
1544819565.28
1544819565.33
1544819565.37
1544819565.42
1544819565.48
1544819565.53
1544819565.57
1544819565.65
1544819565.71
1544819565.76
1544819565.8
1544819565.86
1544819565.92
1544819565.96
1544819566.02
1544819566.09
1544819566.15
1544819566.19
1544819566.23
1544819566.28
1544819566.33
1544819566.37
1544819566.44
1544819566.52
1544819566.57
1544819566.6
1544819566.66
1544819566.72
1544819566.77
1544819566.81
1544819566.9
1544819566.94
1544819566.98
1544819567.03
1544819567.08
1544819567.14
1544819567.17
1544819567.22
1544819567.29
1544819567.34
1544819567.38
1544819567.41
1544819567.47
1544819567.53
1544819567.58
1544819567.63
1544819567.7
1544819567.76
1544819567.79
1544819567.86
1544819567.92
1544819567.95
1544819567.99
1544819568.05
1544819568.12
1544819568.16
1544819568.22
1544819568.29
1544819568.34
1544819568.38
1544819568.45
1544819568.51
1544819568.55
1544819568.59
1544819568.66
1544819568.7
1544819568.75
1544819568.79
1544819568.84
1544819568.89
1544819568.93
1544819568.97
1544819569.01
1544819569.08
1544819569.13
1544819569.17
1544819569.22
1544819569.29
1544819569.35
1544819569.38
1544819569.45
1544819569.54
1544819569.58
1544819569.66
1544819569.73
1544819569.76
1544819569.8
1544819569.84
1544819569.89
1544819569.94
1544819569.99
1544819570.04
1544819570.08
1544819570.12
1544819570.17
1544819570.22
1544819570.27
1544819570.32
1544819570.37
1544819570.42
1544819570.47
1544819570.52
1544819570.57
1544819570.62
1544819570.67
1544819570.72
1544819570.76
1544819570.82
1544819570.88
1544819570.93
1544819570.98
1544819571.05
1544819571.13
1544819571.19
1544819571.26
1544819571.32
1544819571.39
1544819571.45
1544819571.5
1544819571.55
1544819571.61
1544819571.66
1544819571.72
1544819571.77
1544819571.82
1544819571.87
1544819571.94
1544819571.98
1544819572.05
1544819572.1
1544819572.15
1544819572.2
1544819572.27
1544819572.31
1544819572.37
1544819572.42
1544819572.48
1544819572.56
1544819572.63
1544819572.69
1544819572.76
1544819572.8
1544819572.86
1544819572.92
1544819572.99
1544819573.03
1544819573.08
1544819573.14
1544819573.18
1544819573.22
1544819573.26
1544819573.32
1544819573.36
1544819573.4
1544819573.47
1544819573.53
1544819573.57
1544819573.62
1544819573.69
1544819573.73
1544819573.77
1544819573.8
1544819573.87
1544819573.93
1544819573.97
1544819574.03
1544819574.1
1544819574.15
1544819574.19
1544819574.25
1544819574.3
1544819574.35
1544819574.4
1544819574.47
1544819574.53
1544819574.56
1544819574.61
1544819574.69
1544819574.74
1544819574.78
1544819574.82
1544819574.88
1544819574.94
1544819574.98
1544819575.05
1544819575.12
1544819575.16
1544819575.2
1544819575.31
1544819575.37
1544819575.42
1544819575.49
1544819575.57
1544819575.63
1544819575.7
1544819575.77
1544819575.84
1544819575.88
1544819575.95
1544819576.01
1544819576.08
1544819576.14
1544819576.19
1544819576.27
1544819576.34
1544819576.41
1544819576.49
1544819576.55
1544819576.6
1544819576.66
1544819576.73
1544819576.8
1544819576.87
1544819576.95
1544819577.01
1544819577.09
1544819577.16
1544819577.22
1544819577.28
1544819577.33
1544819577.37
1544819577.41
1544819577.5
1544819577.54
1544819577.59
1544819577.65
1544819577.72
1544819577.76
1544819577.83
1544819577.87
1544819577.92
1544819577.96
1544819577.99
1544819578.08
1544819578.13
1544819578.18
1544819578.23
1544819578.28
1544819578.33
1544819578.37
1544819578.4
1544819578.45
1544819578.51
1544819578.56
1544819578.63
1544819578.68
1544819578.72
1544819578.77
1544819578.81
1544819578.86
1544819578.9
1544819578.95
1544819579.0
1544819579.09
1544819579.15
1544819579.19
1544819579.25
1544819579.32
1544819579.36
1544819579.39
1544819579.46
1544819579.5
1544819579.55
1544819579.58
1544819579.65
1544819579.71
1544819579.76
1544819579.82
1544819579.87
1544819579.9
1544819579.95
1544819579.99
1544819580.04
1544819580.08
1544819580.13
1544819580.17
1544819580.23
1544819580.28
1544819580.34
1544819580.38
1544819580.44
1544819580.49
1544819580.54
1544819580.58
1544819580.64
1544819580.7
1544819580.74
1544819580.78
1544819580.82
1544819580.87
1544819580.92
1544819580.96
1544819581.0
1544819581.05
1544819581.1
1544819581.16
1544819581.22
1544819581.27
1544819581.31
1544819581.36
1544819581.4
1544819581.48
1544819581.54
1544819581.57
1544819581.62
1544819581.65
1544819581.69
1544819581.73
1544819581.78
1544819581.86
1544819581.93
1544819581.97
1544819582.01
1544819582.08
1544819582.14
1544819582.18
1544819582.24
1544819582.3
1544819582.35
1544819582.4
1544819582.48
1544819582.53
1544819582.57
1544819582.61
1544819582.66
1544819582.71
1544819582.76
1544819582.8
1544819582.87
1544819582.92
1544819582.97
1544819583.03
1544819583.1
1544819583.15
1544819583.18
1544819583.24
1544819583.3
1544819583.35
1544819583.43
1544819583.5
1544819583.57
1544819583.63
1544819583.68
1544819583.73
1544819583.78
1544819583.84
1544819583.91
1544819583.95
1544819583.99
1544819584.03
1544819584.11
1544819584.17
1544819584.24
1544819584.28
1544819584.33
1544819584.39
1544819584.47
1544819584.53
1544819584.57
1544819584.6
1544819584.66
1544819584.7
1544819584.76
1544819584.82
1544819584.87
1544819584.92
1544819584.97
1544819585.02
1544819585.06
1544819585.11
1544819585.18
1544819585.23
1544819585.26
1544819585.31
1544819585.38
1544819585.44
1544819585.49
1544819585.55
1544819585.62
1544819585.66
1544819585.7
1544819585.77
1544819585.83
1544819585.87
1544819585.9
1544819585.98
1544819586.03
1544819586.07
1544819586.11
1544819586.15
1544819586.2
1544819586.24
1544819586.29
1544819586.37
1544819586.44
1544819586.48
1544819586.55
1544819586.61
1544819586.66
1544819586.71
1544819586.75
1544819586.79
1544819586.85
1544819586.9
1544819586.98
1544819587.03
1544819587.08
1544819587.15
1544819587.2
1544819587.25
1544819587.29
1544819587.34
1544819587.4
1544819587.44
1544819587.48
1544819587.55
1544819587.62
1544819587.67
1544819587.71
1544819587.8
1544819587.85
1544819587.9
1544819587.98
1544819588.03
1544819588.07
1544819588.1
1544819588.16
1544819588.22
1544819588.25
1544819588.29
1544819588.35
1544819588.42
1544819588.46
1544819588.51
1544819588.59
1544819588.64
1544819588.68
1544819588.72
1544819588.78
1544819588.84
1544819588.88
1544819588.91
1544819588.99
1544819589.06
1544819589.1
1544819589.15
1544819589.21
1544819589.25
1544819589.29
1544819589.34
1544819589.39
1544819589.43
1544819589.47
1544819589.51
1544819589.6
1544819589.65
1544819589.69
1544819589.75
1544819589.82
1544819589.87
1544819589.93
1544819590.0
1544819590.06
1544819590.1
1544819590.17
1544819590.23
1544819590.29
1544819590.34
1544819590.4
1544819590.45
1544819590.5
1544819590.55
1544819590.59
1544819590.63
1544819590.68
1544819590.74
1544819590.79
1544819590.84
1544819590.93
1544819590.99
1544819591.05
1544819591.08
1544819591.15
1544819591.23
1544819591.3
1544819591.37
1544819591.45
1544819591.55
1544819591.61
1544819591.67
1544819591.74
1544819591.77
1544819591.82
1544819591.86
1544819591.9
1544819591.95
1544819591.99
1544819592.05
1544819592.12
1544819592.17
1544819592.21
1544819592.26
1544819592.31
1544819592.35
1544819592.38
1544819592.44
1544819592.49
1544819592.54
1544819592.58
1544819592.62
1544819592.69
1544819592.74
1544819592.79
1544819592.85
1544819592.91
1544819592.96
1544819593.02
1544819593.08
1544819593.14
1544819593.18
1544819593.24
1544819593.29
1544819593.34
1544819593.38
1544819593.45
1544819593.52
1544819593.57
1544819593.62
1544819593.67
1544819593.74
1544819593.77
1544819593.82
1544819593.9
1544819593.95
1544819594.0
1544819594.1
1544819594.14
1544819594.18
1544819594.24
1544819594.3
1544819594.35
1544819594.39
1544819594.46
1544819594.54
1544819594.58
1544819594.65
1544819594.74
1544819594.78
1544819594.87
1544819594.92
1544819594.97
1544819595.03
1544819595.1
1544819595.15
1544819595.19
1544819595.26
1544819595.32
1544819595.35
1544819595.39
1544819595.45
1544819595.52
1544819595.56
1544819595.61
1544819595.68
1544819595.73
1544819595.77
1544819595.82
1544819595.89
1544819595.94
1544819595.98
1544819596.02
1544819596.11
1544819596.15
1544819596.19
1544819596.27
1544819596.32
1544819596.38
1544819596.43
1544819596.5
1544819596.55
1544819596.6
1544819596.66
1544819596.72
1544819596.75
1544819596.84
1544819596.92
1544819596.96
1544819597.0
1544819597.07
1544819597.15
1544819597.25
1544819597.31
1544819597.39
1544819597.44
1544819597.48
1544819597.55
1544819597.64
1544819597.7
1544819597.75
1544819597.82
1544819597.88
1544819597.95
1544819598.02
1544819598.07
1544819598.13
1544819598.18
1544819598.25
1544819598.3
1544819598.36
1544819598.42
1544819598.48
1544819598.56
1544819598.63
1544819598.69
1544819598.75
1544819598.8
1544819598.84
1544819598.88
1544819598.93
1544819598.97
1544819599.02
1544819599.06
1544819599.11
1544819599.16
1544819599.21
1544819599.27
1544819599.33
1544819599.39
1544819599.45
1544819599.48
1544819599.55
1544819599.6
1544819599.65
1544819599.7
1544819599.77
1544819599.83
1544819599.88
1544819599.94
1544819600.0
1544819600.05
1544819600.09
1544819600.16
1544819600.23
1544819600.29
1544819600.36
1544819600.43
1544819600.49
1544819600.55
1544819600.62
1544819600.67
1544819600.72
1544819600.78
1544819600.85
1544819600.9
1544819600.97
1544819601.03
1544819601.08
1544819601.14
1544819601.19
1544819601.25
1544819601.3
1544819601.36
1544819601.42
1544819601.51
1544819601.56
1544819601.59
1544819601.65
1544819601.71
1544819601.75
1544819601.8
1544819601.89
1544819601.95
1544819601.99
1544819602.04
1544819602.09
1544819602.15
1544819602.19
1544819602.25
1544819602.32
1544819602.35
1544819602.39
1544819602.45
1544819602.51
1544819602.55
1544819602.6
1544819602.69
1544819602.74
1544819602.78
1544819602.83
1544819602.86
1544819602.94
1544819602.98
1544819603.04
1544819603.09
1544819603.13
1544819603.17
1544819603.22
1544819603.26
1544819603.29
1544819603.34
1544819603.39
1544819603.45
1544819603.53
1544819603.58
1544819603.65
1544819603.72
1544819603.76
1544819603.8
1544819603.85
1544819603.91
1544819603.94
1544819603.98
1544819604.02
1544819604.09
1544819604.14
1544819604.18
1544819604.23
1544819604.28
1544819604.33
1544819604.37
1544819604.41
1544819604.46
1544819604.52
1544819604.55
1544819604.59
1544819604.63
1544819604.72
1544819604.76
1544819604.8
1544819604.85
1544819604.92
1544819604.95
1544819604.99
1544819605.06
1544819605.12
1544819605.16
1544819605.2
1544819605.26
1544819605.32
1544819605.36
1544819605.42
1544819605.47
1544819605.52
1544819605.56
1544819605.6
1544819605.65
1544819605.72
1544819605.76
1544819605.81
1544819605.86
1544819605.92
1544819605.96
1544819606.0
1544819606.06
1544819606.11
1544819606.15
1544819606.18
1544819606.25
1544819606.3
1544819606.34
1544819606.39
1544819606.43
1544819606.48
1544819606.52
1544819606.57
1544819606.63
1544819606.69
1544819606.74
1544819606.78
1544819606.85
1544819606.92
1544819606.96
1544819607.03
1544819607.08
1544819607.13
1544819607.17
1544819607.22
1544819607.28
1544819607.33
1544819607.37
1544819607.4
1544819607.47
1544819607.54
1544819607.57
1544819607.62
1544819607.66
1544819607.72
1544819607.77
1544819607.82
1544819607.89
1544819607.95
1544819607.99
1544819608.08
1544819608.13
1544819608.17
1544819608.21
1544819608.26
1544819608.31
1544819608.34
1544819608.38
1544819608.44
1544819608.5
1544819608.55
1544819608.59
1544819608.69
1544819608.74
1544819608.78
1544819608.83
1544819608.92
1544819608.96
1544819609.0
1544819609.07
1544819609.12
1544819609.15
1544819609.19
1544819609.24
1544819609.3
1544819609.34
1544819609.39
1544819609.46
1544819609.54
1544819609.57
1544819609.62
1544819609.69
1544819609.73
1544819609.77
1544819609.81
1544819609.85
1544819609.89
1544819609.94
1544819609.98
1544819610.04
1544819610.1
1544819610.14
1544819610.19
1544819610.24
1544819610.31
1544819610.36
1544819610.41
1544819610.48
1544819610.53
1544819610.57
1544819610.61
1544819610.7
1544819610.74
1544819610.78
1544819610.85
1544819610.93
1544819610.96
1544819610.99
1544819611.03
1544819611.1
1544819611.17
1544819611.21
1544819611.28
1544819611.32
1544819611.37
1544819611.4
1544819611.48
1544819611.53
1544819611.57
1544819611.6
1544819611.66
1544819611.72
1544819611.76
1544819611.8
1544819611.86
1544819611.93
1544819611.97
1544819612.02
1544819612.07
1544819612.13
1544819612.19
1544819612.24
1544819612.27
1544819612.34
1544819612.39
1544819612.46
1544819612.52
1544819612.58
1544819612.66
1544819612.76
1544819612.85
1544819612.94
1544819613.02
1544819613.09
1544819613.16
1544819613.24
1544819613.29
1544819613.34
1544819613.42
1544819613.49
1544819613.56
1544819613.62
1544819613.67
1544819613.73
1544819613.78
1544819613.84
1544819613.91
1544819613.95
1544819613.99
1544819614.04
1544819614.09
1544819614.14
1544819614.18
1544819614.22
1544819614.29
1544819614.34
1544819614.39
1544819614.45
1544819614.53
1544819614.57
1544819614.62
1544819614.68
1544819614.75
1544819614.79
1544819614.84
1544819614.9
1544819614.94
1544819614.97
1544819615.02
1544819615.07
1544819615.13
1544819615.18
1544819615.23
1544819615.28
1544819615.34
1544819615.4
1544819615.47
1544819615.52
1544819615.59
1544819615.66
1544819615.71
1544819615.76
1544819615.81
1544819615.89
1544819615.93
1544819615.97
1544819616.02
1544819616.07
1544819616.13
1544819616.16
1544819616.22
1544819616.3
1544819616.34
1544819616.38
1544819616.45
1544819616.53
1544819616.56
1544819616.6
1544819616.65
1544819616.71
1544819616.74
1544819616.76
1544819616.81
1544819616.86
1544819616.94
1544819616.99
1544819617.05
1544819617.12
1544819617.16
1544819617.21
1544819617.28
1544819617.33
1544819617.36
1544819617.4
1544819617.45
1544819617.5
1544819617.56
1544819617.6
1544819617.64
1544819617.68
1544819617.72
1544819617.77
1544819617.82
1544819617.86
1544819617.93
1544819617.96
1544819618.01
1544819618.04
1544819618.08
1544819618.13
1544819618.17
1544819618.22
1544819618.26
1544819618.34
1544819618.39
1544819618.45
1544819618.49
1544819618.54
1544819618.57
1544819618.61
1544819618.69
1544819618.74
1544819618.78
1544819618.84
1544819618.89
1544819618.94
1544819618.98
1544819619.04
1544819619.12
1544819619.16
1544819619.21
1544819619.26
1544819619.31
1544819619.35
1544819619.4
1544819619.44
1544819619.49
1544819619.55
1544819619.59
1544819619.64
1544819619.72
1544819619.77
1544819619.81
1544819619.86
1544819619.9
1544819619.96
1544819620.0
1544819620.06
1544819620.1
1544819620.15
1544819620.19
1544819620.27
1544819620.32
1544819620.36
1544819620.41
1544819620.51
1544819620.56
1544819620.59
1544819620.68
1544819620.73
1544819620.78
1544819620.83
1544819620.91
1544819620.95
1544819620.98
1544819621.06
1544819621.13
1544819621.18
1544819621.24
1544819621.29
1544819621.35
1544819621.41
1544819621.46
1544819621.5
1544819621.55
1544819621.6
1544819621.66
1544819621.71
1544819621.76
1544819621.8
1544819621.85
1544819621.93
1544819622.0
1544819622.07
1544819622.15
1544819622.22
1544819622.29
1544819622.37
1544819622.44
1544819622.5
1544819622.55
1544819622.6
1544819622.65
1544819622.69
1544819622.73
1544819622.78
1544819622.84
1544819622.88
1544819622.92
1544819622.97
1544819623.03
1544819623.06
1544819623.09
1544819623.15
1544819623.2
1544819623.25
1544819623.29
1544819623.36
1544819623.42
1544819623.47
1544819623.51
1544819623.56
1544819623.61
1544819623.65
1544819623.7
1544819623.75
1544819623.82
1544819623.87
1544819623.9
1544819623.98
1544819624.03
1544819624.07
1544819624.13
1544819624.18
1544819624.23
1544819624.27
1544819624.33
1544819624.41
1544819624.45
1544819624.52
1544819624.58
1544819624.64
1544819624.68
1544819624.74
1544819624.78
1544819624.84
1544819624.88
1544819624.93
1544819625.02
1544819625.06
1544819625.1
1544819625.15
1544819625.2
1544819625.24
1544819625.28
1544819625.35
1544819625.43
1544819625.47
1544819625.52
1544819625.58
1544819625.66
1544819625.74
1544819625.82
1544819625.9
1544819625.97
1544819626.04
1544819626.12
1544819626.18
1544819626.27
1544819626.33
1544819626.39
1544819626.44
1544819626.49
1544819626.55
1544819626.61
1544819626.67
1544819626.74
1544819626.79
1544819626.85
1544819626.91
1544819626.97
1544819627.03
1544819627.09
1544819627.14
1544819627.22
1544819627.28
1544819627.33
1544819627.37
1544819627.42
1544819627.49
1544819627.56
1544819627.62
1544819627.67
1544819627.73
1544819627.78
1544819627.83
1544819627.9
1544819627.96
1544819628.0
1544819628.04
1544819628.1
1544819628.16
1544819628.2
1544819628.31
1544819628.35
1544819628.4
1544819628.47
1544819628.52
1544819628.56
1544819628.59
1544819628.65
1544819628.71
1544819628.75
1544819628.79
1544819628.83
1544819628.87
1544819628.92
1544819628.96
1544819628.99
1544819629.06
1544819629.12
1544819629.16
1544819629.21
1544819629.27
1544819629.32
1544819629.36
1544819629.41
1544819629.52
1544819629.57
1544819629.61
1544819629.66
1544819629.72
1544819629.77
1544819629.81
1544819629.86
1544819629.92
1544819629.96
1544819630.03
1544819630.09
1544819630.14
1544819630.19
1544819630.24
1544819630.29
1544819630.34
1544819630.38
1544819630.43
1544819630.49
1544819630.54
1544819630.58
1544819630.62
1544819630.67
1544819630.74
1544819630.79
1544819630.87
1544819630.92
1544819630.95
1544819630.98
1544819631.04
1544819631.1
1544819631.15
1544819631.19
1544819631.24
1544819631.32
1544819631.36
1544819631.4
1544819631.47
1544819631.53
1544819631.57
1544819631.65
1544819631.73
1544819631.77
1544819631.82
1544819631.9
1544819631.96
1544819632.01
1544819632.12
1544819632.17
1544819632.22
1544819632.28
1544819632.32
1544819632.37
1544819632.43
1544819632.51
1544819632.58
1544819632.63
1544819632.69
1544819632.74
1544819632.79
1544819632.85
1544819632.91
1544819632.95
1544819632.98
1544819633.05
1544819633.14
1544819633.19
1544819633.25
1544819633.29
1544819633.35
1544819633.39
1544819633.47
1544819633.55
1544819633.65
1544819633.74
1544819633.81
1544819633.88
1544819633.95
1544819634.02
1544819634.08
1544819634.16
1544819634.23
1544819634.3
1544819634.39
1544819634.48
1544819634.55
1544819634.62
1544819634.68
1544819634.75
1544819634.82
1544819634.87
1544819634.94
1544819635.01
1544819635.06
1544819635.12
1544819635.17
1544819635.23
1544819635.29
1544819635.35
1544819635.4
1544819635.46
1544819635.51
1544819635.56
1544819635.61
1544819635.65
1544819635.71
1544819635.77
1544819635.85
1544819635.88
1544819635.94
1544819636.01
1544819636.05
1544819636.09
1544819636.13
1544819636.19
1544819636.24
1544819636.28
1544819636.34
1544819636.38
1544819636.43
1544819636.47
1544819636.51
1544819636.57
1544819636.62
1544819636.65
1544819636.69
1544819636.75
1544819636.82
1544819636.86
1544819636.91
1544819636.96
1544819637.01
1544819637.05
1544819637.08
1544819637.12
1544819637.16
1544819637.22
1544819637.26
1544819637.31
1544819637.38
1544819637.44
1544819637.48
1544819637.53
1544819637.59
1544819637.65
1544819637.69
1544819637.75
1544819637.82
1544819637.87
1544819637.91
1544819638.02
1544819638.06
1544819638.11
1544819638.19
1544819638.29
1544819638.34
1544819638.39
1544819638.48
1544819638.56
1544819638.64
1544819638.72
1544819638.77
1544819638.84
1544819638.89
1544819638.97
1544819639.03
1544819639.09
1544819639.15
1544819639.21
1544819639.27
1544819639.34
1544819639.39
1544819639.44
1544819639.48
1544819639.53
1544819639.57
1544819639.64
1544819639.7
1544819639.76
1544819639.79
1544819639.83
1544819639.91
1544819639.95
1544819639.99
1544819640.08
1544819640.14
1544819640.18
1544819640.23
1544819640.29
1544819640.34
1544819640.38
1544819640.43
1544819640.51
1544819640.56
1544819640.6
1544819640.69
1544819640.73
1544819640.77
1544819640.8
1544819640.86
1544819640.92
1544819640.96
1544819641.01
1544819641.07
1544819641.13
1544819641.16
1544819641.22
1544819641.26
1544819641.31
1544819641.35
1544819641.4
1544819641.45
1544819641.51
1544819641.55
1544819641.59
1544819641.65
1544819641.72
1544819641.76
1544819641.82
1544819641.87
1544819641.93
1544819641.96
1544819642.03
1544819642.09
1544819642.14
1544819642.18
1544819642.22
1544819642.3
1544819642.34
1544819642.37
1544819642.45
1544819642.51
1544819642.56
1544819642.62
1544819642.67
1544819642.72
1544819642.77
1544819642.85
1544819642.92
1544819642.96
1544819643.0
1544819643.06
1544819643.12
1544819643.16
1544819643.2
1544819643.3
1544819643.35
1544819643.38
1544819643.43
1544819643.52
1544819643.55
1544819643.61
1544819643.67
1544819643.72
1544819643.77
1544819643.82
1544819643.89
1544819643.94
1544819643.98
1544819644.03
1544819644.1
1544819644.14
1544819644.17
1544819644.23
1544819644.29
1544819644.34
1544819644.37
1544819644.4
1544819644.46
1544819644.52
1544819644.56
1544819644.59
1544819644.65
1544819644.7
1544819644.75
1544819644.79
1544819644.84
1544819644.88
1544819644.93
1544819644.97
1544819645.01
1544819645.06
1544819645.11
1544819645.16
1544819645.21
1544819645.28
1544819645.35
1544819645.43
1544819645.49
1544819645.55
1544819645.59
1544819645.64
1544819645.68
1544819645.74
1544819645.79
1544819645.84
1544819645.89
1544819645.94
1544819645.98
1544819646.05
1544819646.09
1544819646.14
1544819646.18
1544819646.23
1544819646.29
1544819646.36
1544819646.42
1544819646.47
1544819646.52
1544819646.6
1544819646.64
1544819646.69
1544819646.75
1544819646.8
1544819646.86
1544819646.92
1544819646.97
1544819647.02
1544819647.06
1544819647.12
1544819647.16
1544819647.2
1544819647.26
1544819647.32
1544819647.36
1544819647.4
1544819647.48
1544819647.54
1544819647.58
1544819647.62
1544819647.66
1544819647.74
1544819647.77
1544819647.83
1544819647.87
1544819647.93
1544819648.0
1544819648.04
1544819648.1
1544819648.14
1544819648.18
1544819648.24
1544819648.31
1544819648.34
1544819648.38
1544819648.42
1544819648.51
1544819648.55
1544819648.59
1544819648.64
1544819648.69
1544819648.73
1544819648.77
1544819648.82
1544819648.91
1544819648.95
1544819648.99
1544819649.06
1544819649.12
1544819649.17
1544819649.23
1544819649.28
1544819649.34
1544819649.38
1544819649.44
1544819649.48
1544819649.53
1544819649.57
1544819649.6
1544819649.66
1544819649.71
1544819649.76
1544819649.8
1544819649.87
1544819649.93
1544819649.97
1544819650.02
1544819650.07
1544819650.13
1544819650.16
1544819650.22
1544819650.29
1544819650.34
1544819650.37
1544819650.42
1544819650.47
1544819650.53
1544819650.56
1544819650.61
1544819650.66
1544819650.74
1544819650.78
1544819650.84
1544819650.9
1544819650.95
1544819650.98
1544819651.02
1544819651.07
1544819651.11
1544819651.15
1544819651.18
1544819651.23
1544819651.28
1544819651.33
1544819651.36
1544819651.4
1544819651.44
1544819651.49
1544819651.54
1544819651.57
1544819651.6
1544819651.65
1544819651.72
1544819651.76
1544819651.79
1544819651.84
1544819651.9
1544819651.94
1544819651.97
1544819652.02
1544819652.06
1544819652.13
1544819652.17
1544819652.21
1544819652.26
1544819652.32
1544819652.36
1544819652.4
1544819652.45
1544819652.51
1544819652.55
1544819652.61
1544819652.65
1544819652.71
1544819652.75
1544819652.79
1544819652.84
1544819652.89
1544819652.94
1544819652.97
1544819653.02
1544819653.08
1544819653.12
1544819653.18
1544819653.24
1544819653.28
1544819653.34
1544819653.38
1544819653.45
1544819653.5
1544819653.56
1544819653.6
1544819653.64
1544819653.68
1544819653.73
1544819653.76
1544819653.8
1544819653.86
1544819653.91
1544819653.95
1544819654.0
1544819654.05
1544819654.1
1544819654.16
1544819654.21
1544819654.25
1544819654.32
1544819654.35
1544819654.39
1544819654.45
1544819654.52
1544819654.56
1544819654.61
1544819654.64
1544819654.68
1544819654.73
1544819654.77
1544819654.82
1544819654.87
1544819654.94
1544819654.97
1544819655.02
1544819655.1
1544819655.16
1544819655.2
1544819655.25
1544819655.32
1544819655.35
1544819655.39
1544819655.44
1544819655.48
1544819655.53
1544819655.57
1544819655.61
1544819655.65
1544819655.7
1544819655.75
1544819655.79
1544819655.85
1544819655.91
1544819655.95
1544819656.0
1544819656.06
1544819656.12
1544819656.15
1544819656.18
1544819656.23
1544819656.28
1544819656.34
1544819656.39
1544819656.45
1544819656.51
1544819656.56
1544819656.61
1544819656.65
1544819656.7
1544819656.74
1544819656.77
1544819656.82
1544819656.92
1544819656.95
1544819656.99
1544819657.05
1544819657.11
1544819657.14
1544819657.18
1544819657.22
1544819657.27
1544819657.32
1544819657.35
1544819657.39
1544819657.44
1544819657.51
1544819657.55
1544819657.58
1544819657.62
1544819657.68
1544819657.74
1544819657.78
1544819657.83
1544819657.88
1544819657.93
1544819657.99
1544819658.05
1544819658.13
1544819658.17
1544819658.23
1544819658.27
1544819658.33
1544819658.37
1544819658.43
1544819658.51
1544819658.57
1544819658.61
1544819658.67
1544819658.72
1544819658.77
1544819658.82
1544819658.88
1544819658.92
1544819658.96
1544819659.02
1544819659.11
1544819659.16
1544819659.21
1544819659.28
1544819659.33
1544819659.36
1544819659.41
1544819659.46
1544819659.52
1544819659.56
1544819659.59
1544819659.65
1544819659.7
1544819659.75
1544819659.78
1544819659.84
1544819659.92
1544819660.03
1544819660.12
1544819660.16
1544819660.19
1544819660.25
1544819660.33
1544819660.38
1544819660.43
1544819660.47
1544819660.53
1544819660.59
1544819660.65
1544819660.69
1544819660.75
1544819660.8
1544819660.86
1544819660.92
1544819660.98
1544819661.04
1544819661.11
1544819661.18
1544819661.23
1544819661.27
1544819661.32
1544819661.37
1544819661.44
1544819661.49
1544819661.54
1544819661.6
1544819661.67
1544819661.72
1544819661.77
1544819661.82
1544819661.87
1544819661.96
1544819662.05
1544819662.1
1544819662.17
1544819662.25
1544819662.3
1544819662.38
1544819662.45
1544819662.54
1544819662.62
1544819662.69
1544819662.79
1544819662.87
1544819662.95
1544819663.0
1544819663.05
1544819663.15
1544819663.25
1544819663.32
1544819663.42
1544819663.48
1544819663.54
1544819663.58
1544819663.63
1544819663.68
1544819663.72
1544819663.77
1544819663.83
1544819663.89
1544819663.96
1544819664.02
1544819664.08
1544819664.13
1544819664.18
1544819664.23
1544819664.27
1544819664.31
1544819664.37
1544819664.42
1544819664.45
1544819664.5
1544819664.56
1544819664.62
1544819664.65
1544819664.69
1544819664.73
1544819664.77
1544819664.82
1544819664.85
1544819664.91
1544819664.95
1544819665.01
1544819665.06
1544819665.12
1544819665.17
1544819665.23
1544819665.27
1544819665.3
1544819665.34
1544819665.38
1544819665.44
1544819665.48
1544819665.52
1544819665.57
1544819665.62
1544819665.65
1544819665.69
1544819665.75
1544819665.81
1544819665.87
1544819665.9
1544819665.95
1544819666.01
1544819666.05
1544819666.09
1544819666.14
1544819666.19
1544819666.25
1544819666.29
1544819666.34
1544819666.38
1544819666.43
1544819666.47
1544819666.5
1544819666.55
1544819666.6
1544819666.65
1544819666.7
1544819666.75
1544819666.83
1544819666.87
1544819666.93
1544819666.99
1544819667.04
1544819667.08
1544819667.16
1544819667.23
1544819667.28
1544819667.33
1544819667.4
1544819667.45
1544819667.51
1544819667.55
1544819667.61
1544819667.67
1544819667.75
1544819667.83
1544819667.89
1544819667.92
1544819667.98
1544819668.04
1544819668.08
1544819668.14
1544819668.19
1544819668.24
1544819668.28
1544819668.33
1544819668.4
1544819668.45
1544819668.49
1544819668.54
1544819668.59
1544819668.64
1544819668.67
1544819668.71
1544819668.75
1544819668.79
1544819668.85
1544819668.88
1544819668.94
1544819668.99
1544819669.04
1544819669.07
1544819669.11
1544819669.15
1544819669.22
1544819669.28
1544819669.33
1544819669.4
1544819669.45
1544819669.5
1544819669.55
1544819669.61
1544819669.65
1544819669.7
1544819669.74
1544819669.78
1544819669.82
1544819669.86
1544819669.9
1544819669.95
1544819669.99
1544819670.04
1544819670.08
1544819670.14
1544819670.19
1544819670.27
1544819670.35
1544819670.44
1544819670.52
1544819670.62
1544819670.66
1544819670.69
1544819670.75
1544819670.83
1544819670.89
1544819670.96
1544819671.03
1544819671.06
1544819671.11
1544819671.18
1544819671.26
1544819671.34
1544819671.41
1544819671.49
1544819671.55
1544819671.58
1544819671.64
1544819671.69
1544819671.76
1544819671.82
1544819671.87
1544819671.91
1544819671.98
1544819672.03
1544819672.08
1544819672.13
1544819672.19
1544819672.23
1544819672.26
1544819672.31
1544819672.36
1544819672.44
1544819672.48
1544819672.53
1544819672.59
1544819672.65
1544819672.69
1544819672.75
1544819672.82
1544819672.87
1544819672.92
1544819672.98
1544819673.03
1544819673.07
1544819673.11
1544819673.16
1544819673.24
1544819673.28
1544819673.33
1544819673.41
1544819673.45
1544819673.49
1544819673.54
1544819673.6
1544819673.64
1544819673.68
1544819673.74
1544819673.79
1544819673.85
1544819673.88
1544819673.95
1544819674.0
1544819674.04
1544819674.08
1544819674.15
1544819674.23
1544819674.27
1544819674.32
1544819674.36
1544819674.39
1544819674.44
1544819674.51
1544819674.58
1544819674.67
1544819674.74
1544819674.79
1544819674.85
1544819674.88
1544819674.95
1544819675.03
1544819675.09
1544819675.14
1544819675.21
1544819675.28
1544819675.36
1544819675.45
1544819675.54
1544819675.59
1544819675.65
1544819675.72
1544819675.77
1544819675.84
1544819675.92
1544819675.98
1544819676.03
1544819676.08
1544819676.13
1544819676.18
1544819676.24
1544819676.29
1544819676.34
1544819676.39
1544819676.45
