1544823543.69
1544823543.99
1544823544.1
1544823544.21
1544823544.3
1544823544.38
1544823544.47
1544823544.58
1544823544.66
1544823544.74
1544823544.96
1544823545.15
1544823545.32
1544823545.46
1544823545.59
1544823545.68
1544823545.76
1544823545.83
1544823545.92
1544823545.99
1544823546.05
1544823546.18
1544823546.28
1544823546.35
1544823546.43
1544823546.47
1544823546.52
1544823546.59
1544823546.66
1544823546.73
1544823546.82
1544823546.92
1544823547.02
1544823547.12
1544823547.19
1544823547.29
1544823547.36
1544823547.43
1544823547.5
1544823547.56
1544823547.63
1544823547.69
1544823547.75
1544823547.81
1544823547.89
1544823547.96
1544823548.05
1544823548.13
1544823548.22
1544823548.29
1544823548.37
1544823548.45
1544823548.54
1544823548.62
1544823548.7
1544823548.79
1544823548.88
1544823548.97
1544823549.05
1544823549.12
1544823549.2
1544823549.26
1544823549.35
1544823549.43
1544823549.5
1544823549.56
1544823549.64
1544823549.72
1544823549.8
1544823549.89
1544823549.97
1544823550.04
1544823550.14
1544823550.19
1544823550.31
1544823550.4
1544823550.48
1544823550.55
1544823550.62
1544823550.69
1544823550.76
1544823550.83
1544823550.9
1544823550.97
1544823551.06
1544823551.1
1544823551.17
1544823551.24
1544823551.33
1544823551.4
1544823551.48
1544823551.55
1544823551.63
1544823551.7
1544823551.77
1544823551.84
1544823551.91
1544823551.97
1544823552.04
1544823552.11
1544823552.18
1544823552.25
1544823552.3
1544823552.4
1544823552.48
1544823552.56
1544823552.63
1544823552.69
1544823552.76
1544823552.82
1544823552.88
1544823552.95
1544823553.0
1544823553.06
1544823553.12
1544823553.17
1544823553.23
1544823553.28
1544823553.33
1544823553.4
1544823553.47
1544823553.52
1544823553.58
1544823553.64
1544823553.72
1544823553.81
1544823553.89
1544823553.96
1544823554.03
1544823554.08
1544823554.15
1544823554.22
1544823554.28
1544823554.34
1544823554.39
1544823554.46
1544823554.53
1544823554.6
1544823554.67
1544823554.73
1544823554.82
1544823554.89
1544823554.96
1544823555.02
1544823555.07
1544823555.13
1544823555.19
1544823555.25
1544823555.31
1544823555.38
1544823555.44
1544823555.5
1544823555.56
1544823555.64
1544823555.71
1544823555.77
1544823555.85
1544823555.91
1544823555.96
1544823556.03
1544823556.07
1544823556.12
1544823556.18
1544823556.23
1544823556.3
1544823556.35
1544823556.4
1544823556.45
1544823556.53
1544823556.61
1544823556.69
1544823556.77
1544823556.86
1544823556.94
1544823557.01
1544823557.07
1544823557.14
1544823557.23
1544823557.27
1544823557.37
1544823557.51
1544823557.61
1544823557.66
1544823557.72
1544823557.77
1544823557.84
1544823557.89
1544823557.94
1544823558.01
1544823558.07
1544823558.14
1544823558.19
1544823558.25
1544823558.31
1544823558.37
1544823558.44
1544823558.49
1544823558.55
1544823558.61
1544823558.67
1544823558.72
1544823558.78
1544823558.83
1544823558.89
1544823558.94
1544823558.98
1544823559.05
1544823559.11
1544823559.21
1544823559.26
1544823559.33
1544823559.37
1544823559.44
1544823559.5
1544823559.54
1544823559.58
1544823559.65
1544823559.71
1544823559.77
1544823559.84
1544823559.91
1544823559.99
1544823560.06
1544823560.14
1544823560.21
1544823560.28
1544823560.34
1544823560.4
1544823560.46
1544823560.51
1544823560.58
1544823560.64
1544823560.71
1544823560.79
1544823560.86
1544823560.95
1544823561.01
1544823561.08
1544823561.15
1544823561.21
1544823561.26
1544823561.32
1544823561.38
1544823561.44
1544823561.51
1544823561.58
1544823561.64
1544823561.71
1544823561.79
1544823561.88
1544823561.97
1544823562.06
1544823562.14
1544823562.21
1544823562.29
1544823562.37
1544823562.45
1544823562.54
1544823562.63
1544823562.71
1544823562.79
1544823562.87
1544823562.94
1544823563.01
1544823563.09
1544823563.14
1544823563.22
1544823563.3
1544823563.4
1544823563.47
1544823563.54
1544823563.6
1544823563.66
1544823563.74
1544823563.82
1544823563.9
1544823563.98
1544823564.06
1544823564.14
1544823564.23
1544823564.3
1544823564.37
1544823564.45
1544823564.52
1544823564.59
1544823564.66
1544823564.72
1544823564.79
1544823564.87
1544823564.94
1544823565.01
1544823565.08
1544823565.16
1544823565.23
1544823565.3
1544823565.36
1544823565.43
1544823565.5
1544823565.56
1544823565.63
1544823565.69
1544823565.74
1544823565.82
1544823565.89
1544823565.96
1544823566.03
1544823566.1
1544823566.16
1544823566.23
1544823566.29
1544823566.35
1544823566.42
1544823566.49
1544823566.54
1544823566.61
1544823566.66
1544823566.73
1544823566.78
1544823566.84
1544823566.9
1544823566.98
1544823567.04
1544823567.1
1544823567.16
1544823567.22
1544823567.27
1544823567.34
1544823567.4
1544823567.46
1544823567.52
1544823567.59
1544823567.65
1544823567.7
1544823567.77
1544823567.82
1544823567.88
1544823567.94
1544823568.0
1544823568.05
1544823568.12
1544823568.18
1544823568.24
1544823568.31
1544823568.37
1544823568.43
1544823568.51
1544823568.56
1544823568.63
1544823568.69
1544823568.75
1544823568.82
1544823568.88
1544823568.95
1544823569.01
1544823569.08
1544823569.14
1544823569.21
1544823569.28
1544823569.35
1544823569.4
1544823569.48
1544823569.55
1544823569.64
1544823569.69
1544823569.75
1544823569.81
1544823569.87
1544823569.94
1544823569.99
1544823570.06
1544823570.1
1544823570.15
1544823570.2
1544823570.24
1544823570.29
1544823570.35
1544823570.39
1544823570.45
1544823570.51
1544823570.56
1544823570.61
1544823570.67
1544823570.72
1544823570.78
1544823570.83
1544823570.88
1544823570.94
1544823570.99
1544823571.05
1544823571.09
1544823571.16
1544823571.2
1544823571.26
1544823571.31
1544823571.37
1544823571.42
1544823571.48
1544823571.53
1544823571.58
1544823571.64
1544823571.71
1544823571.77
1544823571.84
1544823571.9
1544823571.98
1544823572.05
1544823572.12
1544823572.19
1544823572.25
1544823572.3
1544823572.36
1544823572.43
1544823572.49
1544823572.56
1544823572.65
1544823572.76
1544823572.85
1544823572.95
1544823573.04
1544823573.14
1544823573.23
1544823573.3
1544823573.4
1544823573.49
1544823573.59
1544823573.67
1544823573.75
1544823573.82
1544823573.91
1544823573.98
1544823574.05
1544823574.14
1544823574.22
1544823574.29
1544823574.37
1544823574.44
1544823574.51
1544823574.58
1544823574.64
1544823574.69
1544823574.74
1544823574.83
1544823574.88
1544823574.97
1544823575.01
1544823575.06
1544823575.09
1544823575.15
1544823575.21
1544823575.25
1544823575.29
1544823575.32
1544823575.36
1544823575.4
1544823575.43
1544823575.47
1544823575.51
1544823575.55
1544823575.6
1544823575.64
1544823575.68
1544823575.73
1544823575.79
1544823575.83
1544823575.87
1544823575.92
1544823575.96
1544823575.99
1544823576.04
1544823576.07
1544823576.12
1544823576.16
1544823576.2
1544823576.24
1544823576.27
1544823576.32
1544823576.38
1544823576.42
1544823576.45
1544823576.5
1544823576.55
1544823576.57
1544823576.61
1544823576.65
1544823576.69
1544823576.74
1544823576.78
1544823576.82
1544823576.86
1544823576.91
1544823576.96
1544823577.01
1544823577.05
1544823577.09
1544823577.15
1544823577.18
1544823577.23
1544823577.26
1544823577.31
1544823577.36
1544823577.42
1544823577.46
1544823577.51
1544823577.54
1544823577.59
1544823577.62
1544823577.66
1544823577.7
1544823577.75
1544823577.8
1544823577.83
1544823577.87
1544823577.91
1544823577.96
1544823578.0
1544823578.04
1544823578.07
1544823578.11
1544823578.17
1544823578.23
1544823578.27
1544823578.32
1544823578.37
1544823578.42
1544823578.46
1544823578.5
1544823578.57
1544823578.63
1544823578.67
1544823578.71
1544823578.76
1544823578.8
1544823578.84
1544823578.88
1544823578.95
1544823578.99
1544823579.04
1544823579.08
1544823579.15
1544823579.21
1544823579.25
1544823579.28
1544823579.36
1544823579.41
1544823579.45
1544823579.49
1544823579.54
1544823579.58
1544823579.63
1544823579.67
1544823579.74
1544823579.79
1544823579.85
1544823579.89
1544823579.94
1544823579.99
1544823580.04
1544823580.09
1544823580.15
1544823580.19
1544823580.24
1544823580.28
1544823580.33
1544823580.39
1544823580.43
1544823580.46
1544823580.54
1544823580.58
1544823580.62
1544823580.66
1544823580.72
1544823580.77
1544823580.83
1544823580.86
1544823580.93
1544823580.99
1544823581.04
1544823581.07
1544823581.12
1544823581.17
1544823581.21
1544823581.25
1544823581.29
1544823581.33
1544823581.37
1544823581.41
1544823581.44
1544823581.48
1544823581.53
1544823581.57
1544823581.63
1544823581.67
1544823581.74
1544823581.79
1544823581.83
1544823581.86
1544823581.93
1544823581.98
1544823582.03
1544823582.06
1544823582.13
1544823582.17
1544823582.21
1544823582.25
1544823582.29
1544823582.34
1544823582.38
1544823582.44
1544823582.48
1544823582.54
1544823582.59
1544823582.65
1544823582.69
1544823582.73
1544823582.76
1544823582.82
1544823582.86
1544823582.9
1544823582.96
1544823583.01
1544823583.07
1544823583.13
1544823583.18
1544823583.23
1544823583.29
1544823583.34
1544823583.4
1544823583.46
1544823583.53
1544823583.59
1544823583.66
1544823583.72
1544823583.77
1544823583.83
1544823583.89
1544823583.93
1544823583.96
1544823584.02
1544823584.08
1544823584.15
1544823584.22
1544823584.29
1544823584.36
1544823584.45
1544823584.53
1544823584.61
1544823584.67
1544823584.74
1544823584.8
1544823584.86
1544823584.93
1544823585.0
1544823585.05
1544823585.11
1544823585.16
1544823585.23
1544823585.3
1544823585.38
1544823585.44
1544823585.5
1544823585.55
1544823585.6
1544823585.64
1544823585.69
1544823585.73
1544823585.77
1544823585.81
1544823585.85
1544823585.9
1544823585.95
1544823586.0
1544823586.04
1544823586.07
1544823586.14
1544823586.19
1544823586.24
1544823586.29
1544823586.34
1544823586.38
1544823586.42
1544823586.46
1544823586.5
1544823586.56
1544823586.61
1544823586.64
1544823586.67
1544823586.71
1544823586.77
1544823586.81
1544823586.84
1544823586.88
1544823586.94
1544823587.0
1544823587.04
1544823587.07
1544823587.14
1544823587.19
1544823587.24
1544823587.27
1544823587.34
1544823587.4
1544823587.44
1544823587.48
1544823587.53
1544823587.58
1544823587.63
1544823587.68
1544823587.74
1544823587.78
1544823587.82
1544823587.85
1544823587.89
1544823587.93
1544823587.97
1544823588.02
1544823588.05
1544823588.14
1544823588.2
1544823588.25
1544823588.3
1544823588.36
1544823588.4
1544823588.43
1544823588.47
1544823588.51
1544823588.57
1544823588.62
1544823588.66
1544823588.71
1544823588.75
1544823588.79
1544823588.83
1544823588.87
1544823588.91
1544823588.94
1544823588.98
1544823589.02
1544823589.06
1544823589.09
1544823589.15
1544823589.2
1544823589.24
1544823589.27
1544823589.34
1544823589.39
1544823589.42
1544823589.46
1544823589.51
1544823589.55
1544823589.6
1544823589.64
1544823589.68
1544823589.74
1544823589.78
1544823589.82
1544823589.86
1544823589.9
1544823589.94
1544823590.0
1544823590.04
1544823590.09
1544823590.14
1544823590.18
1544823590.23
1544823590.27
1544823590.34
1544823590.38
1544823590.43
1544823590.46
1544823590.51
1544823590.56
1544823590.59
1544823590.63
1544823590.67
1544823590.71
1544823590.76
1544823590.81
1544823590.85
1544823590.91
1544823590.97
1544823591.01
1544823591.05
1544823591.12
1544823591.17
1544823591.21
1544823591.25
1544823591.29
1544823591.35
1544823591.4
1544823591.44
1544823591.47
1544823591.52
1544823591.56
1544823591.61
1544823591.65
1544823591.74
1544823591.79
1544823591.83
1544823591.87
1544823591.95
1544823592.0
1544823592.04
1544823592.07
1544823592.13
1544823592.17
1544823592.21
1544823592.25
1544823592.31
1544823592.37
1544823592.41
1544823592.46
1544823592.53
1544823592.58
1544823592.63
1544823592.67
1544823592.73
1544823592.78
1544823592.81
1544823592.85
1544823592.92
1544823592.97
1544823593.03
1544823593.07
1544823593.13
1544823593.18
1544823593.23
1544823593.26
1544823593.29
1544823593.36
1544823593.41
1544823593.46
1544823593.52
1544823593.58
1544823593.64
1544823593.71
1544823593.77
1544823593.84
1544823593.89
1544823593.94
1544823593.98
1544823594.03
1544823594.07
1544823594.13
1544823594.18
1544823594.24
1544823594.31
1544823594.38
1544823594.45
1544823594.51
1544823594.58
1544823594.63
1544823594.66
1544823594.72
1544823594.76
1544823594.84
1544823594.91
1544823594.96
1544823595.01
1544823595.06
1544823595.1
1544823595.15
1544823595.19
1544823595.22
1544823595.26
1544823595.3
1544823595.36
1544823595.41
1544823595.45
1544823595.51
1544823595.57
1544823595.61
1544823595.65
1544823595.68
1544823595.73
1544823595.78
1544823595.82
1544823595.85
1544823595.9
1544823595.96
1544823596.01
1544823596.04
1544823596.09
1544823596.14
1544823596.2
1544823596.25
1544823596.3
1544823596.36
1544823596.42
1544823596.46
1544823596.49
1544823596.57
1544823596.61
1544823596.65
1544823596.69
1544823596.76
1544823596.82
1544823596.86
1544823596.9
1544823596.95
1544823596.99
1544823597.03
1544823597.06
1544823597.1
1544823597.15
1544823597.2
1544823597.24
1544823597.29
1544823597.34
1544823597.39
1544823597.43
1544823597.47
1544823597.55
1544823597.6
1544823597.64
1544823597.7
1544823597.75
1544823597.8
1544823597.85
1544823597.88
1544823597.93
1544823597.97
1544823598.03
1544823598.07
1544823598.11
1544823598.14
1544823598.18
1544823598.21
1544823598.28
1544823598.34
1544823598.41
1544823598.45
1544823598.5
1544823598.55
1544823598.61
1544823598.66
1544823598.71
1544823598.76
1544823598.8
1544823598.85
1544823598.9
1544823598.95
1544823599.0
1544823599.07
1544823599.14
1544823599.21
1544823599.27
1544823599.33
1544823599.39
1544823599.44
1544823599.49
1544823599.55
1544823599.62
1544823599.67
1544823599.74
1544823599.79
1544823599.84
1544823599.89
1544823599.95
1544823600.02
1544823600.08
1544823600.14
1544823600.2
1544823600.26
1544823600.31
1544823600.35
1544823600.41
1544823600.49
1544823600.55
1544823600.62
1544823600.68
1544823600.76
1544823600.83
1544823600.88
1544823600.96
1544823601.02
1544823601.06
1544823601.11
1544823601.15
1544823601.19
1544823601.23
1544823601.27
1544823601.32
1544823601.37
1544823601.41
1544823601.44
1544823601.48
1544823601.54
1544823601.59
1544823601.62
1544823601.66
1544823601.69
1544823601.76
1544823601.81
1544823601.85
1544823601.88
1544823601.91
1544823601.96
1544823602.0
1544823602.04
1544823602.09
1544823602.14
1544823602.19
1544823602.23
1544823602.26
1544823602.3
1544823602.34
1544823602.38
1544823602.43
1544823602.46
1544823602.5
1544823602.55
1544823602.6
1544823602.64
1544823602.67
1544823602.72
1544823602.77
1544823602.82
1544823602.86
1544823602.91
1544823602.97
1544823603.03
1544823603.07
1544823603.12
1544823603.17
1544823603.23
1544823603.26
1544823603.31
1544823603.37
1544823603.41
1544823603.45
1544823603.5
1544823603.58
1544823603.62
1544823603.66
1544823603.71
1544823603.78
1544823603.83
1544823603.88
1544823603.93
1544823603.99
1544823604.04
1544823604.07
1544823604.14
1544823604.19
1544823604.24
1544823604.29
1544823604.34
1544823604.4
1544823604.45
1544823604.48
1544823604.52
1544823604.6
1544823604.64
1544823604.68
1544823604.74
1544823604.79
1544823604.85
1544823604.89
1544823604.96
1544823605.01
1544823605.06
1544823605.11
1544823605.14
1544823605.2
1544823605.24
1544823605.28
1544823605.34
1544823605.41
1544823605.45
1544823605.5
1544823605.56
1544823605.61
1544823605.66
1544823605.7
1544823605.77
1544823605.81
1544823605.86
1544823605.89
1544823605.94
1544823606.01
1544823606.05
1544823606.09
1544823606.15
1544823606.2
1544823606.25
1544823606.29
1544823606.33
1544823606.38
1544823606.42
1544823606.46
1544823606.5
1544823606.55
1544823606.61
1544823606.65
1544823606.7
1544823606.76
1544823606.83
1544823606.88
1544823606.93
1544823606.98
1544823607.03
1544823607.07
1544823607.1
1544823607.17
1544823607.22
1544823607.25
1544823607.29
1544823607.33
1544823607.37
1544823607.4
1544823607.44
1544823607.48
1544823607.52
1544823607.59
1544823607.63
1544823607.67
1544823607.71
1544823607.74
1544823607.79
1544823607.83
1544823607.86
1544823607.9
1544823607.96
1544823608.01
1544823608.05
1544823608.1
1544823608.15
1544823608.19
1544823608.24
1544823608.27
1544823608.31
1544823608.36
1544823608.42
1544823608.46
1544823608.5
1544823608.54
1544823608.57
1544823608.62
1544823608.65
1544823608.7
1544823608.75
1544823608.79
1544823608.83
1544823608.87
1544823608.95
1544823609.0
1544823609.04
1544823609.08
1544823609.15
1544823609.23
1544823609.29
1544823609.36
1544823609.43
1544823609.48
1544823609.53
1544823609.57
1544823609.64
1544823609.7
1544823609.74
1544823609.78
1544823609.82
1544823609.86
1544823609.91
1544823609.94
1544823609.99
1544823610.03
1544823610.07
1544823610.14
1544823610.2
1544823610.25
1544823610.3
1544823610.35
1544823610.44
1544823610.5
1544823610.55
1544823610.6
1544823610.64
1544823610.7
1544823610.75
1544823610.82
1544823610.89
1544823610.95
1544823611.0
1544823611.05
1544823611.1
1544823611.14
1544823611.2
1544823611.24
1544823611.29
1544823611.34
1544823611.37
1544823611.43
1544823611.49
1544823611.53
1544823611.57
1544823611.61
1544823611.65
1544823611.7
1544823611.74
1544823611.77
1544823611.81
1544823611.84
1544823611.88
1544823611.93
1544823611.97
1544823612.02
1544823612.08
1544823612.13
1544823612.17
1544823612.23
1544823612.29
1544823612.34
1544823612.37
1544823612.42
1544823612.47
1544823612.54
1544823612.58
1544823612.61
1544823612.69
1544823612.74
1544823612.78
1544823612.84
1544823612.91
1544823612.95
1544823613.02
1544823613.07
1544823613.12
1544823613.16
1544823613.21
1544823613.28
1544823613.32
1544823613.36
1544823613.41
1544823613.48
1544823613.52
1544823613.56
1544823613.62
1544823613.67
1544823613.71
1544823613.75
1544823613.79
1544823613.82
1544823613.86
1544823613.9
1544823613.94
1544823613.97
1544823614.01
1544823614.06
1544823614.12
1544823614.16
1544823614.19
1544823614.26
1544823614.31
1544823614.34
1544823614.37
1544823614.41
1544823614.46
1544823614.51
1544823614.54
1544823614.58
1544823614.62
1544823614.67
1544823614.73
1544823614.77
1544823614.83
1544823614.89
1544823614.93
1544823614.97
1544823615.03
1544823615.1
1544823615.13
1544823615.17
1544823615.21
1544823615.24
1544823615.3
1544823615.34
1544823615.38
1544823615.44
1544823615.49
1544823615.54
1544823615.58
1544823615.65
1544823615.69
1544823615.75
1544823615.8
1544823615.84
1544823615.9
1544823615.96
1544823616.02
1544823616.08
1544823616.12
1544823616.16
1544823616.2
1544823616.25
1544823616.3
1544823616.35
1544823616.42
1544823616.47
1544823616.51
1544823616.56
1544823616.61
1544823616.67
1544823616.72
1544823616.77
1544823616.83
1544823616.89
1544823616.94
1544823617.01
1544823617.09
1544823617.14
1544823617.22
1544823617.28
1544823617.33
1544823617.39
1544823617.46
1544823617.53
1544823617.59
1544823617.64
1544823617.69
1544823617.74
1544823617.81
1544823617.85
1544823617.92
1544823617.99
1544823618.02
1544823618.06
1544823618.11
1544823618.16
1544823618.21
1544823618.25
1544823618.3
1544823618.36
1544823618.42
1544823618.48
1544823618.55
1544823618.62
1544823618.69
1544823618.75
1544823618.81
1544823618.85
1544823618.89
1544823618.94
1544823618.97
1544823619.03
1544823619.08
1544823619.12
1544823619.15
1544823619.19
1544823619.26
1544823619.3
1544823619.34
1544823619.39
1544823619.44
1544823619.47
1544823619.51
1544823619.54
1544823619.58
1544823619.65
1544823619.69
1544823619.73
1544823619.77
1544823619.82
1544823619.88
1544823619.92
1544823619.95
1544823619.99
1544823620.04
1544823620.09
1544823620.13
1544823620.16
1544823620.23
1544823620.28
1544823620.32
1544823620.36
1544823620.42
1544823620.48
1544823620.51
1544823620.55
1544823620.59
1544823620.66
1544823620.71
1544823620.75
1544823620.79
1544823620.84
1544823620.88
1544823620.92
1544823620.95
1544823621.01
1544823621.06
1544823621.11
1544823621.14
1544823621.18
1544823621.26
1544823621.3
1544823621.34
1544823621.39
1544823621.46
1544823621.52
1544823621.56
1544823621.61
1544823621.66
1544823621.7
1544823621.74
1544823621.78
1544823621.82
1544823621.87
1544823621.92
1544823621.96
1544823622.0
1544823622.05
1544823622.11
1544823622.15
1544823622.19
1544823622.28
1544823622.32
1544823622.35
1544823622.4
1544823622.48
1544823622.53
1544823622.56
1544823622.62
1544823622.68
1544823622.71
1544823622.75
1544823622.78
1544823622.82
1544823622.86
1544823622.9
1544823622.94
1544823622.98
1544823623.06
1544823623.12
1544823623.16
1544823623.2
1544823623.27
1544823623.32
1544823623.35
1544823623.4
1544823623.44
1544823623.49
1544823623.53
1544823623.56
1544823623.62
1544823623.67
1544823623.71
1544823623.77
1544823623.81
1544823623.86
1544823623.91
1544823623.94
1544823623.98
1544823624.02
1544823624.06
1544823624.11
1544823624.14
1544823624.17
1544823624.22
1544823624.25
1544823624.29
1544823624.33
1544823624.37
1544823624.42
1544823624.5
1544823624.53
1544823624.58
1544823624.61
1544823624.69
1544823624.74
1544823624.78
1544823624.84
1544823624.88
1544823624.92
1544823624.95
1544823625.01
1544823625.06
1544823625.09
1544823625.13
1544823625.17
1544823625.23
1544823625.27
1544823625.32
1544823625.36
1544823625.42
1544823625.46
1544823625.51
1544823625.56
1544823625.63
1544823625.68
1544823625.75
1544823625.8
1544823625.86
1544823625.91
1544823625.95
1544823626.02
1544823626.07
1544823626.13
1544823626.19
1544823626.25
1544823626.32
1544823626.37
1544823626.44
1544823626.51
1544823626.57
1544823626.62
1544823626.67
1544823626.72
1544823626.76
1544823626.83
1544823626.89
1544823626.94
1544823626.99
1544823627.04
1544823627.09
1544823627.13
1544823627.17
1544823627.23
1544823627.29
1544823627.35
1544823627.4
1544823627.45
1544823627.51
1544823627.58
1544823627.64
1544823627.73
1544823627.81
1544823627.85
1544823627.91
1544823627.98
1544823628.05
1544823628.12
1544823628.18
1544823628.24
1544823628.33
1544823628.4
1544823628.46
1544823628.54
1544823628.59
1544823628.64
1544823628.7
1544823628.76
1544823628.83
1544823628.89
1544823628.94
1544823629.0
1544823629.07
1544823629.11
1544823629.15
1544823629.19
1544823629.25
1544823629.29
1544823629.33
1544823629.37
1544823629.41
1544823629.45
1544823629.49
1544823629.54
1544823629.59
1544823629.67
1544823629.71
1544823629.75
1544823629.8
1544823629.85
1544823629.9
1544823629.93
1544823629.98
1544823630.03
1544823630.09
1544823630.13
1544823630.17
1544823630.21
1544823630.26
1544823630.31
1544823630.35
1544823630.4
1544823630.47
1544823630.52
1544823630.57
1544823630.62
1544823630.67
1544823630.71
1544823630.75
1544823630.79
1544823630.83
1544823630.87
1544823630.92
1544823630.97
1544823631.03
1544823631.08
1544823631.13
1544823631.17
1544823631.22
1544823631.26
1544823631.29
1544823631.33
1544823631.37
1544823631.4
1544823631.44
1544823631.47
1544823631.52
1544823631.56
1544823631.6
1544823631.64
1544823631.69
1544823631.73
1544823631.76
1544823631.81
1544823631.85
1544823631.9
1544823631.94
1544823631.99
1544823632.05
1544823632.09
1544823632.14
1544823632.18
1544823632.26
1544823632.31
1544823632.35
1544823632.39
1544823632.47
1544823632.52
1544823632.56
1544823632.64
1544823632.71
1544823632.75
1544823632.78
1544823632.85
1544823632.9
1544823632.94
1544823632.98
1544823633.04
1544823633.08
1544823633.13
1544823633.16
1544823633.23
1544823633.29
1544823633.32
1544823633.35
1544823633.39
1544823633.45
1544823633.49
1544823633.54
1544823633.57
1544823633.63
1544823633.69
1544823633.72
1544823633.75
1544823633.81
1544823633.86
1544823633.91
1544823633.95
1544823633.99
1544823634.06
1544823634.1
1544823634.14
1544823634.18
1544823634.22
1544823634.26
1544823634.31
1544823634.35
1544823634.41
1544823634.47
1544823634.51
1544823634.55
1544823634.59
1544823634.67
1544823634.72
1544823634.76
1544823634.79
1544823634.85
1544823634.9
1544823634.94
1544823634.98
1544823635.04
1544823635.09
1544823635.14
1544823635.18
1544823635.26
1544823635.31
1544823635.35
1544823635.41
1544823635.47
1544823635.51
1544823635.55
1544823635.61
1544823635.67
1544823635.74
1544823635.79
1544823635.84
1544823635.89
1544823635.97
1544823636.07
1544823636.16
1544823636.23
1544823636.29
1544823636.37
1544823636.44
1544823636.53
1544823636.59
1544823636.64
1544823636.69
1544823636.76
1544823636.83
1544823636.89
1544823636.95
1544823637.0
1544823637.05
1544823637.12
1544823637.18
1544823637.24
1544823637.29
1544823637.35
1544823637.4
1544823637.45
1544823637.51
1544823637.57
1544823637.65
1544823637.71
1544823637.74
1544823637.79
1544823637.84
1544823637.88
1544823637.94
1544823637.99
1544823638.06
1544823638.12
1544823638.16
1544823638.21
1544823638.26
1544823638.3
1544823638.34
1544823638.43
1544823638.47
1544823638.51
1544823638.54
1544823638.59
1544823638.63
1544823638.68
1544823638.72
1544823638.78
1544823638.84
1544823638.88
1544823638.91
1544823638.96
1544823639.0
1544823639.04
1544823639.09
1544823639.13
1544823639.17
1544823639.23
1544823639.29
1544823639.33
1544823639.39
1544823639.46
1544823639.5
1544823639.54
1544823639.58
1544823639.63
1544823639.67
1544823639.72
1544823639.76
1544823639.84
1544823639.9
1544823639.94
1544823639.98
1544823640.05
1544823640.09
1544823640.13
1544823640.16
1544823640.23
1544823640.28
1544823640.32
1544823640.35
1544823640.39
1544823640.44
1544823640.5
1544823640.54
1544823640.59
1544823640.64
1544823640.69
1544823640.73
1544823640.76
1544823640.84
1544823640.9
1544823640.94
1544823640.97
1544823641.03
1544823641.07
1544823641.12
1544823641.17
1544823641.21
1544823641.25
1544823641.29
1544823641.34
1544823641.39
1544823641.44
1544823641.48
1544823641.53
1544823641.56
1544823641.63
1544823641.67
1544823641.71
1544823641.74
1544823641.79
1544823641.86
1544823641.91
1544823641.97
1544823642.02
1544823642.09
1544823642.14
1544823642.17
1544823642.21
1544823642.24
1544823642.29
1544823642.33
1544823642.38
1544823642.43
1544823642.48
1544823642.53
1544823642.57
1544823642.64
1544823642.68
1544823642.72
1544823642.76
1544823642.81
1544823642.87
1544823642.91
1544823642.96
1544823643.01
1544823643.07
1544823643.11
1544823643.14
1544823643.18
1544823643.21
1544823643.25
1544823643.31
1544823643.36
1544823643.39
1544823643.43
1544823643.47
1544823643.51
1544823643.56
1544823643.62
1544823643.66
1544823643.71
1544823643.76
1544823643.8
1544823643.87
1544823643.91
1544823643.95
1544823643.99
1544823644.03
1544823644.08
1544823644.13
1544823644.21
1544823644.27
1544823644.34
1544823644.39
1544823644.46
1544823644.53
1544823644.59
1544823644.66
1544823644.71
1544823644.77
1544823644.84
1544823644.91
1544823644.97
1544823645.04
1544823645.11
1544823645.18
1544823645.25
1544823645.33
1544823645.41
1544823645.48
1544823645.55
1544823645.61
1544823645.68
1544823645.75
1544823645.81
1544823645.87
1544823645.94
1544823646.01
1544823646.07
1544823646.12
1544823646.16
1544823646.21
1544823646.26
1544823646.31
1544823646.35
1544823646.41
1544823646.47
1544823646.54
1544823646.59
1544823646.62
1544823646.67
1544823646.77
1544823646.87
1544823646.96
1544823647.05
1544823647.13
1544823647.2
1544823647.24
1544823647.28
1544823647.35
1544823647.41
1544823647.45
1544823647.47
1544823647.51
1544823647.55
1544823647.61
1544823647.64
1544823647.68
1544823647.72
1544823647.76
1544823647.8
1544823647.84
1544823647.89
1544823647.94
1544823647.99
1544823648.04
1544823648.08
1544823648.12
1544823648.17
1544823648.23
1544823648.26
1544823648.29
1544823648.36
1544823648.41
1544823648.44
1544823648.48
1544823648.54
1544823648.59
1544823648.63
1544823648.66
1544823648.71
1544823648.78
1544823648.85
1544823648.93
1544823649.0
1544823649.08
1544823649.14
1544823649.2
1544823649.26
1544823649.33
1544823649.38
1544823649.44
1544823649.5
1544823649.57
1544823649.65
1544823649.71
1544823649.77
1544823649.83
1544823649.89
1544823649.94
1544823650.01
1544823650.08
1544823650.14
1544823650.21
1544823650.27
1544823650.33
1544823650.39
1544823650.44
1544823650.49
1544823650.55
1544823650.62
1544823650.69
1544823650.73
1544823650.77
1544823650.84
1544823650.9
1544823650.94
1544823651.02
1544823651.08
1544823651.13
1544823651.17
1544823651.21
1544823651.26
1544823651.31
1544823651.34
1544823651.37
1544823651.42
1544823651.46
1544823651.51
1544823651.55
1544823651.59
1544823651.65
1544823651.71
1544823651.75
1544823651.8
1544823651.85
1544823651.91
1544823651.94
1544823651.98
1544823652.02
1544823652.05
1544823652.11
1544823652.14
1544823652.18
1544823652.23
1544823652.29
1544823652.32
1544823652.36
1544823652.41
1544823652.48
1544823652.53
1544823652.57
1544823652.62
1544823652.69
1544823652.73
1544823652.76
1544823652.81
1544823652.89
1544823652.94
1544823652.98
1544823653.03
1544823653.09
1544823653.13
1544823653.16
1544823653.21
1544823653.27
1544823653.31
1544823653.35
1544823653.39
1544823653.47
1544823653.51
1544823653.55
1544823653.59
1544823653.66
1544823653.71
1544823653.74
1544823653.78
1544823653.85
1544823653.89
1544823653.93
1544823653.98
1544823654.03
1544823654.09
1544823654.14
1544823654.19
1544823654.24
1544823654.29
1544823654.32
1544823654.35
1544823654.38
1544823654.46
1544823654.51
1544823654.55
1544823654.59
1544823654.64
1544823654.68
1544823654.72
1544823654.75
1544823654.79
1544823654.86
1544823654.92
1544823654.97
1544823655.0
1544823655.04
1544823655.1
1544823655.14
1544823655.19
1544823655.26
1544823655.32
1544823655.36
1544823655.4
1544823655.45
1544823655.49
1544823655.54
1544823655.59
1544823655.64
1544823655.69
1544823655.73
1544823655.78
1544823655.84
1544823655.89
1544823655.93
1544823655.97
1544823656.01
1544823656.04
1544823656.1
1544823656.14
1544823656.19
1544823656.22
1544823656.26
1544823656.31
1544823656.35
1544823656.39
1544823656.45
1544823656.5
1544823656.55
1544823656.59
1544823656.66
1544823656.72
1544823656.77
1544823656.81
1544823656.84
1544823656.88
1544823656.92
1544823656.95
1544823656.99
1544823657.06
1544823657.11
1544823657.14
1544823657.18
1544823657.23
1544823657.29
1544823657.33
1544823657.39
1544823657.48
1544823657.53
1544823657.56
1544823657.61
1544823657.68
1544823657.72
1544823657.75
1544823657.79
1544823657.84
1544823657.89
1544823657.93
1544823657.97
1544823658.04
1544823658.11
1544823658.15
1544823658.19
1544823658.25
1544823658.31
1544823658.35
1544823658.39
1544823658.46
1544823658.51
1544823658.56
1544823658.61
1544823658.65
1544823658.7
1544823658.75
1544823658.81
1544823658.86
1544823658.92
1544823658.94
1544823658.98
1544823659.04
1544823659.09
1544823659.13
1544823659.17
1544823659.21
1544823659.26
1544823659.31
1544823659.35
1544823659.39
1544823659.45
1544823659.5
1544823659.54
1544823659.6
1544823659.65
1544823659.7
1544823659.74
1544823659.8
1544823659.85
1544823659.93
1544823659.99
1544823660.05
1544823660.12
1544823660.17
1544823660.21
1544823660.25
1544823660.31
1544823660.39
1544823660.45
1544823660.51
1544823660.55
1544823660.61
1544823660.67
1544823660.72
1544823660.78
1544823660.84
1544823660.91
1544823660.97
1544823661.03
1544823661.09
1544823661.13
1544823661.18
1544823661.23
1544823661.29
1544823661.34
1544823661.41
1544823661.47
1544823661.53
1544823661.59
1544823661.64
1544823661.72
1544823661.76
1544823661.8
1544823661.86
1544823661.92
1544823661.98
1544823662.04
1544823662.09
1544823662.15
1544823662.19
1544823662.23
1544823662.26
1544823662.31
1544823662.34
1544823662.39
1544823662.48
1544823662.52
1544823662.55
1544823662.59
1544823662.64
1544823662.69
1544823662.73
1544823662.76
1544823662.81
1544823662.86
1544823662.92
1544823662.96
1544823663.02
1544823663.07
1544823663.12
1544823663.16
1544823663.21
1544823663.24
1544823663.29
1544823663.33
1544823663.36
1544823663.41
1544823663.48
1544823663.53
1544823663.57
1544823663.63
1544823663.7
1544823663.75
1544823663.79
1544823663.85
1544823663.89
1544823663.93
1544823663.98
1544823664.04
1544823664.1
1544823664.13
1544823664.18
1544823664.22
1544823664.32
1544823664.35
1544823664.4
1544823664.43
1544823664.46
1544823664.51
1544823664.56
1544823664.61
1544823664.65
1544823664.69
1544823664.73
1544823664.78
1544823664.83
1544823664.91
1544823665.01
1544823665.07
1544823665.15
1544823665.23
1544823665.29
1544823665.37
1544823665.44
1544823665.5
1544823665.58
1544823665.65
1544823665.7
1544823665.75
1544823665.8
1544823665.87
1544823665.95
1544823666.05
1544823666.15
1544823666.25
1544823666.34
1544823666.45
1544823666.55
1544823666.65
1544823666.7
1544823666.75
1544823666.81
1544823666.84
1544823666.88
1544823666.95
1544823667.02
1544823667.08
1544823667.16
1544823667.27
1544823667.36
1544823667.44
1544823667.53
1544823667.64
1544823667.73
1544823667.81
1544823667.88
1544823667.93
1544823668.03
1544823668.07
1544823668.15
1544823668.21
1544823668.27
1544823668.31
1544823668.35
1544823668.4
1544823668.44
1544823668.48
1544823668.53
1544823668.58
1544823668.63
1544823668.66
1544823668.74
1544823668.79
1544823668.83
1544823668.86
1544823668.91
1544823668.96
1544823669.0
1544823669.04
1544823669.08
1544823669.15
1544823669.2
1544823669.24
1544823669.27
1544823669.35
1544823669.39
1544823669.42
1544823669.46
1544823669.5
1544823669.55
1544823669.59
1544823669.63
1544823669.67
1544823669.73
1544823669.79
1544823669.84
1544823669.89
1544823669.96
1544823670.0
1544823670.04
1544823670.09
1544823670.16
1544823670.21
1544823670.24
1544823670.29
1544823670.33
1544823670.38
1544823670.43
1544823670.47
1544823670.56
1544823670.62
1544823670.65
1544823670.69
1544823670.74
1544823670.79
1544823670.83
1544823670.86
1544823670.93
1544823670.97
1544823671.03
1544823671.08
1544823671.15
1544823671.21
1544823671.27
1544823671.33
1544823671.39
1544823671.44
1544823671.47
1544823671.57
1544823671.63
1544823671.66
1544823671.71
1544823671.77
1544823671.81
1544823671.85
1544823671.89
1544823671.96
1544823672.01
1544823672.05
1544823672.08
1544823672.13
1544823672.19
1544823672.24
1544823672.28
1544823672.32
1544823672.38
1544823672.42
1544823672.45
1544823672.49
1544823672.56
1544823672.6
1544823672.64
1544823672.69
1544823672.75
1544823672.79
1544823672.83
1544823672.86
1544823672.91
1544823672.96
1544823673.01
1544823673.05
1544823673.09
1544823673.14
1544823673.19
1544823673.23
1544823673.27
1544823673.32
1544823673.39
1544823673.43
1544823673.47
1544823673.54
1544823673.59
1544823673.63
1544823673.67
1544823673.74
1544823673.79
1544823673.83
1544823673.87
1544823673.94
1544823673.98
1544823674.02
1544823674.05
1544823674.09
1544823674.14
1544823674.2
1544823674.24
1544823674.28
1544823674.32
1544823674.37
1544823674.42
1544823674.46
1544823674.52
1544823674.58
1544823674.64
1544823674.7
1544823674.75
1544823674.82
1544823674.89
1544823674.94
1544823674.99
1544823675.04
1544823675.1
1544823675.15
1544823675.21
1544823675.25
1544823675.3
1544823675.36
1544823675.42
1544823675.46
1544823675.51
1544823675.55
1544823675.62
1544823675.68
1544823675.73
1544823675.76
1544823675.8
1544823675.85
1544823675.9
1544823675.94
1544823675.99
1544823676.09
1544823676.18
1544823676.24
1544823676.3
1544823676.37
1544823676.44
1544823676.51
1544823676.6
1544823676.71
1544823676.77
1544823676.82
1544823676.86
1544823676.93
1544823676.99
1544823677.06
1544823677.12
1544823677.17
1544823677.24
1544823677.3
1544823677.34
1544823677.4
1544823677.47
1544823677.52
1544823677.55
1544823677.62
1544823677.67
1544823677.71
1544823677.75
1544823677.79
1544823677.84
1544823677.89
1544823677.94
1544823677.98
1544823678.03
1544823678.08
1544823678.13
1544823678.17
1544823678.21
1544823678.29
1544823678.33
1544823678.38
1544823678.45
1544823678.52
1544823678.56
1544823678.62
1544823678.67
1544823678.73
1544823678.8
1544823678.84
1544823678.9
1544823678.94
1544823678.99
1544823679.04
1544823679.1
1544823679.15
1544823679.22
1544823679.28
1544823679.33
1544823679.39
1544823679.43
1544823679.47
1544823679.54
1544823679.59
1544823679.63
1544823679.67
1544823679.71
1544823679.77
1544823679.81
1544823679.86
1544823679.91
1544823680.0
1544823680.04
1544823680.08
1544823680.14
1544823680.19
1544823680.23
1544823680.27
1544823680.33
1544823680.39
1544823680.42
1544823680.46
1544823680.51
1544823680.56
1544823680.61
1544823680.65
1544823680.71
1544823680.78
1544823680.82
1544823680.86
1544823680.92
1544823680.98
1544823681.02
1544823681.06
1544823681.11
1544823681.17
1544823681.22
1544823681.27
1544823681.31
1544823681.35
1544823681.4
1544823681.44
1544823681.48
1544823681.55
1544823681.59
1544823681.63
1544823681.67
1544823681.72
1544823681.76
1544823681.81
1544823681.85
1544823681.9
1544823681.95
1544823682.0
1544823682.04
1544823682.09
1544823682.18
1544823682.21
1544823682.25
1544823682.29
1544823682.34
1544823682.4
1544823682.44
1544823682.48
1544823682.55
1544823682.6
1544823682.64
1544823682.68
1544823682.72
1544823682.76
1544823682.8
1544823682.84
1544823682.88
1544823682.94
1544823682.98
1544823683.02
1544823683.06
1544823683.11
1544823683.18
1544823683.22
1544823683.26
1544823683.3
1544823683.38
1544823683.43
1544823683.47
1544823683.53
1544823683.58
1544823683.62
1544823683.66
1544823683.74
1544823683.8
1544823683.84
1544823683.87
1544823683.93
1544823683.99
1544823684.03
1544823684.06
1544823684.11
1544823684.16
1544823684.21
1544823684.24
1544823684.28
1544823684.33
1544823684.38
1544823684.42
1544823684.45
1544823684.49
1544823684.56
1544823684.61
1544823684.65
1544823684.7
1544823684.77
1544823684.8
1544823684.85
1544823684.9
1544823684.95
1544823685.01
1544823685.06
1544823685.11
1544823685.16
1544823685.23
1544823685.28
1544823685.36
1544823685.41
1544823685.45
1544823685.5
1544823685.56
1544823685.61
1544823685.65
1544823685.7
1544823685.78
1544823685.81
1544823685.85
1544823685.94
1544823685.99
1544823686.03
1544823686.08
1544823686.14
1544823686.21
1544823686.24
1544823686.28
1544823686.33
1544823686.41
1544823686.44
1544823686.49
1544823686.54
1544823686.58
1544823686.63
1544823686.66
1544823686.74
1544823686.8
1544823686.83
1544823686.87
1544823686.94
1544823687.02
1544823687.09
1544823687.17
1544823687.24
1544823687.29
1544823687.34
1544823687.38
1544823687.44
1544823687.51
1544823687.58
1544823687.63
1544823687.67
1544823687.75
1544823687.88
1544823687.91
1544823687.98
1544823688.05
1544823688.13
1544823688.17
1544823688.23
1544823688.28
1544823688.35
1544823688.42
1544823688.49
1544823688.56
1544823688.64
1544823688.71
1544823688.74
1544823688.79
1544823688.83
1544823688.87
1544823688.93
1544823688.97
1544823689.06
1544823689.11
1544823689.15
1544823689.21
1544823689.26
1544823689.31
1544823689.35
1544823689.42
1544823689.49
1544823689.53
1544823689.56
1544823689.62
1544823689.67
1544823689.71
1544823689.76
1544823689.8
1544823689.85
1544823689.89
1544823689.93
1544823689.98
1544823690.03
1544823690.07
1544823690.12
1544823690.16
1544823690.2
1544823690.28
1544823690.32
1544823690.35
1544823690.39
1544823690.44
1544823690.48
1544823690.53
1544823690.56
1544823690.61
1544823690.66
1544823690.69
1544823690.74
1544823690.79
1544823690.88
1544823690.92
1544823690.97
1544823691.02
1544823691.11
1544823691.15
1544823691.19
1544823691.25
1544823691.29
1544823691.33
1544823691.38
1544823691.41
1544823691.45
1544823691.48
1544823691.52
1544823691.56
1544823691.6
1544823691.66
1544823691.71
1544823691.75
1544823691.79
1544823691.83
1544823691.87
1544823691.93
1544823691.96
1544823692.01
1544823692.05
1544823692.09
1544823692.14
1544823692.17
1544823692.21
1544823692.24
1544823692.27
1544823692.32
1544823692.37
1544823692.43
1544823692.48
1544823692.53
1544823692.58
1544823692.63
1544823692.67
1544823692.75
1544823692.79
1544823692.84
1544823692.89
1544823692.94
1544823692.99
1544823693.04
1544823693.1
1544823693.14
1544823693.21
1544823693.27
1544823693.32
1544823693.39
1544823693.45
1544823693.51
1544823693.57
1544823693.63
1544823693.69
1544823693.74
1544823693.8
1544823693.85
1544823693.91
1544823693.97
1544823694.02
1544823694.07
1544823694.13
1544823694.17
1544823694.22
1544823694.28
1544823694.34
1544823694.39
1544823694.46
1544823694.55
1544823694.61
1544823694.66
1544823694.71
1544823694.76
1544823694.82
1544823694.87
1544823694.94
1544823694.99
1544823695.05
1544823695.1
1544823695.14
1544823695.17
1544823695.24
1544823695.29
1544823695.33
1544823695.37
1544823695.42
