1544819476.8
1544819477.05
1544819477.19
1544819477.34
1544819477.46
1544819477.55
1544819477.65
1544819477.74
1544819477.81
1544819477.97
1544819478.09
1544819478.24
1544819478.46
1544819478.57
1544819478.72
1544819478.83
1544819478.95
1544819479.07
1544819479.17
1544819479.28
1544819479.41
1544819479.52
1544819479.63
1544819479.71
1544819479.85
1544819479.94
1544819480.04
1544819480.16
1544819480.27
1544819480.37
1544819480.47
1544819480.59
1544819480.68
1544819480.77
1544819480.88
1544819481.0
1544819481.12
1544819481.21
1544819481.34
1544819481.46
1544819481.59
1544819481.7
1544819481.8
1544819481.91
1544819482.04
1544819482.16
1544819482.29
1544819482.4
1544819482.53
1544819482.63
1544819482.76
1544819482.89
1544819482.99
1544819483.11
1544819483.23
1544819483.33
1544819483.41
1544819483.49
1544819483.59
1544819483.7
1544819483.82
1544819483.93
1544819484.06
1544819484.18
1544819484.29
1544819484.39
1544819484.52
1544819484.64
1544819484.75
1544819484.82
1544819484.93
1544819485.05
1544819485.15
1544819485.25
1544819485.36
1544819485.46
1544819485.56
1544819485.66
1544819485.76
1544819485.87
1544819485.95
1544819486.03
1544819486.1
1544819486.17
1544819486.24
1544819486.27
1544819486.31
1544819486.4
1544819486.47
1544819486.54
1544819486.6
1544819486.7
1544819486.77
1544819486.86
1544819486.94
1544819487.03
1544819487.09
1544819487.16
1544819487.25
1544819487.33
1544819487.4
1544819487.47
1544819487.54
1544819487.62
1544819487.68
1544819487.76
1544819487.85
1544819487.91
1544819487.99
1544819488.04
1544819488.11
1544819488.18
1544819488.29
1544819488.41
1544819488.46
1544819488.54
1544819488.61
1544819488.67
1544819488.74
1544819488.8
1544819488.87
1544819488.92
1544819488.99
1544819489.06
1544819489.13
1544819489.19
1544819489.25
1544819489.31
1544819489.37
1544819489.48
1544819489.59
1544819489.67
1544819489.75
1544819489.82
1544819489.91
1544819489.99
1544819490.08
1544819490.15
1544819490.22
1544819490.28
1544819490.34
1544819490.41
1544819490.5
1544819490.58
1544819490.66
1544819490.75
1544819490.8
1544819490.88
1544819490.95
1544819491.02
1544819491.09
1544819491.16
1544819491.25
1544819491.31
1544819491.36
1544819491.44
1544819491.51
1544819491.58
1544819491.66
1544819491.75
1544819491.83
1544819491.9
1544819491.99
1544819492.06
1544819492.14
1544819492.22
1544819492.28
1544819492.36
1544819492.43
1544819492.49
1544819492.59
1544819492.67
1544819492.75
1544819492.83
1544819492.9
1544819492.98
1544819493.05
1544819493.12
1544819493.2
1544819493.27
1544819493.33
1544819493.38
1544819493.51
1544819493.61
1544819493.68
1544819493.76
1544819493.84
1544819493.91
1544819493.98
1544819494.02
1544819494.07
1544819494.12
1544819494.19
1544819494.27
1544819494.33
1544819494.41
1544819494.48
1544819494.56
1544819494.61
1544819494.68
1544819494.75
1544819494.81
1544819494.88
1544819494.94
1544819495.0
1544819495.06
1544819495.12
1544819495.19
1544819495.27
1544819495.34
1544819495.41
1544819495.47
1544819495.55
1544819495.64
1544819495.73
1544819495.81
1544819495.89
1544819495.95
1544819496.02
1544819496.09
1544819496.17
1544819496.24
1544819496.32
1544819496.39
1544819496.46
1544819496.57
1544819496.66
1544819496.74
1544819496.79
1544819496.88
1544819496.95
1544819497.02
1544819497.1
1544819497.17
1544819497.25
1544819497.33
1544819497.4
1544819497.49
1544819497.57
1544819497.65
1544819497.71
1544819497.75
1544819497.84
1544819497.91
1544819497.98
1544819498.06
1544819498.13
1544819498.2
1544819498.28
1544819498.35
1544819498.42
1544819498.49
1544819498.57
1544819498.62
1544819498.7
1544819498.77
1544819498.83
1544819498.9
1544819498.97
1544819499.03
1544819499.11
1544819499.18
1544819499.25
1544819499.32
1544819499.4
1544819499.46
1544819499.53
1544819499.58
1544819499.65
1544819499.73
1544819499.82
1544819499.89
1544819499.96
1544819500.03
1544819500.08
1544819500.14
1544819500.2
1544819500.25
1544819500.32
1544819500.38
1544819500.46
1544819500.51
1544819500.59
1544819500.65
1544819500.72
1544819500.8
1544819500.92
1544819500.98
1544819501.07
1544819501.15
1544819501.21
1544819501.28
1544819501.36
1544819501.44
1544819501.53
1544819501.61
1544819501.68
1544819501.74
1544819501.8
1544819501.89
1544819501.95
1544819502.02
1544819502.09
1544819502.15
1544819502.23
1544819502.3
1544819502.38
1544819502.46
1544819502.55
1544819502.63
1544819502.71
1544819502.77
1544819502.85
1544819502.91
1544819502.96
1544819502.99
1544819503.05
1544819503.11
1544819503.15
1544819503.19
1544819503.25
1544819503.32
1544819503.36
1544819503.4
1544819503.46
1544819503.52
1544819503.57
1544819503.62
1544819503.65
1544819503.7
1544819503.74
1544819503.78
1544819503.82
1544819503.91
1544819503.97
1544819504.04
1544819504.12
1544819504.18
1544819504.25
1544819504.31
1544819504.36
1544819504.43
1544819504.48
1544819504.55
1544819504.62
1544819504.68
1544819504.77
1544819504.83
1544819504.88
1544819504.95
1544819505.01
1544819505.07
1544819505.12
1544819505.17
1544819505.24
1544819505.29
1544819505.35
1544819505.4
1544819505.46
1544819505.55
1544819505.62
1544819505.68
1544819505.74
1544819505.81
1544819505.86
1544819505.92
1544819505.97
1544819506.02
1544819506.06
1544819506.12
1544819506.18
1544819506.24
1544819506.29
1544819506.34
1544819506.41
1544819506.48
1544819506.57
1544819506.64
1544819506.68
1544819506.75
1544819506.79
1544819506.83
1544819506.87
1544819506.91
1544819506.95
1544819506.98
1544819507.03
1544819507.07
1544819507.11
1544819507.15
1544819507.19
1544819507.24
1544819507.29
1544819507.33
1544819507.37
1544819507.43
1544819507.5
1544819507.55
1544819507.59
1544819507.63
1544819507.69
1544819507.74
1544819507.78
1544819507.84
1544819507.9
1544819507.95
1544819508.01
1544819508.05
1544819508.12
1544819508.16
1544819508.21
1544819508.26
1544819508.32
1544819508.37
1544819508.41
1544819508.47
1544819508.52
1544819508.55
1544819508.59
1544819508.63
1544819508.71
1544819508.75
1544819508.79
1544819508.83
1544819508.89
1544819508.94
1544819508.98
1544819509.03
1544819509.08
1544819509.13
1544819509.17
1544819509.23
1544819509.29
1544819509.33
1544819509.37
1544819509.42
1544819509.48
1544819509.55
1544819509.6
1544819509.69
1544819509.75
1544819509.8
1544819509.85
1544819509.89
1544819509.93
1544819509.97
1544819510.0
1544819510.08
1544819510.12
1544819510.17
1544819510.22
1544819510.27
1544819510.35
1544819510.39
1544819510.48
1544819510.52
1544819510.58
1544819510.62
1544819510.7
1544819510.75
1544819510.81
1544819510.86
1544819510.92
1544819510.96
1544819511.02
1544819511.07
1544819511.11
1544819511.16
1544819511.2
1544819511.25
1544819511.29
1544819511.34
1544819511.38
1544819511.43
1544819511.49
1544819511.55
1544819511.58
1544819511.64
1544819511.7
1544819511.75
1544819511.79
1544819511.83
1544819511.89
1544819511.94
1544819511.97
1544819512.02
1544819512.08
1544819512.14
1544819512.2
1544819512.27
1544819512.33
1544819512.38
1544819512.46
1544819512.51
1544819512.58
1544819512.64
1544819512.68
1544819512.72
1544819512.78
1544819512.83
1544819512.88
1544819512.95
1544819512.99
1544819513.05
1544819513.09
1544819513.15
1544819513.2
1544819513.26
1544819513.32
1544819513.37
1544819513.45
1544819513.51
1544819513.57
1544819513.64
1544819513.69
1544819513.75
1544819513.8
1544819513.86
1544819513.92
1544819513.98
1544819514.06
1544819514.12
1544819514.18
1544819514.25
1544819514.33
1544819514.38
1544819514.45
1544819514.49
1544819514.56
1544819514.65
1544819514.71
1544819514.78
1544819514.85
1544819514.93
1544819514.99
1544819515.07
1544819515.15
1544819515.24
1544819515.32
1544819515.39
1544819515.46
1544819515.54
1544819515.62
1544819515.7
1544819515.78
1544819515.86
1544819515.94
1544819516.03
1544819516.1
1544819516.16
1544819516.22
1544819516.26
1544819516.3
1544819516.37
1544819516.43
1544819516.46
1544819516.52
1544819516.58
1544819516.63
1544819516.66
1544819516.7
1544819516.76
1544819516.82
1544819516.87
1544819516.91
1544819516.98
1544819517.08
1544819517.15
1544819517.21
1544819517.26
1544819517.32
1544819517.36
1544819517.41
1544819517.47
1544819517.55
1544819517.61
1544819517.69
1544819517.76
1544819517.82
1544819517.89
1544819517.96
1544819518.04
1544819518.1
1544819518.17
1544819518.24
1544819518.29
1544819518.35
1544819518.41
1544819518.47
1544819518.52
1544819518.58
1544819518.63
1544819518.68
1544819518.73
1544819518.78
1544819518.84
1544819518.88
1544819518.94
1544819518.99
1544819519.05
1544819519.1
1544819519.15
1544819519.21
1544819519.26
1544819519.3
1544819519.36
1544819519.4
1544819519.45
1544819519.49
1544819519.55
1544819519.59
1544819519.65
1544819519.7
1544819519.75
1544819519.8
1544819519.87
1544819519.92
1544819519.96
1544819520.01
1544819520.12
1544819520.21
1544819520.26
1544819520.3
1544819520.38
1544819520.46
1544819520.52
1544819520.56
1544819520.6
1544819520.66
1544819520.72
1544819520.78
1544819520.85
1544819520.89
1544819520.96
1544819521.02
1544819521.08
1544819521.15
1544819521.21
1544819521.27
1544819521.33
1544819521.39
1544819521.46
1544819521.51
1544819521.55
1544819521.59
1544819521.66
1544819521.7
1544819521.76
1544819521.81
1544819521.86
1544819521.92
1544819521.96
1544819522.02
1544819522.07
1544819522.13
1544819522.19
1544819522.26
1544819522.33
1544819522.39
1544819522.46
1544819522.54
1544819522.58
1544819522.62
1544819522.68
1544819522.73
1544819522.79
1544819522.85
1544819522.92
1544819522.97
1544819523.02
1544819523.08
1544819523.16
1544819523.23
1544819523.28
1544819523.35
1544819523.42
1544819523.47
1544819523.51
1544819523.57
1544819523.65
1544819523.71
1544819523.78
1544819523.86
1544819523.93
1544819524.0
1544819524.08
1544819524.16
1544819524.24
1544819524.32
1544819524.39
1544819524.48
1544819524.57
1544819524.66
1544819524.73
1544819524.8
1544819524.86
1544819524.9
1544819524.96
1544819525.01
1544819525.05
1544819525.11
1544819525.17
1544819525.22
1544819525.26
1544819525.3
1544819525.35
1544819525.39
1544819525.45
1544819525.49
1544819525.53
1544819525.57
1544819525.62
1544819525.66
1544819525.71
1544819525.76
1544819525.82
1544819525.86
1544819525.91
1544819525.97
1544819526.04
1544819526.09
1544819526.14
1544819526.2
1544819526.25
1544819526.29
1544819526.34
1544819526.4
1544819526.45
1544819526.48
1544819526.52
1544819526.59
1544819526.65
1544819526.69
1544819526.72
1544819526.76
1544819526.8
1544819526.84
1544819526.88
1544819526.93
1544819526.99
1544819527.05
1544819527.09
1544819527.15
1544819527.23
1544819527.27
1544819527.32
1544819527.39
1544819527.45
1544819527.49
1544819527.54
1544819527.6
1544819527.65
1544819527.69
1544819527.74
1544819527.81
1544819527.85
1544819527.89
1544819527.94
1544819528.0
1544819528.05
1544819528.09
1544819528.15
1544819528.24
1544819528.28
1544819528.33
1544819528.37
1544819528.44
1544819528.48
1544819528.52
1544819528.58
1544819528.64
1544819528.68
1544819528.75
1544819528.8
1544819528.85
1544819528.89
1544819528.97
1544819529.03
1544819529.06
1544819529.09
1544819529.17
1544819529.22
1544819529.25
1544819529.29
1544819529.34
1544819529.4
1544819529.45
1544819529.48
1544819529.53
1544819529.59
1544819529.64
1544819529.67
1544819529.72
1544819529.77
1544819529.82
1544819529.87
1544819529.91
1544819529.97
1544819530.02
1544819530.07
1544819530.11
1544819530.16
1544819530.21
1544819530.26
1544819530.3
1544819530.35
1544819530.38
1544819530.44
1544819530.48
1544819530.53
1544819530.6
1544819530.65
1544819530.69
1544819530.75
1544819530.79
1544819530.83
1544819530.87
1544819530.9
1544819530.98
1544819531.05
1544819531.1
1544819531.15
1544819531.2
1544819531.25
1544819531.29
1544819531.34
1544819531.38
1544819531.44
1544819531.48
1544819531.52
1544819531.6
1544819531.65
1544819531.7
1544819531.77
1544819531.83
1544819531.87
1544819531.92
1544819531.98
1544819532.02
1544819532.07
1544819532.11
1544819532.15
1544819532.2
1544819532.25
1544819532.3
1544819532.34
1544819532.38
1544819532.44
1544819532.49
1544819532.54
1544819532.6
1544819532.65
1544819532.7
1544819532.76
1544819532.82
1544819532.86
1544819532.9
1544819532.99
1544819533.06
1544819533.14
1544819533.2
1544819533.28
1544819533.34
1544819533.39
1544819533.44
1544819533.47
1544819533.52
1544819533.56
1544819533.6
1544819533.65
1544819533.69
1544819533.75
1544819533.82
1544819533.89
1544819533.97
1544819534.05
1544819534.13
1544819534.21
1544819534.29
1544819534.37
1544819534.45
1544819534.52
1544819534.58
1544819534.63
1544819534.7
1544819534.75
1544819534.8
1544819534.85
1544819534.91
1544819534.95
1544819535.0
1544819535.1
1544819535.15
1544819535.19
1544819535.25
1544819535.29
1544819535.34
1544819535.38
1544819535.43
1544819535.49
1544819535.54
1544819535.58
1544819535.63
1544819535.69
1544819535.75
1544819535.81
1544819535.88
1544819535.94
1544819535.97
1544819536.01
1544819536.06
1544819536.11
1544819536.15
1544819536.19
1544819536.24
1544819536.31
1544819536.35
1544819536.39
1544819536.45
1544819536.5
1544819536.55
1544819536.59
1544819536.64
1544819536.7
1544819536.74
1544819536.77
1544819536.82
1544819536.87
1544819536.92
1544819536.97
1544819537.02
1544819537.09
1544819537.16
1544819537.28
1544819537.35
1544819537.4
1544819537.47
1544819537.52
1544819537.58
1544819537.65
1544819537.74
1544819537.82
1544819537.87
1544819537.91
1544819537.97
1544819538.03
1544819538.08
1544819538.16
1544819538.25
1544819538.31
1544819538.35
1544819538.4
1544819538.46
1544819538.52
1544819538.57
1544819538.62
1544819538.68
1544819538.73
1544819538.79
1544819538.85
1544819538.9
1544819538.96
1544819539.02
1544819539.09
1544819539.17
1544819539.25
1544819539.32
1544819539.38
1544819539.45
1544819539.51
1544819539.56
1544819539.64
1544819539.71
1544819539.77
1544819539.81
1544819539.85
1544819539.89
1544819539.93
1544819539.97
1544819540.02
1544819540.09
1544819540.14
1544819540.18
1544819540.23
1544819540.31
1544819540.37
1544819540.42
1544819540.47
1544819540.54
1544819540.57
1544819540.63
1544819540.69
1544819540.75
1544819540.79
1544819540.87
1544819540.92
1544819540.96
1544819540.99
1544819541.06
1544819541.12
1544819541.16
1544819541.2
1544819541.28
1544819541.32
1544819541.36
1544819541.4
1544819541.44
1544819541.52
1544819541.56
1544819541.6
1544819541.69
1544819541.74
1544819541.77
1544819541.81
1544819541.88
1544819541.93
1544819541.98
1544819542.03
1544819542.09
1544819542.14
1544819542.17
1544819542.22
1544819542.31
1544819542.35
1544819542.39
1544819542.47
1544819542.53
1544819542.57
1544819542.62
1544819542.68
1544819542.73
1544819542.77
1544819542.82
1544819542.87
1544819542.92
1544819542.96
1544819543.0
1544819543.08
1544819543.14
1544819543.2
1544819543.28
1544819543.35
1544819543.42
1544819543.48
1544819543.54
1544819543.59
1544819543.65
1544819543.7
1544819543.76
1544819543.81
1544819543.88
1544819543.97
1544819544.04
1544819544.14
1544819544.19
1544819544.25
1544819544.3
1544819544.35
1544819544.43
1544819544.48
1544819544.55
1544819544.61
1544819544.67
1544819544.71
1544819544.77
1544819544.83
1544819544.87
1544819544.92
1544819544.98
1544819545.02
1544819545.07
1544819545.12
1544819545.17
1544819545.21
1544819545.26
1544819545.31
1544819545.36
1544819545.42
1544819545.46
1544819545.52
1544819545.58
1544819545.65
1544819545.69
1544819545.75
1544819545.8
1544819545.85
1544819545.89
1544819545.99
1544819546.04
1544819546.08
1544819546.16
1544819546.22
1544819546.26
1544819546.29
1544819546.37
1544819546.43
1544819546.47
1544819546.51
1544819546.57
1544819546.61
1544819546.65
1544819546.69
1544819546.77
1544819546.83
1544819546.86
1544819546.9
1544819546.95
1544819547.0
1544819547.04
1544819547.08
1544819547.13
1544819547.17
1544819547.23
1544819547.27
1544819547.34
1544819547.4
1544819547.46
1544819547.5
1544819547.56
1544819547.62
1544819547.66
1544819547.7
1544819547.76
1544819547.82
1544819547.86
1544819547.9
1544819547.96
1544819548.02
1544819548.06
1544819548.1
1544819548.18
1544819548.23
1544819548.27
1544819548.33
1544819548.39
1544819548.44
1544819548.48
1544819548.54
1544819548.61
1544819548.65
1544819548.69
1544819548.74
1544819548.78
1544819548.84
1544819548.88
1544819548.94
1544819549.01
1544819549.05
1544819549.1
1544819549.18
1544819549.23
1544819549.28
1544819549.33
1544819549.38
1544819549.43
1544819549.48
1544819549.53
1544819549.59
1544819549.64
1544819549.68
1544819549.75
1544819549.81
1544819549.85
1544819549.88
1544819549.93
1544819549.96
1544819550.0
1544819550.05
1544819550.1
1544819550.17
1544819550.25
1544819550.29
1544819550.35
1544819550.43
1544819550.48
1544819550.53
1544819550.59
1544819550.64
1544819550.67
1544819550.72
1544819550.77
1544819550.82
1544819550.86
1544819550.9
1544819550.95
1544819551.01
1544819551.06
1544819551.12
1544819551.16
1544819551.22
1544819551.27
1544819551.32
1544819551.38
1544819551.45
1544819551.52
1544819551.57
1544819551.63
1544819551.67
1544819551.72
1544819551.78
1544819551.85
1544819551.88
1544819551.93
1544819551.99
1544819552.07
1544819552.14
1544819552.2
1544819552.26
1544819552.32
1544819552.37
1544819552.44
1544819552.51
1544819552.57
1544819552.63
1544819552.69
1544819552.75
1544819552.82
1544819552.88
1544819552.96
1544819553.02
1544819553.08
1544819553.14
1544819553.18
1544819553.23
1544819553.29
1544819553.35
1544819553.39
1544819553.49
1544819553.55
1544819553.6
1544819553.69
1544819553.74
1544819553.78
1544819553.84
1544819553.91
1544819553.95
1544819553.98
1544819554.02
1544819554.07
1544819554.11
1544819554.15
1544819554.2
1544819554.26
1544819554.32
1544819554.37
1544819554.42
1544819554.48
1544819554.55
1544819554.59
1544819554.64
1544819554.69
1544819554.75
1544819554.79
1544819554.85
1544819554.92
1544819554.96
1544819555.0
1544819555.05
1544819555.11
1544819555.15
1544819555.19
1544819555.26
1544819555.32
1544819555.35
1544819555.39
1544819555.49
1544819555.54
1544819555.58
1544819555.62
1544819555.69
1544819555.75
1544819555.78
1544819555.84
1544819555.9
1544819555.95
1544819555.99
1544819556.05
1544819556.1
1544819556.16
1544819556.25
1544819556.32
1544819556.37
1544819556.44
1544819556.49
1544819556.56
1544819556.61
1544819556.66
1544819556.72
1544819556.76
1544819556.8
1544819556.85
1544819556.91
1544819556.95
1544819557.01
1544819557.06
1544819557.12
1544819557.18
1544819557.25
1544819557.29
1544819557.36
1544819557.45
1544819557.53
1544819557.59
1544819557.66
1544819557.73
1544819557.79
1544819557.85
1544819557.89
1544819557.96
1544819558.02
1544819558.09
1544819558.16
1544819558.24
1544819558.32
1544819558.39
1544819558.45
1544819558.49
1544819558.53
1544819558.58
1544819558.64
1544819558.67
1544819558.72
1544819558.8
1544819558.85
1544819558.9
1544819558.96
1544819559.03
1544819559.06
1544819559.11
1544819559.16
1544819559.21
1544819559.25
1544819559.29
1544819559.35
1544819559.42
1544819559.46
1544819559.5
1544819559.58
1544819559.65
1544819559.7
1544819559.77
1544819559.83
1544819559.88
1544819559.93
1544819560.01
1544819560.06
1544819560.1
1544819560.14
1544819560.18
1544819560.25
1544819560.29
1544819560.35
1544819560.42
1544819560.47
1544819560.52
1544819560.59
1544819560.64
1544819560.68
1544819560.72
1544819560.77
1544819560.82
1544819560.88
1544819560.93
1544819561.01
1544819561.06
1544819561.12
1544819561.18
1544819561.24
1544819561.28
1544819561.34
1544819561.4
1544819561.45
1544819561.49
1544819561.53
1544819561.59
1544819561.65
1544819561.69
1544819561.77
1544819561.83
1544819561.86
1544819561.91
1544819561.96
1544819562.01
1544819562.07
1544819562.12
1544819562.17
1544819562.22
1544819562.28
1544819562.35
1544819562.42
1544819562.49
1544819562.58
1544819562.66
1544819562.73
1544819562.79
1544819562.86
1544819562.93
1544819563.0
1544819563.05
1544819563.09
1544819563.13
1544819563.18
1544819563.22
1544819563.31
1544819563.4
1544819563.46
1544819563.52
1544819563.58
1544819563.65
1544819563.7
1544819563.76
1544819563.82
1544819563.86
1544819563.92
1544819563.98
1544819564.05
1544819564.12
1544819564.16
1544819564.21
1544819564.26
1544819564.32
1544819564.38
1544819564.45
1544819564.52
1544819564.56
1544819564.61
1544819564.68
1544819564.76
1544819564.82
1544819564.87
1544819564.95
1544819565.03
1544819565.06
1544819565.09
1544819565.15
1544819565.22
1544819565.26
1544819565.32
1544819565.36
1544819565.4
1544819565.45
1544819565.51
1544819565.55
1544819565.62
1544819565.68
1544819565.74
1544819565.79
1544819565.85
1544819565.9
1544819565.95
1544819565.99
1544819566.08
1544819566.14
1544819566.17
1544819566.22
1544819566.26
1544819566.32
1544819566.36
1544819566.4
1544819566.5
1544819566.55
1544819566.59
1544819566.65
1544819566.7
1544819566.75
1544819566.79
1544819566.87
1544819566.93
1544819566.97
1544819567.02
1544819567.06
1544819567.12
1544819567.16
1544819567.2
1544819567.28
1544819567.33
1544819567.37
1544819567.39
1544819567.46
1544819567.52
1544819567.56
1544819567.61
1544819567.68
1544819567.74
1544819567.78
1544819567.85
1544819567.9
1544819567.94
1544819567.98
1544819568.02
1544819568.09
1544819568.15
1544819568.19
1544819568.27
1544819568.33
1544819568.37
1544819568.43
1544819568.49
1544819568.54
1544819568.57
1544819568.64
1544819568.69
1544819568.73
1544819568.78
1544819568.82
1544819568.87
1544819568.92
1544819568.96
1544819569.0
1544819569.06
1544819569.11
1544819569.15
1544819569.19
1544819569.26
1544819569.33
1544819569.37
1544819569.42
1544819569.52
1544819569.57
1544819569.63
1544819569.71
1544819569.75
1544819569.78
1544819569.83
1544819569.88
1544819569.93
1544819569.97
1544819570.02
1544819570.06
1544819570.11
1544819570.16
1544819570.2
1544819570.25
1544819570.31
1544819570.36
1544819570.4
1544819570.45
1544819570.5
1544819570.55
1544819570.59
1544819570.65
1544819570.7
1544819570.75
1544819570.8
1544819570.86
1544819570.92
1544819570.96
1544819571.01
1544819571.12
1544819571.17
1544819571.23
1544819571.29
1544819571.37
1544819571.43
1544819571.49
1544819571.54
1544819571.59
1544819571.65
1544819571.69
1544819571.75
1544819571.8
1544819571.86
1544819571.92
1544819571.97
1544819572.03
1544819572.08
1544819572.14
1544819572.18
1544819572.26
1544819572.3
1544819572.35
1544819572.4
1544819572.46
1544819572.53
1544819572.6
1544819572.67
1544819572.74
1544819572.78
1544819572.84
1544819572.89
1544819572.96
1544819573.02
1544819573.06
1544819573.12
1544819573.17
1544819573.2
1544819573.25
1544819573.3
1544819573.35
1544819573.39
1544819573.45
1544819573.5
1544819573.56
1544819573.6
1544819573.67
1544819573.72
1544819573.76
1544819573.79
1544819573.85
1544819573.91
1544819573.95
1544819574.01
1544819574.08
1544819574.13
1544819574.18
1544819574.24
1544819574.29
1544819574.34
1544819574.39
1544819574.45
1544819574.51
1544819574.55
1544819574.59
1544819574.67
1544819574.72
1544819574.76
1544819574.81
1544819574.86
1544819574.92
1544819574.97
1544819575.01
1544819575.09
1544819575.15
1544819575.19
1544819575.28
1544819575.35
1544819575.4
1544819575.47
1544819575.55
1544819575.6
1544819575.68
1544819575.76
1544819575.82
1544819575.86
1544819575.93
1544819575.98
1544819576.06
1544819576.12
1544819576.18
1544819576.25
1544819576.32
1544819576.38
1544819576.47
1544819576.53
1544819576.58
1544819576.64
1544819576.7
1544819576.77
1544819576.85
1544819576.92
1544819576.99
1544819577.07
1544819577.14
1544819577.19
1544819577.26
1544819577.32
1544819577.36
1544819577.39
1544819577.47
1544819577.53
1544819577.58
1544819577.63
1544819577.71
1544819577.75
1544819577.82
1544819577.86
1544819577.91
1544819577.94
1544819577.98
1544819578.06
1544819578.11
1544819578.17
1544819578.21
1544819578.27
1544819578.31
1544819578.36
1544819578.39
1544819578.44
1544819578.49
1544819578.54
1544819578.6
1544819578.66
1544819578.71
1544819578.75
1544819578.79
1544819578.85
1544819578.89
1544819578.94
1544819578.99
1544819579.07
1544819579.13
1544819579.17
1544819579.24
1544819579.29
1544819579.34
1544819579.38
1544819579.44
1544819579.49
1544819579.53
1544819579.57
1544819579.62
1544819579.69
1544819579.75
1544819579.8
1544819579.86
1544819579.89
1544819579.94
1544819579.98
1544819580.03
1544819580.07
1544819580.12
1544819580.15
1544819580.21
1544819580.26
1544819580.32
1544819580.37
1544819580.42
1544819580.47
1544819580.52
1544819580.56
1544819580.61
1544819580.68
1544819580.73
1544819580.77
1544819580.8
1544819580.85
1544819580.91
1544819580.95
1544819580.98
1544819581.03
1544819581.08
1544819581.14
1544819581.2
1544819581.25
1544819581.3
1544819581.35
1544819581.39
1544819581.46
1544819581.52
1544819581.56
1544819581.6
1544819581.64
1544819581.68
1544819581.72
1544819581.77
1544819581.84
1544819581.91
1544819581.95
1544819582.0
1544819582.07
1544819582.12
1544819582.16
1544819582.21
1544819582.28
1544819582.34
1544819582.38
1544819582.45
1544819582.52
1544819582.55
1544819582.59
1544819582.64
1544819582.68
1544819582.75
1544819582.79
1544819582.84
1544819582.89
1544819582.96
1544819583.01
1544819583.08
1544819583.13
1544819583.17
1544819583.21
1544819583.28
1544819583.34
1544819583.39
1544819583.47
1544819583.55
1544819583.6
1544819583.66
1544819583.71
1544819583.76
1544819583.82
1544819583.88
1544819583.94
1544819583.98
1544819584.02
1544819584.08
1544819584.15
1544819584.21
1544819584.26
1544819584.32
1544819584.38
1544819584.45
1544819584.52
1544819584.55
1544819584.59
1544819584.65
1544819584.69
1544819584.75
1544819584.81
1544819584.85
1544819584.89
1544819584.95
1544819585.01
1544819585.05
1544819585.09
1544819585.16
1544819585.22
1544819585.25
1544819585.29
1544819585.35
1544819585.43
1544819585.47
1544819585.52
1544819585.6
1544819585.65
1544819585.69
1544819585.75
1544819585.81
1544819585.85
1544819585.89
1544819585.96
1544819586.02
1544819586.06
1544819586.1
1544819586.15
1544819586.19
1544819586.23
1544819586.27
1544819586.34
1544819586.42
1544819586.47
1544819586.52
1544819586.6
1544819586.65
1544819586.69
1544819586.74
1544819586.78
1544819586.83
1544819586.88
1544819586.96
1544819587.02
1544819587.06
1544819587.12
1544819587.18
1544819587.23
1544819587.28
1544819587.32
1544819587.38
1544819587.43
1544819587.47
1544819587.53
1544819587.6
1544819587.65
1544819587.7
1544819587.77
1544819587.84
1544819587.88
1544819587.96
1544819588.02
1544819588.06
1544819588.09
1544819588.14
1544819588.2
1544819588.24
1544819588.28
1544819588.32
1544819588.4
1544819588.45
1544819588.49
1544819588.57
1544819588.63
1544819588.67
1544819588.7
1544819588.76
1544819588.82
1544819588.86
1544819588.9
1544819588.97
1544819589.04
1544819589.08
1544819589.14
1544819589.18
1544819589.24
1544819589.27
1544819589.31
1544819589.38
1544819589.42
1544819589.46
1544819589.49
1544819589.58
1544819589.63
1544819589.68
1544819589.72
1544819589.79
1544819589.86
1544819589.9
1544819589.95
1544819590.05
1544819590.09
1544819590.15
1544819590.22
1544819590.27
1544819590.32
1544819590.38
1544819590.44
1544819590.49
1544819590.54
1544819590.58
1544819590.62
1544819590.67
1544819590.72
1544819590.77
1544819590.82
1544819590.89
1544819590.97
1544819591.03
1544819591.07
1544819591.11
1544819591.2
1544819591.27
1544819591.35
1544819591.42
1544819591.52
1544819591.59
1544819591.65
1544819591.72
1544819591.76
1544819591.8
1544819591.84
1544819591.88
1544819591.93
1544819591.97
1544819592.02
1544819592.1
1544819592.15
1544819592.19
1544819592.25
1544819592.3
1544819592.33
1544819592.37
1544819592.42
1544819592.47
1544819592.52
1544819592.56
1544819592.61
1544819592.67
1544819592.73
1544819592.77
1544819592.83
1544819592.88
1544819592.95
1544819592.99
1544819593.06
1544819593.12
1544819593.17
1544819593.21
1544819593.28
1544819593.33
1544819593.37
1544819593.42
1544819593.5
1544819593.55
1544819593.59
1544819593.65
1544819593.72
1544819593.76
1544819593.8
1544819593.88
1544819593.94
1544819593.99
1544819594.08
1544819594.13
1544819594.17
1544819594.21
1544819594.28
1544819594.33
1544819594.38
1544819594.43
1544819594.52
1544819594.56
1544819594.62
1544819594.72
1544819594.76
1544819594.84
1544819594.91
1544819594.95
1544819595.0
1544819595.08
1544819595.13
1544819595.17
1544819595.25
1544819595.3
1544819595.34
1544819595.38
1544819595.42
1544819595.49
1544819595.55
1544819595.59
1544819595.65
1544819595.72
1544819595.75
1544819595.79
1544819595.88
1544819595.92
1544819595.96
1544819596.01
1544819596.08
1544819596.14
1544819596.18
1544819596.25
1544819596.31
1544819596.36
1544819596.4
1544819596.48
1544819596.53
1544819596.59
1544819596.65
1544819596.69
1544819596.74
1544819596.8
1544819596.9
1544819596.95
1544819596.98
1544819597.04
1544819597.14
1544819597.22
1544819597.29
1544819597.37
1544819597.43
1544819597.47
1544819597.53
1544819597.61
1544819597.68
1544819597.74
1544819597.79
1544819597.85
1544819597.93
1544819598.0
1544819598.05
1544819598.12
1544819598.16
1544819598.23
1544819598.28
1544819598.34
1544819598.39
1544819598.45
1544819598.54
1544819598.61
1544819598.67
1544819598.73
1544819598.78
1544819598.83
1544819598.87
1544819598.91
1544819598.95
1544819599.0
1544819599.04
1544819599.09
1544819599.14
1544819599.19
1544819599.25
1544819599.31
1544819599.37
1544819599.43
1544819599.46
1544819599.51
1544819599.57
1544819599.64
1544819599.69
1544819599.75
1544819599.81
1544819599.86
1544819599.92
1544819599.98
1544819600.04
1544819600.08
1544819600.14
1544819600.2
1544819600.27
1544819600.34
1544819600.39
1544819600.48
1544819600.53
1544819600.59
1544819600.65
1544819600.7
1544819600.76
1544819600.83
1544819600.88
1544819600.95
1544819601.0
1544819601.06
1544819601.12
1544819601.17
1544819601.24
1544819601.29
1544819601.34
1544819601.39
1544819601.49
1544819601.54
1544819601.58
1544819601.62
1544819601.68
1544819601.75
1544819601.79
1544819601.88
1544819601.93
1544819601.98
1544819602.03
1544819602.08
1544819602.13
1544819602.18
1544819602.23
1544819602.3
1544819602.34
1544819602.37
1544819602.42
1544819602.49
1544819602.54
1544819602.58
1544819602.66
1544819602.72
1544819602.77
1544819602.82
1544819602.85
1544819602.92
1544819602.96
1544819603.02
1544819603.08
1544819603.12
1544819603.16
1544819603.2
1544819603.25
1544819603.28
1544819603.32
1544819603.37
1544819603.42
1544819603.51
1544819603.56
1544819603.64
1544819603.69
1544819603.74
1544819603.79
1544819603.83
1544819603.89
1544819603.93
1544819603.97
1544819604.01
1544819604.07
1544819604.13
1544819604.16
1544819604.2
1544819604.27
1544819604.32
1544819604.35
1544819604.39
1544819604.45
1544819604.5
1544819604.54
1544819604.58
1544819604.61
1544819604.69
1544819604.75
1544819604.79
1544819604.84
1544819604.89
1544819604.94
1544819604.98
1544819605.05
1544819605.1
1544819605.15
1544819605.19
1544819605.24
1544819605.29
1544819605.35
1544819605.39
1544819605.45
1544819605.5
1544819605.55
1544819605.58
1544819605.64
1544819605.68
1544819605.75
1544819605.79
1544819605.84
1544819605.9
1544819605.95
1544819605.99
1544819606.05
1544819606.09
1544819606.14
1544819606.17
1544819606.22
1544819606.29
1544819606.33
1544819606.37
1544819606.42
1544819606.46
1544819606.51
1544819606.55
1544819606.6
1544819606.67
1544819606.72
1544819606.76
1544819606.82
1544819606.9
1544819606.95
1544819607.0
1544819607.06
1544819607.12
1544819607.16
1544819607.2
1544819607.26
1544819607.31
1544819607.36
1544819607.39
1544819607.45
1544819607.52
1544819607.56
1544819607.61
1544819607.65
1544819607.7
1544819607.75
1544819607.8
1544819607.87
1544819607.94
1544819607.98
1544819608.06
1544819608.12
1544819608.16
1544819608.2
1544819608.25
1544819608.29
1544819608.33
1544819608.37
1544819608.41
1544819608.48
1544819608.53
1544819608.57
1544819608.66
1544819608.73
1544819608.77
1544819608.82
1544819608.89
1544819608.95
1544819608.99
1544819609.05
1544819609.11
1544819609.14
1544819609.18
1544819609.22
1544819609.28
1544819609.33
1544819609.37
1544819609.44
1544819609.52
1544819609.56
1544819609.6
1544819609.67
1544819609.72
1544819609.75
1544819609.79
1544819609.83
1544819609.88
1544819609.93
1544819609.97
1544819610.01
1544819610.08
1544819610.13
1544819610.17
1544819610.22
1544819610.29
1544819610.34
1544819610.38
1544819610.46
1544819610.52
1544819610.55
1544819610.59
1544819610.68
1544819610.73
1544819610.76
1544819610.82
1544819610.91
1544819610.95
1544819610.98
1544819611.02
1544819611.08
1544819611.15
1544819611.19
1544819611.25
1544819611.3
1544819611.35
1544819611.39
1544819611.45
1544819611.52
1544819611.55
1544819611.59
1544819611.64
1544819611.71
1544819611.74
1544819611.78
1544819611.84
1544819611.91
1544819611.95
1544819611.99
1544819612.05
1544819612.11
1544819612.17
1544819612.22
1544819612.26
1544819612.32
1544819612.37
1544819612.44
1544819612.5
1544819612.56
1544819612.64
1544819612.73
1544819612.82
1544819612.9
1544819612.99
1544819613.08
1544819613.15
1544819613.2
1544819613.27
1544819613.32
1544819613.39
1544819613.46
1544819613.54
1544819613.6
1544819613.65
1544819613.72
1544819613.77
1544819613.82
1544819613.88
1544819613.93
1544819613.97
1544819614.02
1544819614.08
1544819614.13
1544819614.16
1544819614.21
1544819614.27
1544819614.33
1544819614.37
1544819614.42
1544819614.51
1544819614.55
1544819614.6
1544819614.65
1544819614.74
1544819614.78
1544819614.82
1544819614.87
1544819614.93
1544819614.96
1544819615.0
1544819615.05
1544819615.1
1544819615.16
1544819615.21
1544819615.26
1544819615.32
1544819615.38
1544819615.45
1544819615.5
1544819615.56
1544819615.64
1544819615.7
1544819615.75
1544819615.79
1544819615.87
1544819615.92
1544819615.96
1544819616.0
1544819616.05
1544819616.11
1544819616.15
1544819616.19
1544819616.27
1544819616.33
1544819616.37
1544819616.4
1544819616.51
1544819616.55
1544819616.58
1544819616.62
1544819616.68
1544819616.73
1544819616.75
1544819616.79
1544819616.84
1544819616.92
1544819616.97
1544819617.03
1544819617.1
1544819617.15
1544819617.19
1544819617.26
1544819617.32
1544819617.35
1544819617.38
1544819617.42
1544819617.48
1544819617.54
1544819617.59
1544819617.63
1544819617.66
1544819617.7
1544819617.75
1544819617.79
1544819617.85
1544819617.9
1544819617.95
1544819617.99
1544819618.03
1544819618.07
1544819618.11
1544819618.15
1544819618.21
1544819618.25
1544819618.33
1544819618.38
1544819618.43
1544819618.48
1544819618.52
1544819618.56
1544819618.59
1544819618.67
1544819618.73
1544819618.77
1544819618.82
1544819618.87
1544819618.93
1544819618.97
1544819619.02
1544819619.08
1544819619.15
1544819619.19
1544819619.24
1544819619.29
1544819619.34
1544819619.38
1544819619.43
1544819619.48
1544819619.53
1544819619.57
1544819619.63
1544819619.69
1544819619.76
1544819619.8
1544819619.84
1544819619.88
1544819619.95
1544819619.98
1544819620.04
1544819620.08
1544819620.13
1544819620.17
1544819620.25
1544819620.31
1544819620.35
1544819620.38
1544819620.47
1544819620.55
1544819620.58
1544819620.66
1544819620.72
1544819620.76
1544819620.81
1544819620.89
1544819620.94
1544819620.97
1544819621.03
1544819621.11
1544819621.17
1544819621.22
1544819621.27
1544819621.34
1544819621.38
1544819621.45
1544819621.49
1544819621.52
1544819621.58
1544819621.65
1544819621.69
1544819621.74
1544819621.78
1544819621.83
1544819621.9
1544819621.98
1544819622.05
1544819622.12
1544819622.19
1544819622.27
1544819622.34
1544819622.42
1544819622.48
1544819622.53
1544819622.58
1544819622.63
1544819622.67
1544819622.71
1544819622.76
1544819622.83
1544819622.86
1544819622.9
1544819622.96
1544819623.01
1544819623.05
1544819623.08
1544819623.12
1544819623.18
1544819623.23
1544819623.28
1544819623.35
1544819623.4
1544819623.45
1544819623.49
1544819623.55
1544819623.59
1544819623.64
1544819623.68
1544819623.73
1544819623.8
1544819623.85
1544819623.89
1544819623.96
1544819624.02
1544819624.06
1544819624.1
1544819624.17
1544819624.22
1544819624.26
1544819624.3
1544819624.39
1544819624.44
1544819624.49
1544819624.57
1544819624.62
1544819624.67
1544819624.72
1544819624.77
1544819624.82
1544819624.86
1544819624.91
1544819625.01
1544819625.05
1544819625.09
1544819625.13
1544819625.19
1544819625.23
1544819625.27
1544819625.34
1544819625.4
1544819625.45
1544819625.49
1544819625.57
1544819625.64
1544819625.71
1544819625.78
1544819625.87
1544819625.95
1544819626.02
1544819626.1
1544819626.16
1544819626.24
1544819626.31
1544819626.37
1544819626.42
1544819626.47
1544819626.53
1544819626.58
1544819626.65
1544819626.71
1544819626.77
1544819626.84
1544819626.89
1544819626.95
1544819627.01
1544819627.07
1544819627.12
1544819627.19
1544819627.25
1544819627.32
1544819627.36
1544819627.41
1544819627.47
1544819627.55
1544819627.59
1544819627.66
1544819627.72
1544819627.77
1544819627.82
1544819627.88
1544819627.94
1544819627.99
1544819628.03
1544819628.07
1544819628.15
1544819628.19
1544819628.28
1544819628.34
1544819628.38
1544819628.45
1544819628.5
1544819628.55
1544819628.58
1544819628.64
1544819628.69
1544819628.74
1544819628.78
1544819628.81
1544819628.86
1544819628.9
1544819628.95
1544819628.98
1544819629.02
1544819629.11
1544819629.14
1544819629.19
1544819629.25
1544819629.31
1544819629.35
1544819629.39
1544819629.49
1544819629.55
1544819629.59
1544819629.65
1544819629.7
1544819629.75
1544819629.79
1544819629.85
1544819629.9
1544819629.95
1544819629.99
1544819630.07
1544819630.13
1544819630.18
1544819630.22
1544819630.28
1544819630.32
1544819630.37
1544819630.42
1544819630.47
1544819630.53
1544819630.57
1544819630.6
1544819630.66
1544819630.72
1544819630.78
1544819630.85
1544819630.9
1544819630.94
1544819630.97
1544819631.02
1544819631.08
1544819631.13
1544819631.18
1544819631.22
1544819631.31
1544819631.34
1544819631.39
1544819631.45
1544819631.52
1544819631.55
1544819631.62
1544819631.71
1544819631.75
1544819631.8
1544819631.88
1544819631.94
1544819631.99
1544819632.09
1544819632.16
1544819632.2
1544819632.26
1544819632.31
1544819632.36
1544819632.4
1544819632.49
1544819632.56
1544819632.61
1544819632.67
1544819632.72
1544819632.77
1544819632.83
1544819632.88
1544819632.94
1544819632.97
1544819633.01
1544819633.12
1544819633.18
1544819633.23
1544819633.28
1544819633.34
1544819633.38
1544819633.43
1544819633.52
1544819633.62
1544819633.71
1544819633.78
1544819633.86
1544819633.93
1544819633.99
1544819634.06
1544819634.13
1544819634.19
1544819634.28
1544819634.36
1544819634.45
1544819634.53
1544819634.59
1544819634.65
1544819634.72
1544819634.79
1544819634.85
1544819634.92
1544819634.98
1544819635.04
1544819635.1
1544819635.15
1544819635.21
1544819635.26
1544819635.33
1544819635.38
1544819635.44
1544819635.5
1544819635.55
1544819635.59
1544819635.64
1544819635.69
1544819635.75
1544819635.84
1544819635.87
1544819635.91
1544819635.98
1544819636.03
1544819636.07
1544819636.12
1544819636.17
1544819636.22
1544819636.26
1544819636.31
1544819636.37
1544819636.42
1544819636.45
1544819636.5
1544819636.55
1544819636.6
1544819636.64
1544819636.68
1544819636.72
1544819636.79
1544819636.85
1544819636.89
1544819636.95
1544819636.99
1544819637.03
1544819637.07
1544819637.11
1544819637.14
1544819637.21
1544819637.25
1544819637.28
1544819637.35
1544819637.42
1544819637.46
1544819637.52
1544819637.58
1544819637.63
1544819637.68
1544819637.72
1544819637.8
1544819637.85
1544819637.89
1544819637.99
1544819638.05
1544819638.09
1544819638.16
1544819638.26
1544819638.33
1544819638.37
1544819638.43
1544819638.54
1544819638.61
1544819638.69
1544819638.75
1544819638.8
1544819638.88
1544819638.95
1544819639.02
1544819639.07
1544819639.14
1544819639.19
1544819639.25
1544819639.33
1544819639.38
1544819639.43
1544819639.47
1544819639.51
1544819639.56
1544819639.62
1544819639.68
1544819639.74
1544819639.78
1544819639.82
1544819639.89
1544819639.94
1544819639.98
1544819640.05
1544819640.13
1544819640.17
1544819640.22
1544819640.28
1544819640.33
1544819640.37
1544819640.42
1544819640.49
1544819640.55
1544819640.59
1544819640.67
1544819640.72
1544819640.76
1544819640.79
1544819640.85
1544819640.89
1544819640.95
1544819640.99
1544819641.05
1544819641.11
1544819641.15
1544819641.19
1544819641.24
1544819641.29
1544819641.34
1544819641.38
1544819641.44
1544819641.48
1544819641.53
1544819641.57
1544819641.62
1544819641.71
1544819641.75
1544819641.79
1544819641.85
1544819641.92
1544819641.95
1544819642.0
1544819642.08
1544819642.12
1544819642.17
1544819642.2
1544819642.29
1544819642.33
1544819642.36
1544819642.41
1544819642.49
1544819642.55
1544819642.6
1544819642.65
1544819642.71
1544819642.76
1544819642.83
1544819642.89
1544819642.95
1544819642.99
1544819643.04
1544819643.1
1544819643.15
1544819643.19
1544819643.28
1544819643.33
1544819643.37
1544819643.42
1544819643.5
1544819643.55
1544819643.58
1544819643.65
1544819643.71
1544819643.75
1544819643.79
1544819643.88
1544819643.93
1544819643.97
1544819644.01
1544819644.08
1544819644.13
1544819644.16
1544819644.2
1544819644.26
1544819644.32
1544819644.36
1544819644.39
1544819644.45
1544819644.51
1544819644.54
1544819644.58
1544819644.63
1544819644.69
1544819644.74
1544819644.77
1544819644.82
1544819644.87
1544819644.92
1544819644.96
1544819644.99
1544819645.04
1544819645.09
1544819645.15
1544819645.19
1544819645.25
1544819645.33
1544819645.39
1544819645.47
1544819645.53
1544819645.58
1544819645.62
1544819645.67
1544819645.72
1544819645.77
1544819645.82
1544819645.87
1544819645.93
1544819645.97
1544819646.02
1544819646.08
1544819646.13
1544819646.17
1544819646.21
1544819646.27
1544819646.33
1544819646.4
1544819646.45
1544819646.5
1544819646.57
1544819646.62
1544819646.66
1544819646.72
1544819646.78
1544819646.84
1544819646.9
1544819646.95
1544819647.0
1544819647.04
1544819647.09
1544819647.15
1544819647.19
1544819647.25
1544819647.3
1544819647.35
1544819647.39
1544819647.45
1544819647.53
1544819647.57
1544819647.6
1544819647.64
1544819647.72
1544819647.76
1544819647.8
1544819647.86
1544819647.91
1544819647.97
1544819648.03
1544819648.08
1544819648.12
1544819648.17
1544819648.22
1544819648.29
1544819648.33
1544819648.37
1544819648.4
1544819648.48
1544819648.53
1544819648.58
1544819648.63
1544819648.67
1544819648.72
1544819648.75
1544819648.8
1544819648.89
1544819648.94
1544819648.98
1544819649.04
1544819649.09
1544819649.15
1544819649.2
1544819649.26
1544819649.32
1544819649.37
1544819649.41
1544819649.47
1544819649.51
1544819649.56
1544819649.59
1544819649.64
1544819649.7
1544819649.74
1544819649.78
1544819649.86
1544819649.91
1544819649.95
1544819650.01
1544819650.06
1544819650.1
1544819650.15
1544819650.2
1544819650.27
1544819650.32
1544819650.36
1544819650.4
1544819650.45
1544819650.51
1544819650.55
1544819650.59
1544819650.64
1544819650.72
1544819650.77
1544819650.81
1544819650.88
1544819650.93
1544819650.97
1544819651.01
1544819651.05
1544819651.1
1544819651.14
1544819651.17
1544819651.21
1544819651.25
1544819651.32
1544819651.35
1544819651.38
1544819651.43
1544819651.47
1544819651.52
1544819651.56
1544819651.59
1544819651.63
1544819651.7
1544819651.75
1544819651.78
1544819651.82
1544819651.88
1544819651.93
1544819651.96
1544819652.01
1544819652.04
1544819652.11
1544819652.16
1544819652.19
1544819652.24
1544819652.31
1544819652.35
1544819652.39
1544819652.43
1544819652.49
1544819652.54
1544819652.59
1544819652.64
1544819652.69
1544819652.74
1544819652.78
1544819652.82
1544819652.87
1544819652.92
1544819652.96
1544819653.0
1544819653.06
1544819653.11
1544819653.16
1544819653.22
1544819653.27
1544819653.33
1544819653.37
1544819653.43
1544819653.48
1544819653.54
1544819653.58
1544819653.63
1544819653.67
1544819653.71
1544819653.75
1544819653.79
1544819653.85
1544819653.9
1544819653.93
1544819653.98
1544819654.03
1544819654.08
1544819654.14
1544819654.19
1544819654.24
1544819654.29
1544819654.34
1544819654.37
1544819654.44
1544819654.49
1544819654.55
1544819654.59
1544819654.63
1544819654.67
1544819654.72
1544819654.75
1544819654.8
1544819654.85
1544819654.92
1544819654.96
1544819655.01
1544819655.07
1544819655.14
1544819655.18
1544819655.24
1544819655.29
1544819655.34
1544819655.38
1544819655.42
1544819655.47
1544819655.51
1544819655.55
1544819655.6
1544819655.64
1544819655.68
1544819655.73
1544819655.77
1544819655.83
1544819655.89
1544819655.94
1544819655.99
1544819656.05
1544819656.1
1544819656.14
1544819656.17
1544819656.22
1544819656.26
1544819656.32
1544819656.37
1544819656.43
1544819656.48
1544819656.54
1544819656.58
1544819656.64
1544819656.69
1544819656.73
1544819656.76
1544819656.8
1544819656.88
1544819656.94
1544819656.98
1544819657.02
1544819657.08
1544819657.13
1544819657.17
1544819657.2
1544819657.26
1544819657.31
1544819657.34
1544819657.37
1544819657.42
1544819657.49
1544819657.54
1544819657.57
1544819657.61
1544819657.65
1544819657.73
1544819657.77
1544819657.8
1544819657.86
1544819657.92
1544819657.96
1544819658.03
1544819658.12
1544819658.16
1544819658.21
1544819658.25
1544819658.31
1544819658.36
1544819658.39
1544819658.48
1544819658.55
1544819658.59
1544819658.66
1544819658.7
1544819658.75
1544819658.8
1544819658.86
1544819658.91
1544819658.95
1544819658.98
1544819659.08
1544819659.14
1544819659.18
1544819659.26
1544819659.32
1544819659.35
1544819659.39
1544819659.44
1544819659.49
1544819659.55
1544819659.58
1544819659.64
1544819659.68
1544819659.73
1544819659.77
1544819659.81
1544819659.88
1544819659.97
1544819660.11
1544819660.14
1544819660.18
1544819660.23
1544819660.29
1544819660.36
1544819660.41
1544819660.46
1544819660.51
1544819660.57
1544819660.63
1544819660.68
1544819660.73
1544819660.78
1544819660.84
1544819660.9
1544819660.96
1544819661.02
1544819661.08
1544819661.16
1544819661.23
1544819661.26
1544819661.3
1544819661.35
1544819661.42
1544819661.47
1544819661.52
1544819661.57
1544819661.65
1544819661.7
1544819661.75
1544819661.8
1544819661.85
1544819661.93
1544819662.03
1544819662.07
1544819662.15
1544819662.22
1544819662.28
1544819662.36
1544819662.41
1544819662.51
1544819662.58
1544819662.66
1544819662.76
1544819662.84
1544819662.92
1544819662.98
1544819663.04
1544819663.13
1544819663.21
1544819663.3
1544819663.37
1544819663.47
1544819663.52
1544819663.56
1544819663.61
1544819663.66
1544819663.71
1544819663.74
1544819663.82
1544819663.87
1544819663.92
1544819664.0
1544819664.06
1544819664.1
1544819664.17
1544819664.21
1544819664.25
1544819664.29
1544819664.35
1544819664.39
1544819664.44
1544819664.48
1544819664.54
1544819664.6
1544819664.64
1544819664.68
1544819664.71
1544819664.76
1544819664.81
1544819664.84
1544819664.88
1544819664.93
1544819664.99
1544819665.05
1544819665.09
1544819665.15
1544819665.22
1544819665.25
1544819665.29
1544819665.33
1544819665.37
1544819665.43
1544819665.47
1544819665.51
1544819665.56
1544819665.6
1544819665.64
1544819665.68
1544819665.73
1544819665.78
1544819665.85
1544819665.89
1544819665.94
1544819665.99
1544819666.04
1544819666.08
1544819666.12
1544819666.17
1544819666.24
1544819666.28
1544819666.33
1544819666.37
1544819666.42
1544819666.45
1544819666.49
1544819666.54
1544819666.58
1544819666.64
1544819666.68
1544819666.74
1544819666.81
1544819666.86
1544819666.9
1544819666.97
1544819667.03
1544819667.07
1544819667.13
1544819667.21
1544819667.26
1544819667.31
1544819667.38
1544819667.44
1544819667.49
1544819667.54
1544819667.59
1544819667.65
1544819667.71
1544819667.81
1544819667.87
1544819667.91
1544819667.96
1544819668.02
1544819668.07
1544819668.12
1544819668.17
1544819668.23
1544819668.27
1544819668.31
1544819668.37
1544819668.43
1544819668.48
1544819668.53
1544819668.57
1544819668.62
1544819668.66
1544819668.69
1544819668.73
1544819668.77
1544819668.83
1544819668.87
1544819668.91
1544819668.98
1544819669.02
1544819669.06
1544819669.09
1544819669.14
1544819669.2
1544819669.25
1544819669.31
1544819669.38
1544819669.44
1544819669.48
1544819669.53
1544819669.59
1544819669.64
1544819669.68
1544819669.73
1544819669.76
1544819669.81
1544819669.85
1544819669.89
1544819669.94
1544819669.98
1544819670.02
1544819670.06
1544819670.1
1544819670.17
1544819670.25
1544819670.33
1544819670.41
1544819670.49
1544819670.59
1544819670.65
1544819670.68
1544819670.72
1544819670.8
1544819670.87
1544819670.94
1544819671.01
1544819671.05
1544819671.09
1544819671.16
1544819671.24
1544819671.31
1544819671.38
1544819671.47
1544819671.54
1544819671.57
1544819671.62
1544819671.67
1544819671.74
1544819671.8
1544819671.85
1544819671.89
1544819671.96
1544819672.02
1544819672.06
1544819672.11
1544819672.17
1544819672.22
1544819672.25
1544819672.29
1544819672.35
1544819672.42
1544819672.47
1544819672.51
1544819672.58
1544819672.62
1544819672.68
1544819672.73
1544819672.81
1544819672.86
1544819672.89
1544819672.97
1544819673.01
1544819673.06
1544819673.09
1544819673.13
1544819673.22
1544819673.27
1544819673.31
1544819673.38
1544819673.44
1544819673.48
1544819673.52
1544819673.59
1544819673.63
1544819673.67
1544819673.72
1544819673.78
1544819673.84
1544819673.87
1544819673.93
1544819673.98
1544819674.03
1544819674.07
1544819674.12
1544819674.19
1544819674.26
1544819674.31
1544819674.35
1544819674.38
1544819674.43
1544819674.49
1544819674.57
1544819674.65
1544819674.72
1544819674.78
1544819674.83
1544819674.87
1544819674.92
1544819675.0
1544819675.07
1544819675.12
1544819675.19
1544819675.26
1544819675.34
1544819675.42
1544819675.52
1544819675.57
1544819675.63
1544819675.69
1544819675.75
1544819675.8
1544819675.89
1544819675.95
1544819676.01
1544819676.06
1544819676.12
1544819676.17
1544819676.22
1544819676.27
1544819676.32
1544819676.37
1544819676.43
1544819676.48
