1544822707.33
1544822707.9
1544822708.14
1544822708.32
1544822708.5
1544822708.69
1544822708.86
1544822709.02
1544822709.17
1544822709.32
1544822709.46
1544822709.64
1544822709.79
1544822709.92
1544822710.07
1544822710.32
1544822710.54
1544822710.78
1544822711.01
1544822711.24
1544822711.45
1544822711.65
1544822711.88
1544822712.09
1544822712.42
1544822712.6
1544822712.88
1544822713.11
1544822713.34
1544822713.6
1544822713.85
1544822714.03
1544822714.19
1544822714.33
1544822714.48
1544822714.57
1544822714.67
1544822714.72
1544822714.85
1544822714.93
1544822715.03
1544822715.13
1544822715.24
1544822715.32
1544822715.42
1544822715.52
1544822715.61
1544822715.7
1544822715.78
1544822715.86
1544822715.93
1544822716.01
1544822716.09
1544822716.17
1544822716.25
1544822716.32
1544822716.42
1544822716.52
1544822716.61
1544822716.7
1544822716.79
1544822716.87
1544822716.98
1544822717.06
1544822717.14
1544822717.24
1544822717.34
1544822717.43
1544822717.54
1544822717.65
1544822717.74
1544822717.85
1544822717.93
1544822718.01
1544822718.11
1544822718.21
1544822718.3
1544822718.38
1544822718.46
1544822718.59
1544822718.69
1544822718.78
1544822718.87
1544822718.95
1544822719.01
1544822719.05
1544822719.11
1544822719.19
1544822719.27
1544822719.35
1544822719.42
1544822719.49
1544822719.58
1544822719.64
1544822719.71
1544822719.8
1544822719.89
1544822719.95
1544822720.06
1544822720.15
1544822720.25
1544822720.32
1544822720.42
1544822720.5
1544822720.61
1544822720.69
1544822720.78
1544822720.89
1544822720.98
1544822721.07
1544822721.15
1544822721.22
1544822721.31
1544822721.4
1544822721.46
1544822721.53
1544822721.6
1544822721.67
1544822721.73
1544822721.8
1544822721.87
1544822721.92
1544822721.99
1544822722.06
1544822722.12
1544822722.19
1544822722.26
1544822722.32
1544822722.41
1544822722.5
1544822722.6
1544822722.71
1544822722.81
1544822722.89
1544822722.94
1544822723.04
1544822723.1
1544822723.22
1544822723.29
1544822723.43
1544822723.5
1544822723.58
1544822723.69
1544822723.77
1544822723.85
1544822723.89
1544822723.95
1544822724.08
1544822724.18
1544822724.28
1544822724.34
1544822724.44
1544822724.49
1544822724.56
1544822724.65
1544822724.72
1544822724.8
1544822724.86
1544822724.92
1544822724.96
1544822725.02
1544822725.08
1544822725.12
1544822725.2
1544822725.26
1544822725.31
1544822725.36
1544822725.42
1544822725.49
1544822725.52
1544822725.59
1544822725.64
1544822725.7
1544822725.75
1544822725.81
1544822725.87
1544822725.92
1544822725.99
1544822726.05
1544822726.11
1544822726.17
1544822726.22
1544822726.29
1544822726.34
1544822726.41
1544822726.48
1544822726.55
1544822726.6
1544822726.65
1544822726.7
1544822726.75
1544822726.81
1544822726.87
1544822726.91
1544822726.97
1544822727.02
1544822727.08
1544822727.13
1544822727.21
1544822727.29
1544822727.34
1544822727.4
1544822727.46
1544822727.56
1544822727.65
1544822727.71
1544822727.78
1544822727.84
1544822727.89
1544822727.94
1544822727.99
1544822728.05
1544822728.15
1544822728.23
1544822728.31
1544822728.4
1544822728.5
1544822728.58
1544822728.68
1544822728.75
1544822728.82
1544822728.9
1544822728.98
1544822729.05
1544822729.11
1544822729.18
1544822729.26
1544822729.32
1544822729.4
1544822729.45
1544822729.56
1544822729.62
1544822729.72
1544822729.79
1544822729.86
1544822729.92
1544822729.98
1544822730.02
1544822730.11
1544822730.18
1544822730.25
1544822730.31
1544822730.39
1544822730.44
1544822730.51
1544822730.56
1544822730.62
1544822730.7
1544822730.75
1544822730.84
1544822730.91
1544822730.97
1544822731.03
1544822731.09
1544822731.16
1544822731.21
1544822731.33
1544822731.42
1544822731.5
1544822731.59
1544822731.66
1544822731.76
1544822731.81
1544822731.87
1544822731.96
1544822732.03
1544822732.11
1544822732.2
1544822732.28
1544822732.33
1544822732.4
1544822732.53
1544822732.63
1544822732.71
1544822732.8
1544822732.93
1544822733.06
1544822733.11
1544822733.23
1544822733.31
1544822733.4
1544822733.47
1544822733.54
1544822733.6
1544822733.67
1544822733.73
1544822733.8
1544822733.85
1544822733.91
1544822733.96
1544822734.02
1544822734.09
1544822734.14
1544822734.19
1544822734.26
1544822734.32
1544822734.4
1544822734.46
1544822734.52
1544822734.58
1544822734.63
1544822734.72
1544822734.8
1544822734.87
1544822734.93
1544822735.01
1544822735.08
1544822735.14
1544822735.21
1544822735.28
1544822735.33
1544822735.4
1544822735.47
1544822735.54
1544822735.62
1544822735.68
1544822735.74
1544822735.81
1544822735.88
1544822735.95
1544822736.02
1544822736.09
1544822736.15
1544822736.21
1544822736.28
1544822736.33
1544822736.4
1544822736.48
1544822736.55
1544822736.62
1544822736.7
1544822736.75
1544822736.82
1544822736.87
1544822736.92
1544822736.96
1544822737.0
1544822737.04
1544822737.09
1544822737.12
1544822737.16
1544822737.2
1544822737.24
1544822737.28
1544822737.31
1544822737.35
1544822737.4
1544822737.47
1544822737.5
1544822737.53
1544822737.6
1544822737.66
1544822737.7
1544822737.75
1544822737.82
1544822737.86
1544822737.9
1544822737.94
1544822738.01
1544822738.06
1544822738.1
1544822738.13
1544822738.2
1544822738.25
1544822738.29
1544822738.32
1544822738.36
1544822738.43
1544822738.48
1544822738.52
1544822738.58
1544822738.63
1544822738.68
1544822738.71
1544822738.78
1544822738.83
1544822738.88
1544822738.92
1544822738.99
1544822739.04
1544822739.09
1544822739.12
1544822739.16
1544822739.2
1544822739.23
1544822739.28
1544822739.31
1544822739.36
1544822739.43
1544822739.48
1544822739.52
1544822739.55
1544822739.61
1544822739.65
1544822739.69
1544822739.73
1544822739.77
1544822739.83
1544822739.89
1544822739.94
1544822739.99
1544822740.03
1544822740.07
1544822740.11
1544822740.14
1544822740.22
1544822740.27
1544822740.31
1544822740.34
1544822740.4
1544822740.46
1544822740.5
1544822740.54
1544822740.6
1544822740.65
1544822740.69
1544822740.73
1544822740.8
1544822740.84
1544822740.88
1544822740.92
1544822740.95
1544822741.02
1544822741.06
1544822741.1
1544822741.13
1544822741.18
1544822741.23
1544822741.28
1544822741.32
1544822741.37
1544822741.42
1544822741.47
1544822741.51
1544822741.58
1544822741.63
1544822741.69
1544822741.73
1544822741.79
1544822741.85
1544822741.91
1544822741.99
1544822742.05
1544822742.11
1544822742.16
1544822742.21
1544822742.27
1544822742.3
1544822742.35
1544822742.42
1544822742.46
1544822742.5
1544822742.54
1544822742.61
1544822742.66
1544822742.7
1544822742.73
1544822742.76
1544822742.81
1544822742.86
1544822742.89
1544822742.93
1544822743.0
1544822743.05
1544822743.1
1544822743.13
1544822743.19
1544822743.25
1544822743.3
1544822743.33
1544822743.38
1544822743.44
1544822743.49
1544822743.53
1544822743.59
1544822743.64
1544822743.68
1544822743.72
1544822743.76
1544822743.8
1544822743.84
1544822743.88
1544822743.93
1544822743.98
1544822744.02
1544822744.06
1544822744.11
1544822744.17
1544822744.22
1544822744.27
1544822744.33
1544822744.39
1544822744.44
1544822744.49
1544822744.54
1544822744.6
1544822744.65
1544822744.7
1544822744.75
1544822744.8
1544822744.84
1544822744.9
1544822744.94
1544822744.99
1544822745.03
1544822745.07
1544822745.11
1544822745.16
1544822745.21
1544822745.25
1544822745.3
1544822745.35
1544822745.39
1544822745.45
1544822745.5
1544822745.55
1544822745.6
1544822745.65
1544822745.7
1544822745.76
1544822745.81
1544822745.87
1544822745.92
1544822745.98
1544822746.03
1544822746.09
1544822746.16
1544822746.21
1544822746.26
1544822746.3
1544822746.36
1544822746.41
1544822746.47
1544822746.52
1544822746.56
1544822746.61
1544822746.65
1544822746.7
1544822746.76
1544822746.82
1544822746.89
1544822746.93
1544822746.98
1544822747.01
1544822747.08
1544822747.14
1544822747.19
1544822747.24
1544822747.29
1544822747.34
1544822747.4
1544822747.46
1544822747.51
1544822747.56
1544822747.61
1544822747.68
1544822747.73
1544822747.8
1544822747.86
1544822747.91
1544822747.98
1544822748.03
1544822748.1
1544822748.17
1544822748.22
1544822748.28
1544822748.34
1544822748.39
1544822748.45
1544822748.49
1544822748.53
1544822748.58
1544822748.62
1544822748.66
1544822748.71
1544822748.76
1544822748.8
1544822748.84
1544822748.89
1544822748.93
1544822748.98
1544822749.03
1544822749.07
1544822749.13
1544822749.18
1544822749.21
1544822749.27
1544822749.37
1544822749.45
1544822749.49
1544822749.56
1544822749.61
1544822749.67
1544822749.71
1544822749.75
1544822749.8
1544822749.85
1544822749.89
1544822749.93
1544822749.97
1544822750.01
1544822750.05
1544822750.1
1544822750.14
1544822750.2
1544822750.25
1544822750.28
1544822750.32
1544822750.37
1544822750.43
1544822750.49
1544822750.57
1544822750.63
1544822750.69
1544822750.73
1544822750.78
1544822750.84
1544822750.9
1544822750.94
1544822750.98
1544822751.02
1544822751.07
1544822751.1
1544822751.13
1544822751.16
1544822751.22
1544822751.27
1544822751.3
1544822751.34
1544822751.38
1544822751.42
1544822751.47
1544822751.5
1544822751.54
1544822751.58
1544822751.62
1544822751.67
1544822751.7
1544822751.74
1544822751.79
1544822751.85
1544822751.88
1544822751.92
1544822751.96
1544822752.01
1544822752.05
1544822752.09
1544822752.13
1544822752.18
1544822752.23
1544822752.29
1544822752.33
1544822752.38
1544822752.46
1544822752.5
1544822752.53
1544822752.57
1544822752.62
1544822752.68
1544822752.73
1544822752.78
1544822752.83
1544822752.88
1544822752.92
1544822752.98
1544822753.04
1544822753.09
1544822753.13
1544822753.18
1544822753.22
1544822753.26
1544822753.29
1544822753.34
1544822753.39
1544822753.44
1544822753.47
1544822753.51
1544822753.57
1544822753.62
1544822753.66
1544822753.7
1544822753.74
1544822753.79
1544822753.83
1544822753.87
1544822753.9
1544822753.96
1544822754.02
1544822754.07
1544822754.1
1544822754.13
1544822754.21
1544822754.27
1544822754.31
1544822754.37
1544822754.43
1544822754.48
1544822754.51
1544822754.57
1544822754.61
1544822754.66
1544822754.7
1544822754.74
1544822754.78
1544822754.82
1544822754.87
1544822754.9
1544822754.94
1544822755.01
1544822755.05
1544822755.09
1544822755.12
1544822755.16
1544822755.22
1544822755.28
1544822755.31
1544822755.38
1544822755.43
1544822755.49
1544822755.52
1544822755.57
1544822755.61
1544822755.67
1544822755.71
1544822755.76
1544822755.8
1544822755.85
1544822755.9
1544822755.95
1544822756.01
1544822756.06
1544822756.1
1544822756.15
1544822756.21
1544822756.26
1544822756.3
1544822756.36
1544822756.42
1544822756.47
1544822756.51
1544822756.55
1544822756.62
1544822756.68
1544822756.71
1544822756.75
1544822756.79
1544822756.85
1544822756.88
1544822756.92
1544822756.98
1544822757.04
1544822757.09
1544822757.12
1544822757.16
1544822757.22
1544822757.26
1544822757.3
1544822757.34
1544822757.4
1544822757.45
1544822757.5
1544822757.54
1544822757.6
1544822757.65
1544822757.68
1544822757.72
1544822757.76
1544822757.81
1544822757.86
1544822757.89
1544822757.92
1544822757.98
1544822758.04
1544822758.08
1544822758.12
1544822758.16
1544822758.23
1544822758.27
1544822758.31
1544822758.34
1544822758.41
1544822758.47
1544822758.51
1544822758.55
1544822758.63
1544822758.68
1544822758.72
1544822758.76
1544822758.85
1544822758.89
1544822758.93
1544822758.99
1544822759.05
1544822759.08
1544822759.12
1544822759.16
1544822759.2
1544822759.23
1544822759.27
1544822759.3
1544822759.33
1544822759.4
1544822759.45
1544822759.49
1544822759.53
1544822759.58
1544822759.63
1544822759.68
1544822759.71
1544822759.76
1544822759.81
1544822759.87
1544822759.92
1544822759.98
1544822760.03
1544822760.08
1544822760.13
1544822760.18
1544822760.25
1544822760.29
1544822760.33
1544822760.37
1544822760.42
1544822760.47
1544822760.5
1544822760.53
1544822760.58
1544822760.62
1544822760.66
1544822760.69
1544822760.72
1544822760.77
1544822760.82
1544822760.87
1544822760.91
1544822760.94
1544822761.0
1544822761.05
1544822761.08
1544822761.11
1544822761.15
1544822761.2
1544822761.26
1544822761.31
1544822761.35
1544822761.43
1544822761.48
1544822761.52
1544822761.56
1544822761.62
1544822761.67
1544822761.71
1544822761.76
1544822761.8
1544822761.85
1544822761.88
1544822761.93
1544822761.99
1544822762.04
1544822762.1
1544822762.14
1544822762.19
1544822762.23
1544822762.28
1544822762.35
1544822762.39
1544822762.48
1544822762.53
1544822762.6
1544822762.65
1544822762.72
1544822762.77
1544822762.81
1544822762.84
1544822762.9
1544822762.95
1544822763.0
1544822763.06
1544822763.11
1544822763.18
1544822763.23
1544822763.3
1544822763.36
1544822763.44
1544822763.49
1544822763.53
1544822763.59
1544822763.63
1544822763.68
1544822763.71
1544822763.74
1544822763.81
1544822763.87
1544822763.91
1544822763.95
1544822764.02
1544822764.07
1544822764.11
1544822764.19
1544822764.25
1544822764.29
1544822764.31
1544822764.37
1544822764.41
1544822764.45
1544822764.49
1544822764.52
1544822764.6
1544822764.66
1544822764.69
1544822764.73
1544822764.78
1544822764.85
1544822764.89
1544822764.93
1544822764.98
1544822765.02
1544822765.08
1544822765.11
1544822765.16
1544822765.19
1544822765.23
1544822765.27
1544822765.3
1544822765.33
1544822765.39
1544822765.43
1544822765.48
1544822765.51
1544822765.55
1544822765.61
1544822765.65
1544822765.69
1544822765.73
1544822765.81
1544822765.86
1544822765.9
1544822765.93
1544822766.0
1544822766.06
1544822766.1
1544822766.14
1544822766.2
1544822766.26
1544822766.29
1544822766.33
1544822766.38
1544822766.45
1544822766.5
1544822766.55
1544822766.61
1544822766.67
1544822766.72
1544822766.78
1544822766.84
1544822766.89
1544822766.95
1544822766.99
1544822767.02
1544822767.08
1544822767.13
1544822767.19
1544822767.22
1544822767.31
1544822767.36
1544822767.4
1544822767.44
1544822767.5
1544822767.55
1544822767.59
1544822767.63
1544822767.66
1544822767.72
1544822767.77
1544822767.81
1544822767.84
1544822767.89
1544822767.93
1544822767.96
1544822768.0
1544822768.04
1544822768.11
1544822768.15
1544822768.19
1544822768.23
1544822768.29
1544822768.35
1544822768.39
1544822768.43
1544822768.5
1544822768.55
1544822768.6
1544822768.65
1544822768.71
1544822768.76
1544822768.8
1544822768.83
1544822768.88
1544822768.92
1544822768.97
1544822769.01
1544822769.06
1544822769.13
1544822769.18
1544822769.23
1544822769.28
1544822769.33
1544822769.38
1544822769.43
1544822769.49
1544822769.56
1544822769.59
1544822769.62
1544822769.68
1544822769.73
1544822769.78
1544822769.82
1544822769.88
1544822769.94
1544822769.99
1544822770.03
1544822770.09
1544822770.14
1544822770.18
1544822770.23
1544822770.28
1544822770.35
1544822770.39
1544822770.42
1544822770.49
1544822770.54
1544822770.58
1544822770.62
1544822770.68
1544822770.73
1544822770.78
1544822770.82
1544822770.88
1544822770.93
1544822770.99
1544822771.02
1544822771.07
1544822771.12
1544822771.17
1544822771.21
1544822771.25
1544822771.31
1544822771.36
1544822771.41
1544822771.44
1544822771.5
1544822771.55
1544822771.59
1544822771.64
1544822771.7
1544822771.76
1544822771.8
1544822771.84
1544822771.9
1544822771.95
1544822772.0
1544822772.05
1544822772.14
1544822772.19
1544822772.23
1544822772.28
1544822772.32
1544822772.36
1544822772.41
1544822772.45
1544822772.5
1544822772.56
1544822772.6
1544822772.66
1544822772.72
1544822772.78
1544822772.82
1544822772.87
1544822772.95
1544822772.99
1544822773.04
1544822773.1
1544822773.16
1544822773.2
1544822773.23
1544822773.3
1544822773.36
1544822773.4
1544822773.46
1544822773.52
1544822773.56
1544822773.59
1544822773.63
1544822773.69
1544822773.75
1544822773.8
1544822773.83
1544822773.89
1544822773.95
1544822773.99
1544822774.03
1544822774.09
1544822774.14
1544822774.18
1544822774.22
1544822774.26
1544822774.32
1544822774.36
1544822774.4
1544822774.44
1544822774.49
1544822774.56
1544822774.59
1544822774.62
1544822774.68
1544822774.74
1544822774.77
1544822774.8
1544822774.85
1544822774.93
1544822774.98
1544822775.03
1544822775.11
1544822775.16
1544822775.2
1544822775.25
1544822775.33
1544822775.39
1544822775.43
1544822775.5
1544822775.57
1544822775.61
1544822775.66
1544822775.73
1544822775.77
1544822775.81
1544822775.84
1544822775.9
1544822775.94
1544822775.98
1544822776.02
1544822776.06
1544822776.11
1544822776.17
1544822776.2
1544822776.24
1544822776.32
1544822776.38
1544822776.43
1544822776.49
1544822776.54
1544822776.57
1544822776.61
1544822776.64
1544822776.7
1544822776.75
1544822776.79
1544822776.83
1544822776.92
1544822776.96
1544822777.0
1544822777.04
1544822777.11
1544822777.15
1544822777.19
1544822777.22
1544822777.28
1544822777.34
1544822777.39
1544822777.43
1544822777.49
1544822777.54
1544822777.59
1544822777.62
1544822777.68
1544822777.73
1544822777.77
1544822777.81
1544822777.88
1544822777.93
1544822777.99
1544822778.03
1544822778.1
1544822778.15
1544822778.19
1544822778.23
1544822778.27
1544822778.31
1544822778.35
1544822778.39
1544822778.42
1544822778.46
1544822778.51
1544822778.56
1544822778.6
1544822778.64
1544822778.71
1544822778.78
1544822778.82
1544822778.88
1544822778.94
1544822778.99
1544822779.05
1544822779.09
1544822779.14
1544822779.18
1544822779.23
1544822779.28
1544822779.33
1544822779.39
1544822779.44
1544822779.49
1544822779.55
1544822779.6
1544822779.67
1544822779.71
1544822779.75
1544822779.79
1544822779.83
1544822779.88
1544822779.93
1544822779.98
1544822780.03
1544822780.09
1544822780.13
1544822780.19
1544822780.23
1544822780.28
1544822780.31
1544822780.36
1544822780.4
1544822780.47
1544822780.52
1544822780.59
1544822780.65
1544822780.69
1544822780.73
1544822780.79
1544822780.84
1544822780.88
1544822780.93
1544822780.99
1544822781.04
1544822781.09
1544822781.12
1544822781.19
1544822781.25
1544822781.31
1544822781.4
1544822781.46
1544822781.51
1544822781.57
1544822781.62
1544822781.69
1544822781.74
1544822781.79
1544822781.83
1544822781.9
1544822781.96
1544822781.99
1544822782.03
1544822782.06
1544822782.12
1544822782.16
1544822782.2
1544822782.24
1544822782.29
1544822782.35
1544822782.39
1544822782.43
1544822782.49
1544822782.54
1544822782.58
1544822782.62
1544822782.66
1544822782.71
1544822782.76
1544822782.79
1544822782.83
1544822782.87
1544822782.92
1544822782.97
1544822783.0
1544822783.05
1544822783.1
1544822783.15
1544822783.19
1544822783.22
1544822783.28
1544822783.32
1544822783.36
1544822783.4
1544822783.44
1544822783.49
1544822783.54
1544822783.58
1544822783.63
1544822783.67
1544822783.72
1544822783.77
1544822783.81
1544822783.86
1544822783.9
1544822783.96
1544822784.0
1544822784.03
1544822784.08
1544822784.13
1544822784.17
1544822784.2
1544822784.25
1544822784.33
1544822784.37
1544822784.4
1544822784.44
1544822784.49
1544822784.53
1544822784.57
1544822784.61
1544822784.66
1544822784.71
1544822784.76
1544822784.8
1544822784.84
1544822784.95
1544822784.99
1544822785.03
1544822785.09
1544822785.14
1544822785.18
1544822785.21
1544822785.26
1544822785.32
1544822785.37
1544822785.41
1544822785.47
1544822785.53
1544822785.57
1544822785.61
1544822785.65
1544822785.7
1544822785.76
1544822785.79
1544822785.83
1544822785.88
1544822785.92
1544822785.98
1544822786.01
1544822786.08
1544822786.13
1544822786.18
1544822786.22
1544822786.27
1544822786.34
1544822786.38
1544822786.42
1544822786.46
1544822786.49
1544822786.52
1544822786.58
1544822786.62
1544822786.65
1544822786.68
1544822786.72
1544822786.76
1544822786.79
1544822786.82
1544822786.86
1544822786.9
1544822786.93
1544822786.97
1544822787.01
1544822787.04
1544822787.09
1544822787.13
1544822787.17
1544822787.2
1544822787.24
1544822787.28
1544822787.31
1544822787.36
1544822787.39
1544822787.43
1544822787.46
1544822787.5
1544822787.54
1544822787.58
1544822787.61
1544822787.65
1544822787.69
1544822787.72
1544822787.75
1544822787.79
1544822787.82
1544822787.87
1544822787.91
1544822787.95
1544822787.98
1544822788.01
1544822788.05
1544822788.1
1544822788.14
1544822788.18
1544822788.21
1544822788.25
1544822788.28
1544822788.32
1544822788.36
1544822788.39
1544822788.42
1544822788.46
1544822788.5
1544822788.54
1544822788.58
1544822788.61
1544822788.65
1544822788.71
1544822788.76
1544822788.8
1544822788.83
1544822788.88
1544822788.92
1544822788.96
1544822789.0
1544822789.03
1544822789.06
1544822789.1
1544822789.13
1544822789.17
1544822789.2
1544822789.24
1544822789.28
1544822789.33
1544822789.37
1544822789.4
1544822789.44
1544822789.49
1544822789.53
1544822789.57
1544822789.6
1544822789.63
1544822789.68
1544822789.73
1544822789.77
1544822789.8
1544822789.83
1544822789.89
1544822789.95
1544822789.98
1544822790.01
1544822790.05
1544822790.1
1544822790.15
1544822790.17
1544822790.21
1544822790.24
1544822790.29
1544822790.33
1544822790.36
1544822790.39
1544822790.42
1544822790.46
1544822790.5
1544822790.54
1544822790.58
1544822790.6
1544822790.63
1544822790.68
1544822790.73
1544822790.77
1544822790.8
1544822790.83
1544822790.88
1544822790.91
1544822790.96
1544822790.99
1544822791.03
1544822791.08
1544822791.12
1544822791.16
1544822791.19
1544822791.23
1544822791.28
1544822791.31
1544822791.37
1544822791.4
1544822791.43
1544822791.47
1544822791.51
1544822791.55
1544822791.59
1544822791.62
1544822791.66
1544822791.73
1544822791.79
1544822791.83
1544822791.88
1544822791.92
1544822791.97
1544822792.0
1544822792.03
1544822792.1
1544822792.15
1544822792.18
1544822792.22
1544822792.28
1544822792.33
1544822792.4
1544822792.45
1544822792.51
1544822792.56
1544822792.61
1544822792.67
1544822792.72
1544822792.78
1544822792.83
1544822792.88
1544822792.91
1544822792.95
1544822793.0
1544822793.06
1544822793.11
1544822793.17
1544822793.22
1544822793.28
1544822793.33
1544822793.39
1544822793.44
1544822793.49
1544822793.53
1544822793.58
1544822793.63
1544822793.68
1544822793.73
1544822793.78
1544822793.84
1544822793.89
1544822793.93
1544822793.98
1544822794.03
1544822794.09
1544822794.15
1544822794.2
1544822794.27
1544822794.32
1544822794.38
1544822794.44
1544822794.5
1544822794.57
1544822794.62
1544822794.69
1544822794.75
1544822794.8
1544822794.84
1544822794.89
1544822794.95
1544822795.01
1544822795.06
1544822795.12
1544822795.18
1544822795.24
1544822795.29
1544822795.35
1544822795.41
1544822795.48
1544822795.54
1544822795.6
1544822795.66
1544822795.71
1544822795.75
1544822795.8
1544822795.84
1544822795.9
1544822795.93
1544822795.98
1544822796.03
1544822796.08
1544822796.13
1544822796.21
1544822796.27
1544822796.31
1544822796.36
1544822796.43
1544822796.48
1544822796.52
1544822796.55
1544822796.61
1544822796.65
1544822796.69
1544822796.73
1544822796.82
1544822796.87
1544822796.91
1544822796.98
1544822797.05
1544822797.1
1544822797.15
1544822797.2
1544822797.25
1544822797.29
1544822797.33
1544822797.4
1544822797.45
1544822797.5
1544822797.53
1544822797.61
1544822797.67
1544822797.7
1544822797.74
1544822797.78
1544822797.82
1544822797.87
1544822797.91
1544822797.95
1544822798.01
1544822798.07
1544822798.11
1544822798.17
1544822798.22
1544822798.26
1544822798.31
1544822798.36
1544822798.41
1544822798.46
1544822798.51
1544822798.55
1544822798.61
1544822798.66
1544822798.7
1544822798.73
1544822798.79
1544822798.85
1544822798.89
1544822798.92
1544822798.96
1544822799.03
1544822799.07
1544822799.11
1544822799.15
1544822799.22
1544822799.28
1544822799.31
1544822799.34
1544822799.38
1544822799.43
1544822799.46
1544822799.5
1544822799.55
1544822799.59
1544822799.63
1544822799.68
1544822799.71
1544822799.76
1544822799.82
1544822799.88
1544822799.91
1544822799.95
1544822800.01
1544822800.06
1544822800.1
1544822800.14
1544822800.19
1544822800.26
1544822800.29
1544822800.33
1544822800.37
1544822800.42
1544822800.46
1544822800.5
1544822800.53
1544822800.58
1544822800.63
1544822800.67
1544822800.71
1544822800.75
1544822800.79
1544822800.86
1544822800.9
1544822800.93
1544822801.0
1544822801.07
1544822801.11
1544822801.15
1544822801.21
1544822801.27
1544822801.31
1544822801.36
1544822801.4
1544822801.45
1544822801.49
1544822801.53
1544822801.57
1544822801.61
1544822801.65
1544822801.7
1544822801.74
1544822801.81
1544822801.86
1544822801.89
1544822801.92
1544822801.97
1544822802.01
1544822802.06
1544822802.1
1544822802.13
1544822802.18
1544822802.22
1544822802.28
1544822802.32
1544822802.35
1544822802.38
1544822802.44
1544822802.48
1544822802.52
1544822802.56
1544822802.61
1544822802.66
1544822802.7
1544822802.75
1544822802.82
1544822802.86
1544822802.9
1544822802.94
1544822803.03
1544822803.08
1544822803.12
1544822803.17
1544822803.23
1544822803.28
1544822803.31
1544822803.36
1544822803.39
1544822803.42
1544822803.48
1544822803.52
1544822803.56
1544822803.63
1544822803.69
1544822803.72
1544822803.75
1544822803.79
1544822803.83
1544822803.87
1544822803.91
1544822803.94
1544822804.02
1544822804.06
1544822804.1
1544822804.15
1544822804.19
1544822804.26
1544822804.32
1544822804.38
1544822804.42
1544822804.46
1544822804.51
1544822804.56
1544822804.62
1544822804.68
1544822804.74
1544822804.8
1544822804.85
1544822804.89
1544822804.92
1544822804.97
1544822805.01
1544822805.07
1544822805.13
1544822805.18
1544822805.24
1544822805.29
1544822805.35
1544822805.4
1544822805.46
1544822805.51
1544822805.57
1544822805.63
1544822805.68
1544822805.74
1544822805.81
1544822805.88
1544822805.94
1544822806.01
1544822806.08
1544822806.15
1544822806.22
1544822806.29
1544822806.37
1544822806.42
1544822806.49
1544822806.57
1544822806.66
1544822806.73
1544822806.81
1544822806.88
1544822806.95
1544822807.03
1544822807.12
1544822807.21
1544822807.28
1544822807.33
1544822807.39
1544822807.46
1544822807.54
1544822807.59
1544822807.63
1544822807.68
1544822807.73
1544822807.78
1544822807.81
1544822807.84
1544822807.91
1544822807.96
1544822808.0
1544822808.05
1544822808.1
1544822808.16
1544822808.21
1544822808.26
1544822808.33
1544822808.38
1544822808.42
1544822808.46
1544822808.51
1544822808.56
1544822808.59
1544822808.63
1544822808.69
1544822808.76
1544822808.8
1544822808.84
1544822808.9
1544822808.96
1544822809.01
1544822809.06
1544822809.13
1544822809.18
1544822809.21
1544822809.25
1544822809.31
1544822809.36
1544822809.41
1544822809.45
1544822809.52
1544822809.61
1544822809.71
1544822809.78
1544822809.84
1544822809.89
1544822809.93
1544822809.98
1544822810.01
1544822810.06
1544822810.11
1544822810.16
1544822810.19
1544822810.23
1544822810.31
1544822810.35
1544822810.39
1544822810.44
1544822810.51
1544822810.56
1544822810.59
1544822810.63
1544822810.69
1544822810.75
1544822810.78
1544822810.82
1544822810.88
1544822810.94
1544822810.98
1544822811.03
1544822811.09
1544822811.15
1544822811.2
1544822811.25
1544822811.29
1544822811.34
1544822811.38
1544822811.42
1544822811.49
1544822811.55
1544822811.59
1544822811.63
1544822811.69
1544822811.75
1544822811.79
1544822811.83
1544822811.9
1544822811.95
1544822811.99
1544822812.03
1544822812.12
1544822812.17
1544822812.21
1544822812.25
1544822812.3
1544822812.36
1544822812.4
1544822812.43
1544822812.5
1544822812.56
1544822812.6
1544822812.65
1544822812.72
1544822812.77
1544822812.81
1544822812.87
1544822812.92
1544822812.98
1544822813.01
1544822813.08
1544822813.13
1544822813.18
1544822813.21
1544822813.29
1544822813.35
1544822813.39
1544822813.43
1544822813.48
1544822813.53
1544822813.57
1544822813.61
1544822813.65
1544822813.69
1544822813.73
1544822813.78
1544822813.81
1544822813.88
1544822813.94
1544822814.0
1544822814.05
1544822814.1
1544822814.17
1544822814.21
1544822814.26
1544822814.33
1544822814.38
1544822814.42
1544822814.48
1544822814.52
1544822814.57
1544822814.61
1544822814.64
1544822814.68
1544822814.72
1544822814.76
1544822814.8
1544822814.84
1544822814.92
1544822814.96
1544822815.01
1544822815.07
1544822815.13
1544822815.18
1544822815.22
1544822815.26
1544822815.31
1544822815.36
1544822815.4
1544822815.47
1544822815.53
1544822815.58
1544822815.63
1544822815.71
1544822815.77
1544822815.82
1544822815.87
1544822815.9
1544822815.95
1544822815.99
1544822816.03
1544822816.1
1544822816.15
1544822816.19
1544822816.23
1544822816.3
1544822816.35
1544822816.39
1544822816.42
1544822816.48
1544822816.53
1544822816.59
1544822816.63
1544822816.7
1544822816.76
1544822816.8
1544822816.84
1544822816.89
1544822816.95
1544822816.98
1544822817.03
1544822817.07
1544822817.11
1544822817.17
1544822817.21
1544822817.26
1544822817.31
1544822817.36
1544822817.4
1544822817.43
1544822817.51
1544822817.56
1544822817.59
1544822817.63
1544822817.69
1544822817.77
1544822817.84
1544822817.92
1544822818.0
1544822818.07
1544822818.15
1544822818.22
1544822818.29
1544822818.36
1544822818.43
1544822818.5
1544822818.58
1544822818.65
1544822818.73
1544822818.8
1544822818.87
1544822818.94
1544822819.0
1544822819.08
1544822819.15
1544822819.19
1544822819.24
1544822819.3
1544822819.37
1544822819.45
1544822819.49
1544822819.55
1544822819.61
1544822819.67
1544822819.72
1544822819.77
1544822819.83
1544822819.9
1544822819.97
1544822820.03
1544822820.14
1544822820.22
1544822820.28
1544822820.35
1544822820.43
1544822820.5
1544822820.58
1544822820.63
1544822820.71
1544822820.79
1544822820.86
1544822820.93
1544822820.99
1544822821.05
1544822821.09
1544822821.13
1544822821.21
1544822821.26
1544822821.31
1544822821.36
1544822821.41
1544822821.46
1544822821.51
1544822821.56
1544822821.61
1544822821.67
1544822821.72
1544822821.78
1544822821.83
1544822821.88
1544822821.95
1544822822.01
1544822822.07
1544822822.11
1544822822.16
1544822822.21
1544822822.25
1544822822.32
1544822822.37
1544822822.41
1544822822.46
1544822822.53
1544822822.57
1544822822.62
1544822822.66
1544822822.7
1544822822.75
1544822822.79
1544822822.83
1544822822.88
1544822822.94
1544822822.98
1544822823.02
1544822823.08
1544822823.13
1544822823.18
1544822823.22
1544822823.27
1544822823.34
1544822823.37
1544822823.41
1544822823.45
1544822823.51
1544822823.55
1544822823.59
1544822823.64
1544822823.69
1544822823.75
1544822823.8
1544822823.86
1544822823.92
1544822823.97
1544822824.01
1544822824.07
1544822824.11
1544822824.17
1544822824.21
1544822824.26
1544822824.31
1544822824.36
1544822824.41
1544822824.46
1544822824.51
1544822824.56
1544822824.61
1544822824.66
1544822824.71
1544822824.76
1544822824.81
1544822824.87
1544822824.92
1544822824.99
1544822825.06
1544822825.11
1544822825.18
1544822825.23
1544822825.29
1544822825.35
1544822825.41
1544822825.47
1544822825.52
1544822825.59
1544822825.66
1544822825.74
1544822825.81
1544822825.87
1544822825.91
1544822825.95
1544822826.01
1544822826.08
1544822826.16
1544822826.23
1544822826.31
1544822826.38
1544822826.46
1544822826.55
1544822826.62
1544822826.68
1544822826.72
1544822826.78
1544822826.87
1544822826.96
1544822827.04
1544822827.1
1544822827.17
1544822827.2
1544822827.24
1544822827.34
1544822827.41
1544822827.49
1544822827.57
1544822827.63
1544822827.71
1544822827.78
1544822827.85
1544822827.93
1544822827.99
1544822828.03
1544822828.08
1544822828.13
1544822828.19
1544822828.22
1544822828.29
1544822828.32
1544822828.36
1544822828.41
1544822828.46
1544822828.52
1544822828.57
1544822828.61
1544822828.65
1544822828.72
1544822828.77
1544822828.8
1544822828.85
1544822828.9
1544822828.96
1544822829.01
1544822829.07
1544822829.12
1544822829.16
1544822829.2
1544822829.23
1544822829.3
1544822829.35
1544822829.39
1544822829.44
1544822829.52
1544822829.57
1544822829.61
1544822829.65
1544822829.71
1544822829.76
1544822829.79
1544822829.84
1544822829.89
1544822829.96
1544822830.01
1544822830.06
1544822830.12
1544822830.18
1544822830.21
1544822830.28
1544822830.33
1544822830.39
1544822830.43
1544822830.49
1544822830.55
1544822830.59
1544822830.63
1544822830.71
1544822830.76
1544822830.8
1544822830.83
1544822830.88
1544822830.93
1544822830.97
1544822831.01
1544822831.07
1544822831.11
1544822831.16
1544822831.19
1544822831.23
1544822831.26
1544822831.31
1544822831.35
1544822831.41
1544822831.45
1544822831.52
1544822831.58
1544822831.61
1544822831.66
1544822831.71
1544822831.76
1544822831.81
1544822831.85
1544822831.9
1544822831.95
1544822831.98
1544822832.02
1544822832.06
1544822832.1
1544822832.15
1544822832.19
1544822832.23
1544822832.28
1544822832.32
1544822832.35
1544822832.39
1544822832.42
1544822832.46
1544822832.53
1544822832.57
1544822832.63
1544822832.68
1544822832.72
1544822832.77
1544822832.81
1544822832.85
1544822832.89
1544822832.93
1544822832.97
1544822833.01
1544822833.06
1544822833.1
1544822833.15
1544822833.18
1544822833.21
1544822833.25
1544822833.28
1544822833.32
1544822833.36
1544822833.4
1544822833.45
1544822833.5
1544822833.54
1544822833.58
1544822833.63
1544822833.68
1544822833.73
1544822833.78
1544822833.82
1544822833.86
1544822833.91
1544822833.97
1544822834.02
1544822834.07
1544822834.12
1544822834.17
1544822834.21
1544822834.25
1544822834.29
1544822834.33
1544822834.36
1544822834.4
1544822834.45
1544822834.51
1544822834.56
1544822834.61
1544822834.65
1544822834.68
1544822834.72
1544822834.76
1544822834.8
1544822834.84
1544822834.88
1544822834.91
1544822834.96
1544822835.03
1544822835.08
1544822835.12
1544822835.17
1544822835.24
1544822835.28
1544822835.31
1544822835.35
1544822835.41
1544822835.46
1544822835.5
1544822835.53
1544822835.59
1544822835.65
1544822835.69
1544822835.72
1544822835.76
1544822835.8
1544822835.84
1544822835.88
1544822835.91
1544822835.97
1544822836.02
1544822836.08
1544822836.12
1544822836.18
1544822836.22
1544822836.27
1544822836.31
1544822836.35
1544822836.39
1544822836.44
1544822836.48
1544822836.52
1544822836.59
1544822836.63
1544822836.69
1544822836.72
1544822836.8
1544822836.85
1544822836.89
1544822836.93
1544822837.0
1544822837.06
1544822837.1
1544822837.14
1544822837.18
1544822837.21
1544822837.25
1544822837.29
1544822837.32
1544822837.38
1544822837.43
1544822837.5
1544822837.55
1544822837.61
1544822837.65
1544822837.7
1544822837.73
1544822837.79
1544822837.83
1544822837.88
1544822837.92
1544822837.96
1544822838.04
1544822838.08
1544822838.12
1544822838.16
1544822838.22
1544822838.28
1544822838.31
1544822838.35
1544822838.4
1544822838.46
1544822838.5
1544822838.53
1544822838.58
1544822838.64
1544822838.69
1544822838.74
1544822838.78
1544822838.83
1544822838.87
1544822838.9
1544822838.95
1544822839.01
1544822839.05
1544822839.08
1544822839.11
1544822839.16
1544822839.21
1544822839.26
1544822839.29
1544822839.32
1544822839.38
1544822839.41
1544822839.46
1544822839.5
1544822839.53
1544822839.59
1544822839.66
1544822839.7
1544822839.74
1544822839.79
1544822839.83
1544822839.89
1544822839.92
1544822839.97
1544822840.05
1544822840.1
1544822840.14
1544822840.2
1544822840.26
1544822840.3
1544822840.33
1544822840.37
1544822840.43
1544822840.48
1544822840.51
1544822840.56
1544822840.64
1544822840.68
1544822840.72
1544822840.76
1544822840.82
1544822840.88
1544822840.92
1544822840.96
1544822841.02
1544822841.07
1544822841.11
1544822841.15
1544822841.22
1544822841.27
1544822841.3
1544822841.36
1544822841.41
1544822841.46
1544822841.51
1544822841.58
1544822841.64
1544822841.72
1544822841.78
1544822841.84
1544822841.9
1544822841.96
1544822842.02
1544822842.09
1544822842.15
1544822842.19
1544822842.24
1544822842.31
1544822842.38
1544822842.42
1544822842.48
1544822842.51
1544822842.56
1544822842.61
1544822842.67
1544822842.71
1544822842.77
1544822842.81
1544822842.87
1544822842.93
1544822843.01
1544822843.08
1544822843.15
1544822843.21
1544822843.28
1544822843.35
1544822843.42
1544822843.49
1544822843.57
1544822843.63
1544822843.71
1544822843.78
1544822843.86
1544822843.89
1544822843.94
1544822843.99
1544822844.05
1544822844.1
1544822844.14
1544822844.19
1544822844.24
1544822844.28
1544822844.32
1544822844.38
1544822844.42
1544822844.46
1544822844.51
1544822844.55
1544822844.6
1544822844.64
1544822844.69
1544822844.73
1544822844.77
1544822844.8
1544822844.85
1544822844.91
1544822844.96
1544822845.0
1544822845.03
1544822845.1
1544822845.18
1544822845.21
1544822845.25
1544822845.3
1544822845.37
1544822845.42
1544822845.48
1544822845.55
1544822845.6
1544822845.64
1544822845.71
1544822845.75
1544822845.79
1544822845.83
1544822845.88
1544822845.93
1544822845.98
1544822846.02
1544822846.06
1544822846.12
1544822846.18
1544822846.22
1544822846.26
1544822846.35
1544822846.39
1544822846.43
1544822846.48
1544822846.51
1544822846.57
1544822846.61
1544822846.66
1544822846.72
1544822846.77
1544822846.81
1544822846.86
1544822846.91
1544822846.97
1544822847.01
1544822847.05
1544822847.12
1544822847.19
1544822847.23
1544822847.32
1544822847.38
1544822847.43
1544822847.49
1544822847.54
1544822847.58
1544822847.63
1544822847.66
1544822847.72
1544822847.77
1544822847.81
1544822847.85
1544822847.89
1544822847.93
1544822847.98
1544822848.01
1544822848.06
1544822848.12
1544822848.18
1544822848.21
1544822848.27
1544822848.32
1544822848.36
1544822848.4
1544822848.46
1544822848.54
1544822848.57
1544822848.61
1544822848.64
1544822848.68
1544822848.75
1544822848.81
1544822848.87
1544822848.92
1544822848.97
1544822849.01
1544822849.06
1544822849.15
1544822849.2
1544822849.23
1544822849.31
1544822849.36
1544822849.41
1544822849.48
1544822849.53
1544822849.58
1544822849.62
1544822849.66
1544822849.69
1544822849.75
1544822849.79
1544822849.82
1544822849.9
1544822849.95
1544822849.99
1544822850.03
1544822850.08
1544822850.12
1544822850.18
1544822850.22
1544822850.28
1544822850.35
1544822850.39
1544822850.43
1544822850.52
1544822850.56
1544822850.61
1544822850.66
1544822850.7
1544822850.74
1544822850.79
1544822850.83
1544822850.89
1544822850.95
1544822851.0
1544822851.04
1544822851.11
1544822851.16
1544822851.2
1544822851.23
1544822851.31
1544822851.37
1544822851.42
1544822851.47
1544822851.53
1544822851.59
1544822851.63
1544822851.7
1544822851.76
1544822851.79
1544822851.83
1544822851.9
1544822851.96
1544822852.01
1544822852.06
1544822852.15
1544822852.21
1544822852.27
1544822852.31
1544822852.36
1544822852.43
1544822852.48
1544822852.56
1544822852.62
1544822852.69
1544822852.77
1544822852.85
1544822852.92
1544822853.01
1544822853.09
1544822853.16
1544822853.22
1544822853.29
1544822853.35
1544822853.41
1544822853.47
1544822853.52
1544822853.58
1544822853.62
1544822853.68
1544822853.72
1544822853.78
1544822853.83
1544822853.89
1544822853.96
1544822854.02
1544822854.09
1544822854.16
1544822854.21
1544822854.29
1544822854.36
1544822854.43
1544822854.5
1544822854.56
1544822854.63
1544822854.7
1544822854.78
1544822854.83
1544822854.9
1544822854.97
1544822855.04
1544822855.1
1544822855.17
1544822855.23
1544822855.29
1544822855.35
1544822855.4
1544822855.44
1544822855.49
1544822855.53
1544822855.59
1544822855.64
1544822855.69
1544822855.73
1544822855.77
1544822855.81
1544822855.86
1544822855.9
1544822855.93
1544822855.98
1544822856.02
1544822856.06
1544822856.1
1544822856.13
1544822856.19
1544822856.23
1544822856.32
1544822856.37
1544822856.41
1544822856.46
1544822856.53
1544822856.59
1544822856.63
1544822856.68
1544822856.72
1544822856.76
1544822856.83
1544822856.9
1544822856.98
1544822857.05
1544822857.09
1544822857.13
1544822857.19
1544822857.25
1544822857.31
1544822857.37
1544822857.43
1544822857.48
1544822857.54
1544822857.6
1544822857.66
1544822857.73
1544822857.81
1544822857.88
1544822857.93
1544822858.0
1544822858.06
1544822858.11
1544822858.17
1544822858.23
1544822858.29
1544822858.35
1544822858.41
1544822858.47
1544822858.53
1544822858.59
1544822858.65
1544822858.71
1544822858.78
1544822858.83
1544822858.89
1544822858.95
1544822859.01
1544822859.08
1544822859.13
1544822859.19
1544822859.25
1544822859.31
1544822859.36
1544822859.41
1544822859.46
1544822859.53
1544822859.58
1544822859.62
1544822859.66
1544822859.7
1544822859.76
1544822859.81
1544822859.88
1544822859.95
1544822860.0
1544822860.05
1544822860.11
1544822860.16
1544822860.2
1544822860.26
1544822860.31
1544822860.37
1544822860.45
1544822860.53
1544822860.63
1544822860.69
1544822860.73
1544822860.8
1544822860.85
1544822860.89
1544822860.95
1544822860.99
1544822861.03
1544822861.08
1544822861.13
1544822861.17
1544822861.21
1544822861.26
1544822861.31
1544822861.37
1544822861.42
1544822861.47
1544822861.53
1544822861.58
1544822861.65
1544822861.71
1544822861.78
1544822861.83
1544822861.9
1544822861.95
1544822861.99
1544822862.03
1544822862.08
1544822862.12
1544822862.17
1544822862.21
1544822862.27
1544822862.32
1544822862.37
1544822862.43
1544822862.49
1544822862.54
1544822862.59
1544822862.66
1544822862.73
1544822862.79
1544822862.84
1544822862.9
1544822862.95
1544822862.99
1544822863.03
1544822863.09
1544822863.17
1544822863.23
1544822863.28
