1544822706.01
1544822707.61
1544822707.99
1544822708.19
1544822708.37
1544822708.55
1544822708.73
1544822708.91
1544822709.06
1544822709.22
1544822709.37
1544822709.51
1544822709.68
1544822709.83
1544822709.96
1544822710.13
1544822710.41
1544822710.6
1544822710.87
1544822711.09
1544822711.31
1544822711.51
1544822711.73
1544822711.93
1544822712.24
1544822712.48
1544822712.68
1544822712.95
1544822713.18
1544822713.44
1544822713.68
1544822713.9
1544822714.08
1544822714.24
1544822714.36
1544822714.5
1544822714.59
1544822714.69
1544822714.76
1544822714.88
1544822714.94
1544822715.06
1544822715.17
1544822715.26
1544822715.35
1544822715.45
1544822715.55
1544822715.64
1544822715.72
1544822715.81
1544822715.88
1544822715.95
1544822716.03
1544822716.12
1544822716.21
1544822716.28
1544822716.36
1544822716.44
1544822716.55
1544822716.63
1544822716.72
1544822716.82
1544822716.9
1544822717.0
1544822717.08
1544822717.18
1544822717.27
1544822717.37
1544822717.46
1544822717.57
1544822717.67
1544822717.78
1544822717.88
1544822717.96
1544822718.04
1544822718.13
1544822718.24
1544822718.31
1544822718.4
1544822718.5
1544822718.61
1544822718.72
1544822718.81
1544822718.89
1544822718.98
1544822719.03
1544822719.07
1544822719.13
1544822719.21
1544822719.29
1544822719.37
1544822719.44
1544822719.52
1544822719.6
1544822719.67
1544822719.74
1544822719.82
1544822719.91
1544822719.99
1544822720.09
1544822720.19
1544822720.28
1544822720.36
1544822720.46
1544822720.53
1544822720.63
1544822720.71
1544822720.81
1544822720.91
1544822721.01
1544822721.09
1544822721.17
1544822721.26
1544822721.34
1544822721.42
1544822721.49
1544822721.55
1544822721.63
1544822721.69
1544822721.76
1544822721.82
1544822721.89
1544822721.94
1544822722.02
1544822722.08
1544822722.14
1544822722.22
1544822722.29
1544822722.35
1544822722.44
1544822722.52
1544822722.63
1544822722.73
1544822722.85
1544822722.9
1544822722.96
1544822723.06
1544822723.14
1544822723.25
1544822723.31
1544822723.45
1544822723.52
1544822723.62
1544822723.71
1544822723.8
1544822723.86
1544822723.91
1544822724.01
1544822724.1
1544822724.21
1544822724.29
1544822724.38
1544822724.45
1544822724.51
1544822724.59
1544822724.67
1544822724.74
1544822724.83
1544822724.88
1544822724.93
1544822724.99
1544822725.04
1544822725.09
1544822725.15
1544822725.22
1544822725.27
1544822725.32
1544822725.39
1544822725.44
1544822725.5
1544822725.54
1544822725.61
1544822725.66
1544822725.72
1544822725.77
1544822725.83
1544822725.89
1544822725.94
1544822726.01
1544822726.07
1544822726.12
1544822726.19
1544822726.24
1544822726.3
1544822726.36
1544822726.43
1544822726.5
1544822726.56
1544822726.61
1544822726.67
1544822726.72
1544822726.78
1544822726.83
1544822726.89
1544822726.93
1544822726.99
1544822727.04
1544822727.09
1544822727.15
1544822727.24
1544822727.3
1544822727.36
1544822727.42
1544822727.49
1544822727.58
1544822727.67
1544822727.73
1544822727.79
1544822727.85
1544822727.91
1544822727.96
1544822728.0
1544822728.09
1544822728.17
1544822728.26
1544822728.34
1544822728.43
1544822728.52
1544822728.61
1544822728.69
1544822728.77
1544822728.84
1544822728.92
1544822728.99
1544822729.07
1544822729.13
1544822729.21
1544822729.28
1544822729.34
1544822729.42
1544822729.48
1544822729.57
1544822729.64
1544822729.74
1544822729.82
1544822729.87
1544822729.93
1544822729.99
1544822730.04
1544822730.13
1544822730.19
1544822730.27
1544822730.33
1544822730.4
1544822730.46
1544822730.53
1544822730.58
1544822730.64
1544822730.72
1544822730.79
1544822730.85
1544822730.93
1544822730.99
1544822731.05
1544822731.1
1544822731.18
1544822731.26
1544822731.36
1544822731.45
1544822731.53
1544822731.61
1544822731.68
1544822731.77
1544822731.84
1544822731.89
1544822731.98
1544822732.05
1544822732.14
1544822732.23
1544822732.3
1544822732.36
1544822732.42
1544822732.57
1544822732.68
1544822732.72
1544822732.84
1544822733.0
1544822733.09
1544822733.15
1544822733.26
1544822733.34
1544822733.42
1544822733.49
1544822733.56
1544822733.62
1544822733.69
1544822733.76
1544822733.82
1544822733.87
1544822733.93
1544822733.98
1544822734.04
1544822734.1
1544822734.16
1544822734.21
1544822734.27
1544822734.34
1544822734.41
1544822734.48
1544822734.54
1544822734.6
1544822734.67
1544822734.74
1544822734.82
1544822734.89
1544822734.95
1544822735.03
1544822735.09
1544822735.16
1544822735.22
1544822735.29
1544822735.36
1544822735.42
1544822735.49
1544822735.56
1544822735.63
1544822735.69
1544822735.76
1544822735.83
1544822735.9
1544822735.97
1544822736.04
1544822736.11
1544822736.17
1544822736.23
1544822736.3
1544822736.35
1544822736.42
1544822736.5
1544822736.58
1544822736.65
1544822736.72
1544822736.77
1544822736.84
1544822736.89
1544822736.93
1544822736.98
1544822737.02
1544822737.06
1544822737.1
1544822737.13
1544822737.17
1544822737.21
1544822737.26
1544822737.29
1544822737.32
1544822737.37
1544822737.42
1544822737.48
1544822737.51
1544822737.56
1544822737.62
1544822737.67
1544822737.72
1544822737.77
1544822737.83
1544822737.88
1544822737.91
1544822737.96
1544822738.03
1544822738.08
1544822738.11
1544822738.16
1544822738.22
1544822738.27
1544822738.3
1544822738.33
1544822738.39
1544822738.45
1544822738.49
1544822738.54
1544822738.6
1544822738.65
1544822738.69
1544822738.73
1544822738.8
1544822738.86
1544822738.89
1544822738.93
1544822739.01
1544822739.06
1544822739.1
1544822739.13
1544822739.17
1544822739.21
1544822739.25
1544822739.29
1544822739.33
1544822739.38
1544822739.44
1544822739.49
1544822739.53
1544822739.57
1544822739.62
1544822739.66
1544822739.71
1544822739.75
1544822739.78
1544822739.86
1544822739.91
1544822739.96
1544822740.0
1544822740.04
1544822740.08
1544822740.12
1544822740.16
1544822740.23
1544822740.28
1544822740.32
1544822740.36
1544822740.41
1544822740.47
1544822740.51
1544822740.56
1544822740.62
1544822740.66
1544822740.7
1544822740.75
1544822740.81
1544822740.86
1544822740.89
1544822740.93
1544822740.97
1544822741.03
1544822741.07
1544822741.11
1544822741.15
1544822741.2
1544822741.25
1544822741.29
1544822741.33
1544822741.39
1544822741.45
1544822741.49
1544822741.53
1544822741.6
1544822741.66
1544822741.7
1544822741.74
1544822741.81
1544822741.88
1544822741.93
1544822742.01
1544822742.07
1544822742.13
1544822742.18
1544822742.23
1544822742.28
1544822742.32
1544822742.38
1544822742.44
1544822742.48
1544822742.52
1544822742.57
1544822742.62
1544822742.67
1544822742.71
1544822742.74
1544822742.78
1544822742.82
1544822742.87
1544822742.9
1544822742.95
1544822743.01
1544822743.07
1544822743.11
1544822743.15
1544822743.21
1544822743.27
1544822743.31
1544822743.34
1544822743.4
1544822743.46
1544822743.51
1544822743.55
1544822743.61
1544822743.66
1544822743.7
1544822743.73
1544822743.77
1544822743.81
1544822743.86
1544822743.9
1544822743.96
1544822743.99
1544822744.04
1544822744.08
1544822744.13
1544822744.19
1544822744.24
1544822744.3
1544822744.36
1544822744.41
1544822744.46
1544822744.51
1544822744.57
1544822744.61
1544822744.67
1544822744.72
1544822744.77
1544822744.81
1544822744.86
1544822744.91
1544822744.96
1544822745.0
1544822745.05
1544822745.08
1544822745.14
1544822745.18
1544822745.22
1544822745.27
1544822745.31
1544822745.36
1544822745.41
1544822745.47
1544822745.52
1544822745.57
1544822745.62
1544822745.67
1544822745.72
1544822745.78
1544822745.83
1544822745.89
1544822745.94
1544822746.0
1544822746.06
1544822746.11
1544822746.18
1544822746.23
1544822746.28
1544822746.33
1544822746.38
1544822746.43
1544822746.49
1544822746.53
1544822746.58
1544822746.62
1544822746.67
1544822746.72
1544822746.79
1544822746.86
1544822746.91
1544822746.94
1544822746.99
1544822747.02
1544822747.1
1544822747.15
1544822747.2
1544822747.27
1544822747.31
1544822747.37
1544822747.42
1544822747.48
1544822747.53
1544822747.58
1544822747.64
1544822747.69
1544822747.77
1544822747.82
1544822747.88
1544822747.93
1544822748.0
1544822748.07
1544822748.12
1544822748.19
1544822748.24
1544822748.3
1544822748.36
1544822748.41
1544822748.46
1544822748.51
1544822748.55
1544822748.59
1544822748.63
1544822748.68
1544822748.73
1544822748.77
1544822748.82
1544822748.86
1544822748.91
1544822748.95
1544822748.99
1544822749.04
1544822749.09
1544822749.15
1544822749.19
1544822749.22
1544822749.3
1544822749.39
1544822749.46
1544822749.51
1544822749.58
1544822749.63
1544822749.68
1544822749.73
1544822749.77
1544822749.81
1544822749.86
1544822749.9
1544822749.94
1544822749.98
1544822750.03
1544822750.07
1544822750.11
1544822750.16
1544822750.21
1544822750.26
1544822750.29
1544822750.33
1544822750.39
1544822750.45
1544822750.51
1544822750.59
1544822750.65
1544822750.71
1544822750.75
1544822750.8
1544822750.86
1544822750.91
1544822750.95
1544822750.99
1544822751.04
1544822751.08
1544822751.11
1544822751.14
1544822751.19
1544822751.24
1544822751.28
1544822751.32
1544822751.36
1544822751.39
1544822751.44
1544822751.48
1544822751.51
1544822751.55
1544822751.59
1544822751.63
1544822751.68
1544822751.71
1544822751.76
1544822751.81
1544822751.86
1544822751.89
1544822751.93
1544822751.98
1544822752.02
1544822752.07
1544822752.11
1544822752.15
1544822752.2
1544822752.26
1544822752.3
1544822752.34
1544822752.41
1544822752.48
1544822752.51
1544822752.55
1544822752.58
1544822752.64
1544822752.7
1544822752.74
1544822752.8
1544822752.85
1544822752.89
1544822752.94
1544822752.99
1544822753.06
1544822753.1
1544822753.14
1544822753.19
1544822753.23
1544822753.27
1544822753.31
1544822753.36
1544822753.4
1544822753.45
1544822753.49
1544822753.53
1544822753.58
1544822753.64
1544822753.68
1544822753.71
1544822753.75
1544822753.8
1544822753.84
1544822753.88
1544822753.92
1544822753.98
1544822754.04
1544822754.08
1544822754.11
1544822754.15
1544822754.23
1544822754.28
1544822754.32
1544822754.38
1544822754.45
1544822754.49
1544822754.53
1544822754.58
1544822754.63
1544822754.68
1544822754.71
1544822754.75
1544822754.79
1544822754.83
1544822754.88
1544822754.92
1544822754.95
1544822755.02
1544822755.07
1544822755.1
1544822755.13
1544822755.17
1544822755.25
1544822755.29
1544822755.33
1544822755.4
1544822755.45
1544822755.5
1544822755.54
1544822755.59
1544822755.63
1544822755.68
1544822755.72
1544822755.78
1544822755.81
1544822755.87
1544822755.92
1544822755.98
1544822756.03
1544822756.08
1544822756.12
1544822756.16
1544822756.22
1544822756.27
1544822756.32
1544822756.38
1544822756.44
1544822756.48
1544822756.52
1544822756.58
1544822756.65
1544822756.69
1544822756.73
1544822756.77
1544822756.8
1544822756.86
1544822756.9
1544822756.93
1544822757.0
1544822757.06
1544822757.1
1544822757.14
1544822757.19
1544822757.24
1544822757.28
1544822757.32
1544822757.36
1544822757.43
1544822757.47
1544822757.51
1544822757.56
1544822757.62
1544822757.66
1544822757.69
1544822757.73
1544822757.78
1544822757.83
1544822757.87
1544822757.9
1544822757.94
1544822758.0
1544822758.05
1544822758.09
1544822758.13
1544822758.19
1544822758.25
1544822758.28
1544822758.31
1544822758.35
1544822758.44
1544822758.48
1544822758.52
1544822758.56
1544822758.65
1544822758.69
1544822758.73
1544822758.8
1544822758.86
1544822758.91
1544822758.95
1544822759.01
1544822759.06
1544822759.1
1544822759.13
1544822759.17
1544822759.21
1544822759.25
1544822759.28
1544822759.31
1544822759.35
1544822759.42
1544822759.47
1544822759.5
1544822759.54
1544822759.6
1544822759.65
1544822759.69
1544822759.73
1544822759.77
1544822759.82
1544822759.88
1544822759.93
1544822760.0
1544822760.05
1544822760.1
1544822760.15
1544822760.21
1544822760.27
1544822760.3
1544822760.35
1544822760.39
1544822760.43
1544822760.48
1544822760.51
1544822760.55
1544822760.59
1544822760.63
1544822760.67
1544822760.7
1544822760.74
1544822760.78
1544822760.84
1544822760.88
1544822760.92
1544822760.96
1544822761.01
1544822761.06
1544822761.09
1544822761.13
1544822761.18
1544822761.22
1544822761.28
1544822761.32
1544822761.36
1544822761.45
1544822761.49
1544822761.53
1544822761.58
1544822761.64
1544822761.69
1544822761.72
1544822761.77
1544822761.81
1544822761.86
1544822761.89
1544822761.94
1544822762.0
1544822762.07
1544822762.12
1544822762.15
1544822762.2
1544822762.25
1544822762.3
1544822762.37
1544822762.41
1544822762.5
1544822762.55
1544822762.62
1544822762.68
1544822762.74
1544822762.78
1544822762.82
1544822762.87
1544822762.92
1544822762.97
1544822763.01
1544822763.08
1544822763.13
1544822763.19
1544822763.27
1544822763.32
1544822763.39
1544822763.46
1544822763.51
1544822763.55
1544822763.6
1544822763.65
1544822763.68
1544822763.72
1544822763.76
1544822763.83
1544822763.88
1544822763.92
1544822763.97
1544822764.04
1544822764.09
1544822764.13
1544822764.21
1544822764.26
1544822764.3
1544822764.33
1544822764.38
1544822764.42
1544822764.47
1544822764.5
1544822764.55
1544822764.62
1544822764.67
1544822764.71
1544822764.75
1544822764.81
1544822764.87
1544822764.91
1544822764.95
1544822764.99
1544822765.05
1544822765.09
1544822765.13
1544822765.17
1544822765.2
1544822765.25
1544822765.28
1544822765.31
1544822765.35
1544822765.4
1544822765.45
1544822765.49
1544822765.52
1544822765.57
1544822765.62
1544822765.67
1544822765.71
1544822765.76
1544822765.83
1544822765.87
1544822765.91
1544822765.96
1544822766.03
1544822766.08
1544822766.11
1544822766.15
1544822766.22
1544822766.27
1544822766.3
1544822766.35
1544822766.4
1544822766.47
1544822766.51
1544822766.58
1544822766.63
1544822766.69
1544822766.75
1544822766.81
1544822766.86
1544822766.9
1544822766.96
1544822767.0
1544822767.03
1544822767.09
1544822767.16
1544822767.2
1544822767.23
1544822767.33
1544822767.38
1544822767.41
1544822767.46
1544822767.51
1544822767.56
1544822767.6
1544822767.64
1544822767.68
1544822767.74
1544822767.78
1544822767.82
1544822767.86
1544822767.9
1544822767.94
1544822767.97
1544822768.01
1544822768.06
1544822768.12
1544822768.17
1544822768.21
1544822768.25
1544822768.31
1544822768.36
1544822768.4
1544822768.46
1544822768.52
1544822768.56
1544822768.61
1544822768.68
1544822768.73
1544822768.78
1544822768.81
1544822768.85
1544822768.89
1544822768.94
1544822768.98
1544822769.03
1544822769.08
1544822769.15
1544822769.2
1544822769.25
1544822769.3
1544822769.35
1544822769.4
1544822769.45
1544822769.51
1544822769.57
1544822769.6
1544822769.64
1544822769.69
1544822769.76
1544822769.8
1544822769.84
1544822769.9
1544822769.96
1544822770.0
1544822770.04
1544822770.1
1544822770.16
1544822770.2
1544822770.24
1544822770.3
1544822770.36
1544822770.4
1544822770.44
1544822770.5
1544822770.55
1544822770.6
1544822770.63
1544822770.69
1544822770.75
1544822770.79
1544822770.83
1544822770.89
1544822770.95
1544822771.0
1544822771.04
1544822771.08
1544822771.13
1544822771.18
1544822771.22
1544822771.28
1544822771.33
1544822771.38
1544822771.42
1544822771.46
1544822771.51
1544822771.56
1544822771.61
1544822771.66
1544822771.72
1544822771.78
1544822771.81
1544822771.86
1544822771.92
1544822771.98
1544822772.02
1544822772.06
1544822772.16
1544822772.2
1544822772.24
1544822772.3
1544822772.34
1544822772.38
1544822772.42
1544822772.46
1544822772.52
1544822772.58
1544822772.62
1544822772.68
1544822772.75
1544822772.8
1544822772.85
1544822772.89
1544822772.97
1544822773.01
1544822773.07
1544822773.12
1544822773.17
1544822773.21
1544822773.26
1544822773.31
1544822773.38
1544822773.42
1544822773.48
1544822773.53
1544822773.57
1544822773.61
1544822773.65
1544822773.71
1544822773.77
1544822773.81
1544822773.85
1544822773.91
1544822773.97
1544822774.0
1544822774.04
1544822774.11
1544822774.15
1544822774.19
1544822774.23
1544822774.28
1544822774.34
1544822774.38
1544822774.41
1544822774.46
1544822774.52
1544822774.57
1544822774.6
1544822774.63
1544822774.69
1544822774.75
1544822774.78
1544822774.82
1544822774.88
1544822774.95
1544822774.99
1544822775.05
1544822775.13
1544822775.18
1544822775.22
1544822775.26
1544822775.36
1544822775.4
1544822775.45
1544822775.52
1544822775.58
1544822775.62
1544822775.68
1544822775.75
1544822775.79
1544822775.82
1544822775.86
1544822775.91
1544822775.96
1544822775.99
1544822776.03
1544822776.07
1544822776.13
1544822776.18
1544822776.22
1544822776.26
1544822776.35
1544822776.4
1544822776.44
1544822776.51
1544822776.55
1544822776.58
1544822776.62
1544822776.65
1544822776.72
1544822776.77
1544822776.81
1544822776.86
1544822776.93
1544822776.98
1544822777.01
1544822777.06
1544822777.12
1544822777.17
1544822777.2
1544822777.23
1544822777.3
1544822777.36
1544822777.4
1544822777.45
1544822777.51
1544822777.55
1544822777.6
1544822777.63
1544822777.7
1544822777.75
1544822777.79
1544822777.82
1544822777.89
1544822777.96
1544822778.0
1544822778.05
1544822778.11
1544822778.16
1544822778.21
1544822778.24
1544822778.28
1544822778.32
1544822778.36
1544822778.4
1544822778.43
1544822778.47
1544822778.53
1544822778.58
1544822778.61
1544822778.67
1544822778.73
1544822778.79
1544822778.85
1544822778.9
1544822778.96
1544822779.01
1544822779.06
1544822779.11
1544822779.15
1544822779.2
1544822779.25
1544822779.3
1544822779.35
1544822779.4
1544822779.46
1544822779.51
1544822779.58
1544822779.62
1544822779.69
1544822779.72
1544822779.77
1544822779.8
1544822779.85
1544822779.9
1544822779.95
1544822780.0
1544822780.05
1544822780.1
1544822780.16
1544822780.2
1544822780.26
1544822780.29
1544822780.33
1544822780.37
1544822780.42
1544822780.49
1544822780.55
1544822780.61
1544822780.67
1544822780.7
1544822780.75
1544822780.8
1544822780.86
1544822780.9
1544822780.96
1544822781.0
1544822781.06
1544822781.1
1544822781.14
1544822781.2
1544822781.27
1544822781.35
1544822781.43
1544822781.48
1544822781.52
1544822781.59
1544822781.63
1544822781.71
1544822781.76
1544822781.8
1544822781.86
1544822781.92
1544822781.97
1544822782.0
1544822782.04
1544822782.08
1544822782.13
1544822782.18
1544822782.21
1544822782.26
1544822782.3
1544822782.36
1544822782.4
1544822782.46
1544822782.51
1544822782.56
1544822782.6
1544822782.63
1544822782.68
1544822782.72
1544822782.77
1544822782.8
1544822782.84
1544822782.89
1544822782.93
1544822782.98
1544822783.02
1544822783.06
1544822783.11
1544822783.16
1544822783.2
1544822783.23
1544822783.29
1544822783.33
1544822783.38
1544822783.41
1544822783.46
1544822783.5
1544822783.56
1544822783.6
1544822783.64
1544822783.68
1544822783.74
1544822783.78
1544822783.82
1544822783.87
1544822783.92
1544822783.97
1544822784.01
1544822784.05
1544822784.1
1544822784.15
1544822784.18
1544822784.21
1544822784.27
1544822784.34
1544822784.38
1544822784.41
1544822784.46
1544822784.5
1544822784.54
1544822784.59
1544822784.62
1544822784.68
1544822784.73
1544822784.78
1544822784.81
1544822784.88
1544822784.96
1544822785.0
1544822785.04
1544822785.1
1544822785.15
1544822785.19
1544822785.23
1544822785.28
1544822785.34
1544822785.38
1544822785.42
1544822785.49
1544822785.54
1544822785.58
1544822785.63
1544822785.68
1544822785.72
1544822785.77
1544822785.81
1544822785.85
1544822785.9
1544822785.95
1544822785.99
1544822786.03
1544822786.1
1544822786.15
1544822786.19
1544822786.23
1544822786.29
1544822786.35
1544822786.39
1544822786.43
1544822786.47
1544822786.5
1544822786.54
1544822786.59
1544822786.63
1544822786.66
1544822786.7
1544822786.73
1544822786.77
1544822786.8
1544822786.83
1544822786.87
1544822786.91
1544822786.94
1544822786.98
1544822787.02
1544822787.07
1544822787.1
1544822787.15
1544822787.18
1544822787.21
1544822787.25
1544822787.29
1544822787.33
1544822787.38
1544822787.41
1544822787.44
1544822787.48
1544822787.51
1544822787.55
1544822787.59
1544822787.62
1544822787.67
1544822787.7
1544822787.73
1544822787.77
1544822787.8
1544822787.83
1544822787.88
1544822787.92
1544822787.96
1544822787.99
1544822788.03
1544822788.07
1544822788.11
1544822788.15
1544822788.19
1544822788.22
1544822788.26
1544822788.29
1544822788.33
1544822788.37
1544822788.4
1544822788.43
1544822788.47
1544822788.52
1544822788.56
1544822788.59
1544822788.62
1544822788.66
1544822788.73
1544822788.78
1544822788.81
1544822788.85
1544822788.89
1544822788.94
1544822788.98
1544822789.01
1544822789.04
1544822789.07
1544822789.11
1544822789.15
1544822789.18
1544822789.21
1544822789.26
1544822789.3
1544822789.34
1544822789.38
1544822789.41
1544822789.45
1544822789.5
1544822789.55
1544822789.58
1544822789.61
1544822789.65
1544822789.7
1544822789.75
1544822789.78
1544822789.81
1544822789.85
1544822789.91
1544822789.96
1544822789.99
1544822790.02
1544822790.07
1544822790.11
1544822790.15
1544822790.18
1544822790.22
1544822790.26
1544822790.3
1544822790.34
1544822790.37
1544822790.4
1544822790.43
1544822790.47
1544822790.51
1544822790.56
1544822790.59
1544822790.61
1544822790.65
1544822790.69
1544822790.74
1544822790.78
1544822790.81
1544822790.85
1544822790.89
1544822790.93
1544822790.97
1544822791.0
1544822791.04
1544822791.09
1544822791.13
1544822791.17
1544822791.2
1544822791.24
1544822791.29
1544822791.33
1544822791.38
1544822791.41
1544822791.45
1544822791.48
1544822791.52
1544822791.56
1544822791.6
1544822791.64
1544822791.68
1544822791.76
1544822791.8
1544822791.85
1544822791.89
1544822791.94
1544822791.98
1544822792.01
1544822792.06
1544822792.12
1544822792.16
1544822792.2
1544822792.23
1544822792.3
1544822792.36
1544822792.41
1544822792.47
1544822792.52
1544822792.58
1544822792.63
1544822792.69
1544822792.74
1544822792.8
1544822792.85
1544822792.89
1544822792.93
1544822792.97
1544822793.02
1544822793.08
1544822793.13
1544822793.19
1544822793.24
1544822793.3
1544822793.35
1544822793.41
1544822793.46
1544822793.5
1544822793.55
1544822793.6
1544822793.65
1544822793.7
1544822793.75
1544822793.8
1544822793.85
1544822793.9
1544822793.95
1544822794.0
1544822794.05
1544822794.11
1544822794.17
1544822794.23
1544822794.29
1544822794.35
1544822794.4
1544822794.47
1544822794.52
1544822794.59
1544822794.64
1544822794.7
1544822794.77
1544822794.81
1544822794.86
1544822794.91
1544822794.97
1544822795.03
1544822795.09
1544822795.14
1544822795.2
1544822795.26
1544822795.31
1544822795.37
1544822795.43
1544822795.5
1544822795.55
1544822795.62
1544822795.69
1544822795.73
1544822795.76
1544822795.81
1544822795.86
1544822795.91
1544822795.95
1544822796.0
1544822796.05
1544822796.1
1544822796.15
1544822796.23
1544822796.28
1544822796.32
1544822796.39
1544822796.45
1544822796.5
1544822796.53
1544822796.57
1544822796.63
1544822796.67
1544822796.71
1544822796.75
1544822796.83
1544822796.89
1544822796.93
1544822797.0
1544822797.07
1544822797.12
1544822797.16
1544822797.21
1544822797.26
1544822797.3
1544822797.35
1544822797.41
1544822797.47
1544822797.51
1544822797.54
1544822797.62
1544822797.68
1544822797.72
1544822797.76
1544822797.79
1544822797.84
1544822797.88
1544822797.92
1544822797.97
1544822798.04
1544822798.08
1544822798.12
1544822798.18
1544822798.23
1544822798.28
1544822798.32
1544822798.38
1544822798.42
1544822798.48
1544822798.52
1544822798.57
1544822798.63
1544822798.67
1544822798.71
1544822798.74
1544822798.81
1544822798.86
1544822798.9
1544822798.93
1544822798.99
1544822799.04
1544822799.09
1544822799.12
1544822799.18
1544822799.24
1544822799.29
1544822799.32
1544822799.36
1544822799.4
1544822799.44
1544822799.48
1544822799.52
1544822799.56
1544822799.61
1544822799.65
1544822799.69
1544822799.73
1544822799.77
1544822799.84
1544822799.89
1544822799.93
1544822799.97
1544822800.02
1544822800.08
1544822800.11
1544822800.16
1544822800.21
1544822800.27
1544822800.3
1544822800.35
1544822800.39
1544822800.43
1544822800.48
1544822800.51
1544822800.55
1544822800.6
1544822800.65
1544822800.68
1544822800.72
1544822800.76
1544822800.81
1544822800.88
1544822800.91
1544822800.95
1544822801.03
1544822801.09
1544822801.12
1544822801.16
1544822801.23
1544822801.28
1544822801.33
1544822801.37
1544822801.41
1544822801.46
1544822801.5
1544822801.54
1544822801.58
1544822801.63
1544822801.66
1544822801.71
1544822801.76
1544822801.82
1544822801.87
1544822801.9
1544822801.94
1544822801.98
1544822802.03
1544822802.07
1544822802.11
1544822802.15
1544822802.2
1544822802.25
1544822802.29
1544822802.33
1544822802.36
1544822802.4
1544822802.45
1544822802.49
1544822802.53
1544822802.58
1544822802.63
1544822802.67
1544822802.71
1544822802.77
1544822802.83
1544822802.88
1544822802.91
1544822802.96
1544822803.05
1544822803.1
1544822803.13
1544822803.19
1544822803.25
1544822803.29
1544822803.32
1544822803.36
1544822803.4
1544822803.45
1544822803.49
1544822803.53
1544822803.59
1544822803.66
1544822803.7
1544822803.73
1544822803.76
1544822803.81
1544822803.84
1544822803.88
1544822803.92
1544822803.96
1544822804.03
1544822804.07
1544822804.11
1544822804.17
1544822804.21
1544822804.29
1544822804.34
1544822804.39
1544822804.44
1544822804.48
1544822804.52
1544822804.58
1544822804.65
1544822804.7
1544822804.76
1544822804.82
1544822804.86
1544822804.9
1544822804.94
1544822804.99
1544822805.03
1544822805.09
1544822805.15
1544822805.2
1544822805.26
1544822805.31
1544822805.37
1544822805.42
1544822805.48
1544822805.53
1544822805.59
1544822805.65
1544822805.7
1544822805.77
1544822805.83
1544822805.9
1544822805.96
1544822806.03
1544822806.11
1544822806.18
1544822806.25
1544822806.31
1544822806.39
1544822806.46
1544822806.51
1544822806.6
1544822806.68
1544822806.77
1544822806.83
1544822806.91
1544822806.99
1544822807.08
1544822807.15
1544822807.22
1544822807.3
1544822807.36
1544822807.41
1544822807.49
1544822807.56
1544822807.6
1544822807.65
1544822807.69
1544822807.74
1544822807.79
1544822807.82
1544822807.86
1544822807.93
1544822807.98
1544822808.01
1544822808.06
1544822808.12
1544822808.18
1544822808.22
1544822808.28
1544822808.35
1544822808.39
1544822808.43
1544822808.48
1544822808.52
1544822808.57
1544822808.6
1544822808.64
1544822808.72
1544822808.77
1544822808.81
1544822808.85
1544822808.92
1544822808.98
1544822809.02
1544822809.07
1544822809.15
1544822809.19
1544822809.22
1544822809.27
1544822809.33
1544822809.38
1544822809.42
1544822809.48
1544822809.56
1544822809.63
1544822809.73
1544822809.8
1544822809.86
1544822809.9
1544822809.95
1544822809.99
1544822810.02
1544822810.08
1544822810.13
1544822810.17
1544822810.21
1544822810.25
1544822810.32
1544822810.36
1544822810.41
1544822810.47
1544822810.53
1544822810.57
1544822810.61
1544822810.65
1544822810.71
1544822810.76
1544822810.79
1544822810.84
1544822810.9
1544822810.96
1544822810.99
1544822811.04
1544822811.11
1544822811.17
1544822811.21
1544822811.26
1544822811.31
1544822811.35
1544822811.39
1544822811.43
1544822811.51
1544822811.56
1544822811.61
1544822811.65
1544822811.71
1544822811.76
1544822811.8
1544822811.86
1544822811.92
1544822811.96
1544822812.0
1544822812.06
1544822812.15
1544822812.18
1544822812.22
1544822812.26
1544822812.32
1544822812.37
1544822812.41
1544822812.45
1544822812.52
1544822812.57
1544822812.61
1544822812.66
1544822812.74
1544822812.78
1544822812.82
1544822812.88
1544822812.94
1544822812.99
1544822813.03
1544822813.09
1544822813.15
1544822813.19
1544822813.23
1544822813.31
1544822813.36
1544822813.41
1544822813.44
1544822813.49
1544822813.54
1544822813.58
1544822813.62
1544822813.66
1544822813.7
1544822813.74
1544822813.79
1544822813.83
1544822813.9
1544822813.96
1544822814.01
1544822814.07
1544822814.13
1544822814.19
1544822814.23
1544822814.29
1544822814.35
1544822814.39
1544822814.44
1544822814.49
1544822814.53
1544822814.59
1544822814.62
1544822814.66
1544822814.69
1544822814.73
1544822814.77
1544822814.81
1544822814.86
1544822814.93
1544822814.97
1544822815.02
1544822815.09
1544822815.15
1544822815.19
1544822815.24
1544822815.28
1544822815.33
1544822815.38
1544822815.42
1544822815.48
1544822815.55
1544822815.6
1544822815.66
1544822815.73
1544822815.79
1544822815.84
1544822815.88
1544822815.92
1544822815.97
1544822816.0
1544822816.06
1544822816.11
1544822816.16
1544822816.2
1544822816.25
1544822816.31
1544822816.36
1544822816.4
1544822816.43
1544822816.49
1544822816.56
1544822816.6
1544822816.65
1544822816.72
1544822816.77
1544822816.81
1544822816.86
1544822816.91
1544822816.96
1544822817.0
1544822817.04
1544822817.09
1544822817.13
1544822817.19
1544822817.23
1544822817.28
1544822817.33
1544822817.37
1544822817.41
1544822817.47
1544822817.53
1544822817.57
1544822817.61
1544822817.65
1544822817.72
1544822817.79
1544822817.87
1544822817.95
1544822818.02
1544822818.1
1544822818.17
1544822818.25
1544822818.31
1544822818.39
1544822818.46
1544822818.53
1544822818.6
1544822818.68
1544822818.75
1544822818.82
1544822818.89
1544822818.97
1544822819.04
1544822819.1
1544822819.16
1544822819.2
1544822819.27
1544822819.33
1544822819.4
1544822819.46
1544822819.51
1544822819.56
1544822819.63
1544822819.69
1544822819.74
1544822819.79
1544822819.86
1544822819.93
1544822819.99
1544822820.07
1544822820.17
1544822820.23
1544822820.3
1544822820.38
1544822820.46
1544822820.53
1544822820.6
1544822820.67
1544822820.74
1544822820.8
1544822820.89
1544822820.95
1544822821.01
1544822821.06
1544822821.1
1544822821.17
1544822821.23
1544822821.28
1544822821.33
1544822821.38
1544822821.43
1544822821.48
1544822821.54
1544822821.57
1544822821.62
1544822821.69
1544822821.73
1544822821.79
1544822821.85
1544822821.9
1544822821.98
1544822822.03
1544822822.08
1544822822.13
1544822822.18
1544822822.22
1544822822.28
1544822822.34
1544822822.39
1544822822.42
1544822822.49
1544822822.54
1544822822.59
1544822822.63
1544822822.67
1544822822.71
1544822822.76
1544822822.8
1544822822.84
1544822822.9
1544822822.96
1544822823.0
1544822823.03
1544822823.1
1544822823.15
1544822823.19
1544822823.24
1544822823.29
1544822823.35
1544822823.39
1544822823.42
1544822823.48
1544822823.53
1544822823.57
1544822823.61
1544822823.65
1544822823.71
1544822823.77
1544822823.82
1544822823.88
1544822823.93
1544822823.99
1544822824.04
1544822824.08
1544822824.14
1544822824.18
1544822824.23
1544822824.28
1544822824.33
1544822824.38
1544822824.43
1544822824.48
1544822824.53
1544822824.58
1544822824.63
1544822824.68
1544822824.72
1544822824.78
1544822824.83
1544822824.89
1544822824.95
1544822825.01
1544822825.08
1544822825.14
1544822825.2
1544822825.26
1544822825.31
1544822825.38
1544822825.44
1544822825.49
1544822825.54
1544822825.61
1544822825.69
1544822825.76
1544822825.83
1544822825.88
1544822825.92
1544822825.98
1544822826.03
1544822826.1
1544822826.18
1544822826.26
1544822826.33
1544822826.4
1544822826.49
1544822826.57
1544822826.64
1544822826.69
1544822826.73
1544822826.8
1544822826.9
1544822826.99
1544822827.06
1544822827.13
1544822827.18
1544822827.22
1544822827.28
1544822827.36
1544822827.45
1544822827.52
1544822827.59
1544822827.66
1544822827.73
1544822827.8
1544822827.88
1544822827.96
1544822828.0
1544822828.05
1544822828.1
1544822828.16
1544822828.2
1544822828.24
1544822828.3
1544822828.33
1544822828.39
1544822828.43
1544822828.48
1544822828.54
1544822828.58
1544822828.62
1544822828.67
1544822828.74
1544822828.78
1544822828.81
1544822828.87
1544822828.91
1544822828.98
1544822829.03
1544822829.08
1544822829.13
1544822829.18
1544822829.21
1544822829.25
1544822829.31
1544822829.36
1544822829.4
1544822829.48
1544822829.54
1544822829.58
1544822829.62
1544822829.68
1544822829.73
1544822829.77
1544822829.81
1544822829.86
1544822829.91
1544822829.97
1544822830.03
1544822830.08
1544822830.15
1544822830.19
1544822830.23
1544822830.3
1544822830.36
1544822830.4
1544822830.45
1544822830.51
1544822830.56
1544822830.6
1544822830.67
1544822830.73
1544822830.77
1544822830.81
1544822830.85
1544822830.9
1544822830.94
1544822830.98
1544822831.02
1544822831.09
1544822831.13
1544822831.17
1544822831.2
1544822831.24
1544822831.28
1544822831.32
1544822831.38
1544822831.42
1544822831.46
1544822831.53
1544822831.58
1544822831.63
1544822831.68
1544822831.72
1544822831.78
1544822831.82
1544822831.87
1544822831.91
1544822831.96
1544822831.99
1544822832.04
1544822832.08
1544822832.11
1544822832.16
1544822832.21
1544822832.25
1544822832.29
1544822832.33
1544822832.36
1544822832.4
1544822832.43
1544822832.48
1544822832.55
1544822832.59
1544822832.64
1544822832.69
1544822832.73
1544822832.79
1544822832.83
1544822832.87
1544822832.91
1544822832.95
1544822832.98
1544822833.03
1544822833.08
1544822833.11
1544822833.16
1544822833.19
1544822833.23
1544822833.26
1544822833.29
1544822833.33
1544822833.37
1544822833.42
1544822833.47
1544822833.51
1544822833.56
1544822833.6
1544822833.65
1544822833.7
1544822833.74
1544822833.79
1544822833.83
1544822833.88
1544822833.93
1544822833.98
1544822834.03
1544822834.08
1544822834.13
1544822834.18
1544822834.22
1544822834.26
1544822834.3
1544822834.34
1544822834.38
1544822834.42
1544822834.48
1544822834.53
1544822834.57
1544822834.61
1544822834.66
1544822834.69
1544822834.73
1544822834.78
1544822834.81
1544822834.85
1544822834.89
1544822834.93
1544822834.97
1544822835.05
1544822835.1
1544822835.13
1544822835.2
1544822835.25
1544822835.29
1544822835.32
1544822835.38
1544822835.43
1544822835.48
1544822835.51
1544822835.56
1544822835.61
1544822835.66
1544822835.7
1544822835.74
1544822835.77
1544822835.81
1544822835.85
1544822835.89
1544822835.93
1544822835.99
1544822836.04
1544822836.09
1544822836.13
1544822836.19
1544822836.24
1544822836.28
1544822836.32
1544822836.36
1544822836.41
1544822836.46
1544822836.5
1544822836.53
1544822836.61
1544822836.65
1544822836.7
1544822836.75
1544822836.82
1544822836.87
1544822836.9
1544822836.95
1544822837.02
1544822837.07
1544822837.11
1544822837.15
1544822837.19
1544822837.22
1544822837.27
1544822837.3
1544822837.34
1544822837.4
1544822837.46
1544822837.51
1544822837.57
1544822837.62
1544822837.67
1544822837.71
1544822837.75
1544822837.8
1544822837.85
1544822837.89
1544822837.93
1544822837.99
1544822838.05
1544822838.1
1544822838.13
1544822838.18
1544822838.25
1544822838.29
1544822838.32
1544822838.37
1544822838.42
1544822838.47
1544822838.51
1544822838.55
1544822838.6
1544822838.67
1544822838.71
1544822838.75
1544822838.79
1544822838.85
1544822838.88
1544822838.91
1544822838.97
1544822839.02
1544822839.06
1544822839.09
1544822839.12
1544822839.18
1544822839.22
1544822839.27
1544822839.3
1544822839.33
1544822839.39
1544822839.43
1544822839.48
1544822839.51
1544822839.55
1544822839.61
1544822839.67
1544822839.71
1544822839.76
1544822839.8
1544822839.85
1544822839.9
1544822839.95
1544822840.0
1544822840.07
1544822840.11
1544822840.16
1544822840.22
1544822840.27
1544822840.31
1544822840.35
1544822840.39
1544822840.45
1544822840.49
1544822840.52
1544822840.59
1544822840.66
1544822840.69
1544822840.73
1544822840.78
1544822840.84
1544822840.89
1544822840.93
1544822840.98
1544822841.04
1544822841.09
1544822841.12
1544822841.18
1544822841.24
1544822841.28
1544822841.31
1544822841.38
1544822841.43
1544822841.47
1544822841.53
1544822841.59
1544822841.66
1544822841.74
1544822841.8
1544822841.86
1544822841.92
1544822841.98
1544822842.05
1544822842.11
1544822842.17
1544822842.21
1544822842.27
1544822842.33
1544822842.4
1544822842.45
1544822842.49
1544822842.53
1544822842.58
1544822842.63
1544822842.68
1544822842.73
1544822842.79
1544822842.83
1544822842.89
1544822842.96
1544822843.03
1544822843.11
1544822843.18
1544822843.24
1544822843.31
1544822843.38
1544822843.44
1544822843.52
1544822843.59
1544822843.67
1544822843.73
1544822843.8
1544822843.87
1544822843.91
1544822843.97
1544822844.01
1544822844.07
1544822844.11
1544822844.16
1544822844.21
1544822844.25
1544822844.3
1544822844.35
1544822844.39
1544822844.43
1544822844.48
1544822844.52
1544822844.58
1544822844.61
1544822844.65
1544822844.7
1544822844.74
1544822844.78
1544822844.81
1544822844.87
1544822844.92
1544822844.98
1544822845.01
1544822845.04
1544822845.13
1544822845.19
1544822845.22
1544822845.26
1544822845.31
1544822845.39
1544822845.43
1544822845.51
1544822845.57
1544822845.61
1544822845.66
1544822845.72
1544822845.76
1544822845.8
1544822845.84
1544822845.9
1544822845.95
1544822845.99
1544822846.03
1544822846.08
1544822846.15
1544822846.19
1544822846.23
1544822846.28
1544822846.36
1544822846.4
1544822846.44
1544822846.49
1544822846.54
1544822846.58
1544822846.63
1544822846.69
1544822846.74
1544822846.79
1544822846.83
1544822846.88
1544822846.92
1544822846.98
1544822847.02
1544822847.06
1544822847.15
1544822847.2
1544822847.25
1544822847.35
1544822847.39
1544822847.45
1544822847.5
1544822847.56
1544822847.6
1544822847.63
1544822847.69
1544822847.74
1544822847.78
1544822847.82
1544822847.86
1544822847.91
1544822847.94
1544822847.99
1544822848.03
1544822848.09
1544822848.15
1544822848.19
1544822848.23
1544822848.29
1544822848.33
1544822848.38
1544822848.42
1544822848.49
1544822848.55
1544822848.59
1544822848.62
1544822848.66
1544822848.69
1544822848.77
1544822848.82
1544822848.89
1544822848.93
1544822848.98
1544822849.03
1544822849.09
1544822849.16
1544822849.21
1544822849.25
1544822849.32
1544822849.38
1544822849.42
1544822849.5
1544822849.55
1544822849.6
1544822849.63
1544822849.67
1544822849.72
1544822849.77
1544822849.8
1544822849.83
1544822849.91
1544822849.96
1544822850.01
1544822850.05
1544822850.1
1544822850.14
1544822850.19
1544822850.23
1544822850.3
1544822850.36
1544822850.4
1544822850.44
1544822850.54
1544822850.58
1544822850.62
1544822850.67
1544822850.71
1544822850.76
1544822850.8
1544822850.85
1544822850.91
1544822850.97
1544822851.01
1544822851.06
1544822851.13
1544822851.17
1544822851.21
1544822851.25
1544822851.33
1544822851.38
1544822851.43
1544822851.49
1544822851.56
1544822851.6
1544822851.67
1544822851.72
1544822851.77
1544822851.8
1544822851.85
1544822851.92
1544822851.98
1544822852.02
1544822852.09
1544822852.17
1544822852.22
1544822852.28
1544822852.33
1544822852.39
1544822852.45
1544822852.51
1544822852.58
1544822852.65
1544822852.72
1544822852.79
1544822852.87
1544822852.95
1544822853.03
1544822853.11
1544822853.18
1544822853.24
1544822853.31
1544822853.37
1544822853.43
1544822853.49
1544822853.53
1544822853.6
1544822853.64
1544822853.69
1544822853.75
1544822853.8
1544822853.85
1544822853.91
1544822853.99
1544822854.04
1544822854.12
1544822854.17
1544822854.23
1544822854.31
1544822854.39
1544822854.46
1544822854.52
1544822854.59
1544822854.66
1544822854.72
1544822854.79
1544822854.85
1544822854.93
1544822854.99
1544822855.06
1544822855.12
1544822855.19
1544822855.25
1544822855.31
1544822855.37
1544822855.41
1544822855.46
1544822855.5
1544822855.55
1544822855.6
1544822855.66
1544822855.7
1544822855.74
1544822855.78
1544822855.82
1544822855.87
1544822855.91
1544822855.94
1544822855.99
1544822856.03
1544822856.07
1544822856.11
1544822856.15
1544822856.2
1544822856.25
1544822856.33
1544822856.39
1544822856.42
1544822856.49
1544822856.56
1544822856.61
1544822856.65
1544822856.7
1544822856.74
1544822856.78
1544822856.85
1544822856.93
1544822857.01
1544822857.06
1544822857.1
1544822857.15
1544822857.21
1544822857.28
1544822857.33
1544822857.38
1544822857.45
1544822857.5
1544822857.57
1544822857.62
1544822857.69
1544822857.77
1544822857.83
1544822857.9
1544822857.96
1544822858.02
1544822858.08
1544822858.13
1544822858.19
1544822858.25
1544822858.31
1544822858.37
1544822858.43
1544822858.49
1544822858.55
1544822858.61
1544822858.67
1544822858.73
1544822858.81
1544822858.86
1544822858.91
1544822858.97
1544822859.03
1544822859.1
1544822859.15
1544822859.21
1544822859.27
1544822859.32
1544822859.37
1544822859.42
1544822859.49
1544822859.56
1544822859.6
1544822859.63
1544822859.68
1544822859.72
1544822859.78
1544822859.83
1544822859.9
1544822859.96
1544822860.01
1544822860.07
1544822860.13
1544822860.17
1544822860.22
1544822860.28
1544822860.33
1544822860.39
1544822860.48
1544822860.56
1544822860.65
1544822860.7
1544822860.76
1544822860.81
1544822860.86
1544822860.92
1544822860.96
1544822861.0
1544822861.04
1544822861.1
1544822861.14
1544822861.19
1544822861.23
1544822861.28
1544822861.33
1544822861.38
1544822861.44
1544822861.49
1544822861.55
1544822861.6
1544822861.67
1544822861.73
1544822861.79
1544822861.86
1544822861.91
1544822861.97
1544822862.0
1544822862.05
1544822862.09
1544822862.15
1544822862.18
1544822862.23
1544822862.29
1544822862.33
1544822862.39
1544822862.45
1544822862.5
1544822862.56
1544822862.61
1544822862.68
1544822862.76
1544822862.81
1544822862.86
1544822862.91
1544822862.96
1544822863.01
1544822863.04
1544822863.12
1544822863.2
1544822863.25
