1544818286.34
1544818286.71
1544818286.78
1544818286.84
1544818286.91
1544818286.98
1544818287.04
1544818287.11
1544818287.18
1544818287.25
1544818287.31
1544818287.37
1544818287.42
1544818287.47
1544818287.52
1544818287.57
1544818287.62
1544818287.66
1544818287.69
1544818287.73
1544818287.77
1544818287.81
1544818287.86
1544818287.91
1544818287.95
1544818287.99
1544818288.02
1544818288.05
1544818288.09
1544818288.14
1544818288.18
1544818288.21
1544818288.24
1544818288.28
1544818288.32
1544818288.37
1544818288.41
1544818288.45
1544818288.5
1544818288.56
1544818288.61
1544818288.66
1544818288.71
1544818288.78
1544818288.83
1544818288.87
1544818288.91
1544818288.94
1544818288.99
1544818289.04
1544818289.08
1544818289.12
1544818289.16
1544818289.21
1544818289.25
1544818289.29
1544818289.36
1544818289.42
1544818289.49
1544818289.54
1544818289.6
1544818289.66
1544818289.69
1544818289.76
1544818289.81
1544818289.86
1544818289.9
1544818289.95
1544818289.99
1544818290.03
1544818290.08
1544818290.13
1544818290.18
1544818290.23
1544818290.28
1544818290.34
1544818290.39
1544818290.44
1544818290.5
1544818290.56
1544818290.61
1544818290.67
1544818290.71
1544818290.78
1544818290.82
1544818290.88
1544818290.91
1544818290.98
1544818291.04
1544818291.08
1544818291.12
1544818291.18
1544818291.23
1544818291.28
1544818291.34
1544818291.4
1544818291.46
1544818291.51
1544818291.56
1544818291.61
1544818291.67
1544818291.71
1544818291.76
1544818291.8
1544818291.83
1544818291.89
1544818291.95
1544818291.99
1544818292.05
1544818292.1
1544818292.15
1544818292.2
1544818292.25
1544818292.3
1544818292.35
1544818292.39
1544818292.43
1544818292.5
1544818292.55
1544818292.59
1544818292.63
1544818292.68
1544818292.75
1544818292.79
1544818292.83
1544818292.88
1544818292.93
1544818292.98
1544818293.01
1544818293.04
1544818293.08
1544818293.11
1544818293.16
1544818293.19
1544818293.22
1544818293.28
1544818293.33
1544818293.38
1544818293.41
1544818293.46
1544818293.52
1544818293.56
1544818293.6
1544818293.63
1544818293.68
1544818293.74
1544818293.78
1544818293.81
1544818293.85
1544818293.9
1544818293.95
1544818294.01
1544818294.08
1544818294.12
1544818294.17
1544818294.22
1544818294.28
1544818294.32
1544818294.37
1544818294.41
1544818294.46
1544818294.51
1544818294.57
1544818294.63
1544818294.69
1544818294.75
1544818294.81
1544818294.87
1544818294.92
1544818294.98
1544818295.01
1544818295.08
1544818295.14
1544818295.19
1544818295.24
1544818295.28
1544818295.32
1544818295.36
1544818295.42
1544818295.47
1544818295.5
1544818295.55
1544818295.59
1544818295.65
1544818295.69
1544818295.72
1544818295.76
1544818295.79
1544818295.83
1544818295.87
1544818295.9
1544818295.93
1544818295.98
1544818296.02
1544818296.06
1544818296.09
1544818296.12
1544818296.17
1544818296.23
1544818296.28
1544818296.32
1544818296.37
1544818296.41
1544818296.45
1544818296.49
1544818296.52
1544818296.56
1544818296.62
1544818296.66
1544818296.7
1544818296.74
1544818296.78
1544818296.81
1544818296.86
1544818296.89
1544818296.93
1544818296.97
1544818297.01
1544818297.05
1544818297.09
1544818297.12
1544818297.18
1544818297.23
1544818297.27
1544818297.31
1544818297.34
1544818297.4
1544818297.46
1544818297.49
1544818297.53
1544818297.56
1544818297.61
1544818297.67
1544818297.7
1544818297.74
1544818297.8
1544818297.85
1544818297.91
1544818297.95
1544818297.99
1544818298.03
1544818298.08
1544818298.11
1544818298.14
1544818298.2
1544818298.25
1544818298.28
1544818298.31
1544818298.35
1544818298.4
1544818298.45
1544818298.48
1544818298.51
1544818298.56
1544818298.61
1544818298.66
1544818298.69
1544818298.72
1544818298.75
1544818298.83
1544818298.88
1544818298.92
1544818298.95
1544818298.99
1544818299.05
1544818299.09
1544818299.12
1544818299.16
1544818299.23
1544818299.27
1544818299.3
1544818299.34
1544818299.39
1544818299.43
1544818299.48
1544818299.51
1544818299.56
1544818299.61
1544818299.66
1544818299.7
1544818299.73
1544818299.79
1544818299.83
1544818299.87
1544818299.91
1544818299.95
1544818300.03
1544818300.08
1544818300.11
1544818300.15
1544818300.21
1544818300.26
1544818300.29
1544818300.33
1544818300.38
1544818300.46
1544818300.5
1544818300.54
1544818300.6
1544818300.65
1544818300.69
1544818300.72
1544818300.77
1544818300.82
1544818300.86
1544818300.9
1544818300.94
1544818300.99
1544818301.03
1544818301.08
1544818301.12
1544818301.16
1544818301.22
1544818301.26
1544818301.29
1544818301.33
1544818301.38
1544818301.43
1544818301.48
1544818301.52
1544818301.56
1544818301.61
1544818301.66
1544818301.7
1544818301.73
1544818301.81
1544818301.85
1544818301.88
1544818301.92
1544818301.97
1544818302.03
1544818302.07
1544818302.1
1544818302.14
1544818302.22
1544818302.27
1544818302.3
1544818302.34
1544818302.37
1544818302.41
1544818302.47
1544818302.5
1544818302.56
1544818302.62
1544818302.67
1544818302.7
1544818302.73
1544818302.78
1544818302.83
1544818302.87
1544818302.9
1544818302.94
1544818302.98
1544818303.03
1544818303.08
1544818303.11
1544818303.15
1544818303.21
1544818303.27
1544818303.3
1544818303.33
1544818303.38
1544818303.43
1544818303.49
1544818303.53
1544818303.58
1544818303.63
1544818303.69
1544818303.74
1544818303.78
1544818303.82
1544818303.88
1544818303.93
1544818303.98
1544818304.0
1544818304.05
1544818304.09
1544818304.14
1544818304.18
1544818304.23
1544818304.3
1544818304.36
1544818304.41
1544818304.48
1544818304.53
1544818304.59
1544818304.65
1544818304.71
1544818304.78
1544818304.83
1544818304.91
1544818304.96
1544818305.0
1544818305.05
1544818305.11
1544818305.18
1544818305.24
1544818305.31
1544818305.36
1544818305.42
1544818305.49
1544818305.52
1544818305.56
1544818305.63
1544818305.69
1544818305.73
1544818305.77
1544818305.83
1544818305.88
1544818305.92
1544818305.95
1544818306.0
1544818306.06
1544818306.09
1544818306.13
1544818306.17
1544818306.21
1544818306.25
1544818306.28
1544818306.32
1544818306.36
1544818306.41
1544818306.46
1544818306.49
1544818306.53
1544818306.6
1544818306.65
1544818306.7
1544818306.73
1544818306.79
1544818306.85
1544818306.88
1544818306.91
1544818306.95
1544818306.98
1544818307.04
1544818307.08
1544818307.12
1544818307.16
1544818307.2
1544818307.23
1544818307.29
1544818307.32
1544818307.36
1544818307.4
1544818307.45
1544818307.49
1544818307.53
1544818307.59
1544818307.64
1544818307.69
1544818307.72
1544818307.76
1544818307.8
1544818307.85
1544818307.9
1544818307.94
1544818307.99
1544818308.03
1544818308.08
1544818308.11
1544818308.17
1544818308.25
1544818308.28
1544818308.33
1544818308.38
1544818308.44
1544818308.48
1544818308.52
1544818308.59
1544818308.65
1544818308.7
1544818308.73
1544818308.78
1544818308.82
1544818308.87
1544818308.91
1544818308.96
1544818309.0
1544818309.05
1544818309.09
1544818309.13
1544818309.16
1544818309.21
1544818309.26
1544818309.3
1544818309.33
1544818309.38
1544818309.44
1544818309.5
1544818309.55
1544818309.62
1544818309.67
1544818309.7
1544818309.73
1544818309.78
1544818309.82
1544818309.87
1544818309.92
1544818309.99
1544818310.04
1544818310.1
1544818310.15
1544818310.18
1544818310.22
1544818310.28
1544818310.32
1544818310.4
1544818310.46
1544818310.52
1544818310.59
1544818310.63
1544818310.68
1544818310.73
1544818310.8
1544818310.86
1544818310.91
1544818310.97
1544818311.01
1544818311.07
1544818311.13
1544818311.19
1544818311.25
1544818311.3
1544818311.36
1544818311.4
1544818311.46
1544818311.51
1544818311.57
1544818311.63
1544818311.67
1544818311.73
1544818311.79
1544818311.84
1544818311.88
1544818311.93
1544818311.98
1544818312.06
1544818312.12
1544818312.19
1544818312.26
1544818312.33
1544818312.39
1544818312.44
1544818312.52
1544818312.59
1544818312.66
1544818312.72
1544818312.8
1544818312.86
1544818312.92
1544818312.97
1544818313.02
1544818313.08
1544818313.12
1544818313.18
1544818313.23
1544818313.28
1544818313.32
1544818313.37
1544818313.41
1544818313.45
1544818313.49
1544818313.55
1544818313.6
1544818313.63
1544818313.68
1544818313.75
1544818313.78
1544818313.82
1544818313.86
1544818313.92
1544818313.98
1544818314.02
1544818314.06
1544818314.11
1544818314.16
1544818314.2
1544818314.23
1544818314.29
1544818314.33
1544818314.38
1544818314.43
1544818314.48
1544818314.52
1544818314.59
1544818314.63
1544818314.67
1544818314.71
1544818314.75
1544818314.81
1544818314.87
1544818314.92
1544818314.98
1544818315.04
1544818315.1
1544818315.17
1544818315.22
1544818315.28
1544818315.33
1544818315.39
1544818315.42
1544818315.46
1544818315.53
1544818315.58
1544818315.61
1544818315.66
1544818315.74
1544818315.79
1544818315.82
1544818315.87
1544818315.91
1544818315.96
1544818316.0
1544818316.03
1544818316.08
1544818316.12
1544818316.17
1544818316.21
1544818316.25
1544818316.28
1544818316.32
1544818316.36
1544818316.39
1544818316.43
1544818316.47
1544818316.51
1544818316.58
1544818316.64
1544818316.7
1544818316.77
1544818316.83
1544818316.89
1544818316.96
1544818317.0
1544818317.05
1544818317.09
1544818317.14
1544818317.18
1544818317.21
1544818317.26
1544818317.29
1544818317.33
1544818317.37
1544818317.4
1544818317.44
1544818317.48
1544818317.52
1544818317.56
1544818317.6
1544818317.63
1544818317.68
1544818317.73
1544818317.79
1544818317.85
1544818317.91
1544818317.97
1544818318.03
1544818318.09
1544818318.15
1544818318.2
1544818318.26
1544818318.31
1544818318.37
1544818318.43
1544818318.49
1544818318.56
1544818318.61
1544818318.67
1544818318.73
1544818318.79
1544818318.84
1544818318.9
1544818318.97
1544818319.02
1544818319.09
1544818319.14
1544818319.2
1544818319.26
1544818319.3
1544818319.36
1544818319.41
1544818319.46
1544818319.51
1544818319.56
1544818319.61
1544818319.65
1544818319.71
1544818319.75
1544818319.79
1544818319.84
1544818319.88
1544818319.91
1544818319.95
1544818319.99
1544818320.04
1544818320.09
1544818320.13
1544818320.17
1544818320.24
1544818320.28
1544818320.32
1544818320.38
1544818320.45
1544818320.48
1544818320.52
1544818320.58
1544818320.63
1544818320.67
1544818320.71
1544818320.77
1544818320.85
1544818320.89
1544818320.92
1544818320.97
1544818321.04
1544818321.08
1544818321.11
1544818321.15
1544818321.21
1544818321.26
1544818321.29
1544818321.32
1544818321.36
1544818321.39
1544818321.43
1544818321.47
1544818321.51
1544818321.55
1544818321.58
1544818321.62
1544818321.66
1544818321.7
1544818321.73
1544818321.77
1544818321.81
1544818321.86
1544818321.9
1544818321.94
1544818322.0
1544818322.05
1544818322.09
1544818322.12
1544818322.16
1544818322.21
1544818322.26
1544818322.29
1544818322.33
1544818322.38
1544818322.43
1544818322.48
1544818322.52
1544818322.58
1544818322.62
1544818322.66
1544818322.7
1544818322.73
1544818322.77
1544818322.81
1544818322.85
1544818322.89
1544818322.92
1544818322.96
1544818323.02
1544818323.06
1544818323.1
1544818323.13
1544818323.18
1544818323.24
1544818323.28
1544818323.31
1544818323.36
1544818323.4
1544818323.46
1544818323.5
1544818323.53
1544818323.6
1544818323.67
1544818323.72
1544818323.78
1544818323.84
1544818323.88
1544818323.91
1544818323.96
1544818324.0
1544818324.06
1544818324.09
1544818324.13
1544818324.2
1544818324.26
1544818324.3
1544818324.34
1544818324.39
1544818324.43
1544818324.48
1544818324.51
1544818324.54
1544818324.58
1544818324.64
1544818324.68
1544818324.72
1544818324.76
1544818324.8
1544818324.84
1544818324.88
1544818324.91
1544818324.95
1544818325.0
1544818325.05
1544818325.1
1544818325.14
1544818325.18
1544818325.21
1544818325.26
1544818325.3
1544818325.33
1544818325.38
1544818325.43
1544818325.47
1544818325.5
1544818325.54
1544818325.58
1544818325.61
1544818325.66
1544818325.7
1544818325.74
1544818325.84
1544818325.88
1544818325.93
1544818325.98
1544818326.02
1544818326.07
1544818326.11
1544818326.14
1544818326.18
1544818326.22
1544818326.26
1544818326.3
1544818326.33
1544818326.39
1544818326.44
1544818326.49
1544818326.52
1544818326.57
1544818326.63
1544818326.66
1544818326.7
1544818326.76
1544818326.82
1544818326.87
1544818326.91
1544818326.94
1544818327.02
1544818327.07
1544818327.1
1544818327.14
1544818327.17
1544818327.22
1544818327.26
1544818327.3
1544818327.33
1544818327.4
1544818327.45
1544818327.49
1544818327.54
1544818327.58
1544818327.62
1544818327.66
1544818327.7
1544818327.75
1544818327.79
1544818327.84
1544818327.87
1544818327.91
1544818327.95
1544818327.99
1544818328.04
1544818328.08
1544818328.12
1544818328.18
1544818328.25
1544818328.29
1544818328.33
1544818328.38
1544818328.43
1544818328.48
1544818328.51
1544818328.55
1544818328.58
1544818328.63
1544818328.67
1544818328.71
1544818328.75
1544818328.81
1544818328.85
1544818328.89
1544818328.93
1544818328.97
1544818329.01
1544818329.06
1544818329.1
1544818329.13
1544818329.17
1544818329.22
1544818329.26
1544818329.3
1544818329.34
1544818329.39
1544818329.45
1544818329.49
1544818329.53
1544818329.56
1544818329.61
1544818329.66
1544818329.68
1544818329.72
1544818329.75
1544818329.82
1544818329.86
1544818329.91
1544818329.95
1544818329.98
1544818330.01
1544818330.06
1544818330.09
1544818330.13
1544818330.17
1544818330.22
1544818330.27
1544818330.3
1544818330.35
1544818330.41
1544818330.46
1544818330.5
1544818330.53
1544818330.59
1544818330.64
1544818330.67
1544818330.7
1544818330.75
1544818330.8
1544818330.85
1544818330.89
1544818330.92
1544818330.97
1544818331.03
1544818331.08
1544818331.11
1544818331.15
1544818331.2
1544818331.24
1544818331.28
1544818331.31
1544818331.36
1544818331.41
1544818331.47
1544818331.52
1544818331.57
1544818331.62
1544818331.68
1544818331.73
1544818331.79
1544818331.85
1544818331.9
1544818331.96
1544818332.01
1544818332.08
1544818332.13
1544818332.18
1544818332.23
1544818332.29
1544818332.35
1544818332.4
1544818332.46
1544818332.51
1544818332.56
1544818332.6
1544818332.64
1544818332.71
1544818332.76
1544818332.81
1544818332.86
1544818332.9
1544818332.93
1544818332.98
1544818333.02
1544818333.06
1544818333.1
1544818333.15
1544818333.2
1544818333.25
1544818333.3
1544818333.35
1544818333.41
1544818333.46
1544818333.52
1544818333.59
1544818333.65
1544818333.68
1544818333.73
1544818333.78
1544818333.83
1544818333.88
1544818333.94
1544818333.99
1544818334.06
1544818334.11
1544818334.16
1544818334.21
1544818334.27
1544818334.31
1544818334.36
1544818334.42
1544818334.48
1544818334.52
1544818334.58
1544818334.62
1544818334.68
1544818334.73
1544818334.78
1544818334.84
1544818334.89
1544818334.93
1544818334.99
1544818335.04
1544818335.09
1544818335.15
1544818335.2
1544818335.25
1544818335.31
1544818335.38
1544818335.43
1544818335.49
1544818335.55
1544818335.59
1544818335.65
1544818335.7
1544818335.76
1544818335.81
1544818335.87
1544818335.92
1544818335.99
1544818336.06
1544818336.11
1544818336.18
1544818336.23
1544818336.28
1544818336.33
1544818336.39
1544818336.45
1544818336.51
1544818336.55
1544818336.6
1544818336.65
1544818336.7
1544818336.74
1544818336.79
1544818336.85
1544818336.88
1544818336.93
1544818336.99
1544818337.04
1544818337.09
1544818337.13
1544818337.16
1544818337.23
1544818337.28
1544818337.32
1544818337.38
1544818337.43
1544818337.47
1544818337.51
1544818337.55
1544818337.6
1544818337.64
1544818337.68
1544818337.72
1544818337.76
1544818337.8
1544818337.85
1544818337.89
1544818337.92
1544818337.96
1544818338.01
1544818338.06
1544818338.11
1544818338.14
1544818338.19
1544818338.25
1544818338.29
1544818338.32
1544818338.36
1544818338.43
1544818338.48
1544818338.51
1544818338.55
1544818338.62
1544818338.66
1544818338.7
1544818338.74
1544818338.8
1544818338.85
1544818338.89
1544818338.93
1544818338.97
1544818339.04
1544818339.08
1544818339.12
1544818339.16
1544818339.21
1544818339.26
1544818339.29
1544818339.33
1544818339.37
1544818339.41
1544818339.46
1544818339.5
1544818339.55
1544818339.58
1544818339.62
1544818339.66
1544818339.69
1544818339.73
1544818339.77
1544818339.82
1544818339.88
1544818339.92
1544818339.97
1544818340.01
1544818340.07
1544818340.11
1544818340.16
1544818340.24
1544818340.28
1544818340.31
1544818340.37
1544818340.43
1544818340.47
1544818340.5
1544818340.55
1544818340.61
1544818340.67
1544818340.7
1544818340.74
1544818340.81
1544818340.86
1544818340.9
1544818340.93
1544818340.98
1544818341.02
1544818341.07
1544818341.1
1544818341.14
1544818341.18
1544818341.23
1544818341.28
1544818341.32
1544818341.38
1544818341.44
1544818341.48
1544818341.52
1544818341.56
1544818341.62
1544818341.66
1544818341.7
1544818341.74
1544818341.79
1544818341.83
1544818341.87
1544818341.91
1544818341.96
1544818342.02
1544818342.08
1544818342.11
1544818342.15
1544818342.21
1544818342.27
1544818342.3
1544818342.35
1544818342.42
1544818342.47
1544818342.51
1544818342.54
1544818342.59
1544818342.63
1544818342.68
1544818342.71
1544818342.76
1544818342.8
1544818342.88
1544818342.91
1544818342.96
1544818343.03
1544818343.08
1544818343.12
1544818343.17
1544818343.2
1544818343.24
1544818343.28
1544818343.31
1544818343.36
1544818343.4
1544818343.43
1544818343.47
1544818343.51
1544818343.55
1544818343.6
1544818343.66
1544818343.7
1544818343.74
1544818343.79
1544818343.84
1544818343.88
1544818343.91
1544818343.96
1544818344.05
1544818344.09
1544818344.12
1544818344.19
1544818344.23
1544818344.28
1544818344.32
1544818344.36
1544818344.4
1544818344.47
1544818344.51
1544818344.55
1544818344.6
1544818344.66
1544818344.69
1544818344.72
1544818344.77
1544818344.81
1544818344.86
1544818344.9
1544818344.93
1544818344.98
1544818345.02
1544818345.07
1544818345.11
1544818345.15
1544818345.19
1544818345.22
1544818345.27
1544818345.3
1544818345.33
1544818345.37
1544818345.42
1544818345.46
1544818345.49
1544818345.52
1544818345.57
1544818345.64
1544818345.68
1544818345.71
1544818345.74
1544818345.79
1544818345.84
1544818345.88
1544818345.91
1544818345.94
1544818345.98
1544818346.04
1544818346.09
1544818346.12
1544818346.18
1544818346.24
1544818346.28
1544818346.32
1544818346.37
1544818346.42
1544818346.46
1544818346.5
1544818346.53
1544818346.59
1544818346.66
1544818346.69
1544818346.73
1544818346.81
1544818346.86
1544818346.9
1544818346.93
1544818346.98
1544818347.02
1544818347.06
1544818347.1
1544818347.13
1544818347.2
1544818347.25
1544818347.28
1544818347.32
1544818347.36
1544818347.42
1544818347.47
1544818347.5
1544818347.54
1544818347.59
1544818347.63
1544818347.68
1544818347.71
1544818347.74
1544818347.8
1544818347.83
1544818347.87
1544818347.9
1544818347.95
1544818347.99
1544818348.03
1544818348.07
1544818348.1
1544818348.13
1544818348.18
1544818348.23
1544818348.27
1544818348.31
1544818348.34
1544818348.4
1544818348.44
1544818348.48
1544818348.51
1544818348.57
1544818348.64
1544818348.71
1544818348.78
1544818348.84
1544818348.9
1544818348.96
1544818349.01
1544818349.07
1544818349.11
1544818349.17
1544818349.23
1544818349.28
1544818349.35
1544818349.4
1544818349.47
1544818349.55
1544818349.62
1544818349.71
1544818349.78
1544818349.83
1544818349.89
1544818349.96
1544818350.0
1544818350.04
1544818350.1
1544818350.13
1544818350.22
1544818350.29
1544818350.32
1544818350.37
1544818350.43
1544818350.49
1544818350.52
1544818350.56
1544818350.6
1544818350.66
1544818350.7
1544818350.75
1544818350.8
1544818350.86
1544818350.89
1544818350.92
1544818350.96
1544818351.0
1544818351.06
1544818351.09
1544818351.13
1544818351.19
1544818351.23
1544818351.27
1544818351.31
1544818351.36
1544818351.4
1544818351.47
1544818351.51
1544818351.56
1544818351.61
1544818351.66
1544818351.69
1544818351.73
1544818351.76
1544818351.8
1544818351.84
1544818351.88
1544818351.92
1544818351.96
1544818352.01
1544818352.06
1544818352.1
1544818352.13
1544818352.19
1544818352.26
1544818352.3
1544818352.34
1544818352.4
1544818352.46
1544818352.49
1544818352.53
1544818352.58
1544818352.64
1544818352.68
1544818352.73
1544818352.78
1544818352.83
1544818352.88
1544818352.91
1544818352.96
1544818353.02
1544818353.08
1544818353.12
1544818353.17
1544818353.21
1544818353.26
1544818353.3
1544818353.34
1544818353.38
1544818353.42
1544818353.47
1544818353.51
1544818353.55
1544818353.59
1544818353.65
1544818353.68
1544818353.72
1544818353.78
1544818353.83
1544818353.88
1544818353.91
1544818353.96
1544818353.99
1544818354.03
1544818354.1
1544818354.16
1544818354.2
1544818354.24
1544818354.29
1544818354.33
1544818354.38
1544818354.44
1544818354.49
1544818354.54
1544818354.59
1544818354.64
1544818354.7
1544818354.76
1544818354.8
1544818354.86
1544818354.92
1544818354.98
1544818355.02
1544818355.07
1544818355.12
1544818355.18
1544818355.21
1544818355.26
1544818355.31
1544818355.37
1544818355.42
1544818355.47
1544818355.51
1544818355.57
1544818355.63
1544818355.68
1544818355.72
1544818355.79
1544818355.86
1544818355.93
1544818356.0
1544818356.07
1544818356.11
1544818356.16
1544818356.21
1544818356.27
1544818356.33
1544818356.38
1544818356.42
1544818356.48
1544818356.53
1544818356.61
1544818356.68
1544818356.74
1544818356.81
1544818356.88
1544818356.92
1544818356.98
1544818357.03
1544818357.11
1544818357.16
1544818357.2
1544818357.23
1544818357.31
1544818357.36
1544818357.42
1544818357.46
1544818357.5
1544818357.54
1544818357.59
1544818357.63
1544818357.68
1544818357.71
1544818357.75
1544818357.79
1544818357.86
1544818357.9
1544818357.95
1544818357.99
1544818358.04
1544818358.08
1544818358.13
1544818358.19
1544818358.23
1544818358.28
1544818358.32
1544818358.36
1544818358.41
1544818358.46
1544818358.5
1544818358.55
1544818358.6
1544818358.65
1544818358.7
1544818358.73
1544818358.8
1544818358.86
1544818358.89
1544818358.92
1544818358.96
1544818359.01
1544818359.06
1544818359.09
1544818359.13
1544818359.18
1544818359.23
1544818359.26
1544818359.29
1544818359.33
1544818359.37
1544818359.41
1544818359.47
1544818359.5
1544818359.53
1544818359.58
1544818359.61
1544818359.67
1544818359.7
1544818359.74
1544818359.81
1544818359.86
1544818359.9
1544818359.93
1544818359.98
1544818360.04
1544818360.09
1544818360.14
1544818360.19
1544818360.25
1544818360.29
1544818360.33
1544818360.39
1544818360.43
1544818360.47
1544818360.5
1544818360.54
1544818360.61
1544818360.66
1544818360.7
1544818360.74
1544818360.78
1544818360.85
1544818360.9
1544818360.93
1544818360.98
1544818361.04
1544818361.08
1544818361.11
1544818361.16
1544818361.2
1544818361.25
1544818361.3
1544818361.33
1544818361.38
1544818361.43
1544818361.48
1544818361.52
1544818361.57
1544818361.6
1544818361.66
1544818361.71
1544818361.75
1544818361.78
1544818361.82
1544818361.86
1544818361.9
1544818361.93
1544818361.99
1544818362.06
1544818362.1
1544818362.13
1544818362.19
1544818362.26
1544818362.3
1544818362.35
1544818362.4
1544818362.45
1544818362.49
1544818362.53
1544818362.58
1544818362.65
1544818362.69
1544818362.73
1544818362.77
1544818362.8
1544818362.85
1544818362.88
1544818362.92
1544818362.96
1544818363.01
1544818363.07
1544818363.1
1544818363.15
1544818363.2
1544818363.23
1544818363.27
1544818363.3
1544818363.35
1544818363.4
1544818363.45
1544818363.49
1544818363.53
1544818363.58
1544818363.64
1544818363.69
1544818363.72
1544818363.76
1544818363.83
1544818363.88
1544818363.92
1544818363.97
1544818364.05
1544818364.08
1544818364.11
1544818364.16
1544818364.21
1544818364.26
1544818364.3
1544818364.33
1544818364.38
1544818364.41
1544818364.46
1544818364.49
1544818364.53
1544818364.58
1544818364.64
1544818364.68
1544818364.73
1544818364.76
1544818364.82
1544818364.87
1544818364.92
1544818364.96
1544818364.99
1544818365.03
1544818365.08
1544818365.11
1544818365.17
1544818365.21
1544818365.26
1544818365.29
1544818365.33
1544818365.38
1544818365.43
1544818365.47
1544818365.51
1544818365.56
1544818365.62
1544818365.66
1544818365.7
1544818365.74
1544818365.81
1544818365.86
1544818365.89
1544818365.92
1544818365.97
1544818366.02
1544818366.08
1544818366.11
1544818366.16
1544818366.22
1544818366.27
1544818366.31
1544818366.35
1544818366.39
1544818366.43
1544818366.47
1544818366.5
1544818366.54
1544818366.61
1544818366.66
1544818366.7
1544818366.75
1544818366.81
1544818366.86
1544818366.9
1544818366.94
1544818367.02
1544818367.07
1544818367.11
1544818367.16
1544818367.2
1544818367.25
1544818367.29
1544818367.33
1544818367.38
1544818367.44
1544818367.48
1544818367.51
1544818367.55
1544818367.62
1544818367.7
1544818367.75
1544818367.82
1544818367.88
1544818367.93
1544818367.99
1544818368.05
1544818368.1
1544818368.16
1544818368.23
1544818368.3
1544818368.35
1544818368.4
1544818368.46
1544818368.51
1544818368.56
1544818368.6
1544818368.65
1544818368.7
1544818368.74
1544818368.8
1544818368.84
1544818368.88
1544818368.92
1544818368.98
1544818369.04
1544818369.1
1544818369.15
1544818369.2
1544818369.25
1544818369.3
1544818369.35
1544818369.39
1544818369.44
1544818369.48
1544818369.51
1544818369.55
1544818369.6
1544818369.65
1544818369.68
1544818369.72
1544818369.75
1544818369.81
1544818369.87
1544818369.91
1544818369.95
1544818370.0
1544818370.04
1544818370.09
1544818370.12
1544818370.17
1544818370.23
1544818370.27
1544818370.31
1544818370.36
1544818370.39
1544818370.43
1544818370.48
1544818370.52
1544818370.56
1544818370.62
1544818370.67
1544818370.7
1544818370.74
1544818370.77
1544818370.81
1544818370.86
1544818370.89
1544818370.93
1544818370.98
1544818371.01
1544818371.05
1544818371.09
1544818371.13
1544818371.18
1544818371.23
1544818371.28
1544818371.31
1544818371.35
1544818371.4
1544818371.46
1544818371.49
1544818371.53
1544818371.57
1544818371.6
1544818371.65
1544818371.7
1544818371.74
1544818371.78
1544818371.84
1544818371.88
1544818371.91
1544818371.95
1544818371.99
1544818372.04
1544818372.07
1544818372.11
1544818372.15
1544818372.21
1544818372.26
1544818372.31
1544818372.36
1544818372.43
1544818372.49
1544818372.53
1544818372.56
1544818372.59
1544818372.64
1544818372.69
1544818372.73
1544818372.77
1544818372.81
1544818372.85
1544818372.89
1544818372.93
1544818372.97
1544818373.01
1544818373.04
1544818373.12
1544818373.17
1544818373.22
1544818373.28
1544818373.32
1544818373.37
1544818373.42
1544818373.46
1544818373.51
1544818373.55
1544818373.61
1544818373.66
1544818373.7
1544818373.73
1544818373.78
1544818373.85
1544818373.9
1544818373.93
1544818373.97
1544818374.04
1544818374.1
1544818374.13
1544818374.21
1544818374.29
1544818374.35
1544818374.39
1544818374.44
1544818374.49
1544818374.53
1544818374.59
1544818374.66
1544818374.71
1544818374.77
1544818374.83
1544818374.9
1544818374.96
1544818375.02
1544818375.08
1544818375.13
1544818375.18
1544818375.23
1544818375.29
1544818375.36
1544818375.41
1544818375.46
1544818375.5
1544818375.53
1544818375.58
1544818375.62
1544818375.65
1544818375.7
1544818375.75
1544818375.79
1544818375.83
1544818375.9
1544818375.95
1544818376.0
1544818376.05
1544818376.1
1544818376.14
1544818376.2
1544818376.25
1544818376.28
1544818376.32
1544818376.37
1544818376.42
1544818376.48
1544818376.54
1544818376.6
1544818376.66
1544818376.7
1544818376.73
1544818376.8
1544818376.85
1544818376.89
1544818376.93
1544818376.99
1544818377.06
1544818377.11
1544818377.15
1544818377.2
1544818377.26
1544818377.29
1544818377.33
1544818377.38
1544818377.43
1544818377.47
1544818377.5
1544818377.54
1544818377.6
1544818377.65
1544818377.69
1544818377.73
1544818377.76
1544818377.83
1544818377.88
1544818377.91
1544818377.94
1544818377.99
1544818378.05
1544818378.09
1544818378.12
1544818378.16
1544818378.21
1544818378.26
1544818378.3
1544818378.33
1544818378.37
1544818378.43
1544818378.48
1544818378.51
1544818378.55
1544818378.62
1544818378.67
1544818378.71
1544818378.76
1544818378.8
1544818378.85
1544818378.9
1544818378.94
1544818379.0
1544818379.05
1544818379.1
1544818379.15
1544818379.2
1544818379.25
1544818379.3
1544818379.33
1544818379.37
1544818379.41
1544818379.46
1544818379.49
1544818379.52
1544818379.55
1544818379.6
1544818379.64
1544818379.7
1544818379.74
1544818379.79
1544818379.83
1544818379.87
1544818379.9
1544818379.94
1544818380.01
1544818380.06
1544818380.09
1544818380.13
1544818380.18
1544818380.22
1544818380.26
1544818380.3
1544818380.35
1544818380.43
1544818380.48
1544818380.53
1544818380.6
1544818380.66
1544818380.7
1544818380.75
1544818380.82
1544818380.88
1544818380.93
1544818381.0
1544818381.06
1544818381.12
1544818381.16
1544818381.23
1544818381.29
1544818381.33
1544818381.37
1544818381.42
1544818381.46
1544818381.5
1544818381.53
1544818381.57
1544818381.61
1544818381.66
1544818381.7
1544818381.73
1544818381.78
1544818381.84
1544818381.88
1544818381.91
1544818381.96
1544818382.06
1544818382.1
1544818382.13
1544818382.19
1544818382.24
1544818382.29
1544818382.33
1544818382.38
1544818382.43
1544818382.47
1544818382.51
1544818382.56
1544818382.61
1544818382.66
1544818382.71
1544818382.76
1544818382.8
1544818382.85
1544818382.9
1544818382.95
1544818383.01
1544818383.05
1544818383.1
1544818383.15
1544818383.21
1544818383.25
1544818383.29
1544818383.33
1544818383.38
1544818383.42
1544818383.46
1544818383.5
1544818383.53
1544818383.58
1544818383.63
1544818383.7
1544818383.77
1544818383.81
1544818383.85
1544818383.91
1544818383.96
1544818384.0
1544818384.05
1544818384.1
1544818384.18
1544818384.25
1544818384.3
1544818384.35
1544818384.41
1544818384.46
1544818384.51
1544818384.56
1544818384.61
1544818384.67
1544818384.72
1544818384.79
1544818384.86
1544818384.91
1544818384.98
1544818385.07
1544818385.13
1544818385.2
1544818385.27
1544818385.33
1544818385.41
1544818385.46
1544818385.5
1544818385.55
1544818385.61
1544818385.66
1544818385.73
1544818385.8
1544818385.86
1544818385.92
1544818386.01
1544818386.08
1544818386.11
1544818386.16
1544818386.2
1544818386.24
1544818386.28
1544818386.31
1544818386.34
1544818386.41
1544818386.46
1544818386.5
1544818386.55
1544818386.6
1544818386.65
1544818386.7
1544818386.73
1544818386.79
1544818386.85
1544818386.88
1544818386.92
1544818386.97
1544818387.0
1544818387.04
1544818387.08
1544818387.11
1544818387.17
1544818387.22
1544818387.27
1544818387.31
1544818387.37
1544818387.43
1544818387.48
1544818387.52
1544818387.57
1544818387.63
1544818387.67
1544818387.71
1544818387.77
1544818387.86
1544818387.9
1544818387.94
1544818388.01
1544818388.06
1544818388.11
1544818388.15
1544818388.22
1544818388.27
1544818388.31
1544818388.34
1544818388.42
1544818388.48
1544818388.52
1544818388.58
1544818388.64
1544818388.67
1544818388.71
1544818388.75
1544818388.8
1544818388.85
1544818388.89
1544818388.93
1544818388.98
1544818389.05
1544818389.09
1544818389.13
1544818389.19
1544818389.26
1544818389.29
1544818389.32
1544818389.38
1544818389.45
1544818389.49
1544818389.53
1544818389.6
1544818389.66
1544818389.71
1544818389.76
1544818389.8
1544818389.84
1544818389.91
1544818389.95
1544818390.02
1544818390.07
1544818390.12
1544818390.17
1544818390.23
1544818390.28
1544818390.31
1544818390.37
1544818390.44
1544818390.48
1544818390.51
1544818390.56
1544818390.59
1544818390.63
1544818390.66
1544818390.7
1544818390.74
1544818390.8
1544818390.85
1544818390.88
1544818390.92
1544818390.97
1544818391.04
1544818391.08
1544818391.12
1544818391.17
1544818391.21
1544818391.26
1544818391.31
1544818391.38
1544818391.42
1544818391.46
1544818391.5
1544818391.53
1544818391.58
1544818391.65
1544818391.71
1544818391.78
1544818391.83
1544818391.88
1544818391.92
1544818391.98
1544818392.03
1544818392.08
1544818392.14
1544818392.18
1544818392.23
1544818392.28
1544818392.32
1544818392.36
1544818392.41
1544818392.45
1544818392.49
1544818392.54
1544818392.59
1544818392.63
1544818392.69
1544818392.73
1544818392.77
1544818392.83
1544818392.88
1544818392.94
1544818393.0
1544818393.06
1544818393.12
1544818393.19
1544818393.24
1544818393.29
1544818393.34
1544818393.38
1544818393.43
1544818393.5
1544818393.56
1544818393.63
1544818393.69
1544818393.73
1544818393.77
1544818393.81
1544818393.86
1544818393.9
1544818393.96
1544818394.03
1544818394.08
1544818394.11
1544818394.16
1544818394.22
1544818394.28
1544818394.31
1544818394.36
1544818394.4
1544818394.44
1544818394.49
1544818394.52
1544818394.56
1544818394.62
1544818394.67
1544818394.71
1544818394.77
1544818394.83
1544818394.88
1544818394.93
1544818394.97
1544818395.01
1544818395.05
1544818395.09
1544818395.13
1544818395.19
1544818395.27
1544818395.31
1544818395.36
1544818395.42
1544818395.48
1544818395.51
1544818395.55
1544818395.6
1544818395.64
1544818395.68
1544818395.72
1544818395.78
1544818395.83
1544818395.88
1544818395.91
1544818396.0
1544818396.06
1544818396.1
1544818396.14
1544818396.18
1544818396.21
1544818396.26
1544818396.29
1544818396.34
1544818396.39
1544818396.43
1544818396.47
1544818396.5
1544818396.53
1544818396.59
1544818396.64
1544818396.7
1544818396.77
1544818396.84
1544818396.89
1544818396.93
1544818397.0
1544818397.08
1544818397.17
1544818397.23
1544818397.31
1544818397.41
1544818397.48
1544818397.52
1544818397.61
1544818397.69
1544818397.78
1544818397.85
1544818397.88
1544818397.93
1544818397.98
1544818398.05
1544818398.13
1544818398.2
1544818398.28
1544818398.34
1544818398.39
1544818398.43
1544818398.49
1544818398.55
1544818398.59
1544818398.64
1544818398.69
1544818398.74
1544818398.78
1544818398.82
1544818398.87
1544818398.93
1544818398.99
1544818399.03
1544818399.07
1544818399.1
1544818399.14
1544818399.19
1544818399.23
1544818399.27
1544818399.31
1544818399.37
1544818399.4
1544818399.44
1544818399.49
1544818399.56
1544818399.59
1544818399.63
1544818399.68
1544818399.75
1544818399.79
1544818399.84
1544818399.9
1544818399.98
1544818400.06
1544818400.13
1544818400.2
1544818400.27
1544818400.33
1544818400.4
1544818400.49
1544818400.58
1544818400.66
1544818400.73
1544818400.79
1544818400.84
1544818400.88
1544818400.92
1544818400.96
1544818401.01
1544818401.07
1544818401.13
1544818401.21
1544818401.28
1544818401.38
1544818401.44
1544818401.48
1544818401.54
1544818401.59
1544818401.63
1544818401.68
1544818401.76
1544818401.8
1544818401.83
1544818401.9
1544818401.95
1544818401.98
1544818402.02
1544818402.07
1544818402.11
1544818402.16
1544818402.19
1544818402.23
1544818402.28
1544818402.31
1544818402.36
1544818402.39
1544818402.43
1544818402.47
1544818402.52
1544818402.57
1544818402.61
1544818402.67
1544818402.72
1544818402.76
1544818402.8
1544818402.83
1544818402.89
1544818402.94
1544818402.98
1544818403.01
1544818403.08
1544818403.14
1544818403.2
1544818403.26
1544818403.34
1544818403.39
1544818403.43
1544818403.48
1544818403.53
1544818403.58
1544818403.62
1544818403.68
1544818403.73
1544818403.8
1544818403.85
1544818403.91
1544818403.98
1544818404.05
1544818404.11
1544818404.16
1544818404.21
1544818404.29
1544818404.35
1544818404.41
1544818404.48
1544818404.53
1544818404.6
1544818404.68
1544818404.76
1544818404.83
1544818404.89
1544818404.96
1544818405.03
1544818405.09
1544818405.13
1544818405.18
1544818405.24
1544818405.29
1544818405.33
1544818405.4
1544818405.45
1544818405.5
1544818405.55
1544818405.59
1544818405.63
1544818405.69
1544818405.78
1544818405.83
1544818405.88
1544818405.93
1544818406.0
1544818406.07
1544818406.13
1544818406.21
1544818406.28
1544818406.33
1544818406.39
1544818406.46
1544818406.51
1544818406.58
1544818406.63
1544818406.69
1544818406.75
1544818406.81
1544818406.86
1544818406.9
1544818406.94
1544818406.99
1544818407.04
1544818407.09
1544818407.13
1544818407.18
1544818407.23
1544818407.29
1544818407.34
1544818407.39
1544818407.44
1544818407.48
1544818407.53
1544818407.57
1544818407.61
1544818407.67
1544818407.71
1544818407.76
1544818407.8
1544818407.86
1544818407.9
1544818407.95
1544818408.05
1544818408.1
1544818408.15
1544818408.2
1544818408.25
1544818408.29
1544818408.33
1544818408.37
1544818408.42
1544818408.49
1544818408.52
1544818408.58
1544818408.65
1544818408.7
1544818408.76
1544818408.81
1544818408.86
1544818408.9
1544818408.94
1544818409.03
1544818409.08
1544818409.13
1544818409.19
1544818409.25
1544818409.3
1544818409.34
1544818409.4
1544818409.44
1544818409.49
1544818409.52
1544818409.58
1544818409.63
1544818409.67
1544818409.7
1544818409.75
1544818409.78
1544818409.85
1544818409.89
1544818409.93
1544818409.99
1544818410.05
1544818410.1
1544818410.14
1544818410.18
1544818410.22
1544818410.28
1544818410.31
1544818410.35
1544818410.4
1544818410.45
1544818410.49
1544818410.53
1544818410.6
1544818410.64
1544818410.68
1544818410.72
1544818410.77
1544818410.85
1544818410.89
1544818410.93
1544818410.97
1544818411.03
1544818411.08
1544818411.11
1544818411.16
1544818411.2
1544818411.25
1544818411.28
1544818411.32
1544818411.38
1544818411.43
1544818411.48
1544818411.52
1544818411.58
1544818411.64
1544818411.68
1544818411.73
1544818411.77
1544818411.83
1544818411.88
1544818411.91
1544818411.98
1544818412.03
1544818412.08
1544818412.12
1544818412.17
1544818412.22
1544818412.27
1544818412.32
1544818412.37
1544818412.42
1544818412.48
1544818412.52
1544818412.58
1544818412.63
1544818412.72
1544818412.78
1544818412.85
1544818412.91
1544818412.98
1544818413.04
1544818413.11
1544818413.18
1544818413.23
1544818413.3
1544818413.36
1544818413.43
1544818413.49
1544818413.55
1544818413.61
1544818413.68
1544818413.73
1544818413.79
1544818413.86
1544818413.9
1544818413.95
1544818413.99
1544818414.02
1544818414.07
1544818414.13
1544818414.19
1544818414.26
1544818414.32
1544818414.39
1544818414.45
1544818414.49
1544818414.53
1544818414.58
1544818414.66
1544818414.7
1544818414.74
1544818414.8
1544818414.86
1544818414.91
1544818414.99
1544818415.04
1544818415.09
1544818415.14
1544818415.19
1544818415.25
1544818415.31
1544818415.38
1544818415.42
1544818415.48
1544818415.56
1544818415.63
1544818415.73
1544818415.78
1544818415.83
1544818415.87
1544818415.93
1544818415.98
1544818416.02
1544818416.06
1544818416.13
1544818416.18
1544818416.23
1544818416.28
1544818416.31
1544818416.34
1544818416.39
1544818416.42
1544818416.47
1544818416.52
1544818416.58
1544818416.63
1544818416.69
1544818416.78
1544818416.81
1544818416.84
1544818416.91
1544818416.95
1544818416.99
1544818417.03
1544818417.09
1544818417.17
1544818417.21
1544818417.24
1544818417.32
1544818417.37
1544818417.41
1544818417.45
1544818417.51
1544818417.55
1544818417.59
1544818417.62
1544818417.66
1544818417.72
1544818417.78
1544818417.81
1544818417.84
1544818417.89
1544818417.93
1544818417.97
1544818418.01
1544818418.06
1544818418.15
1544818418.19
1544818418.22
1544818418.26
1544818418.31
1544818418.36
1544818418.4
1544818418.44
1544818418.49
1544818418.57
1544818418.6
1544818418.64
1544818418.69
1544818418.78
1544818418.82
1544818418.89
1544818418.95
1544818418.98
1544818419.02
1544818419.08
1544818419.13
1544818419.18
1544818419.22
1544818419.26
1544818419.35
1544818419.4
1544818419.44
1544818419.52
1544818419.58
1544818419.61
1544818419.64
1544818419.73
1544818419.78
1544818419.82
1544818419.86
1544818419.92
1544818419.97
1544818420.01
1544818420.05
1544818420.13
1544818420.17
1544818420.21
1544818420.26
1544818420.32
1544818420.37
1544818420.41
1544818420.46
1544818420.51
1544818420.57
1544818420.61
1544818420.66
1544818420.71
1544818420.75
1544818420.79
1544818420.83
1544818420.89
1544818420.95
1544818421.0
1544818421.05
1544818421.09
1544818421.13
1544818421.18
1544818421.22
1544818421.28
1544818421.33
1544818421.38
1544818421.43
1544818421.49
1544818421.54
1544818421.59
1544818421.63
1544818421.67
1544818421.74
1544818421.8
1544818421.86
1544818421.92
1544818421.99
1544818422.04
1544818422.1
1544818422.15
1544818422.21
1544818422.27
1544818422.33
1544818422.38
1544818422.44
1544818422.51
1544818422.56
1544818422.62
1544818422.67
1544818422.71
1544818422.78
1544818422.82
1544818422.88
1544818422.92
1544818422.96
1544818423.0
1544818423.05
1544818423.1
1544818423.15
1544818423.19
1544818423.23
1544818423.3
1544818423.36
1544818423.42
1544818423.48
1544818423.52
1544818423.58
1544818423.61
1544818423.68
1544818423.73
1544818423.81
1544818423.88
1544818423.94
1544818424.0
1544818424.06
1544818424.12
1544818424.17
1544818424.21
1544818424.26
1544818424.31
1544818424.37
1544818424.41
1544818424.48
1544818424.53
1544818424.58
1544818424.62
1544818424.68
1544818424.71
1544818424.77
1544818424.81
1544818424.87
1544818424.91
1544818424.96
1544818425.0
1544818425.03
1544818425.09
1544818425.13
1544818425.18
1544818425.22
1544818425.26
1544818425.31
1544818425.36
1544818425.4
1544818425.43
1544818425.49
1544818425.53
1544818425.57
1544818425.6
1544818425.64
1544818425.71
1544818425.76
1544818425.8
1544818425.83
1544818425.89
1544818425.95
1544818425.99
1544818426.03
1544818426.09
1544818426.15
1544818426.19
1544818426.22
1544818426.26
1544818426.34
1544818426.39
1544818426.44
1544818426.49
1544818426.53
1544818426.58
1544818426.62
1544818426.67
1544818426.72
1544818426.78
1544818426.82
1544818426.87
1544818426.93
1544818426.99
1544818427.02
1544818427.06
1544818427.1
1544818427.16
1544818427.21
1544818427.26
1544818427.32
1544818427.38
1544818427.42
1544818427.48
1544818427.55
1544818427.59
1544818427.63
1544818427.7
1544818427.76
1544818427.79
1544818427.84
1544818427.92
1544818427.97
1544818428.01
1544818428.05
1544818428.13
1544818428.19
1544818428.22
1544818428.26
1544818428.31
1544818428.38
1544818428.42
1544818428.46
1544818428.53
1544818428.58
1544818428.62
1544818428.67
1544818428.72
1544818428.77
1544818428.82
1544818428.87
1544818428.93
1544818428.98
1544818429.02
1544818429.07
1544818429.13
1544818429.18
1544818429.21
1544818429.25
1544818429.3
1544818429.35
1544818429.41
1544818429.46
1544818429.51
1544818429.56
1544818429.61
1544818429.68
1544818429.73
1544818429.79
1544818429.86
1544818429.92
1544818429.97
1544818430.01
1544818430.05
1544818430.13
1544818430.21
1544818430.27
1544818430.3
1544818430.34
1544818430.4
1544818430.46
1544818430.51
1544818430.57
1544818430.61
1544818430.66
1544818430.71
1544818430.76
1544818430.82
1544818430.87
1544818430.92
1544818430.96
1544818431.04
1544818431.13
1544818431.18
1544818431.21
1544818431.28
1544818431.36
1544818431.4
1544818431.45
1544818431.51
1544818431.57
1544818431.6
1544818431.64
1544818431.68
1544818431.72
1544818431.77
1544818431.8
1544818431.84
1544818431.91
1544818431.96
1544818432.0
1544818432.05
1544818432.13
1544818432.18
1544818432.22
1544818432.27
1544818432.35
1544818432.39
1544818432.43
1544818432.51
1544818432.56
1544818432.61
1544818432.66
1544818432.72
1544818432.77
1544818432.81
1544818432.85
1544818432.91
1544818432.97
1544818433.01
1544818433.06
1544818433.11
1544818433.21
1544818433.28
1544818433.36
1544818433.4
1544818433.45
1544818433.5
1544818433.55
1544818433.61
1544818433.67
1544818433.72
1544818433.76
1544818433.81
1544818433.87
1544818433.93
1544818433.98
1544818434.03
1544818434.09
1544818434.14
1544818434.2
1544818434.26
1544818434.3
1544818434.33
1544818434.38
1544818434.43
1544818434.47
1544818434.51
1544818434.55
1544818434.61
1544818434.66
1544818434.69
1544818434.73
1544818434.78
1544818434.82
1544818434.87
1544818434.91
1544818434.94
1544818434.99
1544818435.05
1544818435.1
1544818435.13
1544818435.19
1544818435.24
1544818435.28
1544818435.31
1544818435.36
1544818435.42
1544818435.48
1544818435.52
1544818435.58
1544818435.67
1544818435.7
1544818435.73
1544818435.78
1544818435.82
1544818435.87
1544818435.91
1544818435.96
1544818436.0
1544818436.04
1544818436.09
1544818436.13
1544818436.16
1544818436.21
1544818436.26
1544818436.31
1544818436.36
1544818436.39
1544818436.44
1544818436.49
1544818436.53
1544818436.57
1544818436.62
1544818436.67
1544818436.71
1544818436.74
1544818436.79
1544818436.83
1544818436.89
1544818436.93
1544818436.97
1544818437.03
1544818437.08
1544818437.11
1544818437.18
1544818437.25
1544818437.29
1544818437.33
1544818437.38
1544818437.45
1544818437.48
1544818437.51
1544818437.56
1544818437.63
1544818437.68
1544818437.73
1544818437.78
1544818437.83
1544818437.88
1544818437.93
1544818437.99
1544818438.05
1544818438.09
1544818438.13
1544818438.18
1544818438.22
1544818438.28
1544818438.31
1544818438.34
1544818438.42
1544818438.46
1544818438.5
1544818438.53
1544818438.6
1544818438.65
1544818438.69
1544818438.73
1544818438.78
1544818438.83
1544818438.89
1544818438.93
1544818438.96
1544818439.0
1544818439.03
1544818439.06
1544818439.12
1544818439.16
1544818439.2
1544818439.24
1544818439.29
1544818439.32
1544818439.36
1544818439.41
1544818439.45
1544818439.5
1544818439.55
1544818439.6
1544818439.65
1544818439.69
1544818439.73
1544818439.77
1544818439.81
1544818439.85
1544818439.89
1544818439.93
1544818439.97
1544818440.03
1544818440.08
1544818440.12
1544818440.23
1544818440.27
1544818440.31
1544818440.35
1544818440.4
1544818440.46
1544818440.5
1544818440.55
1544818440.62
1544818440.68
1544818440.72
1544818440.76
1544818440.83
1544818440.86
1544818440.9
1544818440.94
1544818440.98
1544818441.02
1544818441.07
1544818441.11
1544818441.15
1544818441.2
1544818441.26
1544818441.3
1544818441.33
1544818441.38
1544818441.47
1544818441.51
1544818441.58
1544818441.64
1544818441.69
1544818441.75
1544818441.8
1544818441.86
1544818441.9
1544818441.93
1544818441.99
1544818442.04
1544818442.1
1544818442.16
1544818442.22
1544818442.29
1544818442.36
1544818442.41
1544818442.48
1544818442.54
1544818442.6
1544818442.67
1544818442.73
1544818442.78
1544818442.83
1544818442.89
1544818442.96
1544818443.03
1544818443.08
1544818443.15
1544818443.23
1544818443.29
1544818443.37
1544818443.44
1544818443.51
1544818443.58
1544818443.67
1544818443.75
1544818443.82
1544818443.9
1544818443.98
1544818444.05
1544818444.11
1544818444.17
1544818444.23
1544818444.28
1544818444.34
1544818444.38
1544818444.45
1544818444.51
1544818444.56
1544818444.6
1544818444.65
1544818444.72
1544818444.78
1544818444.82
1544818444.88
1544818444.93
1544818444.98
1544818445.02
1544818445.08
1544818445.17
1544818445.25
1544818445.33
1544818445.41
1544818445.5
1544818445.57
1544818445.63
1544818445.7
1544818445.78
1544818445.86
1544818445.94
1544818446.02
1544818446.1
1544818446.18
1544818446.28
1544818446.38
1544818446.45
1544818446.54
1544818446.63
1544818446.71
1544818446.8
1544818446.85
1544818446.9
1544818446.96
1544818447.0
1544818447.07
1544818447.14
1544818447.22
1544818447.3
1544818447.35
1544818447.4
1544818447.44
1544818447.5
1544818447.55
1544818447.58
1544818447.62
1544818447.68
1544818447.74
1544818447.78
1544818447.82
1544818447.87
1544818447.91
1544818447.95
1544818447.98
1544818448.03
1544818448.07
1544818448.12
1544818448.18
1544818448.22
1544818448.27
1544818448.31
1544818448.37
1544818448.4
1544818448.45
1544818448.49
1544818448.53
1544818448.58
1544818448.62
1544818448.68
1544818448.76
1544818448.8
1544818448.84
1544818448.88
1544818448.94
1544818449.0
1544818449.03
1544818449.08
1544818449.15
1544818449.21
1544818449.26
1544818449.31
1544818449.38
1544818449.41
1544818449.45
1544818449.51
1544818449.56
1544818449.61
1544818449.68
1544818449.74
1544818449.79
1544818449.84
1544818449.9
1544818449.97
1544818450.01
1544818450.07
1544818450.12
1544818450.18
1544818450.22
1544818450.26
1544818450.29
1544818450.32
1544818450.39
1544818450.42
1544818450.47
1544818450.51
1544818450.59
1544818450.65
1544818450.7
1544818450.77
1544818450.8
1544818450.86
1544818450.93
1544818450.98
1544818451.02
1544818451.07
1544818451.11
1544818451.16
1544818451.2
1544818451.24
1544818451.28
1544818451.33
1544818451.38
1544818451.43
1544818451.47
1544818451.53
1544818451.58
1544818451.62
1544818451.68
1544818451.72
1544818451.77
1544818451.81
1544818451.85
1544818451.91
1544818451.97
1544818452.0
1544818452.05
1544818452.11
1544818452.16
1544818452.2
1544818452.25
1544818452.3
1544818452.37
1544818452.41
1544818452.45
1544818452.51
1544818452.56
1544818452.6
1544818452.65
1544818452.71
1544818452.76
1544818452.79
1544818452.83
1544818452.88
1544818452.93
1544818452.99
1544818453.06
1544818453.11
1544818453.16
1544818453.2
1544818453.26
1544818453.31
1544818453.38
1544818453.45
1544818453.5
1544818453.56
1544818453.61
1544818453.65
1544818453.7
1544818453.75
1544818453.8
1544818453.86
1544818453.91
1544818453.98
1544818454.03
1544818454.08
1544818454.13
1544818454.16
1544818454.21
1544818454.27
1544818454.35
1544818454.41
1544818454.48
1544818454.53
1544818454.61
1544818454.66
1544818454.71
1544818454.76
1544818454.82
1544818454.88
1544818454.95
1544818455.02
1544818455.09
1544818455.15
1544818455.21
1544818455.27
1544818455.31
1544818455.34
1544818455.41
1544818455.47
1544818455.51
1544818455.58
1544818455.63
1544818455.69
1544818455.75
1544818455.81
1544818455.87
1544818455.91
1544818455.98
1544818456.03
1544818456.1
1544818456.18
1544818456.23
1544818456.3
1544818456.37
1544818456.4
1544818456.46
1544818456.52
1544818456.6
1544818456.68
1544818456.73
1544818456.78
1544818456.83
1544818456.9
1544818456.96
1544818457.01
1544818457.07
1544818457.12
1544818457.18
1544818457.23
1544818457.3
1544818457.36
1544818457.43
1544818457.51
1544818457.58
1544818457.66
1544818457.73
1544818457.8
1544818457.88
1544818457.96
1544818458.03
1544818458.09
1544818458.18
1544818458.26
1544818458.32
1544818458.39
1544818458.45
1544818458.5
1544818458.61
1544818458.69
1544818458.78
1544818458.85
1544818458.92
1544818459.0
1544818459.07
1544818459.13
1544818459.2
1544818459.28
1544818459.34
1544818459.4
1544818459.48
1544818459.52
1544818459.58
1544818459.63
1544818459.67
1544818459.71
1544818459.76
1544818459.8
1544818459.85
1544818459.89
1544818459.93
1544818459.98
1544818460.03
1544818460.08
1544818460.14
1544818460.19
1544818460.23
1544818460.3
1544818460.38
1544818460.44
1544818460.51
1544818460.58
1544818460.65
1544818460.71
1544818460.77
1544818460.83
1544818460.89
1544818460.93
1544818460.98
1544818461.03
1544818461.09
1544818461.15
1544818461.22
1544818461.28
1544818461.36
1544818461.42
1544818461.5
1544818461.56
1544818461.63
1544818461.68
1544818461.73
1544818461.81
1544818461.89
1544818461.95
1544818462.01
1544818462.08
1544818462.13
1544818462.19
1544818462.28
1544818462.33
1544818462.41
1544818462.46
1544818462.52
1544818462.58
1544818462.64
1544818462.7
1544818462.77
1544818462.83
1544818462.9
1544818462.98
1544818463.05
1544818463.09
1544818463.15
1544818463.21
1544818463.3
1544818463.38
1544818463.45
1544818463.53
1544818463.61
1544818463.7
1544818463.78
1544818463.85
1544818463.91
1544818463.96
1544818464.02
1544818464.09
1544818464.15
1544818464.2
1544818464.25
1544818464.3
1544818464.35
1544818464.41
1544818464.47
1544818464.51
1544818464.55
1544818464.6
1544818464.66
1544818464.7
1544818464.75
1544818464.8
1544818464.85
1544818464.89
1544818464.93
1544818464.96
1544818465.0
1544818465.05
1544818465.09
1544818465.12
1544818465.17
1544818465.2
1544818465.27
1544818465.3
1544818465.36
1544818465.41
1544818465.48
1544818465.52
1544818465.57
1544818465.61
1544818465.67
1544818465.71
1544818465.75
1544818465.79
1544818465.88
1544818465.91
1544818465.96
1544818466.03
1544818466.09
1544818466.12
1544818466.16
1544818466.21
1544818466.28
1544818466.31
1544818466.35
1544818466.4
1544818466.46
1544818466.51
1544818466.56
1544818466.6
1544818466.66
1544818466.71
1544818466.76
1544818466.83
1544818466.88
1544818466.91
1544818466.96
1544818467.03
1544818467.07
1544818467.12
1544818467.18
1544818467.24
1544818467.28
1544818467.32
1544818467.38
1544818467.44
1544818467.49
1544818467.53
1544818467.58
1544818467.63
1544818467.69
1544818467.73
1544818467.78
1544818467.83
1544818467.89
1544818467.93
1544818467.97
1544818468.02
1544818468.06
1544818468.1
1544818468.13
1544818468.18
1544818468.25
1544818468.29
1544818468.32
1544818468.36
1544818468.42
1544818468.47
1544818468.51
1544818468.55
1544818468.61
1544818468.66
1544818468.7
1544818468.73
1544818468.79
1544818468.85
1544818468.89
1544818468.93
1544818468.97
1544818469.02
1544818469.06
1544818469.1
1544818469.15
1544818469.18
1544818469.22
1544818469.26
1544818469.31
1544818469.36
1544818469.4
1544818469.46
1544818469.5
1544818469.54
1544818469.6
1544818469.66
1544818469.69
1544818469.73
1544818469.79
1544818469.85
1544818469.9
1544818469.93
1544818469.98
1544818470.03
1544818470.06
1544818470.1
1544818470.13
1544818470.17
1544818470.22
1544818470.26
1544818470.3
1544818470.36
1544818470.4
1544818470.45
1544818470.49
1544818470.53
1544818470.59
1544818470.65
1544818470.7
1544818470.73
1544818470.79
1544818470.84
1544818470.9
1544818470.93
1544818470.99
1544818471.06
1544818471.1
1544818471.16
1544818471.2
1544818471.24
1544818471.29
1544818471.33
1544818471.4
1544818471.47
1544818471.51
1544818471.59
1544818471.67
1544818471.71
1544818471.76
1544818471.82
1544818471.87
1544818471.9
1544818471.95
1544818471.99
1544818472.04
1544818472.08
1544818472.13
1544818472.18
1544818472.23
1544818472.28
1544818472.31
1544818472.36
1544818472.43
1544818472.47
1544818472.5
1544818472.54
1544818472.58
1544818472.63
1544818472.69
1544818472.73
1544818472.78
1544818472.84
1544818472.88
1544818472.91
1544818472.94
1544818472.99
1544818473.04
1544818473.08
1544818473.12
1544818473.16
1544818473.26
1544818473.3
1544818473.34
1544818473.39
1544818473.44
1544818473.48
1544818473.52
1544818473.58
1544818473.65
1544818473.69
1544818473.72
1544818473.76
1544818473.82
1544818473.87
1544818473.91
1544818473.95
1544818474.01
1544818474.07
1544818474.11
1544818474.16
1544818474.21
1544818474.24
1544818474.28
1544818474.31
1544818474.35
1544818474.42
1544818474.47
1544818474.51
1544818474.54
1544818474.6
1544818474.64
1544818474.68
1544818474.71
1544818474.76
1544818474.83
1544818474.87
1544818474.91
1544818474.97
1544818475.02
1544818475.07
1544818475.12
1544818475.16
1544818475.21
1544818475.26
1544818475.3
1544818475.34
1544818475.39
1544818475.42
1544818475.46
1544818475.5
1544818475.54
1544818475.6
1544818475.66
1544818475.71
1544818475.75
1544818475.81
1544818475.86
1544818475.9
1544818475.95
1544818475.98
1544818476.03
1544818476.09
1544818476.13
1544818476.18
1544818476.21
1544818476.26
1544818476.31
1544818476.36
1544818476.4
1544818476.45
1544818476.5
1544818476.55
1544818476.59
1544818476.63
1544818476.69
1544818476.76
1544818476.8
1544818476.85
1544818476.92
1544818476.99
1544818477.05
1544818477.12
1544818477.2
1544818477.26
1544818477.34
1544818477.4
1544818477.47
1544818477.55
1544818477.59
1544818477.63
1544818477.68
1544818477.75
1544818477.81
1544818477.88
1544818477.93
1544818478.0
1544818478.06
1544818478.13
1544818478.2
1544818478.25
1544818478.3
1544818478.33
1544818478.38
1544818478.42
1544818478.47
1544818478.51
1544818478.57
1544818478.6
1544818478.65
1544818478.7
1544818478.75
1544818478.79
1544818478.83
1544818478.88
1544818478.91
1544818478.96
1544818479.0
1544818479.08
1544818479.15
1544818479.2
1544818479.24
1544818479.28
1544818479.33
1544818479.37
1544818479.4
1544818479.43
1544818479.48
1544818479.52
1544818479.56
1544818479.6
1544818479.63
1544818479.66
1544818479.73
1544818479.79
1544818479.84
1544818479.88
1544818479.92
1544818479.96
1544818480.0
1544818480.04
1544818480.1
1544818480.15
1544818480.19
1544818480.23
1544818480.27
1544818480.33
1544818480.38
1544818480.43
1544818480.5
1544818480.56
1544818480.61
1544818480.67
1544818480.71
1544818480.77
1544818480.81
1544818480.83
1544818480.88
1544818480.93
1544818480.98
1544818481.01
1544818481.05
1544818481.11
1544818481.15
1544818481.19
1544818481.22
1544818481.26
1544818481.3
1544818481.34
1544818481.38
1544818481.41
1544818481.46
1544818481.52
1544818481.58
1544818481.65
1544818481.68
1544818481.72
1544818481.78
1544818481.84
1544818481.92
1544818481.99
1544818482.06
1544818482.14
1544818482.21
1544818482.3
1544818482.37
1544818482.44
1544818482.52
1544818482.56
1544818482.6
1544818482.65
1544818482.73
1544818482.79
1544818482.83
1544818482.89
1544818482.93
1544818482.99
1544818483.02
1544818483.07
1544818483.13
1544818483.17
1544818483.21
1544818483.25
1544818483.3
1544818483.35
1544818483.4
1544818483.43
1544818483.49
1544818483.54
1544818483.58
1544818483.62
1544818483.66
1544818483.7
1544818483.75
1544818483.79
1544818483.82
1544818483.86
1544818483.9
1544818483.95
1544818483.99
1544818484.02
1544818484.06
1544818484.11
1544818484.16
1544818484.2
1544818484.25
1544818484.29
1544818484.36
1544818484.39
1544818484.43
1544818484.48
1544818484.52
1544818484.57
1544818484.61
1544818484.68
1544818484.75
1544818484.81
1544818484.9
1544818484.97
1544818485.04
1544818485.09
1544818485.15
1544818485.2
1544818485.26
1544818485.32
1544818485.39
1544818485.45
1544818485.53
1544818485.59
1544818485.66
1544818485.72
1544818485.79
1544818485.85
1544818485.93
1544818486.0
1544818486.07
1544818486.13
1544818486.18
1544818486.23
1544818486.3
1544818486.38
1544818486.48
1544818486.54
1544818486.62
1544818486.67
1544818486.73
1544818486.79
1544818486.84
1544818486.91
1544818486.99
1544818487.05
1544818487.12
1544818487.19
1544818487.26
1544818487.31
1544818487.38
1544818487.43
1544818487.5
1544818487.58
1544818487.66
1544818487.73
1544818487.81
1544818487.89
1544818487.98
1544818488.06
1544818488.1
1544818488.15
1544818488.2
1544818488.28
1544818488.35
1544818488.42
1544818488.51
1544818488.59
1544818488.67
1544818488.75
1544818488.82
1544818488.89
1544818488.93
1544818488.98
1544818489.03
1544818489.08
