1544821866.84
1544821866.97
1544821867.06
1544821867.14
1544821867.24
1544821867.34
1544821867.46
1544821867.54
1544821867.61
1544821867.69
1544821867.79
1544821867.87
1544821867.94
1544821868.02
1544821868.13
1544821868.19
1544821868.26
1544821868.34
1544821868.41
1544821868.48
1544821868.56
1544821868.62
1544821868.68
1544821868.75
1544821868.82
1544821868.88
1544821868.95
1544821869.03
1544821869.1
1544821869.17
1544821869.24
1544821869.31
1544821869.38
1544821869.46
1544821869.51
1544821869.57
1544821869.63
1544821869.68
1544821869.75
1544821869.84
1544821869.91
1544821869.99
1544821870.07
1544821870.15
1544821870.23
1544821870.29
1544821870.36
1544821870.43
1544821870.51
1544821870.56
1544821870.64
1544821870.72
1544821870.81
1544821870.88
1544821870.95
1544821871.03
1544821871.09
1544821871.17
1544821871.24
1544821871.31
1544821871.37
1544821871.43
1544821871.54
1544821871.61
1544821871.67
1544821871.76
1544821871.83
1544821871.9
1544821871.97
1544821872.05
1544821872.13
1544821872.21
1544821872.29
1544821872.35
1544821872.42
1544821872.48
1544821872.55
1544821872.63
1544821872.69
1544821872.79
1544821872.88
1544821872.94
1544821873.0
1544821873.09
1544821873.13
1544821873.19
1544821873.25
1544821873.33
1544821873.4
1544821873.47
1544821873.55
1544821873.63
1544821873.7
1544821873.76
1544821873.85
1544821873.92
1544821873.99
1544821874.07
1544821874.14
1544821874.21
1544821874.28
1544821874.34
1544821874.43
1544821874.49
1544821874.56
1544821874.65
1544821874.75
1544821874.85
1544821874.93
1544821875.0
1544821875.08
1544821875.16
1544821875.23
1544821875.3
1544821875.37
1544821875.44
1544821875.51
1544821875.59
1544821875.66
1544821875.75
1544821875.85
1544821875.93
1544821875.99
1544821876.08
1544821876.16
1544821876.23
1544821876.3
1544821876.36
1544821876.43
1544821876.51
1544821876.57
1544821876.65
1544821876.75
1544821876.81
1544821876.91
1544821876.97
1544821877.04
1544821877.11
1544821877.2
1544821877.28
1544821877.39
1544821877.48
1544821877.58
1544821877.66
1544821877.74
1544821877.82
1544821877.9
1544821877.98
1544821878.06
1544821878.15
1544821878.26
1544821878.34
1544821878.43
1544821878.55
1544821878.64
1544821878.75
1544821878.88
1544821878.95
1544821879.03
1544821879.16
1544821879.25
1544821879.35
1544821879.42
1544821879.46
1544821879.59
1544821879.67
1544821879.74
1544821879.81
1544821879.88
1544821879.94
1544821880.02
1544821880.08
1544821880.16
1544821880.23
1544821880.3
1544821880.35
1544821880.4
1544821880.51
1544821880.58
1544821880.65
1544821880.71
1544821880.77
1544821880.83
1544821880.9
1544821880.96
1544821881.03
1544821881.09
1544821881.15
1544821881.22
1544821881.28
1544821881.33
1544821881.39
1544821881.46
1544821881.51
1544821881.56
1544821881.62
1544821881.69
1544821881.75
1544821881.82
1544821881.89
1544821881.95
1544821882.01
1544821882.08
1544821882.13
1544821882.2
1544821882.26
1544821882.33
1544821882.41
1544821882.48
1544821882.55
1544821882.62
1544821882.67
1544821882.74
1544821882.81
1544821882.88
1544821882.93
1544821883.0
1544821883.05
1544821883.11
1544821883.17
1544821883.23
1544821883.29
1544821883.36
1544821883.47
1544821883.56
1544821883.64
1544821883.72
1544821883.8
1544821883.88
1544821883.95
1544821884.04
1544821884.13
1544821884.23
1544821884.31
1544821884.4
1544821884.49
1544821884.57
1544821884.65
1544821884.72
1544821884.77
1544821884.82
1544821884.85
1544821884.89
1544821884.94
1544821884.98
1544821885.03
1544821885.07
1544821885.11
1544821885.16
1544821885.21
1544821885.25
1544821885.28
1544821885.33
1544821885.37
1544821885.42
1544821885.45
1544821885.49
1544821885.55
1544821885.59
1544821885.64
1544821885.67
1544821885.71
1544821885.75
1544821885.79
1544821885.86
1544821885.92
1544821885.97
1544821886.03
1544821886.08
1544821886.16
1544821886.22
1544821886.27
1544821886.33
1544821886.38
1544821886.46
1544821886.52
1544821886.58
1544821886.64
1544821886.71
1544821886.77
1544821886.84
1544821886.9
1544821886.96
1544821887.02
1544821887.09
1544821887.15
1544821887.21
1544821887.24
1544821887.28
1544821887.33
1544821887.38
1544821887.44
1544821887.49
1544821887.55
1544821887.62
1544821887.68
1544821887.75
1544821887.83
1544821887.88
1544821887.96
1544821888.02
1544821888.05
1544821888.08
1544821888.14
1544821888.18
1544821888.23
1544821888.31
1544821888.38
1544821888.44
1544821888.48
1544821888.52
1544821888.59
1544821888.63
1544821888.66
1544821888.71
1544821888.75
1544821888.79
1544821888.84
1544821888.87
1544821888.92
1544821888.96
1544821889.0
1544821889.04
1544821889.08
1544821889.11
1544821889.14
1544821889.18
1544821889.22
1544821889.25
1544821889.29
1544821889.34
1544821889.39
1544821889.44
1544821889.47
1544821889.53
1544821889.56
1544821889.6
1544821889.64
1544821889.68
1544821889.73
1544821889.77
1544821889.81
1544821889.85
1544821889.89
1544821889.93
1544821889.97
1544821890.01
1544821890.05
1544821890.09
1544821890.14
1544821890.18
1544821890.23
1544821890.26
1544821890.3
1544821890.36
1544821890.41
1544821890.45
1544821890.49
1544821890.53
1544821890.56
1544821890.6
1544821890.64
1544821890.67
1544821890.71
1544821890.75
1544821890.8
1544821890.85
1544821890.9
1544821890.98
1544821891.02
1544821891.06
1544821891.14
1544821891.19
1544821891.23
1544821891.27
1544821891.31
1544821891.35
1544821891.4
1544821891.43
1544821891.47
1544821891.52
1544821891.56
1544821891.59
1544821891.63
1544821891.66
1544821891.69
1544821891.76
1544821891.81
1544821891.85
1544821891.88
1544821891.94
1544821891.99
1544821892.03
1544821892.07
1544821892.13
1544821892.19
1544821892.23
1544821892.26
1544821892.3
1544821892.35
1544821892.41
1544821892.44
1544821892.48
1544821892.52
1544821892.56
1544821892.6
1544821892.63
1544821892.67
1544821892.72
1544821892.77
1544821892.82
1544821892.86
1544821892.9
1544821892.97
1544821893.01
1544821893.05
1544821893.08
1544821893.14
1544821893.21
1544821893.25
1544821893.29
1544821893.33
1544821893.37
1544821893.42
1544821893.46
1544821893.49
1544821893.55
1544821893.61
1544821893.65
1544821893.69
1544821893.76
1544821893.81
1544821893.84
1544821893.87
1544821893.92
1544821893.98
1544821894.03
1544821894.06
1544821894.09
1544821894.15
1544821894.2
1544821894.24
1544821894.27
1544821894.33
1544821894.38
1544821894.42
1544821894.46
1544821894.51
1544821894.55
1544821894.58
1544821894.63
1544821894.67
1544821894.72
1544821894.77
1544821894.81
1544821894.85
1544821894.88
1544821894.92
1544821894.96
1544821895.0
1544821895.04
1544821895.08
1544821895.11
1544821895.18
1544821895.23
1544821895.26
1544821895.3
1544821895.36
1544821895.41
1544821895.45
1544821895.49
1544821895.56
1544821895.62
1544821895.66
1544821895.71
1544821895.75
1544821895.8
1544821895.84
1544821895.88
1544821895.93
1544821895.98
1544821896.02
1544821896.06
1544821896.09
1544821896.17
1544821896.21
1544821896.25
1544821896.28
1544821896.36
1544821896.43
1544821896.5
1544821896.54
1544821896.58
1544821896.62
1544821896.67
1544821896.72
1544821896.76
1544821896.82
1544821896.88
1544821896.95
1544821897.01
1544821897.07
1544821897.13
1544821897.17
1544821897.22
1544821897.26
1544821897.31
1544821897.36
1544821897.41
1544821897.46
1544821897.53
1544821897.58
1544821897.64
1544821897.7
1544821897.76
1544821897.81
1544821897.86
1544821897.9
1544821897.96
1544821898.01
1544821898.04
1544821898.08
1544821898.13
1544821898.19
1544821898.24
1544821898.28
1544821898.33
1544821898.38
1544821898.43
1544821898.47
1544821898.55
1544821898.61
1544821898.66
1544821898.69
1544821898.75
1544821898.83
1544821898.88
1544821898.95
1544821899.01
1544821899.06
1544821899.13
1544821899.18
1544821899.25
1544821899.31
1544821899.37
1544821899.43
1544821899.48
1544821899.55
1544821899.61
1544821899.67
1544821899.74
1544821899.81
1544821899.87
1544821899.93
1544821899.99
1544821900.06
1544821900.12
1544821900.17
1544821900.21
1544821900.27
1544821900.33
1544821900.38
1544821900.45
1544821900.51
1544821900.56
1544821900.61
1544821900.67
1544821900.72
1544821900.78
1544821900.82
1544821900.86
1544821900.91
1544821901.0
1544821901.04
1544821901.08
1544821901.15
1544821901.2
1544821901.23
1544821901.26
1544821901.3
1544821901.37
1544821901.41
1544821901.45
1544821901.48
1544821901.55
1544821901.61
1544821901.65
1544821901.69
1544821901.76
1544821901.8
1544821901.84
1544821901.88
1544821901.94
1544821901.99
1544821902.04
1544821902.09
1544821902.15
1544821902.2
1544821902.24
1544821902.27
1544821902.3
1544821902.35
1544821902.41
1544821902.45
1544821902.49
1544821902.53
1544821902.59
1544821902.65
1544821902.69
1544821902.75
1544821902.81
1544821902.85
1544821902.88
1544821902.93
1544821903.01
1544821903.05
1544821903.09
1544821903.18
1544821903.27
1544821903.35
1544821903.43
1544821903.48
1544821903.53
1544821903.56
1544821903.61
1544821903.67
1544821903.74
1544821903.8
1544821903.87
1544821903.93
1544821904.01
1544821904.08
1544821904.17
1544821904.24
1544821904.32
1544821904.36
1544821904.43
1544821904.47
1544821904.54
1544821904.58
1544821904.65
1544821904.72
1544821904.76
1544821904.81
1544821904.88
1544821904.96
1544821905.01
1544821905.05
1544821905.09
1544821905.15
1544821905.22
1544821905.29
1544821905.36
1544821905.44
1544821905.48
1544821905.52
1544821905.56
1544821905.61
1544821905.67
1544821905.74
1544821905.78
1544821905.84
1544821905.91
1544821905.98
1544821906.05
1544821906.11
1544821906.17
1544821906.24
1544821906.29
1544821906.36
1544821906.42
1544821906.47
1544821906.54
1544821906.58
1544821906.65
1544821906.71
1544821906.79
1544821906.86
1544821906.91
1544821906.96
1544821906.99
1544821907.05
1544821907.09
1544821907.14
1544821907.18
1544821907.24
1544821907.29
1544821907.35
1544821907.41
1544821907.47
1544821907.53
1544821907.58
1544821907.65
1544821907.69
1544821907.75
1544821907.79
1544821907.85
1544821907.91
1544821907.98
1544821908.03
1544821908.07
1544821908.11
1544821908.16
1544821908.2
1544821908.25
1544821908.31
1544821908.36
1544821908.42
1544821908.45
1544821908.49
1544821908.55
1544821908.6
1544821908.65
1544821908.69
1544821908.75
1544821908.79
1544821908.85
1544821908.89
1544821908.95
1544821909.02
1544821909.08
1544821909.15
1544821909.22
1544821909.28
1544821909.35
1544821909.4
1544821909.45
1544821909.53
1544821909.59
1544821909.66
1544821909.74
1544821909.82
1544821909.89
1544821909.95
1544821910.01
1544821910.06
1544821910.1
1544821910.17
1544821910.22
1544821910.27
1544821910.31
1544821910.36
1544821910.42
1544821910.46
1544821910.5
1544821910.54
1544821910.58
1544821910.63
1544821910.66
1544821910.7
1544821910.78
1544821910.82
1544821910.86
1544821910.89
1544821910.93
1544821910.98
1544821911.03
1544821911.06
1544821911.11
1544821911.17
1544821911.22
1544821911.25
1544821911.29
1544821911.33
1544821911.38
1544821911.43
1544821911.48
1544821911.53
1544821911.57
1544821911.61
1544821911.65
1544821911.68
1544821911.73
1544821911.77
1544821911.82
1544821911.86
1544821911.89
1544821911.94
1544821911.97
1544821912.01
1544821912.04
1544821912.07
1544821912.11
1544821912.16
1544821912.21
1544821912.25
1544821912.28
1544821912.32
1544821912.37
1544821912.42
1544821912.46
1544821912.5
1544821912.56
1544821912.59
1544821912.64
1544821912.68
1544821912.72
1544821912.76
1544821912.8
1544821912.84
1544821912.88
1544821912.93
1544821912.96
1544821913.04
1544821913.07
1544821913.11
1544821913.17
1544821913.22
1544821913.26
1544821913.31
1544821913.35
1544821913.38
1544821913.43
1544821913.46
1544821913.52
1544821913.57
1544821913.62
1544821913.65
1544821913.69
1544821913.72
1544821913.76
1544821913.8
1544821913.84
1544821913.87
1544821913.91
1544821913.96
1544821914.0
1544821914.04
1544821914.08
1544821914.15
1544821914.2
1544821914.24
1544821914.27
1544821914.34
1544821914.4
1544821914.44
1544821914.48
1544821914.54
1544821914.59
1544821914.64
1544821914.68
1544821914.74
1544821914.82
1544821914.86
1544821914.9
1544821914.98
1544821915.02
1544821915.06
1544821915.1
1544821915.15
1544821915.2
1544821915.24
1544821915.28
1544821915.32
1544821915.37
1544821915.42
1544821915.46
1544821915.49
1544821915.55
1544821915.6
1544821915.64
1544821915.67
1544821915.71
1544821915.77
1544821915.82
1544821915.86
1544821915.9
1544821915.96
1544821916.03
1544821916.06
1544821916.1
1544821916.15
1544821916.2
1544821916.25
1544821916.31
1544821916.35
1544821916.4
1544821916.44
1544821916.49
1544821916.55
1544821916.61
1544821916.66
1544821916.72
1544821916.78
1544821916.84
1544821916.91
1544821916.94
1544821916.98
1544821917.03
1544821917.08
1544821917.14
1544821917.19
1544821917.24
1544821917.28
1544821917.33
1544821917.38
1544821917.43
1544821917.48
1544821917.53
1544821917.56
1544821917.61
1544821917.65
1544821917.71
1544821917.76
1544821917.82
1544821917.86
1544821917.92
1544821917.96
1544821918.02
1544821918.07
1544821918.15
1544821918.22
1544821918.26
1544821918.3
1544821918.36
1544821918.41
1544821918.45
1544821918.49
1544821918.54
1544821918.59
1544821918.63
1544821918.67
1544821918.71
1544821918.77
1544821918.83
1544821918.86
1544821918.91
1544821918.97
1544821919.01
1544821919.05
1544821919.09
1544821919.15
1544821919.19
1544821919.24
1544821919.28
1544821919.32
1544821919.38
1544821919.43
1544821919.46
1544821919.5
1544821919.57
1544821919.61
1544821919.65
1544821919.69
1544821919.75
1544821919.8
1544821919.83
1544821919.87
1544821919.94
1544821920.0
1544821920.04
1544821920.07
1544821920.13
1544821920.19
1544821920.24
1544821920.27
1544821920.33
1544821920.38
1544821920.43
1544821920.46
1544821920.52
1544821920.55
1544821920.59
1544821920.66
1544821920.72
1544821920.76
1544821920.82
1544821920.85
1544821920.95
1544821921.01
1544821921.04
1544821921.08
1544821921.13
1544821921.17
1544821921.23
1544821921.26
1544821921.31
1544821921.39
1544821921.44
1544821921.48
1544821921.56
1544821921.63
1544821921.69
1544821921.75
1544821921.79
1544821921.83
1544821921.88
1544821921.92
1544821921.97
1544821922.02
1544821922.06
1544821922.12
1544821922.16
1544821922.21
1544821922.25
1544821922.3
1544821922.34
1544821922.38
1544821922.44
1544821922.5
1544821922.55
1544821922.61
1544821922.66
1544821922.71
1544821922.77
1544821922.83
1544821922.89
1544821922.96
1544821923.02
1544821923.07
1544821923.15
1544821923.21
1544821923.25
1544821923.3
1544821923.38
1544821923.45
1544821923.52
1544821923.59
1544821923.64
1544821923.68
1544821923.74
1544821923.78
1544821923.85
1544821923.91
1544821923.97
1544821924.03
1544821924.07
1544821924.12
1544821924.16
1544821924.2
1544821924.26
1544821924.32
1544821924.36
1544821924.4
1544821924.46
1544821924.5
1544821924.54
1544821924.57
1544821924.63
1544821924.67
1544821924.72
1544821924.75
1544821924.8
1544821924.83
1544821924.91
1544821924.94
1544821924.98
1544821925.04
1544821925.09
1544821925.13
1544821925.17
1544821925.23
1544821925.28
1544821925.32
1544821925.37
1544821925.44
1544821925.5
1544821925.55
1544821925.58
1544821925.63
1544821925.67
1544821925.71
1544821925.75
1544821925.8
1544821925.85
1544821925.89
1544821925.94
1544821925.98
1544821926.03
1544821926.06
1544821926.1
1544821926.14
1544821926.18
1544821926.22
1544821926.26
1544821926.31
1544821926.35
1544821926.38
1544821926.42
1544821926.47
1544821926.51
1544821926.54
1544821926.58
1544821926.64
1544821926.69
1544821926.73
1544821926.76
1544821926.79
1544821926.83
1544821926.88
1544821926.92
1544821926.96
1544821927.0
1544821927.04
1544821927.09
1544821927.15
1544821927.19
1544821927.27
1544821927.32
1544821927.36
1544821927.39
1544821927.47
1544821927.52
1544821927.55
1544821927.58
1544821927.61
1544821927.66
1544821927.71
1544821927.75
1544821927.8
1544821927.87
1544821927.92
1544821927.96
1544821928.0
1544821928.07
1544821928.12
1544821928.16
1544821928.22
1544821928.28
1544821928.33
1544821928.37
1544821928.42
1544821928.5
1544821928.54
1544821928.57
1544821928.62
1544821928.69
1544821928.73
1544821928.77
1544821928.81
1544821928.87
1544821928.91
1544821928.94
1544821928.98
1544821929.03
1544821929.07
1544821929.11
1544821929.15
1544821929.19
1544821929.24
1544821929.31
1544821929.34
1544821929.38
1544821929.42
1544821929.46
1544821929.51
1544821929.55
1544821929.59
1544821929.66
1544821929.72
1544821929.76
1544821929.8
1544821929.84
1544821929.88
1544821929.93
1544821929.97
1544821930.01
1544821930.06
1544821930.11
1544821930.15
1544821930.19
1544821930.25
1544821930.3
1544821930.34
1544821930.38
1544821930.43
1544821930.49
1544821930.54
1544821930.58
1544821930.62
1544821930.67
1544821930.72
1544821930.76
1544821930.8
1544821930.87
1544821930.91
1544821930.95
1544821930.99
1544821931.05
1544821931.11
1544821931.14
1544821931.19
1544821931.23
1544821931.27
1544821931.32
1544821931.35
1544821931.39
1544821931.44
1544821931.49
1544821931.53
1544821931.57
1544821931.63
1544821931.68
1544821931.73
1544821931.76
1544821931.79
1544821931.84
1544821931.88
1544821931.92
1544821931.96
1544821931.99
1544821932.05
1544821932.11
1544821932.17
1544821932.22
1544821932.26
1544821932.31
1544821932.34
1544821932.38
1544821932.44
1544821932.51
1544821932.55
1544821932.6
1544821932.65
1544821932.74
1544821932.79
1544821932.85
1544821932.91
1544821932.96
1544821933.03
1544821933.09
1544821933.16
1544821933.21
1544821933.29
1544821933.35
1544821933.41
1544821933.47
1544821933.53
1544821933.59
1544821933.64
1544821933.71
1544821933.76
1544821933.83
1544821933.88
1544821933.94
1544821933.98
1544821934.04
1544821934.09
1544821934.13
1544821934.17
1544821934.23
1544821934.28
1544821934.35
1544821934.41
1544821934.47
1544821934.53
1544821934.57
1544821934.62
1544821934.67
1544821934.73
1544821934.8
1544821934.84
1544821934.88
1544821934.93
1544821934.97
1544821935.03
1544821935.08
1544821935.14
1544821935.18
1544821935.24
1544821935.29
1544821935.35
1544821935.41
1544821935.46
1544821935.52
1544821935.57
1544821935.63
1544821935.67
1544821935.73
1544821935.79
1544821935.84
1544821935.88
1544821935.96
1544821936.0
1544821936.04
1544821936.07
1544821936.1
1544821936.16
1544821936.21
1544821936.24
1544821936.28
1544821936.32
1544821936.39
1544821936.44
1544821936.48
1544821936.52
1544821936.57
1544821936.63
1544821936.66
1544821936.7
1544821936.76
1544821936.81
1544821936.86
1544821936.91
1544821936.95
1544821937.01
1544821937.05
1544821937.08
1544821937.16
1544821937.22
1544821937.26
1544821937.3
1544821937.37
1544821937.43
1544821937.47
1544821937.52
1544821937.59
1544821937.63
1544821937.67
1544821937.72
1544821937.76
1544821937.8
1544821937.84
1544821937.88
1544821937.93
1544821937.98
1544821938.04
1544821938.08
1544821938.13
1544821938.17
1544821938.21
1544821938.24
1544821938.29
1544821938.34
1544821938.38
1544821938.43
1544821938.47
1544821938.53
1544821938.58
1544821938.64
1544821938.68
1544821938.73
1544821938.77
1544821938.82
1544821938.87
1544821938.92
1544821938.97
1544821939.03
1544821939.07
1544821939.13
1544821939.19
1544821939.23
1544821939.27
1544821939.33
1544821939.38
1544821939.41
1544821939.46
1544821939.5
1544821939.57
1544821939.63
1544821939.66
1544821939.73
1544821939.78
1544821939.83
1544821939.86
1544821939.89
1544821939.95
1544821939.99
1544821940.04
1544821940.08
1544821940.12
1544821940.21
1544821940.25
1544821940.28
1544821940.33
1544821940.38
1544821940.43
1544821940.48
1544821940.53
1544821940.58
1544821940.63
1544821940.67
1544821940.72
1544821940.76
1544821940.81
1544821940.86
1544821940.9
1544821940.95
1544821941.0
1544821941.03
1544821941.06
1544821941.1
1544821941.14
1544821941.17
1544821941.23
1544821941.26
1544821941.31
1544821941.36
1544821941.41
1544821941.45
1544821941.5
1544821941.56
1544821941.62
1544821941.65
1544821941.69
1544821941.76
1544821941.81
1544821941.85
1544821941.89
1544821941.95
1544821941.99
1544821942.04
1544821942.08
1544821942.14
1544821942.2
1544821942.24
1544821942.28
1544821942.32
1544821942.38
1544821942.42
1544821942.45
1544821942.49
1544821942.52
1544821942.57
1544821942.63
1544821942.66
1544821942.71
1544821942.75
1544821942.8
1544821942.84
1544821942.88
1544821942.94
1544821942.99
1544821943.03
1544821943.07
1544821943.12
1544821943.16
1544821943.21
1544821943.24
1544821943.28
1544821943.32
1544821943.37
1544821943.42
1544821943.45
1544821943.49
1544821943.54
1544821943.61
1544821943.65
1544821943.68
1544821943.71
1544821943.76
1544821943.79
1544821943.84
1544821943.88
1544821943.94
1544821944.0
1544821944.05
1544821944.09
1544821944.14
1544821944.17
1544821944.22
1544821944.25
1544821944.29
1544821944.33
1544821944.38
1544821944.43
1544821944.47
1544821944.51
1544821944.56
1544821944.6
1544821944.65
1544821944.68
1544821944.76
1544821944.81
1544821944.85
1544821944.88
1544821944.93
1544821944.98
1544821945.03
1544821945.07
1544821945.12
1544821945.17
1544821945.23
1544821945.29
1544821945.35
1544821945.41
1544821945.46
1544821945.5
1544821945.56
1544821945.61
1544821945.67
1544821945.73
1544821945.79
1544821945.86
1544821945.92
1544821945.99
1544821946.06
1544821946.12
1544821946.18
1544821946.22
1544821946.27
1544821946.34
1544821946.39
1544821946.45
1544821946.52
1544821946.56
1544821946.63
1544821946.68
1544821946.75
1544821946.81
1544821946.87
1544821946.91
1544821946.96
1544821947.03
1544821947.09
1544821947.15
1544821947.22
1544821947.28
1544821947.33
1544821947.37
1544821947.43
1544821947.49
1544821947.54
1544821947.58
1544821947.63
1544821947.69
1544821947.75
1544821947.81
1544821947.87
1544821947.94
1544821947.99
1544821948.07
1544821948.14
1544821948.22
1544821948.29
1544821948.34
1544821948.39
1544821948.45
1544821948.52
1544821948.58
1544821948.65
1544821948.71
1544821948.78
1544821948.82
1544821948.87
1544821948.91
1544821948.96
1544821948.99
1544821949.04
1544821949.09
1544821949.13
1544821949.21
1544821949.27
1544821949.33
1544821949.39
1544821949.45
1544821949.5
1544821949.56
1544821949.61
1544821949.65
1544821949.69
1544821949.74
1544821949.81
1544821949.86
1544821949.89
1544821949.95
1544821950.01
1544821950.06
1544821950.09
1544821950.16
1544821950.21
1544821950.25
1544821950.28
1544821950.31
1544821950.36
1544821950.4
1544821950.45
1544821950.48
1544821950.52
1544821950.56
1544821950.61
1544821950.64
1544821950.68
1544821950.72
1544821950.78
1544821950.81
1544821950.85
1544821950.89
1544821950.96
1544821951.01
1544821951.05
1544821951.09
1544821951.16
1544821951.21
1544821951.26
1544821951.29
1544821951.35
1544821951.41
1544821951.44
1544821951.48
1544821951.52
1544821951.57
1544821951.63
1544821951.67
1544821951.71
1544821951.77
1544821951.82
1544821951.86
1544821951.92
1544821951.97
1544821952.01
1544821952.05
1544821952.09
1544821952.14
1544821952.19
1544821952.23
1544821952.27
1544821952.32
1544821952.4
1544821952.44
1544821952.48
1544821952.54
1544821952.61
1544821952.65
1544821952.68
1544821952.73
1544821952.77
1544821952.81
1544821952.85
1544821952.88
1544821952.95
1544821952.99
1544821953.05
1544821953.09
1544821953.14
1544821953.18
1544821953.23
1544821953.26
1544821953.32
1544821953.37
1544821953.45
1544821953.49
1544821953.56
1544821953.61
1544821953.65
1544821953.68
1544821953.75
1544821953.81
1544821953.84
1544821953.88
1544821953.92
1544821953.96
1544821954.02
1544821954.06
1544821954.1
1544821954.15
1544821954.2
1544821954.24
1544821954.27
1544821954.32
1544821954.39
1544821954.42
1544821954.46
1544821954.51
1544821954.55
1544821954.59
1544821954.65
1544821954.69
1544821954.76
1544821954.79
1544821954.84
1544821954.88
1544821954.94
1544821954.98
1544821955.03
1544821955.07
1544821955.12
1544821955.17
1544821955.22
1544821955.25
1544821955.29
1544821955.33
1544821955.37
1544821955.43
1544821955.46
1544821955.49
1544821955.56
1544821955.6
1544821955.64
1544821955.68
1544821955.72
1544821955.76
1544821955.81
1544821955.84
1544821955.88
1544821955.93
1544821955.98
1544821956.03
1544821956.06
1544821956.11
1544821956.14
1544821956.18
1544821956.23
1544821956.27
1544821956.31
1544821956.35
1544821956.39
1544821956.43
1544821956.46
1544821956.5
1544821956.55
1544821956.61
1544821956.65
1544821956.71
1544821956.77
1544821956.81
1544821956.85
1544821956.88
1544821956.95
1544821956.99
1544821957.04
1544821957.07
1544821957.14
1544821957.19
1544821957.24
1544821957.28
1544821957.32
1544821957.36
1544821957.4
1544821957.44
1544821957.48
1544821957.55
1544821957.61
1544821957.66
1544821957.69
1544821957.74
1544821957.77
1544821957.83
1544821957.86
1544821957.9
1544821957.95
1544821958.0
1544821958.05
1544821958.08
1544821958.13
1544821958.17
1544821958.22
1544821958.26
1544821958.29
1544821958.34
1544821958.4
1544821958.44
1544821958.48
1544821958.52
1544821958.58
1544821958.63
1544821958.67
1544821958.71
1544821958.76
1544821958.82
1544821958.86
1544821958.91
1544821958.98
1544821959.02
1544821959.06
1544821959.09
1544821959.14
1544821959.21
1544821959.26
1544821959.29
1544821959.33
1544821959.38
1544821959.42
1544821959.46
1544821959.49
1544821959.53
1544821959.59
1544821959.64
1544821959.68
1544821959.74
1544821959.81
1544821959.86
1544821959.91
1544821959.97
1544821960.02
1544821960.08
1544821960.16
1544821960.21
1544821960.28
1544821960.35
1544821960.41
1544821960.47
1544821960.52
1544821960.58
1544821960.64
1544821960.71
1544821960.77
1544821960.84
1544821960.9
1544821960.96
1544821961.03
1544821961.09
1544821961.16
1544821961.22
1544821961.26
1544821961.31
1544821961.35
1544821961.39
1544821961.44
1544821961.49
1544821961.57
1544821961.61
1544821961.66
1544821961.71
1544821961.76
1544821961.81
1544821961.86
1544821961.9
1544821961.98
1544821962.03
1544821962.07
1544821962.13
1544821962.18
1544821962.23
1544821962.27
1544821962.31
1544821962.35
1544821962.39
1544821962.44
1544821962.48
1544821962.53
1544821962.57
1544821962.61
1544821962.65
1544821962.69
1544821962.72
1544821962.77
1544821962.83
1544821962.86
1544821962.9
1544821962.99
1544821963.05
1544821963.09
1544821963.18
1544821963.23
1544821963.27
1544821963.32
1544821963.37
1544821963.42
1544821963.46
1544821963.51
1544821963.56
1544821963.61
1544821963.65
1544821963.69
1544821963.73
1544821963.76
1544821963.81
1544821963.84
1544821963.88
1544821963.93
1544821963.98
1544821964.02
1544821964.06
1544821964.09
1544821964.14
1544821964.18
1544821964.22
1544821964.25
1544821964.28
1544821964.33
1544821964.36
1544821964.4
1544821964.44
1544821964.47
1544821964.51
1544821964.54
1544821964.58
1544821964.63
1544821964.66
1544821964.69
1544821964.73
1544821964.77
1544821964.8
1544821964.84
1544821964.87
1544821964.92
1544821964.96
1544821965.0
1544821965.04
1544821965.07
1544821965.1
1544821965.15
1544821965.22
1544821965.25
1544821965.28
1544821965.33
1544821965.38
1544821965.43
1544821965.46
1544821965.5
1544821965.55
1544821965.59
1544821965.63
1544821965.66
1544821965.69
1544821965.75
1544821965.79
1544821965.83
1544821965.86
1544821965.89
1544821965.95
1544821965.99
1544821966.02
1544821966.05
1544821966.09
1544821966.13
1544821966.16
1544821966.21
1544821966.25
1544821966.28
1544821966.33
1544821966.37
1544821966.42
1544821966.45
1544821966.49
1544821966.55
1544821966.6
1544821966.64
1544821966.67
1544821966.71
1544821966.75
1544821966.8
1544821966.84
1544821966.87
1544821966.92
1544821966.97
1544821967.01
1544821967.04
1544821967.08
1544821967.12
1544821967.16
1544821967.2
1544821967.24
1544821967.28
1544821967.33
1544821967.37
1544821967.41
1544821967.46
1544821967.5
1544821967.55
1544821967.58
1544821967.65
1544821967.7
1544821967.74
1544821967.77
1544821967.82
1544821967.86
1544821967.89
1544821967.93
1544821967.97
1544821968.01
1544821968.06
1544821968.11
1544821968.17
1544821968.23
1544821968.26
1544821968.29
1544821968.33
1544821968.36
1544821968.41
1544821968.45
1544821968.48
1544821968.52
1544821968.56
1544821968.64
1544821968.67
1544821968.72
1544821968.75
1544821968.82
1544821968.88
1544821968.95
1544821969.03
1544821969.09
1544821969.16
1544821969.22
1544821969.27
1544821969.31
1544821969.36
1544821969.42
1544821969.47
1544821969.53
1544821969.58
1544821969.63
1544821969.68
1544821969.73
1544821969.77
1544821969.83
1544821969.86
1544821969.91
1544821969.95
1544821970.0
1544821970.05
1544821970.09
1544821970.14
1544821970.18
1544821970.22
1544821970.29
1544821970.35
1544821970.42
1544821970.46
1544821970.53
1544821970.6
1544821970.64
1544821970.67
1544821970.74
1544821970.81
1544821970.86
1544821970.9
1544821970.96
1544821971.01
1544821971.05
1544821971.11
1544821971.17
1544821971.23
1544821971.27
1544821971.33
1544821971.38
1544821971.43
1544821971.47
1544821971.51
1544821971.59
1544821971.65
1544821971.7
1544821971.76
1544821971.81
1544821971.85
1544821971.91
1544821971.96
1544821972.01
1544821972.04
1544821972.09
1544821972.15
1544821972.2
1544821972.24
1544821972.28
1544821972.34
1544821972.39
1544821972.43
1544821972.47
1544821972.53
1544821972.56
1544821972.61
1544821972.65
1544821972.7
1544821972.77
1544821972.82
1544821972.86
1544821972.9
1544821972.96
1544821973.02
1544821973.05
1544821973.1
1544821973.15
1544821973.2
1544821973.24
1544821973.28
1544821973.34
1544821973.38
1544821973.42
1544821973.46
1544821973.52
1544821973.55
1544821973.59
1544821973.63
1544821973.66
1544821973.71
1544821973.78
1544821973.83
1544821973.87
1544821973.92
1544821973.98
1544821974.03
1544821974.07
1544821974.11
1544821974.18
1544821974.23
1544821974.27
1544821974.31
1544821974.37
1544821974.42
1544821974.46
1544821974.51
1544821974.55
1544821974.59
1544821974.65
1544821974.69
1544821974.73
1544821974.77
1544821974.81
1544821974.85
1544821974.9
1544821974.97
1544821975.02
1544821975.06
1544821975.09
1544821975.16
1544821975.24
1544821975.31
1544821975.41
1544821975.47
1544821975.56
1544821975.65
1544821975.74
1544821975.82
1544821975.91
1544821975.98
1544821976.07
1544821976.15
1544821976.25
1544821976.34
1544821976.43
1544821976.51
1544821976.57
1544821976.66
1544821976.74
1544821976.83
1544821976.91
1544821976.94
1544821976.98
1544821977.06
1544821977.14
1544821977.21
1544821977.27
1544821977.34
1544821977.41
1544821977.49
1544821977.54
1544821977.58
1544821977.63
1544821977.68
1544821977.73
1544821977.76
1544821977.81
1544821977.86
1544821977.91
1544821977.95
1544821977.98
1544821978.04
1544821978.07
1544821978.12
1544821978.16
1544821978.21
1544821978.26
1544821978.29
1544821978.33
1544821978.37
1544821978.41
1544821978.48
1544821978.53
1544821978.56
1544821978.61
1544821978.65
1544821978.7
1544821978.75
1544821978.78
1544821978.83
1544821978.87
1544821978.92
1544821978.96
1544821979.0
1544821979.06
1544821979.11
1544821979.16
1544821979.22
1544821979.26
1544821979.3
1544821979.37
1544821979.42
1544821979.47
1544821979.55
1544821979.63
1544821979.71
1544821979.78
1544821979.87
1544821979.94
1544821980.04
1544821980.13
1544821980.23
1544821980.26
1544821980.31
1544821980.37
1544821980.43
1544821980.5
1544821980.55
1544821980.59
1544821980.64
1544821980.68
1544821980.75
1544821980.82
1544821980.88
1544821980.94
1544821980.98
1544821981.05
1544821981.09
1544821981.15
1544821981.19
1544821981.24
1544821981.3
1544821981.33
1544821981.36
1544821981.41
1544821981.46
1544821981.51
1544821981.54
1544821981.57
1544821981.61
1544821981.66
1544821981.72
1544821981.75
1544821981.79
1544821981.86
1544821981.91
1544821981.96
1544821982.01
1544821982.04
1544821982.08
1544821982.14
1544821982.18
1544821982.22
1544821982.28
1544821982.32
1544821982.36
1544821982.41
1544821982.46
1544821982.53
1544821982.57
1544821982.62
1544821982.66
1544821982.71
1544821982.74
1544821982.78
1544821982.87
1544821982.92
1544821982.96
1544821983.0
1544821983.04
1544821983.09
1544821983.13
1544821983.16
1544821983.22
1544821983.26
1544821983.31
1544821983.35
1544821983.4
1544821983.45
1544821983.51
1544821983.55
1544821983.59
1544821983.64
1544821983.7
1544821983.75
1544821983.78
1544821983.83
1544821983.87
1544821983.91
1544821983.95
1544821983.98
1544821984.05
1544821984.11
1544821984.15
1544821984.19
1544821984.27
1544821984.31
1544821984.35
1544821984.39
1544821984.46
1544821984.51
1544821984.55
1544821984.59
1544821984.66
1544821984.71
1544821984.76
1544821984.79
1544821984.84
1544821984.87
1544821984.91
1544821984.95
1544821984.99
1544821985.05
1544821985.11
1544821985.15
1544821985.2
1544821985.24
1544821985.3
1544821985.33
1544821985.37
1544821985.41
1544821985.45
1544821985.5
1544821985.54
1544821985.57
1544821985.62
1544821985.69
1544821985.75
1544821985.79
1544821985.86
1544821985.91
1544821985.95
1544821985.99
1544821986.06
1544821986.11
1544821986.14
1544821986.19
1544821986.27
1544821986.33
1544821986.37
1544821986.42
1544821986.47
1544821986.53
1544821986.58
1544821986.62
1544821986.66
1544821986.71
1544821986.75
1544821986.78
1544821986.83
1544821986.88
1544821986.94
1544821986.98
1544821987.02
1544821987.07
1544821987.12
1544821987.16
1544821987.2
1544821987.27
1544821987.31
1544821987.34
1544821987.37
1544821987.41
1544821987.48
1544821987.52
1544821987.56
1544821987.6
1544821987.66
1544821987.71
1544821987.75
1544821987.79
1544821987.85
1544821987.91
1544821987.95
1544821987.99
1544821988.03
1544821988.08
1544821988.14
1544821988.21
1544821988.25
1544821988.28
1544821988.34
1544821988.39
1544821988.44
1544821988.47
1544821988.53
1544821988.58
1544821988.65
1544821988.69
1544821988.76
1544821988.83
1544821988.88
1544821988.95
1544821989.01
1544821989.06
1544821989.11
1544821989.18
1544821989.24
1544821989.29
1544821989.36
1544821989.43
1544821989.47
1544821989.54
1544821989.6
1544821989.67
1544821989.75
1544821989.81
1544821989.87
1544821989.94
1544821990.01
1544821990.06
1544821990.12
1544821990.21
1544821990.26
1544821990.3
1544821990.35
1544821990.39
1544821990.43
1544821990.47
1544821990.51
1544821990.56
1544821990.61
1544821990.65
1544821990.68
1544821990.74
1544821990.78
1544821990.83
1544821990.86
1544821990.9
1544821990.96
1544821991.01
1544821991.05
1544821991.09
1544821991.15
1544821991.19
1544821991.24
1544821991.28
1544821991.36
1544821991.41
1544821991.46
1544821991.49
1544821991.58
1544821991.62
1544821991.66
1544821991.71
1544821991.76
1544821991.8
1544821991.84
1544821991.87
1544821991.92
1544821991.98
1544821992.03
1544821992.07
1544821992.13
1544821992.2
1544821992.25
1544821992.29
1544821992.37
1544821992.42
1544821992.47
1544821992.51
1544821992.55
1544821992.6
1544821992.64
1544821992.68
1544821992.73
1544821992.78
1544821992.83
1544821992.88
1544821992.93
1544821992.97
1544821993.03
1544821993.07
1544821993.12
1544821993.17
1544821993.22
1544821993.26
1544821993.29
1544821993.36
1544821993.4
1544821993.44
1544821993.47
1544821993.51
1544821993.55
1544821993.64
1544821993.68
1544821993.73
1544821993.79
1544821993.84
1544821993.87
1544821993.91
1544821994.01
1544821994.05
1544821994.09
1544821994.14
1544821994.18
1544821994.24
1544821994.27
1544821994.32
1544821994.35
1544821994.38
1544821994.42
1544821994.48
1544821994.55
1544821994.6
1544821994.64
1544821994.68
1544821994.74
1544821994.81
1544821994.88
1544821994.95
1544821994.99
1544821995.05
1544821995.09
1544821995.14
1544821995.17
1544821995.24
1544821995.32
1544821995.36
1544821995.41
1544821995.46
1544821995.54
1544821995.59
1544821995.67
1544821995.74
1544821995.8
1544821995.87
1544821995.94
1544821995.98
1544821996.05
1544821996.11
1544821996.19
1544821996.27
1544821996.35
1544821996.42
1544821996.48
1544821996.53
1544821996.58
1544821996.64
1544821996.68
1544821996.74
1544821996.78
1544821996.82
1544821996.86
1544821996.91
1544821996.98
1544821997.03
1544821997.07
1544821997.14
1544821997.19
1544821997.24
1544821997.28
1544821997.32
1544821997.36
1544821997.41
1544821997.46
1544821997.54
1544821997.62
1544821997.68
1544821997.75
1544821997.8
1544821997.88
1544821997.94
1544821998.0
1544821998.04
1544821998.08
1544821998.16
1544821998.21
1544821998.26
1544821998.3
1544821998.34
1544821998.39
1544821998.45
1544821998.49
1544821998.57
1544821998.62
1544821998.67
1544821998.74
1544821998.78
1544821998.84
1544821998.87
1544821998.91
1544821998.99
1544821999.05
1544821999.08
1544821999.14
1544821999.19
1544821999.23
1544821999.27
1544821999.31
1544821999.36
1544821999.41
1544821999.46
1544821999.5
1544821999.57
1544821999.62
1544821999.66
1544821999.7
1544821999.76
1544821999.79
1544821999.83
1544821999.87
1544821999.91
1544821999.96
1544822000.01
1544822000.05
1544822000.1
1544822000.15
1544822000.2
1544822000.25
1544822000.29
1544822000.33
1544822000.38
1544822000.41
1544822000.45
1544822000.5
1544822000.56
1544822000.62
1544822000.66
1544822000.71
1544822000.76
1544822000.8
1544822000.84
1544822000.88
1544822000.95
1544822001.0
1544822001.04
1544822001.08
1544822001.15
1544822001.19
1544822001.24
1544822001.27
1544822001.31
1544822001.38
1544822001.42
1544822001.46
1544822001.51
1544822001.56
1544822001.62
1544822001.66
1544822001.71
1544822001.8
1544822001.84
1544822001.88
1544822001.93
1544822001.97
1544822002.01
1544822002.04
1544822002.09
1544822002.16
1544822002.21
1544822002.25
1544822002.28
1544822002.35
1544822002.41
1544822002.45
1544822002.48
1544822002.56
1544822002.62
1544822002.66
1544822002.71
1544822002.76
1544822002.82
1544822002.86
1544822002.91
1544822002.95
1544822002.99
1544822003.04
1544822003.07
1544822003.13
1544822003.18
1544822003.23
1544822003.26
1544822003.31
1544822003.39
1544822003.44
1544822003.47
1544822003.54
1544822003.59
1544822003.64
1544822003.67
1544822003.74
1544822003.79
1544822003.83
1544822003.87
1544822003.91
1544822003.95
1544822004.01
1544822004.05
1544822004.09
1544822004.17
1544822004.22
1544822004.27
1544822004.34
1544822004.41
1544822004.45
1544822004.48
1544822004.53
1544822004.56
1544822004.62
1544822004.66
1544822004.7
1544822004.75
1544822004.81
1544822004.85
1544822004.89
1544822004.95
1544822005.01
1544822005.05
1544822005.09
1544822005.17
1544822005.23
1544822005.26
1544822005.31
1544822005.37
1544822005.42
1544822005.46
1544822005.5
1544822005.55
1544822005.59
1544822005.65
1544822005.69
1544822005.75
1544822005.79
1544822005.84
1544822005.88
1544822005.93
1544822005.97
1544822006.02
1544822006.06
1544822006.1
1544822006.15
1544822006.19
1544822006.23
1544822006.27
1544822006.32
1544822006.37
1544822006.42
1544822006.46
1544822006.52
1544822006.57
1544822006.63
1544822006.69
1544822006.76
1544822006.83
1544822006.89
1544822006.93
1544822006.97
1544822007.02
1544822007.07
1544822007.14
1544822007.2
1544822007.26
1544822007.32
1544822007.37
1544822007.46
1544822007.53
1544822007.58
1544822007.65
1544822007.71
1544822007.77
1544822007.84
1544822007.9
1544822007.97
1544822008.03
1544822008.09
1544822008.15
1544822008.21
1544822008.27
1544822008.32
1544822008.37
1544822008.44
1544822008.5
1544822008.54
1544822008.58
1544822008.65
1544822008.7
1544822008.76
1544822008.82
1544822008.87
1544822008.92
1544822008.97
1544822009.03
1544822009.1
1544822009.15
1544822009.21
1544822009.26
1544822009.32
1544822009.38
1544822009.44
1544822009.49
1544822009.54
1544822009.58
1544822009.66
1544822009.73
1544822009.81
1544822009.87
1544822009.93
1544822009.96
1544822010.01
1544822010.05
1544822010.09
1544822010.15
1544822010.19
1544822010.23
1544822010.27
1544822010.33
1544822010.4
1544822010.44
1544822010.48
1544822010.51
1544822010.57
1544822010.64
1544822010.67
1544822010.74
1544822010.8
1544822010.84
1544822010.88
1544822010.95
1544822011.01
1544822011.05
1544822011.08
1544822011.13
1544822011.18
1544822011.23
1544822011.27
1544822011.33
1544822011.38
1544822011.43
1544822011.47
1544822011.5
1544822011.55
1544822011.61
1544822011.64
1544822011.69
1544822011.76
1544822011.81
1544822011.85
1544822011.89
1544822011.96
1544822012.01
1544822012.06
1544822012.09
1544822012.14
1544822012.21
1544822012.25
1544822012.28
1544822012.34
1544822012.37
1544822012.42
1544822012.46
1544822012.51
1544822012.54
1544822012.59
1544822012.66
1544822012.76
1544822012.83
1544822012.87
1544822012.93
1544822012.98
1544822013.02
1544822013.06
1544822013.1
1544822013.19
1544822013.24
1544822013.27
1544822013.31
1544822013.39
1544822013.44
1544822013.48
1544822013.56
1544822013.61
1544822013.66
1544822013.7
1544822013.77
1544822013.83
1544822013.87
1544822013.91
1544822013.96
1544822014.01
1544822014.05
1544822014.09
1544822014.19
1544822014.24
1544822014.28
1544822014.33
1544822014.37
1544822014.42
1544822014.47
1544822014.51
1544822014.56
1544822014.61
1544822014.66
1544822014.7
1544822014.76
1544822014.83
1544822014.86
1544822014.91
1544822014.97
1544822015.03
1544822015.07
1544822015.12
1544822015.16
1544822015.22
1544822015.26
1544822015.3
1544822015.37
1544822015.41
1544822015.45
1544822015.5
1544822015.56
1544822015.6
1544822015.64
1544822015.68
1544822015.73
1544822015.8
1544822015.85
1544822015.88
1544822015.93
1544822015.98
1544822016.03
1544822016.07
1544822016.11
1544822016.2
1544822016.25
1544822016.29
1544822016.34
1544822016.38
1544822016.43
1544822016.46
1544822016.49
1544822016.58
1544822016.64
1544822016.68
1544822016.72
1544822016.76
1544822016.8
1544822016.83
1544822016.87
1544822016.91
1544822016.96
1544822017.01
1544822017.05
1544822017.08
1544822017.13
1544822017.18
1544822017.23
1544822017.26
1544822017.3
1544822017.36
1544822017.39
1544822017.44
1544822017.47
1544822017.52
1544822017.56
1544822017.61
1544822017.66
1544822017.7
1544822017.74
1544822017.77
1544822017.81
1544822017.85
1544822017.88
1544822017.93
1544822017.96
1544822018.01
1544822018.06
1544822018.1
1544822018.16
1544822018.2
1544822018.24
1544822018.27
1544822018.31
1544822018.39
1544822018.44
1544822018.49
1544822018.55
1544822018.6
1544822018.64
1544822018.68
1544822018.77
1544822018.83
1544822018.87
1544822018.93
1544822018.98
1544822019.03
1544822019.06
1544822019.11
1544822019.17
1544822019.23
1544822019.27
1544822019.32
1544822019.37
1544822019.41
1544822019.5
1544822019.58
1544822019.64
1544822019.68
1544822019.72
1544822019.78
1544822019.87
1544822019.93
1544822019.99
1544822020.03
1544822020.11
1544822020.17
1544822020.25
1544822020.32
1544822020.39
1544822020.46
1544822020.52
1544822020.6
1544822020.68
1544822020.75
1544822020.82
1544822020.89
1544822020.97
1544822021.03
1544822021.07
1544822021.14
1544822021.21
1544822021.27
1544822021.31
1544822021.36
1544822021.42
1544822021.45
1544822021.5
1544822021.57
1544822021.62
1544822021.66
1544822021.75
1544822021.81
1544822021.84
1544822021.87
1544822021.91
1544822021.97
1544822022.02
1544822022.06
1544822022.09
1544822022.16
1544822022.21
1544822022.25
1544822022.3
1544822022.37
1544822022.43
1544822022.47
1544822022.53
1544822022.6
1544822022.65
1544822022.69
1544822022.73
1544822022.78
1544822022.83
1544822022.87
1544822022.92
1544822022.95
1544822023.0
1544822023.05
1544822023.09
1544822023.18
1544822023.23
1544822023.27
1544822023.31
1544822023.35
1544822023.42
1544822023.45
1544822023.48
1544822023.55
1544822023.62
1544822023.66
1544822023.7
1544822023.78
1544822023.82
1544822023.85
1544822023.88
1544822023.95
1544822024.0
1544822024.05
1544822024.1
1544822024.17
1544822024.23
1544822024.27
1544822024.33
1544822024.38
1544822024.43
1544822024.48
1544822024.57
1544822024.61
1544822024.68
1544822024.73
1544822024.78
1544822024.85
1544822024.9
1544822024.96
1544822025.02
1544822025.07
1544822025.11
1544822025.16
1544822025.21
1544822025.27
1544822025.35
1544822025.41
1544822025.45
1544822025.49
1544822025.55
1544822025.63
1544822025.7
1544822025.77
1544822025.83
1544822025.87
1544822025.93
1544822025.98
1544822026.05
1544822026.11
1544822026.18
1544822026.24
1544822026.31
1544822026.38
1544822026.45
1544822026.53
1544822026.61
1544822026.71
1544822026.78
1544822026.84
1544822026.89
1544822026.95
1544822027.01
1544822027.07
