1544901358.96
1544901359.65
1544901359.75
1544901359.82
1544901359.93
1544901360.03
1544901360.12
1544901360.17
1544901360.22
1544901360.28
1544901360.35
1544901360.43
1544901360.51
1544901360.59
1544901360.65
1544901360.72
1544901360.79
1544901360.87
1544901360.95
1544901361.03
1544901361.09
1544901361.16
1544901361.22
1544901361.28
1544901361.36
1544901361.43
1544901361.49
1544901361.56
1544901361.62
1544901361.67
1544901361.76
1544901361.85
1544901361.9
1544901361.98
1544901362.03
1544901362.08
1544901362.14
1544901362.21
1544901362.26
1544901362.32
1544901362.42
1544901362.49
1544901362.54
1544901362.58
1544901362.67
1544901362.76
1544901362.83
1544901362.91
1544901362.98
1544901363.05
1544901363.09
1544901363.17
1544901363.25
1544901363.29
1544901363.39
1544901363.46
1544901363.52
1544901363.61
1544901363.67
1544901363.77
1544901363.86
1544901363.96
1544901364.02
1544901364.07
1544901364.19
1544901364.25
1544901364.29
1544901364.35
1544901364.42
1544901364.51
1544901364.62
1544901364.67
1544901364.75
1544901364.82
1544901364.88
1544901364.96
1544901365.03
1544901365.07
1544901365.14
1544901365.23
1544901365.29
1544901365.34
1544901365.39
1544901365.45
1544901365.51
1544901365.57
1544901365.67
1544901365.75
1544901365.82
1544901365.89
1544901365.98
1544901366.05
1544901366.09
1544901366.17
1544901366.26
1544901366.32
1544901366.38
1544901366.46
1544901366.53
1544901366.63
1544901366.72
1544901366.78
1544901366.86
1544901366.93
1544901367.03
1544901367.11
1544901367.17
1544901367.26
1544901367.35
1544901367.43
1544901367.51
1544901367.58
1544901367.67
1544901367.75
1544901367.83
1544901367.89
1544901367.97
1544901368.06
1544901368.15
1544901368.22
1544901368.27
1544901368.33
1544901368.42
1544901368.47
1544901368.54
1544901368.58
1544901368.65
1544901368.73
1544901368.82
1544901368.91
1544901368.97
1544901369.06
1544901369.17
1544901369.27
1544901369.37
1544901369.44
1544901369.54
1544901369.67
1544901369.78
1544901369.85
1544901369.89
1544901369.97
1544901370.04
1544901370.1
1544901370.18
1544901370.24
1544901370.27
1544901370.34
1544901370.41
1544901370.53
1544901370.64
1544901370.74
1544901370.83
1544901370.91
1544901371.04
1544901371.16
1544901371.23
1544901371.31
1544901371.43
1544901371.51
1544901371.59
1544901371.73
1544901371.79
1544901371.87
1544901371.95
1544901372.0
1544901372.04
1544901372.1
1544901372.18
1544901372.27
1544901372.33
1544901372.4
1544901372.55
1544901372.63
1544901372.7
1544901372.78
1544901372.83
1544901372.88
1544901372.96
1544901373.05
1544901373.13
1544901373.2
1544901373.27
1544901373.38
1544901373.44
1544901373.52
1544901373.58
1544901373.64
1544901373.71
1544901373.75
1544901373.81
1544901373.9
1544901373.95
1544901374.0
1544901374.07
1544901374.15
1544901374.26
1544901374.32
1544901374.37
1544901374.44
1544901374.52
1544901374.59
1544901374.68
1544901374.78
1544901374.84
1544901374.9
1544901374.95
1544901375.02
1544901375.11
1544901375.18
1544901375.29
1544901375.41
1544901375.48
1544901375.57
1544901375.68
1544901375.8
1544901375.9
1544901375.96
1544901376.01
1544901376.07
1544901376.26
1544901376.34
1544901376.4
1544901376.48
1544901376.55
1544901376.6
1544901376.76
1544901376.85
1544901376.94
1544901376.99
1544901377.08
1544901377.2
1544901377.32
1544901377.41
1544901377.48
1544901377.59
1544901377.68
1544901377.78
1544901377.88
1544901377.98
1544901378.12
1544901378.27
1544901378.37
1544901378.46
1544901378.54
1544901378.62
1544901378.67
1544901378.75
1544901378.81
1544901378.87
1544901378.94
1544901379.0
1544901379.07
1544901379.15
1544901379.3
1544901379.43
1544901379.49
1544901379.58
1544901379.66
1544901379.72
1544901379.78
1544901379.85
1544901379.93
1544901380.0
1544901380.07
1544901380.16
1544901380.23
1544901380.3
1544901380.36
1544901380.42
1544901380.48
1544901380.54
1544901380.6
1544901380.66
1544901380.71
1544901380.77
1544901380.85
1544901380.93
1544901381.0
1544901381.07
1544901381.16
1544901381.23
1544901381.27
1544901381.33
1544901381.41
1544901381.5
1544901381.62
1544901381.69
1544901381.78
1544901381.85
1544901381.91
1544901381.99
1544901382.07
1544901382.14
1544901382.21
1544901382.27
1544901382.33
1544901382.41
1544901382.47
1544901382.55
1544901382.61
1544901382.67
1544901382.73
1544901382.79
1544901382.85
1544901382.9
1544901382.97
1544901383.07
1544901383.15
1544901383.25
1544901383.3
1544901383.37
1544901383.44
1544901383.51
1544901383.58
1544901383.65
1544901383.73
1544901383.8
1544901383.87
1544901383.95
1544901384.02
1544901384.09
1544901384.16
1544901384.27
1544901384.37
1544901384.47
1544901384.53
1544901384.64
1544901384.72
1544901384.8
1544901384.85
1544901384.97
1544901385.08
1544901385.17
1544901385.23
1544901385.32
1544901385.39
1544901385.47
1544901385.55
1544901385.63
1544901385.68
1544901385.77
1544901385.84
1544901385.88
1544901385.97
1544901386.04
1544901386.09
1544901386.18
1544901386.27
1544901386.37
1544901386.47
1544901386.56
1544901386.66
1544901386.74
1544901386.84
1544901386.93
1544901387.04
1544901387.15
1544901387.25
1544901387.36
1544901387.48
1544901387.61
1544901387.71
1544901387.82
1544901387.92
1544901388.01
1544901388.12
1544901388.22
1544901388.35
1544901388.47
1544901388.56
1544901388.64
1544901388.75
1544901388.88
1544901388.96
1544901389.05
1544901389.13
1544901389.21
1544901389.26
1544901389.38
1544901389.46
1544901389.57
1544901389.65
1544901389.7
1544901389.79
1544901389.87
1544901389.92
1544901389.99
1544901390.08
1544901390.13
1544901390.22
1544901390.32
1544901390.39
1544901390.45
1544901390.54
1544901390.61
1544901390.65
1544901390.7
1544901390.77
1544901390.83
1544901390.89
1544901390.96
1544901391.06
1544901391.18
1544901391.25
1544901391.35
1544901391.44
1544901391.48
1544901391.56
1544901391.65
1544901391.75
1544901391.85
1544901391.96
1544901392.05
1544901392.15
1544901392.24
1544901392.31
1544901392.44
1544901392.52
1544901392.59
1544901392.65
1544901392.71
1544901392.78
1544901392.92
1544901393.05
1544901393.15
1544901393.23
1544901393.28
1544901393.35
1544901393.44
1544901393.53
1544901393.64
1544901393.73
1544901393.83
1544901393.89
1544901393.97
1544901394.05
1544901394.13
1544901394.23
1544901394.27
1544901394.33
1544901394.39
1544901394.45
1544901394.57
1544901394.67
1544901394.75
1544901394.82
1544901394.9
1544901394.98
1544901395.05
1544901395.12
1544901395.18
1544901395.25
1544901395.33
1544901395.41
1544901395.48
1544901395.57
1544901395.65
1544901395.7
1544901395.82
1544901395.9
1544901396.07
1544901396.18
1544901396.24
1544901396.29
1544901396.36
1544901396.42
1544901396.52
1544901396.61
1544901396.71
1544901396.81
1544901396.91
1544901396.98
1544901397.06
1544901397.14
1544901397.19
1544901397.26
1544901397.33
1544901397.38
1544901397.44
1544901397.53
1544901397.61
1544901397.64
1544901397.73
1544901397.81
1544901397.91
1544901397.99
1544901398.05
1544901398.2
1544901398.32
1544901398.39
1544901398.47
1544901398.55
1544901398.65
1544901398.73
1544901398.83
1544901398.95
1544901399.03
1544901399.09
1544901399.18
1544901399.3
1544901399.37
1544901399.45
1544901399.53
1544901399.61
1544901399.68
1544901399.75
1544901399.85
1544901399.94
1544901400.02
1544901400.1
1544901400.18
1544901400.3
1544901400.38
1544901400.49
1544901400.58
1544901400.68
1544901400.76
1544901400.87
1544901400.94
1544901401.03
1544901401.13
1544901401.21
1544901401.29
1544901401.38
1544901401.48
1544901401.58
1544901401.67
1544901401.74
1544901401.89
1544901401.97
1544901402.1
1544901402.17
1544901402.23
1544901402.29
1544901402.35
1544901402.38
1544901402.45
1544901402.51
1544901402.59
1544901402.69
1544901402.77
1544901402.87
1544901402.96
1544901403.06
1544901403.15
1544901403.24
1544901403.34
1544901403.42
1544901403.49
1544901403.57
1544901403.66
1544901403.73
1544901403.8
1544901403.88
1544901403.96
1544901404.03
1544901404.09
1544901404.15
1544901404.24
1544901404.35
1544901404.44
1544901404.53
1544901404.62
1544901404.72
1544901404.79
1544901404.87
1544901404.96
1544901405.02
1544901405.1
1544901405.18
1544901405.27
1544901405.34
1544901405.38
1544901405.46
1544901405.54
1544901405.62
1544901405.72
1544901405.76
1544901405.84
1544901405.93
1544901405.98
1544901406.06
1544901406.12
1544901406.2
1544901406.3
1544901406.38
1544901406.48
1544901406.56
1544901406.63
1544901406.67
1544901406.73
1544901406.77
1544901406.84
1544901406.9
1544901407.0
1544901407.08
1544901407.15
1544901407.23
1544901407.3
1544901407.37
1544901407.45
1544901407.51
1544901407.58
1544901407.64
1544901407.69
1544901407.77
1544901407.88
1544901407.94
1544901408.03
1544901408.09
1544901408.17
1544901408.25
1544901408.32
1544901408.38
1544901408.44
1544901408.49
1544901408.54
1544901408.59
1544901408.64
1544901408.7
1544901408.74
1544901408.78
1544901408.86
1544901408.94
1544901409.06
1544901409.16
1544901409.26
1544901409.38
1544901409.47
1544901409.55
1544901409.6
1544901409.71
1544901409.78
1544901409.86
1544901409.92
1544901409.97
1544901410.0
1544901410.06
1544901410.13
1544901410.19
1544901410.25
1544901410.29
1544901410.39
1544901410.5
1544901410.6
1544901410.72
1544901410.84
1544901410.95
1544901411.03
1544901411.09
1544901411.19
1544901411.29
1544901411.39
1544901411.5
1544901411.56
1544901411.61
1544901411.68
1544901411.74
1544901411.79
1544901411.85
1544901411.92
1544901411.97
1544901412.02
1544901412.09
1544901412.15
1544901412.21
1544901412.25
1544901412.33
1544901412.38
1544901412.44
1544901412.51
1544901412.57
1544901412.63
1544901412.69
1544901412.74
1544901412.79
1544901412.83
1544901412.88
1544901412.96
1544901413.03
1544901413.08
1544901413.13
1544901413.25
1544901413.33
1544901413.41
1544901413.48
1544901413.52
1544901413.57
1544901413.62
1544901413.66
1544901413.71
1544901413.77
1544901413.83
1544901413.88
1544901413.93
1544901414.02
1544901414.12
1544901414.17
1544901414.22
1544901414.32
1544901414.41
1544901414.49
1544901414.58
1544901414.66
1544901414.74
1544901414.84
1544901414.94
1544901415.0
1544901415.08
1544901415.16
1544901415.27
1544901415.38
1544901415.45
1544901415.51
1544901415.57
1544901415.63
1544901415.7
1544901415.79
1544901415.83
1544901415.87
1544901415.91
1544901415.96
1544901416.04
1544901416.11
1544901416.18
1544901416.23
1544901416.27
1544901416.35
1544901416.38
1544901416.49
1544901416.55
1544901416.63
1544901416.7
1544901416.77
1544901416.85
1544901416.92
1544901416.99
1544901417.06
1544901417.13
1544901417.18
1544901417.23
1544901417.28
1544901417.36
1544901417.41
1544901417.47
1544901417.55
1544901417.59
1544901417.68
1544901417.76
1544901417.86
1544901417.94
1544901418.04
1544901418.15
1544901418.25
1544901418.35
1544901418.46
1544901418.56
1544901418.68
1544901418.76
1544901418.85
1544901418.93
1544901419.0
1544901419.08
1544901419.14
1544901419.21
1544901419.36
1544901419.48
1544901419.54
1544901419.58
1544901419.65
1544901419.75
1544901419.78
1544901419.85
1544901419.92
1544901419.96
1544901420.01
1544901420.08
1544901420.14
1544901420.18
1544901420.25
1544901420.32
1544901420.36
1544901420.41
1544901420.5
1544901420.56
1544901420.6
1544901420.65
1544901420.71
1544901420.77
1544901420.85
1544901420.95
1544901421.06
1544901421.12
1544901421.17
1544901421.23
1544901421.32
1544901421.38
1544901421.46
1544901421.53
1544901421.6
1544901421.68
1544901421.76
1544901421.83
1544901421.93
1544901421.98
1544901422.07
1544901422.15
1544901422.23
1544901422.3
1544901422.38
1544901422.48
1544901422.57
1544901422.71
1544901422.78
1544901422.88
1544901422.94
1544901423.02
1544901423.1
1544901423.14
1544901423.17
1544901423.24
1544901423.32
1544901423.38
1544901423.43
1544901423.47
1544901423.51
1544901423.55
1544901423.61
1544901423.68
1544901423.73
1544901423.77
1544901423.82
1544901423.92
1544901423.96
1544901424.01
1544901424.15
1544901424.23
1544901424.31
1544901424.38
1544901424.48
1544901424.56
1544901424.64
1544901424.71
1544901424.75
1544901424.82
1544901424.89
1544901424.96
1544901425.03
1544901425.11
1544901425.18
1544901425.26
1544901425.33
1544901425.38
1544901425.47
1544901425.55
1544901425.65
1544901425.73
1544901425.82
1544901425.9
1544901425.95
1544901425.99
1544901426.07
1544901426.16
1544901426.22
1544901426.28
1544901426.34
1544901426.43
1544901426.49
1544901426.54
1544901426.58
1544901426.64
1544901426.71
1544901426.75
1544901426.85
1544901426.92
1544901426.99
1544901427.08
1544901427.13
1544901427.17
1544901427.3
1544901427.36
1544901427.41
1544901427.49
1544901427.55
1544901427.62
1544901427.71
1544901427.79
1544901427.83
1544901427.89
1544901427.96
1544901428.05
1544901428.13
1544901428.19
1544901428.28
1544901428.38
1544901428.48
1544901428.56
1544901428.64
1544901428.73
1544901428.8
1544901428.88
1544901428.95
1544901429.04
1544901429.11
1544901429.18
1544901429.26
1544901429.34
1544901429.42
1544901429.56
1544901429.67
1544901429.75
1544901429.86
1544901429.95
1544901430.07
1544901430.18
1544901430.25
1544901430.3
1544901430.35
1544901430.39
1544901430.45
1544901430.51
1544901430.55
1544901430.61
1544901430.67
1544901430.75
1544901430.79
1544901430.84
1544901430.91
1544901430.96
1544901431.04
1544901431.11
1544901431.15
1544901431.23
1544901431.3
1544901431.38
1544901431.47
1544901431.55
1544901431.62
1544901431.7
1544901431.78
1544901431.87
1544901431.94
1544901432.02
1544901432.09
1544901432.17
1544901432.25
1544901432.33
1544901432.43
1544901432.52
1544901432.61
1544901432.69
1544901432.78
1544901432.85
1544901432.93
1544901432.98
1544901433.05
1544901433.14
1544901433.23
1544901433.31
1544901433.35
1544901433.42
1544901433.49
1544901433.55
1544901433.6
1544901433.7
1544901433.75
1544901433.82
1544901433.91
1544901433.95
1544901434.03
1544901434.19
1544901434.27
1544901434.34
1544901434.41
1544901434.48
1544901434.58
1544901434.66
1544901434.76
1544901434.87
1544901435.03
1544901435.14
1544901435.28
1544901435.43
1544901435.5
1544901435.56
1544901435.61
1544901435.68
1544901435.77
1544901435.85
1544901435.91
1544901435.98
1544901436.05
1544901436.12
1544901436.19
1544901436.26
1544901436.31
1544901436.37
1544901436.44
1544901436.49
1544901436.55
1544901436.62
1544901436.69
1544901436.77
1544901436.87
1544901436.95
1544901437.05
1544901437.14
1544901437.23
1544901437.32
1544901437.36
1544901437.42
1544901437.52
1544901437.64
1544901437.74
1544901437.78
1544901437.83
1544901437.88
1544901437.96
1544901438.02
1544901438.1
1544901438.16
1544901438.21
1544901438.29
1544901438.33
1544901438.38
1544901438.47
1544901438.52
1544901438.58
1544901438.64
1544901438.7
1544901438.76
1544901438.83
1544901438.91
1544901439.01
1544901439.09
1544901439.16
1544901439.23
1544901439.27
1544901439.32
1544901439.42
1544901439.46
1544901439.5
1544901439.57
1544901439.64
1544901439.74
1544901439.83
1544901439.9
1544901439.95
1544901440.02
1544901440.06
1544901440.1
1544901440.16
1544901440.22
1544901440.3
1544901440.37
1544901440.45
1544901440.55
1544901440.62
1544901440.68
1544901440.8
1544901440.89
1544901441.0
1544901441.08
1544901441.17
1544901441.29
1544901441.37
1544901441.45
1544901441.49
1544901441.57
1544901441.66
1544901441.75
1544901441.79
1544901441.85
1544901441.9
1544901441.96
1544901442.02
1544901442.09
1544901442.18
1544901442.25
1544901442.32
1544901442.42
1544901442.49
1544901442.56
1544901442.63
1544901442.68
1544901442.76
1544901442.85
1544901442.93
1544901443.0
1544901443.07
1544901443.15
1544901443.24
1544901443.32
1544901443.39
1544901443.47
1544901443.56
1544901443.66
1544901443.75
1544901443.85
1544901443.93
1544901444.03
1544901444.1
1544901444.16
1544901444.22
1544901444.26
1544901444.31
1544901444.4
1544901444.45
1544901444.5
1544901444.63
1544901444.67
1544901444.74
1544901444.84
1544901444.88
1544901444.93
1544901444.99
1544901445.04
1544901445.08
1544901445.12
1544901445.19
1544901445.27
1544901445.36
1544901445.44
1544901445.49
1544901445.57
1544901445.64
1544901445.71
1544901445.77
1544901445.85
1544901445.92
1544901446.02
1544901446.08
1544901446.14
1544901446.19
1544901446.25
1544901446.36
1544901446.42
1544901446.52
1544901446.58
1544901446.66
1544901446.72
1544901446.81
1544901446.94
1544901447.05
1544901447.09
1544901447.19
1544901447.27
1544901447.35
1544901447.43
1544901447.51
1544901447.59
1544901447.65
1544901447.71
1544901447.79
1544901447.87
1544901447.96
1544901448.04
1544901448.12
1544901448.18
1544901448.3
1544901448.39
1544901448.46
1544901448.55
1544901448.63
1544901448.74
1544901448.82
1544901448.89
1544901448.96
1544901449.05
1544901449.13
1544901449.2
1544901449.26
1544901449.33
1544901449.41
1544901449.49
1544901449.55
1544901449.62
1544901449.69
1544901449.77
1544901449.85
1544901449.92
1544901450.05
1544901450.13
1544901450.22
1544901450.29
1544901450.4
1544901450.52
1544901450.62
1544901450.74
1544901450.78
1544901450.88
1544901450.95
1544901451.04
1544901451.11
1544901451.19
1544901451.27
1544901451.34
1544901451.41
1544901451.49
1544901451.57
1544901451.66
1544901451.72
1544901451.82
1544901451.89
1544901451.97
1544901452.05
1544901452.16
1544901452.28
1544901452.4
1544901452.5
1544901452.59
1544901452.7
1544901452.79
1544901452.86
1544901452.95
1544901453.03
1544901453.11
1544901453.21
1544901453.28
1544901453.38
1544901453.49
1544901453.58
1544901453.67
1544901453.73
1544901453.78
1544901453.87
1544901453.97
1544901454.06
1544901454.13
1544901454.19
1544901454.27
1544901454.37
1544901454.44
1544901454.53
1544901454.6
1544901454.67
1544901454.77
1544901454.87
1544901454.95
1544901455.02
1544901455.1
1544901455.21
1544901455.31
1544901455.36
1544901455.41
1544901455.45
1544901455.53
1544901455.6
1544901455.69
1544901455.8
1544901455.88
1544901455.97
1544901456.06
1544901456.13
1544901456.22
1544901456.28
1544901456.37
1544901456.43
1544901456.51
1544901456.59
1544901456.66
1544901456.74
1544901456.83
1544901456.87
1544901456.92
1544901457.01
1544901457.08
1544901457.15
1544901457.24
1544901457.32
1544901457.39
1544901457.46
1544901457.54
1544901457.61
1544901457.68
1544901457.77
1544901457.86
1544901457.94
1544901458.01
1544901458.1
1544901458.18
1544901458.27
1544901458.4
1544901458.47
1544901458.56
1544901458.63
1544901458.68
1544901458.74
1544901458.8
1544901458.86
1544901458.95
1544901459.04
1544901459.14
1544901459.22
1544901459.31
1544901459.44
1544901459.55
1544901459.63
1544901459.7
1544901459.74
1544901459.81
1544901459.85
1544901459.91
1544901459.97
1544901460.03
1544901460.07
1544901460.13
1544901460.18
1544901460.25
1544901460.3
1544901460.36
1544901460.44
1544901460.51
1544901460.59
1544901460.69
1544901460.79
1544901460.92
1544901461.04
1544901461.14
1544901461.25
1544901461.33
1544901461.42
1544901461.51
1544901461.6
1544901461.65
1544901461.73
1544901461.85
1544901461.95
1544901462.04
1544901462.11
1544901462.25
1544901462.35
1544901462.43
1544901462.47
1544901462.57
1544901462.65
1544901462.69
1544901462.76
1544901462.84
1544901462.94
1544901463.02
1544901463.09
1544901463.19
1544901463.27
1544901463.38
1544901463.47
1544901463.56
1544901463.65
1544901463.74
1544901463.8
1544901463.86
1544901463.9
1544901464.03
1544901464.13
1544901464.21
1544901464.28
1544901464.36
1544901464.41
1544901464.47
1544901464.54
1544901464.63
1544901464.73
1544901464.83
1544901464.91
1544901464.97
1544901465.04
1544901465.09
1544901465.16
1544901465.22
1544901465.28
1544901465.33
1544901465.42
1544901465.55
1544901465.65
1544901465.76
1544901465.84
1544901465.89
1544901465.95
1544901466.01
1544901466.07
1544901466.17
1544901466.28
1544901466.35
1544901466.41
1544901466.48
1544901466.55
1544901466.62
1544901466.71
1544901466.81
1544901466.89
1544901467.01
1544901467.07
1544901467.15
1544901467.24
1544901467.32
1544901467.39
1544901467.46
1544901467.54
1544901467.59
1544901467.66
1544901467.73
1544901467.78
1544901467.83
1544901467.89
1544901467.94
1544901468.03
1544901468.15
1544901468.27
1544901468.36
1544901468.43
1544901468.48
1544901468.55
1544901468.65
1544901468.73
1544901468.81
1544901468.89
1544901468.99
1544901469.06
1544901469.18
1544901469.26
1544901469.34
1544901469.43
1544901469.51
1544901469.58
1544901469.72
1544901469.82
1544901469.95
1544901470.08
1544901470.15
1544901470.25
1544901470.35
1544901470.44
1544901470.52
1544901470.58
1544901470.65
1544901470.73
1544901470.82
1544901470.91
1544901471.03
1544901471.15
1544901471.25
1544901471.36
1544901471.44
1544901471.52
1544901471.62
1544901471.7
1544901471.77
1544901471.85
1544901471.93
1544901472.0
1544901472.06
1544901472.12
1544901472.18
1544901472.24
1544901472.3
1544901472.36
1544901472.45
1544901472.54
1544901472.63
1544901472.72
1544901472.81
1544901472.85
1544901472.89
1544901472.96
1544901473.05
1544901473.1
1544901473.17
1544901473.23
1544901473.27
1544901473.32
1544901473.43
1544901473.47
1544901473.53
1544901473.63
1544901473.7
1544901473.76
1544901473.86
1544901473.95
1544901474.04
1544901474.14
1544901474.24
1544901474.31
1544901474.38
1544901474.45
1544901474.53
1544901474.63
1544901474.72
1544901474.81
1544901474.89
1544901474.96
1544901475.01
1544901475.06
1544901475.15
1544901475.25
1544901475.32
1544901475.38
1544901475.46
1544901475.54
1544901475.61
1544901475.67
1544901475.78
1544901475.86
1544901475.97
1544901476.03
1544901476.09
1544901476.14
1544901476.24
1544901476.33
1544901476.39
1544901476.47
1544901476.54
1544901476.62
1544901476.69
1544901476.76
1544901476.83
1544901476.87
1544901476.95
1544901477.01
1544901477.1
1544901477.17
1544901477.23
1544901477.32
1544901477.38
1544901477.46
1544901477.55
1544901477.61
1544901477.67
1544901477.75
1544901477.82
1544901477.87
1544901477.96
1544901478.04
1544901478.1
1544901478.17
1544901478.24
1544901478.32
1544901478.39
1544901478.45
1544901478.53
1544901478.62
1544901478.67
1544901478.75
1544901478.89
1544901478.98
1544901479.08
1544901479.16
1544901479.24
1544901479.32
1544901479.4
1544901479.46
1544901479.53
1544901479.63
1544901479.72
1544901479.81
1544901479.89
1544901479.97
1544901480.05
1544901480.12
1544901480.18
1544901480.25
1544901480.32
1544901480.41
1544901480.47
1544901480.56
1544901480.64
1544901480.71
1544901480.8
1544901480.86
1544901480.91
1544901481.01
1544901481.05
1544901481.11
1544901481.18
1544901481.24
1544901481.28
1544901481.33
1544901481.39
1544901481.47
1544901481.56
1544901481.65
1544901481.72
1544901481.81
1544901481.88
1544901481.95
1544901482.05
1544901482.12
1544901482.19
1544901482.28
1544901482.39
1544901482.47
1544901482.55
1544901482.67
1544901482.76
1544901482.86
1544901482.96
1544901483.06
1544901483.13
1544901483.21
1544901483.27
1544901483.35
1544901483.42
1544901483.52
1544901483.62
1544901483.68
1544901483.77
1544901483.85
1544901483.9
1544901483.98
1544901484.05
1544901484.13
1544901484.21
1544901484.29
1544901484.46
1544901484.51
1544901484.6
1544901484.67
1544901484.78
1544901484.86
1544901484.95
1544901485.03
1544901485.11
1544901485.19
1544901485.24
1544901485.28
1544901485.36
1544901485.46
1544901485.55
1544901485.63
1544901485.71
1544901485.82
1544901485.88
1544901485.96
1544901486.05
1544901486.12
1544901486.21
1544901486.28
1544901486.36
1544901486.45
1544901486.54
1544901486.63
1544901486.7
1544901486.81
1544901486.88
1544901486.95
1544901487.05
1544901487.11
1544901487.18
1544901487.24
1544901487.28
1544901487.35
1544901487.41
1544901487.45
1544901487.49
1544901487.56
1544901487.61
1544901487.67
1544901487.73
1544901487.8
1544901487.86
1544901487.91
1544901487.98
1544901488.04
1544901488.1
1544901488.19
1544901488.24
1544901488.32
1544901488.39
1544901488.45
1544901488.49
1544901488.56
1544901488.64
1544901488.74
1544901488.87
1544901488.97
1544901489.06
1544901489.13
1544901489.2
1544901489.28
1544901489.35
1544901489.45
1544901489.55
1544901489.62
1544901489.73
1544901489.81
1544901489.89
1544901489.96
1544901490.07
1544901490.15
1544901490.23
1544901490.32
1544901490.43
1544901490.49
1544901490.54
1544901490.58
1544901490.64
1544901490.72
1544901490.77
1544901490.84
1544901490.92
1544901490.98
1544901491.06
1544901491.13
1544901491.21
1544901491.28
1544901491.37
1544901491.45
1544901491.53
1544901491.58
1544901491.66
1544901491.75
1544901491.85
1544901491.92
1544901492.0
1544901492.08
1544901492.17
1544901492.27
1544901492.31
1544901492.36
1544901492.41
1544901492.5
1544901492.58
1544901492.68
1544901492.77
1544901492.86
1544901492.93
1544901492.99
1544901493.06
1544901493.14
1544901493.2
1544901493.27
1544901493.34
1544901493.44
1544901493.52
1544901493.57
1544901493.63
1544901493.71
1544901493.78
1544901493.88
1544901493.93
1544901493.98
1544901494.05
1544901494.12
1544901494.17
1544901494.28
1544901494.37
1544901494.44
1544901494.52
1544901494.59
1544901494.68
1544901494.77
1544901494.86
1544901494.94
1544901495.03
1544901495.13
1544901495.24
1544901495.34
1544901495.42
1544901495.52
1544901495.62
1544901495.7
1544901495.8
1544901495.88
1544901495.96
1544901496.06
1544901496.14
1544901496.21
1544901496.29
1544901496.42
1544901496.49
1544901496.61
1544901496.69
1544901496.8
1544901496.87
1544901496.92
1544901497.01
1544901497.05
1544901497.1
1544901497.18
1544901497.24
1544901497.35
1544901497.43
1544901497.51
1544901497.64
1544901497.73
1544901497.85
1544901497.93
1544901498.04
1544901498.18
1544901498.26
1544901498.29
1544901498.39
1544901498.45
1544901498.53
1544901498.64
1544901498.72
1544901498.8
1544901498.86
1544901498.95
1544901499.05
1544901499.12
1544901499.2
1544901499.26
1544901499.35
1544901499.46
1544901499.59
1544901499.66
1544901499.78
1544901499.9
1544901499.97
1544901500.09
1544901500.16
1544901500.23
1544901500.31
1544901500.4
1544901500.47
1544901500.54
1544901500.62
1544901500.66
1544901500.71
1544901500.75
1544901500.79
1544901500.85
1544901500.9
1544901500.95
1544901500.99
1544901501.06
1544901501.15
1544901501.24
1544901501.34
1544901501.39
1544901501.47
1544901501.55
1544901501.64
1544901501.73
1544901501.79
1544901501.89
1544901502.03
1544901502.12
1544901502.22
1544901502.32
1544901502.4
1544901502.46
1544901502.54
1544901502.63
1544901502.71
1544901502.79
1544901502.86
1544901502.95
1544901503.02
1544901503.07
1544901503.21
1544901503.28
1544901503.35
1544901503.44
1544901503.56
1544901503.67
1544901503.76
1544901503.85
1544901503.93
1544901503.99
1544901504.08
1544901504.14
1544901504.21
1544901504.28
1544901504.35
1544901504.42
1544901504.48
1544901504.55
1544901504.61
1544901504.71
1544901504.78
1544901504.85
1544901504.94
1544901505.01
1544901505.08
1544901505.15
1544901505.23
1544901505.3
1544901505.37
1544901505.45
1544901505.52
1544901505.57
1544901505.66
1544901505.73
1544901505.83
1544901505.9
1544901505.97
1544901506.04
1544901506.13
1544901506.21
1544901506.27
1544901506.35
1544901506.42
1544901506.49
1544901506.57
1544901506.65
1544901506.71
1544901506.79
1544901506.87
1544901506.95
1544901507.03
1544901507.09
1544901507.19
1544901507.26
1544901507.34
1544901507.42
1544901507.48
1544901507.57
1544901507.64
1544901507.7
1544901507.79
1544901507.87
1544901507.95
1544901508.05
1544901508.11
1544901508.19
1544901508.28
1544901508.34
1544901508.43
1544901508.49
1544901508.58
1544901508.67
1544901508.73
1544901508.79
1544901508.85
1544901508.91
1544901508.98
1544901509.06
1544901509.14
1544901509.21
1544901509.28
1544901509.36
1544901509.45
1544901509.55
1544901509.61
1544901509.68
1544901509.81
1544901509.91
1544901510.04
1544901510.12
1544901510.25
1544901510.35
1544901510.45
1544901510.55
1544901510.64
1544901510.69
1544901510.75
1544901510.8
1544901510.85
1544901510.89
1544901510.95
1544901511.01
1544901511.06
1544901511.12
1544901511.2
1544901511.28
1544901511.36
1544901511.44
1544901511.51
1544901511.57
1544901511.65
1544901511.72
1544901511.78
1544901511.87
1544901511.92
1544901511.97
1544901512.04
1544901512.09
1544901512.18
1544901512.26
1544901512.35
1544901512.43
1544901512.52
1544901512.66
1544901512.75
1544901512.81
1544901512.86
1544901512.93
1544901513.01
1544901513.07
1544901513.16
1544901513.26
1544901513.35
1544901513.45
1544901513.56
1544901513.64
1544901513.69
1544901513.78
1544901513.85
1544901513.92
1544901514.02
1544901514.12
1544901514.22
1544901514.33
1544901514.43
1544901514.55
1544901514.69
1544901514.82
1544901514.87
1544901514.94
1544901515.01
1544901515.07
1544901515.14
1544901515.2
1544901515.24
1544901515.32
1544901515.4
1544901515.47
1544901515.54
1544901515.61
1544901515.68
1544901515.75
1544901515.82
1544901515.89
1544901515.95
1544901516.06
1544901516.15
1544901516.22
1544901516.29
1544901516.36
1544901516.43
1544901516.52
1544901516.61
1544901516.7
1544901516.77
1544901516.85
1544901516.94
1544901516.98
1544901517.05
1544901517.12
1544901517.18
1544901517.28
1544901517.37
1544901517.49
1544901517.59
1544901517.7
1544901517.82
1544901517.92
1544901518.02
1544901518.08
1544901518.15
1544901518.2
1544901518.26
1544901518.33
1544901518.38
1544901518.47
1544901518.53
1544901518.57
1544901518.62
1544901518.72
1544901518.77
1544901518.83
1544901518.92
1544901518.96
1544901519.08
1544901519.15
1544901519.25
1544901519.32
1544901519.38
1544901519.54
1544901519.59
1544901519.72
1544901519.8
1544901519.88
1544901519.93
1544901519.98
1544901520.08
1544901520.16
1544901520.36
1544901520.47
1544901520.59
1544901520.68
1544901520.76
1544901520.86
1544901520.97
1544901521.06
1544901521.15
1544901521.21
1544901521.27
1544901521.33
1544901521.4
1544901521.49
1544901521.56
1544901521.65
1544901521.69
1544901521.77
1544901521.84
1544901521.92
1544901521.96
1544901522.02
1544901522.11
1544901522.17
1544901522.24
1544901522.31
1544901522.36
1544901522.45
1544901522.53
1544901522.61
1544901522.71
1544901522.76
1544901522.8
1544901522.86
1544901522.96
1544901523.06
1544901523.14
1544901523.22
1544901523.34
1544901523.42
1544901523.48
1544901523.55
1544901523.61
1544901523.65
1544901523.74
1544901523.84
1544901523.96
1544901524.08
1544901524.21
1544901524.26
1544901524.32
1544901524.43
1544901524.53
1544901524.62
1544901524.73
1544901524.8
1544901524.87
1544901524.95
1544901525.02
1544901525.12
1544901525.17
1544901525.23
1544901525.33
1544901525.38
1544901525.47
1544901525.57
1544901525.64
1544901525.69
1544901525.75
1544901525.8
1544901525.86
1544901525.94
1544901526.03
1544901526.1
1544901526.14
1544901526.18
1544901526.26
1544901526.37
1544901526.48
1544901526.58
1544901526.7
1544901526.77
1544901526.89
1544901526.98
1544901527.05
1544901527.16
1544901527.23
1544901527.33
1544901527.4
1544901527.47
1544901527.53
1544901527.58
1544901527.64
1544901527.71
1544901527.77
1544901527.84
1544901527.93
1544901527.99
1544901528.07
1544901528.13
1544901528.2
1544901528.28
1544901528.36
1544901528.43
1544901528.48
1544901528.55
1544901528.64
1544901528.69
1544901528.78
1544901528.88
1544901528.98
1544901529.1
1544901529.2
1544901529.34
1544901529.43
1544901529.53
1544901529.62
1544901529.71
1544901529.77
1544901529.9
1544901529.98
1544901530.05
1544901530.14
1544901530.22
1544901530.29
1544901530.39
1544901530.47
1544901530.56
1544901530.62
1544901530.68
1544901530.77
1544901530.84
1544901530.92
1544901530.99
1544901531.09
1544901531.16
1544901531.23
1544901531.3
1544901531.38
1544901531.46
1544901531.53
1544901531.59
1544901531.66
1544901531.72
1544901531.81
