1544901619.3
1544901620.05
1544901620.15
1544901620.23
1544901620.31
1544901620.4
1544901620.49
1544901620.57
1544901620.64
1544901620.71
1544901620.81
1544901620.88
1544901620.96
1544901621.02
1544901621.07
1544901621.18
1544901621.27
1544901621.38
1544901621.46
1544901621.58
1544901621.68
1544901621.74
1544901621.78
1544901621.85
1544901621.96
1544901622.05
1544901622.15
1544901622.25
1544901622.4
1544901622.48
1544901622.57
1544901622.64
1544901622.73
1544901622.79
1544901622.87
1544901622.95
1544901623.0
1544901623.07
1544901623.15
1544901623.22
1544901623.31
1544901623.4
1544901623.45
1544901623.55
1544901623.67
1544901623.76
1544901623.86
1544901623.97
1544901624.05
1544901624.14
1544901624.22
1544901624.29
1544901624.35
1544901624.4
1544901624.46
1544901624.54
1544901624.61
1544901624.68
1544901624.77
1544901624.86
1544901624.95
1544901625.06
1544901625.14
1544901625.22
1544901625.32
1544901625.37
1544901625.41
1544901625.52
1544901625.6
1544901625.68
1544901625.73
1544901625.81
1544901625.94
1544901626.01
1544901626.12
1544901626.25
1544901626.36
1544901626.46
1544901626.53
1544901626.57
1544901626.62
1544901626.71
1544901626.77
1544901626.83
1544901626.93
1544901626.98
1544901627.07
1544901627.15
1544901627.22
1544901627.32
1544901627.39
1544901627.46
1544901627.53
1544901627.58
1544901627.66
1544901627.75
1544901627.8
1544901627.89
1544901627.96
1544901628.05
1544901628.12
1544901628.18
1544901628.26
1544901628.33
1544901628.45
1544901628.51
1544901628.58
1544901628.67
1544901628.75
1544901628.81
1544901628.89
1544901628.98
1544901629.11
1544901629.2
1544901629.26
1544901629.37
1544901629.46
1544901629.54
1544901629.64
1544901629.73
1544901629.81
1544901629.92
1544901629.98
1544901630.07
1544901630.15
1544901630.24
1544901630.33
1544901630.42
1544901630.51
1544901630.58
1544901630.68
1544901630.74
1544901630.78
1544901630.89
1544901630.96
1544901631.05
1544901631.13
1544901631.24
1544901631.32
1544901631.41
1544901631.53
1544901631.58
1544901631.65
1544901631.71
1544901631.76
1544901631.88
1544901631.97
1544901632.05
1544901632.1
1544901632.18
1544901632.25
1544901632.32
1544901632.38
1544901632.45
1544901632.54
1544901632.64
1544901632.71
1544901632.78
1544901632.85
1544901632.92
1544901633.02
1544901633.1
1544901633.17
1544901633.24
1544901633.31
1544901633.4
1544901633.48
1544901633.57
1544901633.65
1544901633.71
1544901633.78
1544901633.83
1544901633.91
1544901633.97
1544901634.04
1544901634.12
1544901634.16
1544901634.25
1544901634.35
1544901634.47
1544901634.57
1544901634.68
1544901634.76
1544901634.8
1544901634.89
1544901634.96
1544901635.05
1544901635.14
1544901635.2
1544901635.31
1544901635.38
1544901635.5
1544901635.54
1544901635.61
1544901635.68
1544901635.76
1544901635.84
1544901635.92
1544901635.99
1544901636.08
1544901636.15
1544901636.21
1544901636.32
1544901636.4
1544901636.51
1544901636.59
1544901636.67
1544901636.78
1544901636.88
1544901636.98
1544901637.08
1544901637.16
1544901637.24
1544901637.34
1544901637.42
1544901637.53
1544901637.63
1544901637.71
1544901637.78
1544901637.86
1544901637.93
1544901638.01
1544901638.07
1544901638.15
1544901638.22
1544901638.3
1544901638.37
1544901638.44
1544901638.51
1544901638.58
1544901638.67
1544901638.77
1544901638.84
1544901638.9
1544901638.98
1544901639.06
1544901639.15
1544901639.23
1544901639.29
1544901639.37
1544901639.44
1544901639.54
1544901639.62
1544901639.71
1544901639.81
1544901639.9
1544901640.01
1544901640.07
1544901640.18
1544901640.24
1544901640.31
1544901640.45
1544901640.51
1544901640.59
1544901640.65
1544901640.78
1544901640.87
1544901640.97
1544901641.04
1544901641.13
1544901641.22
1544901641.3
1544901641.38
1544901641.5
1544901641.6
1544901641.65
1544901641.71
1544901641.81
1544901641.91
1544901642.0
1544901642.05
1544901642.12
1544901642.2
1544901642.28
1544901642.37
1544901642.48
1544901642.61
1544901642.69
1544901642.79
1544901642.87
1544901642.98
1544901643.06
1544901643.13
1544901643.21
1544901643.25
1544901643.34
1544901643.42
1544901643.53
1544901643.62
1544901643.71
1544901643.77
1544901643.84
1544901643.91
1544901643.95
1544901643.99
1544901644.05
1544901644.14
1544901644.22
1544901644.28
1544901644.35
1544901644.43
1544901644.51
1544901644.58
1544901644.66
1544901644.73
1544901644.79
1544901644.87
1544901644.95
1544901645.02
1544901645.11
1544901645.19
1544901645.31
1544901645.41
1544901645.47
1544901645.57
1544901645.67
1544901645.72
1544901645.76
1544901645.83
1544901645.91
1544901645.98
1544901646.07
1544901646.15
1544901646.23
1544901646.31
1544901646.38
1544901646.44
1544901646.51
1544901646.56
1544901646.68
1544901646.79
1544901646.85
1544901646.96
1544901647.03
1544901647.14
1544901647.2
1544901647.28
1544901647.36
1544901647.44
1544901647.53
1544901647.61
1544901647.72
1544901647.84
1544901647.93
1544901648.03
1544901648.13
1544901648.19
1544901648.25
1544901648.33
1544901648.38
1544901648.51
1544901648.56
1544901648.65
1544901648.75
1544901648.79
1544901648.87
1544901648.92
1544901648.96
1544901649.06
1544901649.14
1544901649.18
1544901649.3
1544901649.35
1544901649.45
1544901649.52
1544901649.58
1544901649.65
1544901649.72
1544901649.78
1544901649.88
1544901649.95
1544901650.02
1544901650.07
1544901650.18
1544901650.27
1544901650.35
1544901650.43
1544901650.52
1544901650.6
1544901650.67
1544901650.73
1544901650.82
1544901650.92
1544901651.03
1544901651.13
1544901651.22
1544901651.28
1544901651.34
1544901651.39
1544901651.5
1544901651.57
1544901651.68
1544901651.75
1544901651.84
1544901651.92
1544901651.98
1544901652.06
1544901652.13
1544901652.21
1544901652.29
1544901652.34
1544901652.43
1544901652.54
1544901652.64
1544901652.75
1544901652.81
1544901652.87
1544901652.93
1544901653.0
1544901653.06
1544901653.12
1544901653.18
1544901653.25
1544901653.32
1544901653.41
1544901653.47
1544901653.55
1544901653.62
1544901653.67
1544901653.71
1544901653.79
1544901653.85
1544901653.88
1544901653.95
1544901654.03
1544901654.07
1544901654.13
1544901654.18
1544901654.26
1544901654.33
1544901654.41
1544901654.45
1544901654.51
1544901654.57
1544901654.64
1544901654.71
1544901654.8
1544901654.87
1544901654.98
1544901655.03
1544901655.08
1544901655.18
1544901655.25
1544901655.37
1544901655.45
1544901655.53
1544901655.62
1544901655.67
1544901655.76
1544901655.85
1544901655.91
1544901655.98
1544901656.06
1544901656.15
1544901656.22
1544901656.26
1544901656.3
1544901656.35
1544901656.4
1544901656.45
1544901656.5
1544901656.56
1544901656.62
1544901656.67
1544901656.74
1544901656.81
1544901656.89
1544901656.96
1544901657.05
1544901657.13
1544901657.23
1544901657.3
1544901657.41
1544901657.49
1544901657.55
1544901657.61
1544901657.65
1544901657.69
1544901657.75
1544901657.83
1544901657.87
1544901657.93
1544901658.0
1544901658.06
1544901658.12
1544901658.18
1544901658.23
1544901658.27
1544901658.33
1544901658.38
1544901658.43
1544901658.48
1544901658.54
1544901658.63
1544901658.69
1544901658.76
1544901658.86
1544901658.97
1544901659.07
1544901659.17
1544901659.26
1544901659.34
1544901659.41
1544901659.52
1544901659.57
1544901659.65
1544901659.69
1544901659.78
1544901659.85
1544901659.95
1544901660.04
1544901660.13
1544901660.22
1544901660.29
1544901660.4
1544901660.46
1544901660.53
1544901660.62
1544901660.66
1544901660.74
1544901660.81
1544901660.88
1544901660.97
1544901661.05
1544901661.11
1544901661.18
1544901661.25
1544901661.35
1544901661.45
1544901661.55
1544901661.63
1544901661.73
1544901661.81
1544901661.88
1544901662.0
1544901662.11
1544901662.2
1544901662.28
1544901662.42
1544901662.47
1544901662.55
1544901662.63
1544901662.73
1544901662.83
1544901662.94
1544901663.05
1544901663.11
1544901663.2
1544901663.28
1544901663.38
1544901663.46
1544901663.55
1544901663.64
1544901663.71
1544901663.77
1544901663.85
1544901663.92
1544901663.99
1544901664.05
1544901664.1
1544901664.19
1544901664.29
1544901664.38
1544901664.49
1544901664.59
1544901664.68
1544901664.77
1544901664.86
1544901664.97
1544901665.11
1544901665.2
1544901665.31
1544901665.42
1544901665.48
1544901665.55
1544901665.65
1544901665.72
1544901665.82
1544901665.93
1544901666.02
1544901666.11
1544901666.18
1544901666.28
1544901666.39
1544901666.5
1544901666.6
1544901666.68
1544901666.78
1544901666.86
1544901666.95
1544901666.99
1544901667.05
1544901667.15
1544901667.24
1544901667.34
1544901667.42
1544901667.52
1544901667.59
1544901667.67
1544901667.76
1544901667.84
1544901667.93
1544901668.0
1544901668.08
1544901668.16
1544901668.23
1544901668.33
1544901668.4
1544901668.5
1544901668.59
1544901668.7
1544901668.81
1544901668.91
1544901668.98
1544901669.05
1544901669.16
1544901669.24
1544901669.34
1544901669.38
1544901669.47
1544901669.54
1544901669.64
1544901669.69
1544901669.77
1544901669.85
1544901669.93
1544901670.0
1544901670.05
1544901670.1
1544901670.18
1544901670.26
1544901670.33
1544901670.39
1544901670.47
1544901670.54
1544901670.64
1544901670.74
1544901670.84
1544901670.93
1544901671.03
1544901671.12
1544901671.26
1544901671.34
1544901671.43
1544901671.51
1544901671.57
1544901671.67
1544901671.75
1544901671.82
1544901671.89
1544901671.95
1544901671.99
1544901672.05
1544901672.11
1544901672.18
1544901672.28
1544901672.35
1544901672.42
1544901672.51
1544901672.56
1544901672.64
1544901672.73
1544901672.79
1544901672.87
1544901672.94
1544901673.02
1544901673.08
1544901673.15
1544901673.18
1544901673.26
1544901673.34
1544901673.44
1544901673.52
1544901673.6
1544901673.69
1544901673.78
1544901673.86
1544901673.96
1544901674.05
1544901674.15
1544901674.24
1544901674.31
1544901674.38
1544901674.46
1544901674.54
1544901674.62
1544901674.67
1544901674.76
1544901674.85
1544901674.92
1544901674.99
1544901675.08
1544901675.13
1544901675.22
1544901675.31
1544901675.37
1544901675.42
1544901675.47
1544901675.52
1544901675.56
1544901675.6
1544901675.66
1544901675.72
1544901675.76
1544901675.84
1544901675.93
1544901676.01
1544901676.09
1544901676.15
1544901676.24
1544901676.32
1544901676.4
1544901676.49
1544901676.57
1544901676.67
1544901676.74
1544901676.82
1544901676.9
1544901676.95
1544901676.98
1544901677.08
1544901677.14
1544901677.22
1544901677.28
1544901677.37
1544901677.45
1544901677.51
1544901677.57
1544901677.65
1544901677.73
1544901677.83
1544901677.9
1544901677.97
1544901678.06
1544901678.12
1544901678.17
1544901678.23
1544901678.28
1544901678.38
1544901678.5
1544901678.55
1544901678.61
1544901678.66
1544901678.73
1544901678.78
1544901678.87
1544901678.93
1544901678.98
1544901679.07
1544901679.14
1544901679.18
1544901679.26
1544901679.33
1544901679.41
1544901679.48
1544901679.56
1544901679.62
1544901679.68
1544901679.75
1544901679.82
1544901679.91
1544901680.0
1544901680.05
1544901680.13
1544901680.18
1544901680.24
1544901680.32
1544901680.36
1544901680.45
1544901680.52
1544901680.57
1544901680.67
1544901680.74
1544901680.84
1544901680.93
1544901681.0
1544901681.11
1544901681.15
1544901681.2
1544901681.25
1544901681.31
1544901681.37
1544901681.44
1544901681.52
1544901681.57
1544901681.65
1544901681.74
1544901681.82
1544901681.92
1544901681.97
1544901682.05
1544901682.13
1544901682.18
1544901682.26
1544901682.31
1544901682.4
1544901682.51
1544901682.58
1544901682.68
1544901682.76
1544901682.86
1544901682.96
1544901683.05
1544901683.14
1544901683.23
1544901683.3
1544901683.35
1544901683.42
1544901683.48
1544901683.55
1544901683.62
1544901683.66
1544901683.75
1544901683.83
1544901683.89
1544901683.97
1544901684.06
1544901684.14
1544901684.21
1544901684.3
1544901684.38
1544901684.45
1544901684.52
1544901684.58
1544901684.65
1544901684.71
1544901684.78
1544901684.84
1544901684.91
1544901684.97
1544901685.03
1544901685.11
1544901685.19
1544901685.25
1544901685.34
1544901685.44
1544901685.52
1544901685.6
1544901685.68
1544901685.76
1544901685.85
1544901685.98
1544901686.06
1544901686.17
1544901686.25
1544901686.35
1544901686.39
1544901686.51
1544901686.55
1544901686.59
1544901686.65
1544901686.72
1544901686.78
1544901686.84
1544901686.91
1544901686.98
1544901687.05
1544901687.16
1544901687.26
1544901687.35
1544901687.45
1544901687.52
1544901687.6
1544901687.68
1544901687.74
1544901687.86
1544901687.92
1544901687.99
1544901688.07
1544901688.15
1544901688.27
1544901688.36
1544901688.44
1544901688.55
1544901688.64
1544901688.73
1544901688.83
1544901688.95
1544901689.02
1544901689.07
1544901689.13
1544901689.22
1544901689.33
1544901689.45
1544901689.55
1544901689.64
1544901689.71
1544901689.78
1544901689.87
1544901689.96
1544901690.04
1544901690.11
1544901690.21
1544901690.33
1544901690.45
1544901690.51
1544901690.63
1544901690.7
1544901690.75
1544901690.79
1544901690.84
1544901690.91
1544901690.98
1544901691.05
1544901691.09
1544901691.17
1544901691.26
1544901691.35
1544901691.45
1544901691.55
1544901691.62
1544901691.66
1544901691.71
1544901691.81
1544901691.88
1544901692.01
1544901692.12
1544901692.24
1544901692.3
1544901692.37
1544901692.45
1544901692.55
1544901692.63
1544901692.73
1544901692.85
1544901692.97
1544901693.04
1544901693.1
1544901693.17
1544901693.25
1544901693.32
1544901693.43
1544901693.54
1544901693.63
1544901693.69
1544901693.78
1544901693.85
1544901693.92
1544901693.99
1544901694.07
1544901694.14
1544901694.21
1544901694.27
1544901694.34
1544901694.42
1544901694.46
1544901694.55
1544901694.62
1544901694.65
1544901694.72
1544901694.79
1544901694.85
1544901694.93
1544901695.0
1544901695.07
1544901695.17
1544901695.25
1544901695.33
1544901695.42
1544901695.49
1544901695.59
1544901695.67
1544901695.76
1544901695.84
1544901695.94
1544901696.03
1544901696.12
1544901696.15
1544901696.19
1544901696.28
1544901696.38
1544901696.45
1544901696.53
1544901696.64
1544901696.75
1544901696.83
1544901696.9
1544901696.97
1544901697.05
1544901697.15
1544901697.21
1544901697.29
1544901697.39
1544901697.51
1544901697.59
1544901697.69
1544901697.78
1544901697.87
1544901697.97
1544901698.04
1544901698.1
1544901698.19
1544901698.29
1544901698.36
1544901698.41
1544901698.48
1544901698.54
1544901698.63
1544901698.69
1544901698.77
1544901698.84
1544901698.91
1544901698.98
1544901699.04
1544901699.08
1544901699.15
1544901699.21
1544901699.28
1544901699.35
1544901699.42
1544901699.49
1544901699.55
1544901699.63
1544901699.7
1544901699.78
1544901699.84
1544901699.91
1544901700.01
1544901700.05
1544901700.11
1544901700.15
1544901700.24
1544901700.32
1544901700.41
1544901700.45
1544901700.48
1544901700.53
1544901700.63
1544901700.69
1544901700.78
1544901700.85
1544901700.92
1544901700.98
1544901701.05
1544901701.1
1544901701.15
1544901701.21
1544901701.26
1544901701.34
1544901701.42
1544901701.48
1544901701.53
1544901701.59
1544901701.65
1544901701.71
1544901701.75
1544901701.84
1544901701.92
1544901701.96
1544901702.06
1544901702.13
1544901702.23
1544901702.33
1544901702.41
1544901702.48
1544901702.55
1544901702.7
1544901702.76
1544901702.8
1544901702.87
1544901702.92
1544901702.98
1544901703.06
1544901703.13
1544901703.18
1544901703.29
1544901703.36
1544901703.47
1544901703.55
1544901703.63
1544901703.71
1544901703.76
1544901703.88
1544901703.96
1544901704.03
1544901704.13
1544901704.21
1544901704.32
1544901704.43
1544901704.56
1544901704.66
1544901704.73
1544901704.82
1544901704.93
1544901704.98
1544901705.07
1544901705.14
1544901705.18
1544901705.24
1544901705.31
1544901705.36
1544901705.42
1544901705.48
1544901705.55
1544901705.6
1544901705.67
1544901705.75
1544901705.84
1544901705.97
1544901706.11
1544901706.22
1544901706.31
1544901706.36
1544901706.45
1544901706.56
1544901706.65
1544901706.73
1544901706.84
1544901706.96
1544901707.05
1544901707.12
1544901707.16
1544901707.23
1544901707.33
1544901707.43
1544901707.53
1544901707.61
1544901707.66
1544901707.73
1544901707.79
1544901707.86
1544901707.94
1544901707.98
1544901708.07
1544901708.14
1544901708.22
1544901708.32
1544901708.37
1544901708.44
1544901708.52
1544901708.58
1544901708.67
1544901708.75
1544901708.85
1544901708.96
1544901709.04
1544901709.13
1544901709.19
1544901709.28
1544901709.33
1544901709.38
1544901709.46
1544901709.58
1544901709.67
1544901709.77
1544901709.88
1544901709.97
1544901710.09
1544901710.22
1544901710.29
1544901710.36
1544901710.42
1544901710.47
1544901710.51
1544901710.55
1544901710.63
1544901710.69
1544901710.79
1544901710.86
1544901710.93
1544901711.01
1544901711.09
1544901711.16
1544901711.22
1544901711.29
1544901711.36
1544901711.42
1544901711.47
1544901711.56
1544901711.63
1544901711.7
1544901711.78
1544901711.86
1544901711.93
1544901711.98
1544901712.05
1544901712.13
1544901712.21
1544901712.28
1544901712.37
1544901712.45
1544901712.56
1544901712.63
1544901712.71
1544901712.76
1544901712.84
1544901712.94
1544901713.05
1544901713.11
1544901713.18
1544901713.24
1544901713.31
1544901713.36
1544901713.46
1544901713.54
1544901713.63
1544901713.73
1544901713.77
1544901713.81
1544901713.85
1544901713.88
1544901713.96
1544901714.02
1544901714.11
1544901714.17
1544901714.24
1544901714.32
1544901714.39
1544901714.47
1544901714.54
1544901714.61
1544901714.68
1544901714.76
1544901714.84
1544901714.89
1544901714.97
1544901715.03
1544901715.12
1544901715.2
1544901715.28
1544901715.35
1544901715.43
1544901715.51
1544901715.58
1544901715.65
1544901715.72
1544901715.78
1544901715.85
1544901715.92
1544901715.99
1544901716.06
1544901716.11
1544901716.15
1544901716.24
1544901716.31
1544901716.38
1544901716.45
1544901716.52
1544901716.58
1544901716.65
1544901716.72
1544901716.79
1544901716.84
1544901716.88
1544901716.96
1544901717.0
1544901717.06
1544901717.14
1544901717.24
1544901717.32
1544901717.36
1544901717.42
1544901717.49
1544901717.56
1544901717.63
1544901717.7
1544901717.75
1544901717.8
1544901717.89
1544901717.97
1544901718.05
1544901718.11
1544901718.16
1544901718.21
1544901718.28
1544901718.34
1544901718.39
1544901718.45
1544901718.53
1544901718.61
1544901718.69
1544901718.78
1544901718.87
1544901718.95
1544901719.02
1544901719.15
1544901719.27
1544901719.38
1544901719.45
1544901719.53
1544901719.61
1544901719.7
1544901719.77
1544901719.86
1544901719.94
1544901720.02
1544901720.09
1544901720.16
1544901720.27
1544901720.33
1544901720.4
1544901720.51
1544901720.58
1544901720.67
1544901720.75
1544901720.84
1544901720.94
1544901720.98
1544901721.04
1544901721.11
1544901721.17
1544901721.28
1544901721.34
1544901721.42
1544901721.51
1544901721.6
1544901721.7
1544901721.75
1544901721.8
1544901721.9
1544901721.97
1544901722.08
1544901722.18
1544901722.28
1544901722.37
1544901722.49
1544901722.58
1544901722.68
1544901722.78
1544901722.84
1544901722.92
1544901723.01
1544901723.09
1544901723.16
1544901723.23
1544901723.32
1544901723.4
1544901723.5
1544901723.58
1544901723.65
1544901723.71
1544901723.77
1544901723.82
1544901723.91
1544901723.95
1544901724.03
1544901724.11
1544901724.15
1544901724.22
1544901724.3
1544901724.35
1544901724.41
1544901724.45
1544901724.52
1544901724.59
1544901724.66
1544901724.71
1544901724.76
1544901724.84
1544901724.9
1544901724.96
1544901725.01
1544901725.06
1544901725.14
1544901725.22
1544901725.31
1544901725.36
1544901725.42
1544901725.48
1544901725.57
1544901725.65
1544901725.72
1544901725.78
1544901725.86
1544901725.93
1544901725.97
1544901726.05
1544901726.11
1544901726.25
1544901726.38
1544901726.5
1544901726.59
1544901726.69
1544901726.78
1544901726.86
1544901726.95
1544901727.02
1544901727.09
1544901727.17
1544901727.24
1544901727.3
1544901727.36
1544901727.42
1544901727.46
1544901727.5
1544901727.59
1544901727.67
1544901727.74
1544901727.81
1544901727.88
1544901727.96
1544901728.04
1544901728.13
1544901728.22
1544901728.3
1544901728.37
1544901728.45
1544901728.52
1544901728.58
1544901728.68
1544901728.75
1544901728.84
1544901728.92
1544901728.98
1544901729.09
1544901729.16
1544901729.26
1544901729.34
1544901729.43
1544901729.48
1544901729.57
1544901729.65
1544901729.7
1544901729.77
1544901729.84
1544901729.92
1544901729.99
1544901730.07
1544901730.16
1544901730.25
1544901730.33
1544901730.43
1544901730.5
1544901730.57
1544901730.65
1544901730.75
1544901730.85
1544901730.96
1544901731.06
1544901731.15
1544901731.22
1544901731.29
1544901731.37
1544901731.46
1544901731.54
1544901731.63
1544901731.7
1544901731.77
1544901731.86
1544901731.96
1544901732.0
1544901732.06
1544901732.14
1544901732.24
1544901732.31
1544901732.4
1544901732.49
1544901732.57
1544901732.66
1544901732.71
1544901732.77
1544901732.84
1544901732.9
1544901732.99
1544901733.05
1544901733.13
1544901733.23
1544901733.27
1544901733.35
1544901733.42
1544901733.45
1544901733.49
1544901733.55
1544901733.63
1544901733.68
1544901733.81
1544901733.87
1544901733.98
1544901734.06
1544901734.13
1544901734.18
1544901734.28
1544901734.43
1544901734.53
1544901734.67
1544901734.78
1544901734.85
1544901734.93
1544901735.02
1544901735.13
1544901735.22
1544901735.35
1544901735.46
1544901735.58
1544901735.63
1544901735.69
1544901735.75
1544901735.82
1544901735.89
1544901735.98
1544901736.04
1544901736.13
1544901736.19
1544901736.28
1544901736.35
1544901736.42
1544901736.51
1544901736.58
1544901736.65
1544901736.73
1544901736.8
1544901736.86
1544901736.95
1544901737.03
1544901737.13
1544901737.21
1544901737.27
1544901737.35
1544901737.4
1544901737.44
1544901737.5
1544901737.57
1544901737.69
1544901737.78
1544901737.85
1544901737.93
1544901738.02
1544901738.15
1544901738.26
1544901738.36
1544901738.46
1544901738.56
1544901738.63
1544901738.71
1544901738.75
1544901738.8
1544901738.86
1544901738.93
1544901738.97
1544901739.04
1544901739.12
1544901739.23
1544901739.31
1544901739.39
1544901739.53
1544901739.64
1544901739.7
1544901739.78
1544901739.91
1544901740.01
1544901740.12
1544901740.18
1544901740.23
1544901740.28
1544901740.33
1544901740.37
1544901740.43
1544901740.53
1544901740.59
1544901740.64
1544901740.68
1544901740.73
1544901740.78
1544901740.92
1544901740.96
1544901741.03
1544901741.11
1544901741.2
1544901741.26
1544901741.35
1544901741.45
1544901741.55
1544901741.6
1544901741.67
1544901741.73
1544901741.8
1544901741.88
1544901741.97
1544901742.06
1544901742.14
1544901742.21
1544901742.27
1544901742.35
1544901742.39
1544901742.43
1544901742.51
1544901742.57
1544901742.63
1544901742.71
1544901742.74
1544901742.79
1544901742.88
1544901742.97
1544901743.08
1544901743.16
1544901743.22
1544901743.27
1544901743.34
1544901743.42
1544901743.47
1544901743.54
1544901743.61
1544901743.68
1544901743.76
1544901743.83
1544901743.89
1544901744.0
1544901744.06
1544901744.14
1544901744.21
1544901744.25
1544901744.33
1544901744.42
1544901744.48
1544901744.55
1544901744.66
1544901744.75
1544901744.82
1544901744.89
1544901744.95
1544901745.01
1544901745.09
1544901745.16
1544901745.23
1544901745.29
1544901745.34
1544901745.4
1544901745.47
1544901745.57
1544901745.65
1544901745.73
1544901745.81
1544901745.91
1544901745.97
1544901746.02
1544901746.08
1544901746.13
1544901746.17
1544901746.23
1544901746.29
1544901746.35
1544901746.44
1544901746.51
1544901746.57
1544901746.65
1544901746.73
1544901746.81
1544901746.89
1544901746.97
1544901747.06
1544901747.11
1544901747.15
1544901747.19
1544901747.3
1544901747.38
1544901747.44
1544901747.5
1544901747.56
1544901747.64
1544901747.74
1544901747.85
1544901747.93
1544901748.03
1544901748.13
1544901748.19
1544901748.27
1544901748.33
1544901748.38
1544901748.48
1544901748.56
1544901748.67
1544901748.79
1544901748.9
1544901749.0
1544901749.08
1544901749.16
1544901749.22
1544901749.29
1544901749.37
1544901749.45
1544901749.52
1544901749.61
1544901749.66
1544901749.73
1544901749.83
1544901749.92
1544901750.01
1544901750.08
1544901750.17
1544901750.25
1544901750.34
1544901750.43
1544901750.51
1544901750.58
1544901750.64
1544901750.69
1544901750.77
1544901750.88
1544901751.0
1544901751.1
1544901751.17
1544901751.24
1544901751.32
1544901751.42
1544901751.47
1544901751.57
1544901751.65
1544901751.74
1544901751.84
1544901751.93
1544901752.02
1544901752.07
1544901752.14
1544901752.26
1544901752.33
1544901752.37
1544901752.42
1544901752.56
1544901752.66
1544901752.73
1544901752.8
1544901752.92
1544901753.05
1544901753.16
1544901753.28
1544901753.37
1544901753.47
1544901753.55
1544901753.6
1544901753.67
1544901753.74
1544901753.81
1544901753.88
1544901753.95
1544901753.99
1544901754.13
1544901754.21
1544901754.28
1544901754.35
1544901754.43
1544901754.47
1544901754.54
1544901754.63
1544901754.72
1544901754.8
1544901754.87
1544901754.94
1544901754.99
1544901755.09
1544901755.19
1544901755.29
1544901755.36
1544901755.43
1544901755.51
1544901755.61
1544901755.71
1544901755.78
1544901755.85
1544901755.95
1544901756.02
1544901756.1
1544901756.18
1544901756.27
1544901756.35
1544901756.44
1544901756.53
1544901756.62
1544901756.69
1544901756.79
1544901756.85
1544901756.92
1544901757.0
1544901757.06
1544901757.15
1544901757.23
1544901757.32
1544901757.38
1544901757.45
1544901757.53
1544901757.64
1544901757.77
1544901757.89
1544901758.0
1544901758.1
1544901758.18
1544901758.27
1544901758.37
1544901758.46
1544901758.55
1544901758.66
1544901758.73
1544901758.8
1544901758.9
1544901758.98
1544901759.06
1544901759.13
1544901759.23
1544901759.32
1544901759.41
1544901759.48
1544901759.57
1544901759.65
1544901759.73
1544901759.81
1544901759.87
1544901759.93
1544901759.99
1544901760.04
1544901760.08
1544901760.13
1544901760.2
1544901760.28
1544901760.35
1544901760.43
1544901760.51
1544901760.58
1544901760.68
1544901760.74
1544901760.83
1544901760.92
1544901760.97
1544901761.06
1544901761.12
1544901761.18
1544901761.23
1544901761.31
1544901761.37
1544901761.45
1544901761.52
1544901761.6
1544901761.74
1544901761.82
1544901761.87
1544901761.96
1544901762.05
1544901762.13
1544901762.19
1544901762.28
1544901762.37
1544901762.46
1544901762.54
1544901762.64
1544901762.75
1544901762.85
1544901762.92
1544901762.98
1544901763.05
1544901763.14
1544901763.2
1544901763.28
1544901763.35
1544901763.38
1544901763.45
1544901763.51
1544901763.55
1544901763.6
1544901763.66
1544901763.73
1544901763.79
1544901763.86
1544901763.92
1544901764.04
1544901764.14
1544901764.19
1544901764.24
1544901764.29
1544901764.35
1544901764.4
1544901764.48
1544901764.57
1544901764.66
1544901764.73
1544901764.85
1544901764.96
1544901765.06
1544901765.14
1544901765.19
1544901765.24
1544901765.34
1544901765.42
1544901765.51
1544901765.57
1544901765.62
1544901765.72
1544901765.76
1544901765.8
1544901765.89
1544901765.95
1544901766.02
1544901766.13
1544901766.18
1544901766.26
1544901766.38
1544901766.47
1544901766.56
1544901766.63
1544901766.75
1544901766.83
1544901766.9
1544901766.97
1544901767.06
1544901767.15
1544901767.23
1544901767.33
1544901767.41
1544901767.51
1544901767.59
1544901767.69
1544901767.74
1544901767.8
1544901767.94
1544901768.0
1544901768.06
1544901768.12
1544901768.17
1544901768.24
1544901768.35
1544901768.44
1544901768.51
1544901768.58
1544901768.66
1544901768.73
1544901768.8
1544901768.87
1544901768.94
1544901769.01
1544901769.09
1544901769.17
1544901769.24
1544901769.31
1544901769.38
1544901769.45
1544901769.52
1544901769.58
1544901769.65
1544901769.72
1544901769.78
1544901769.89
1544901770.0
1544901770.09
1544901770.16
1544901770.24
1544901770.32
1544901770.4
1544901770.47
1544901770.54
1544901770.63
1544901770.72
1544901770.76
1544901770.82
1544901770.91
1544901770.96
1544901771.03
1544901771.11
1544901771.17
1544901771.24
1544901771.32
1544901771.39
1544901771.46
1544901771.51
1544901771.55
1544901771.62
1544901771.65
1544901771.7
1544901771.77
1544901771.84
1544901771.9
1544901772.0
1544901772.07
1544901772.13
1544901772.19
1544901772.28
1544901772.38
1544901772.47
1544901772.53
1544901772.58
1544901772.66
1544901772.75
1544901772.83
1544901772.93
1544901773.01
1544901773.08
1544901773.14
1544901773.22
1544901773.28
1544901773.38
1544901773.47
1544901773.54
1544901773.63
1544901773.7
1544901773.78
1544901773.88
1544901773.97
1544901774.06
1544901774.14
1544901774.21
1544901774.27
1544901774.34
1544901774.41
1544901774.47
1544901774.53
1544901774.6
1544901774.66
1544901774.72
1544901774.78
1544901774.85
1544901774.91
1544901774.95
1544901775.01
1544901775.08
1544901775.15
1544901775.21
1544901775.28
1544901775.34
1544901775.39
1544901775.45
1544901775.5
1544901775.56
1544901775.62
1544901775.69
1544901775.75
1544901775.82
1544901775.88
1544901775.94
1544901776.01
1544901776.05
1544901776.09
1544901776.18
1544901776.24
1544901776.28
1544901776.34
1544901776.41
1544901776.47
1544901776.56
1544901776.63
1544901776.69
1544901776.78
1544901776.92
1544901777.05
1544901777.1
1544901777.16
1544901777.25
1544901777.33
1544901777.41
1544901777.48
1544901777.55
1544901777.63
1544901777.69
1544901777.74
1544901777.83
1544901777.88
1544901777.95
1544901778.01
1544901778.05
1544901778.12
1544901778.18
1544901778.28
1544901778.35
1544901778.43
1544901778.53
1544901778.61
1544901778.69
1544901778.77
1544901778.86
1544901778.92
1544901779.0
1544901779.06
1544901779.16
1544901779.25
1544901779.32
1544901779.4
1544901779.47
1544901779.52
1544901779.57
1544901779.66
