1544901359.52
1544901359.72
1544901359.8
1544901359.87
1544901360.0
1544901360.1
1544901360.15
1544901360.19
1544901360.25
1544901360.33
1544901360.4
1544901360.49
1544901360.56
1544901360.63
1544901360.7
1544901360.78
1544901360.86
1544901360.93
1544901361.0
1544901361.07
1544901361.14
1544901361.2
1544901361.26
1544901361.33
1544901361.41
1544901361.47
1544901361.53
1544901361.61
1544901361.65
1544901361.73
1544901361.83
1544901361.89
1544901361.96
1544901362.02
1544901362.06
1544901362.12
1544901362.18
1544901362.24
1544901362.29
1544901362.39
1544901362.48
1544901362.53
1544901362.57
1544901362.65
1544901362.74
1544901362.81
1544901362.88
1544901362.97
1544901363.03
1544901363.07
1544901363.12
1544901363.23
1544901363.27
1544901363.36
1544901363.43
1544901363.48
1544901363.58
1544901363.64
1544901363.72
1544901363.84
1544901363.93
1544901363.99
1544901364.05
1544901364.13
1544901364.23
1544901364.28
1544901364.33
1544901364.37
1544901364.47
1544901364.57
1544901364.65
1544901364.72
1544901364.79
1544901364.86
1544901364.94
1544901364.99
1544901365.05
1544901365.1
1544901365.2
1544901365.27
1544901365.32
1544901365.37
1544901365.44
1544901365.48
1544901365.55
1544901365.62
1544901365.73
1544901365.79
1544901365.87
1544901365.95
1544901366.04
1544901366.08
1544901366.13
1544901366.23
1544901366.29
1544901366.36
1544901366.43
1544901366.51
1544901366.61
1544901366.67
1544901366.76
1544901366.84
1544901366.89
1544901367.01
1544901367.07
1544901367.15
1544901367.24
1544901367.32
1544901367.39
1544901367.47
1544901367.56
1544901367.65
1544901367.73
1544901367.8
1544901367.87
1544901367.94
1544901368.03
1544901368.12
1544901368.21
1544901368.26
1544901368.3
1544901368.39
1544901368.46
1544901368.51
1544901368.57
1544901368.63
1544901368.7
1544901368.8
1544901368.88
1544901368.95
1544901369.03
1544901369.14
1544901369.25
1544901369.34
1544901369.41
1544901369.48
1544901369.63
1544901369.75
1544901369.83
1544901369.88
1544901369.94
1544901370.03
1544901370.07
1544901370.16
1544901370.22
1544901370.26
1544901370.3
1544901370.39
1544901370.49
1544901370.57
1544901370.68
1544901370.78
1544901370.88
1544901371.02
1544901371.09
1544901371.22
1544901371.28
1544901371.41
1544901371.47
1544901371.57
1544901371.68
1544901371.76
1544901371.85
1544901371.93
1544901371.98
1544901372.03
1544901372.08
1544901372.16
1544901372.24
1544901372.3
1544901372.38
1544901372.51
1544901372.58
1544901372.68
1544901372.76
1544901372.82
1544901372.86
1544901372.94
1544901373.02
1544901373.09
1544901373.18
1544901373.25
1544901373.35
1544901373.43
1544901373.5
1544901373.56
1544901373.61
1544901373.68
1544901373.74
1544901373.78
1544901373.86
1544901373.93
1544901373.98
1544901374.05
1544901374.12
1544901374.22
1544901374.3
1544901374.36
1544901374.4
1544901374.48
1544901374.57
1544901374.65
1544901374.75
1544901374.82
1544901374.88
1544901374.93
1544901375.0
1544901375.07
1544901375.16
1544901375.24
1544901375.37
1544901375.46
1544901375.53
1544901375.63
1544901375.77
1544901375.86
1544901375.94
1544901375.99
1544901376.05
1544901376.22
1544901376.32
1544901376.38
1544901376.46
1544901376.53
1544901376.58
1544901376.7
1544901376.81
1544901376.92
1544901376.97
1544901377.05
1544901377.16
1544901377.26
1544901377.37
1544901377.46
1544901377.55
1544901377.65
1544901377.75
1544901377.85
1544901377.95
1544901378.06
1544901378.2
1544901378.34
1544901378.44
1544901378.52
1544901378.6
1544901378.66
1544901378.74
1544901378.79
1544901378.86
1544901378.92
1544901378.98
1544901379.05
1544901379.11
1544901379.25
1544901379.41
1544901379.46
1544901379.57
1544901379.65
1544901379.69
1544901379.76
1544901379.82
1544901379.91
1544901379.98
1544901380.06
1544901380.14
1544901380.2
1544901380.28
1544901380.35
1544901380.41
1544901380.48
1544901380.52
1544901380.57
1544901380.64
1544901380.69
1544901380.75
1544901380.82
1544901380.91
1544901380.98
1544901381.05
1544901381.12
1544901381.2
1544901381.26
1544901381.3
1544901381.37
1544901381.47
1544901381.58
1544901381.68
1544901381.76
1544901381.83
1544901381.89
1544901381.97
1544901382.04
1544901382.11
1544901382.18
1544901382.25
1544901382.31
1544901382.38
1544901382.46
1544901382.52
1544901382.59
1544901382.65
1544901382.71
1544901382.78
1544901382.83
1544901382.88
1544901382.94
1544901383.04
1544901383.11
1544901383.23
1544901383.28
1544901383.36
1544901383.41
1544901383.48
1544901383.55
1544901383.64
1544901383.7
1544901383.78
1544901383.85
1544901383.91
1544901384.01
1544901384.07
1544901384.14
1544901384.24
1544901384.34
1544901384.42
1544901384.51
1544901384.6
1544901384.68
1544901384.77
1544901384.83
1544901384.92
1544901385.04
1544901385.14
1544901385.21
1544901385.28
1544901385.37
1544901385.45
1544901385.51
1544901385.61
1544901385.67
1544901385.72
1544901385.82
1544901385.87
1544901385.95
1544901386.02
1544901386.08
1544901386.15
1544901386.25
1544901386.34
1544901386.44
1544901386.54
1544901386.62
1544901386.7
1544901386.8
1544901386.91
1544901387.02
1544901387.12
1544901387.2
1544901387.32
1544901387.43
1544901387.57
1544901387.68
1544901387.78
1544901387.88
1544901387.98
1544901388.08
1544901388.18
1544901388.28
1544901388.43
1544901388.54
1544901388.62
1544901388.71
1544901388.83
1544901388.92
1544901389.03
1544901389.1
1544901389.18
1544901389.24
1544901389.34
1544901389.43
1544901389.52
1544901389.62
1544901389.68
1544901389.76
1544901389.84
1544901389.9
1544901389.97
1544901390.06
1544901390.11
1544901390.19
1544901390.28
1544901390.37
1544901390.42
1544901390.52
1544901390.58
1544901390.64
1544901390.68
1544901390.75
1544901390.81
1544901390.87
1544901390.93
1544901391.03
1544901391.12
1544901391.23
1544901391.3
1544901391.43
1544901391.47
1544901391.53
1544901391.62
1544901391.71
1544901391.81
1544901391.92
1544901392.02
1544901392.11
1544901392.22
1544901392.27
1544901392.41
1544901392.48
1544901392.57
1544901392.64
1544901392.68
1544901392.77
1544901392.86
1544901393.03
1544901393.13
1544901393.21
1544901393.27
1544901393.32
1544901393.4
1544901393.49
1544901393.6
1544901393.68
1544901393.8
1544901393.87
1544901393.93
1544901394.03
1544901394.1
1544901394.22
1544901394.26
1544901394.31
1544901394.36
1544901394.44
1544901394.54
1544901394.65
1544901394.73
1544901394.8
1544901394.88
1544901394.95
1544901395.02
1544901395.1
1544901395.16
1544901395.23
1544901395.31
1544901395.39
1544901395.47
1544901395.54
1544901395.62
1544901395.68
1544901395.78
1544901395.87
1544901396.03
1544901396.14
1544901396.22
1544901396.27
1544901396.33
1544901396.39
1544901396.48
1544901396.59
1544901396.67
1544901396.78
1544901396.88
1544901396.96
1544901397.05
1544901397.12
1544901397.18
1544901397.24
1544901397.31
1544901397.37
1544901397.43
1544901397.52
1544901397.58
1544901397.63
1544901397.68
1544901397.78
1544901397.87
1544901397.96
1544901398.02
1544901398.12
1544901398.29
1544901398.36
1544901398.45
1544901398.53
1544901398.59
1544901398.71
1544901398.79
1544901398.92
1544901399.02
1544901399.06
1544901399.15
1544901399.26
1544901399.35
1544901399.43
1544901399.49
1544901399.58
1544901399.66
1544901399.73
1544901399.81
1544901399.92
1544901399.99
1544901400.08
1544901400.15
1544901400.26
1544901400.35
1544901400.45
1544901400.53
1544901400.64
1544901400.73
1544901400.84
1544901400.92
1544901401.0
1544901401.11
1544901401.18
1544901401.28
1544901401.35
1544901401.45
1544901401.55
1544901401.64
1544901401.72
1544901401.84
1544901401.93
1544901402.06
1544901402.15
1544901402.2
1544901402.27
1544901402.33
1544901402.37
1544901402.43
1544901402.49
1544901402.56
1544901402.67
1544901402.76
1544901402.83
1544901402.93
1544901403.02
1544901403.12
1544901403.2
1544901403.31
1544901403.39
1544901403.48
1544901403.54
1544901403.63
1544901403.69
1544901403.77
1544901403.85
1544901403.94
1544901403.99
1544901404.08
1544901404.12
1544901404.2
1544901404.31
1544901404.4
1544901404.5
1544901404.59
1544901404.67
1544901404.77
1544901404.85
1544901404.93
1544901405.01
1544901405.07
1544901405.15
1544901405.25
1544901405.32
1544901405.37
1544901405.44
1544901405.51
1544901405.58
1544901405.68
1544901405.74
1544901405.79
1544901405.91
1544901405.96
1544901406.04
1544901406.1
1544901406.17
1544901406.28
1544901406.35
1544901406.45
1544901406.54
1544901406.6
1544901406.66
1544901406.71
1544901406.76
1544901406.81
1544901406.88
1544901406.98
1544901407.06
1544901407.13
1544901407.21
1544901407.29
1544901407.36
1544901407.43
1544901407.49
1544901407.56
1544901407.62
1544901407.68
1544901407.73
1544901407.86
1544901407.92
1544901408.02
1544901408.07
1544901408.15
1544901408.22
1544901408.3
1544901408.35
1544901408.42
1544901408.48
1544901408.53
1544901408.58
1544901408.63
1544901408.68
1544901408.73
1544901408.77
1544901408.84
1544901408.91
1544901409.01
1544901409.1
1544901409.23
1544901409.34
1544901409.45
1544901409.53
1544901409.57
1544901409.68
1544901409.75
1544901409.83
1544901409.9
1544901409.96
1544901409.99
1544901410.04
1544901410.11
1544901410.17
1544901410.23
1544901410.28
1544901410.34
1544901410.46
1544901410.57
1544901410.68
1544901410.8
1544901410.92
1544901411.01
1544901411.07
1544901411.16
1544901411.26
1544901411.37
1544901411.46
1544901411.55
1544901411.6
1544901411.67
1544901411.72
1544901411.78
1544901411.84
1544901411.9
1544901411.96
1544901412.01
1544901412.07
1544901412.14
1544901412.2
1544901412.24
1544901412.32
1544901412.36
1544901412.41
1544901412.49
1544901412.55
1544901412.61
1544901412.66
1544901412.72
1544901412.78
1544901412.82
1544901412.86
1544901412.92
1544901413.02
1544901413.07
1544901413.11
1544901413.22
1544901413.31
1544901413.38
1544901413.45
1544901413.51
1544901413.55
1544901413.59
1544901413.65
1544901413.69
1544901413.74
1544901413.79
1544901413.87
1544901413.92
1544901413.99
1544901414.08
1544901414.15
1544901414.2
1544901414.29
1544901414.38
1544901414.46
1544901414.53
1544901414.62
1544901414.71
1544901414.8
1544901414.91
1544901414.98
1544901415.05
1544901415.13
1544901415.24
1544901415.35
1544901415.43
1544901415.49
1544901415.54
1544901415.61
1544901415.68
1544901415.77
1544901415.82
1544901415.86
1544901415.9
1544901415.94
1544901416.01
1544901416.08
1544901416.15
1544901416.21
1544901416.25
1544901416.32
1544901416.37
1544901416.46
1544901416.53
1544901416.6
1544901416.67
1544901416.74
1544901416.82
1544901416.89
1544901416.96
1544901417.04
1544901417.12
1544901417.16
1544901417.21
1544901417.26
1544901417.33
1544901417.39
1544901417.45
1544901417.53
1544901417.58
1544901417.64
1544901417.73
1544901417.81
1544901417.91
1544901417.98
1544901418.11
1544901418.21
1544901418.32
1544901418.44
1544901418.54
1544901418.64
1544901418.74
1544901418.83
1544901418.9
1544901418.98
1544901419.07
1544901419.13
1544901419.18
1544901419.33
1544901419.43
1544901419.53
1544901419.56
1544901419.61
1544901419.72
1544901419.77
1544901419.82
1544901419.89
1544901419.95
1544901419.99
1544901420.06
1544901420.13
1544901420.17
1544901420.22
1544901420.3
1544901420.35
1544901420.38
1544901420.48
1544901420.54
1544901420.58
1544901420.64
1544901420.68
1544901420.75
1544901420.82
1544901420.92
1544901421.03
1544901421.1
1544901421.15
1544901421.2
1544901421.3
1544901421.37
1544901421.44
1544901421.5
1544901421.57
1544901421.66
1544901421.74
1544901421.8
1544901421.9
1544901421.96
1544901422.04
1544901422.12
1544901422.18
1544901422.27
1544901422.35
1544901422.45
1544901422.55
1544901422.65
1544901422.76
1544901422.85
1544901422.92
1544901422.98
1544901423.07
1544901423.12
1544901423.16
1544901423.2
1544901423.28
1544901423.37
1544901423.41
1544901423.46
1544901423.5
1544901423.53
1544901423.58
1544901423.66
1544901423.72
1544901423.76
1544901423.8
1544901423.9
1544901423.95
1544901423.99
1544901424.12
1544901424.19
1544901424.28
1544901424.35
1544901424.45
1544901424.53
1544901424.61
1544901424.69
1544901424.74
1544901424.79
1544901424.86
1544901424.94
1544901425.01
1544901425.07
1544901425.15
1544901425.23
1544901425.32
1544901425.37
1544901425.45
1544901425.53
1544901425.6
1544901425.72
1544901425.78
1544901425.86
1544901425.94
1544901425.98
1544901426.03
1544901426.13
1544901426.19
1544901426.27
1544901426.32
1544901426.38
1544901426.47
1544901426.52
1544901426.57
1544901426.62
1544901426.68
1544901426.74
1544901426.81
1544901426.9
1544901426.97
1544901427.06
1544901427.12
1544901427.16
1544901427.25
1544901427.35
1544901427.38
1544901427.46
1544901427.53
1544901427.6
1544901427.69
1544901427.76
1544901427.82
1544901427.87
1544901427.94
1544901428.01
1544901428.11
1544901428.17
1544901428.25
1544901428.35
1544901428.45
1544901428.54
1544901428.61
1544901428.69
1544901428.77
1544901428.85
1544901428.93
1544901429.01
1544901429.08
1544901429.16
1544901429.24
1544901429.32
1544901429.39
1544901429.5
1544901429.63
1544901429.72
1544901429.83
1544901429.91
1544901430.03
1544901430.13
1544901430.22
1544901430.28
1544901430.34
1544901430.38
1544901430.44
1544901430.49
1544901430.54
1544901430.58
1544901430.65
1544901430.72
1544901430.77
1544901430.82
1544901430.88
1544901430.95
1544901431.0
1544901431.08
1544901431.14
1544901431.19
1544901431.28
1544901431.35
1544901431.45
1544901431.53
1544901431.58
1544901431.68
1544901431.75
1544901431.85
1544901431.92
1544901432.0
1544901432.06
1544901432.13
1544901432.22
1544901432.29
1544901432.38
1544901432.48
1544901432.57
1544901432.66
1544901432.75
1544901432.83
1544901432.92
1544901432.96
1544901433.01
1544901433.11
1544901433.18
1544901433.28
1544901433.34
1544901433.38
1544901433.46
1544901433.52
1544901433.58
1544901433.67
1544901433.73
1544901433.78
1544901433.88
1544901433.94
1544901433.98
1544901434.16
1544901434.24
1544901434.32
1544901434.4
1544901434.46
1544901434.53
1544901434.64
1544901434.73
1544901434.85
1544901434.99
1544901435.09
1544901435.24
1544901435.41
1544901435.48
1544901435.55
1544901435.59
1544901435.66
1544901435.75
1544901435.82
1544901435.87
1544901435.96
1544901436.04
1544901436.1
1544901436.17
1544901436.23
1544901436.29
1544901436.35
1544901436.42
1544901436.48
1544901436.54
1544901436.6
1544901436.66
1544901436.74
1544901436.85
1544901436.93
1544901437.02
1544901437.1
1544901437.19
1544901437.27
1544901437.35
1544901437.39
1544901437.48
1544901437.58
1544901437.72
1544901437.76
1544901437.82
1544901437.86
1544901437.94
1544901438.0
1544901438.08
1544901438.14
1544901438.2
1544901438.27
1544901438.32
1544901438.36
1544901438.44
1544901438.51
1544901438.56
1544901438.63
1544901438.68
1544901438.74
1544901438.8
1544901438.87
1544901438.97
1544901439.06
1544901439.14
1544901439.21
1544901439.26
1544901439.3
1544901439.39
1544901439.45
1544901439.49
1544901439.55
1544901439.62
1544901439.69
1544901439.8
1544901439.88
1544901439.94
1544901440.0
1544901440.05
1544901440.09
1544901440.14
1544901440.18
1544901440.27
1544901440.35
1544901440.42
1544901440.53
1544901440.58
1544901440.66
1544901440.76
1544901440.86
1544901440.98
1544901441.06
1544901441.15
1544901441.27
1544901441.35
1544901441.43
1544901441.47
1544901441.55
1544901441.63
1544901441.72
1544901441.78
1544901441.83
1544901441.88
1544901441.94
1544901442.0
1544901442.07
1544901442.15
1544901442.22
1544901442.29
1544901442.37
1544901442.47
1544901442.54
1544901442.62
1544901442.66
1544901442.74
1544901442.83
1544901442.91
1544901442.96
1544901443.05
1544901443.13
1544901443.2
1544901443.29
1544901443.36
1544901443.45
1544901443.52
1544901443.63
1544901443.72
1544901443.82
1544901443.9
1544901443.99
1544901444.07
1544901444.15
1544901444.2
1544901444.24
1544901444.28
1544901444.37
1544901444.44
1544901444.48
1544901444.62
1544901444.66
1544901444.71
1544901444.81
1544901444.87
1544901444.9
1544901444.97
1544901445.03
1544901445.06
1544901445.11
1544901445.17
1544901445.26
1544901445.34
1544901445.42
1544901445.47
1544901445.55
1544901445.61
1544901445.68
1544901445.76
1544901445.83
1544901445.89
1544901445.99
1544901446.06
1544901446.12
1544901446.17
1544901446.22
1544901446.3
1544901446.39
1544901446.48
1544901446.57
1544901446.64
1544901446.7
1544901446.78
1544901446.87
1544901447.03
1544901447.07
1544901447.16
1544901447.24
1544901447.32
1544901447.4
1544901447.48
1544901447.57
1544901447.63
1544901447.68
1544901447.77
1544901447.86
1544901447.91
1544901448.02
1544901448.09
1544901448.16
1544901448.27
1544901448.36
1544901448.43
1544901448.52
1544901448.6
1544901448.7
1544901448.8
1544901448.86
1544901448.94
1544901449.03
1544901449.1
1544901449.19
1544901449.24
1544901449.31
1544901449.37
1544901449.47
1544901449.54
1544901449.6
1544901449.67
1544901449.75
1544901449.83
1544901449.9
1544901450.0
1544901450.11
1544901450.19
1544901450.27
1544901450.38
1544901450.48
1544901450.59
1544901450.69
1544901450.76
1544901450.87
1544901450.93
1544901451.01
1544901451.09
1544901451.17
1544901451.24
1544901451.31
1544901451.39
1544901451.46
1544901451.54
1544901451.63
1544901451.69
1544901451.79
1544901451.87
1544901451.95
1544901452.01
1544901452.12
1544901452.24
1544901452.37
1544901452.47
1544901452.56
1544901452.65
1544901452.76
1544901452.83
1544901452.92
1544901453.01
1544901453.08
1544901453.17
1544901453.25
1544901453.35
1544901453.46
1544901453.55
1544901453.64
1544901453.72
1544901453.76
1544901453.86
1544901453.95
1544901454.03
1544901454.1
1544901454.17
1544901454.24
1544901454.35
1544901454.42
1544901454.49
1544901454.57
1544901454.65
1544901454.74
1544901454.85
1544901454.91
1544901455.0
1544901455.08
1544901455.17
1544901455.28
1544901455.35
1544901455.39
1544901455.43
1544901455.5
1544901455.58
1544901455.67
1544901455.77
1544901455.86
1544901455.95
1544901456.03
1544901456.12
1544901456.2
1544901456.26
1544901456.35
1544901456.42
1544901456.49
1544901456.56
1544901456.64
1544901456.72
1544901456.8
1544901456.86
1544901456.9
1544901456.98
1544901457.05
1544901457.13
1544901457.21
1544901457.28
1544901457.37
1544901457.44
1544901457.51
1544901457.58
1544901457.66
1544901457.74
1544901457.83
1544901457.91
1544901457.98
1544901458.07
1544901458.16
1544901458.26
1544901458.36
1544901458.44
1544901458.54
1544901458.6
1544901458.66
1544901458.71
1544901458.78
1544901458.85
1544901458.91
1544901459.02
1544901459.09
1544901459.19
1544901459.27
1544901459.41
1544901459.5
1544901459.6
1544901459.67
1544901459.72
1544901459.78
1544901459.84
1544901459.88
1544901459.95
1544901460.01
1544901460.06
1544901460.11
1544901460.17
1544901460.24
1544901460.28
1544901460.34
1544901460.39
1544901460.48
1544901460.58
1544901460.66
1544901460.75
1544901460.87
1544901460.99
1544901461.11
1544901461.22
1544901461.3
1544901461.38
1544901461.48
1544901461.58
1544901461.64
1544901461.71
1544901461.82
1544901461.91
1544901462.01
1544901462.08
1544901462.21
1544901462.3
1544901462.41
1544901462.45
1544901462.55
1544901462.62
1544901462.68
1544901462.73
1544901462.81
1544901462.89
1544901462.99
1544901463.07
1544901463.15
1544901463.25
1544901463.34
1544901463.44
1544901463.53
1544901463.63
1544901463.71
1544901463.78
1544901463.85
1544901463.88
1544901464.0
1544901464.09
1544901464.18
1544901464.24
1544901464.35
1544901464.39
1544901464.45
1544901464.51
1544901464.6
1544901464.69
1544901464.8
1544901464.88
1544901464.95
1544901465.01
1544901465.08
1544901465.13
1544901465.2
1544901465.25
1544901465.31
1544901465.38
1544901465.49
1544901465.63
1544901465.72
1544901465.83
1544901465.88
1544901465.94
1544901465.98
1544901466.05
1544901466.15
1544901466.24
1544901466.32
1544901466.39
1544901466.46
1544901466.53
1544901466.58
1544901466.68
1544901466.78
1544901466.88
1544901466.97
1544901467.04
1544901467.12
1544901467.21
1544901467.28
1544901467.36
1544901467.44
1544901467.52
1544901467.57
1544901467.64
1544901467.72
1544901467.76
1544901467.81
1544901467.87
1544901467.92
1544901467.98
1544901468.09
1544901468.23
1544901468.32
1544901468.41
1544901468.46
1544901468.51
1544901468.62
1544901468.69
1544901468.78
1544901468.87
1544901468.96
1544901469.03
1544901469.14
1544901469.23
1544901469.31
1544901469.41
1544901469.48
1544901469.56
1544901469.68
1544901469.78
1544901469.88
1544901470.05
1544901470.13
1544901470.21
1544901470.32
1544901470.4
1544901470.49
1544901470.56
1544901470.63
1544901470.71
1544901470.78
1544901470.88
1544901470.98
1544901471.11
1544901471.22
1544901471.32
1544901471.41
1544901471.49
1544901471.6
1544901471.68
1544901471.75
1544901471.83
1544901471.89
1544901471.98
1544901472.03
1544901472.1
1544901472.17
1544901472.22
1544901472.26
1544901472.33
1544901472.43
1544901472.51
1544901472.61
1544901472.69
1544901472.79
1544901472.83
1544901472.88
1544901472.93
1544901473.03
1544901473.07
1544901473.15
1544901473.2
1544901473.26
1544901473.31
1544901473.41
1544901473.46
1544901473.5
1544901473.6
1544901473.68
1544901473.75
1544901473.85
1544901473.92
1544901474.0
1544901474.08
1544901474.2
1544901474.29
1544901474.35
1544901474.43
1544901474.51
1544901474.6
1544901474.71
1544901474.79
1544901474.87
1544901474.93
1544901475.0
1544901475.04
1544901475.11
1544901475.23
1544901475.3
1544901475.36
1544901475.44
1544901475.51
1544901475.57
1544901475.66
1544901475.75
1544901475.83
1544901475.92
1544901476.01
1544901476.07
1544901476.12
1544901476.21
1544901476.31
1544901476.38
1544901476.45
1544901476.52
1544901476.6
1544901476.67
1544901476.74
1544901476.81
1544901476.86
1544901476.93
1544901476.99
1544901477.08
1544901477.16
1544901477.2
1544901477.28
1544901477.36
1544901477.43
1544901477.52
1544901477.58
1544901477.65
1544901477.72
1544901477.79
1544901477.86
1544901477.93
1544901478.0
1544901478.08
1544901478.15
1544901478.21
1544901478.28
1544901478.37
1544901478.43
1544901478.51
1544901478.6
1544901478.64
1544901478.73
1544901478.85
1544901478.95
1544901479.05
1544901479.14
1544901479.22
1544901479.3
1544901479.38
1544901479.44
1544901479.51
1544901479.58
1544901479.7
1544901479.78
1544901479.86
1544901479.94
1544901480.03
1544901480.1
1544901480.16
1544901480.23
1544901480.3
1544901480.38
1544901480.45
1544901480.52
1544901480.62
1544901480.68
1544901480.75
1544901480.84
1544901480.89
1544901480.97
1544901481.04
1544901481.08
1544901481.16
1544901481.22
1544901481.26
1544901481.31
1544901481.37
1544901481.45
1544901481.52
1544901481.62
1544901481.69
1544901481.78
1544901481.86
1544901481.93
1544901482.01
1544901482.08
1544901482.16
1544901482.25
1544901482.34
1544901482.44
1544901482.53
1544901482.64
1544901482.72
1544901482.84
1544901482.92
1544901483.03
1544901483.11
1544901483.18
1544901483.25
1544901483.31
1544901483.41
1544901483.47
1544901483.58
1544901483.66
1544901483.74
1544901483.81
1544901483.88
1544901483.95
1544901484.02
1544901484.1
1544901484.19
1544901484.26
1544901484.42
1544901484.49
1544901484.56
1544901484.65
1544901484.75
1544901484.82
1544901484.91
1544901485.01
1544901485.08
1544901485.16
1544901485.23
1544901485.27
1544901485.32
1544901485.43
1544901485.51
1544901485.61
1544901485.67
1544901485.77
1544901485.85
1544901485.93
1544901486.03
1544901486.08
1544901486.17
1544901486.25
1544901486.33
1544901486.42
1544901486.49
1544901486.59
1544901486.67
1544901486.76
1544901486.85
1544901486.93
1544901487.02
1544901487.08
1544901487.16
1544901487.23
1544901487.27
1544901487.32
1544901487.38
1544901487.44
1544901487.48
1544901487.54
1544901487.58
1544901487.65
1544901487.71
1544901487.77
1544901487.84
1544901487.89
1544901487.96
1544901488.02
1544901488.08
1544901488.15
1544901488.23
1544901488.28
1544901488.36
1544901488.44
1544901488.47
1544901488.53
1544901488.62
1544901488.68
1544901488.85
1544901488.91
1544901489.04
1544901489.11
1544901489.17
1544901489.25
1544901489.34
1544901489.41
1544901489.52
1544901489.58
1544901489.69
1544901489.79
1544901489.87
1544901489.94
1544901490.02
1544901490.12
1544901490.19
1544901490.27
1544901490.37
1544901490.46
1544901490.53
1544901490.56
1544901490.62
1544901490.7
1544901490.75
1544901490.8
1544901490.9
1544901490.96
1544901491.01
1544901491.12
1544901491.17
1544901491.25
1544901491.33
1544901491.41
1544901491.5
1544901491.56
1544901491.64
1544901491.73
1544901491.81
1544901491.89
1544901491.97
1544901492.06
1544901492.14
1544901492.24
1544901492.29
1544901492.35
1544901492.39
1544901492.48
1544901492.57
1544901492.66
1544901492.75
1544901492.84
1544901492.91
1544901492.96
1544901493.04
1544901493.12
1544901493.18
1544901493.25
1544901493.33
1544901493.39
1544901493.5
1544901493.55
1544901493.59
1544901493.69
1544901493.76
1544901493.84
1544901493.92
1544901493.96
1544901494.02
1544901494.09
1544901494.15
1544901494.25
1544901494.34
1544901494.43
1544901494.5
1544901494.58
1544901494.66
1544901494.75
1544901494.82
1544901494.92
1544901494.99
1544901495.08
1544901495.18
1544901495.31
1544901495.4
1544901495.47
1544901495.59
1544901495.68
1544901495.75
1544901495.85
1544901495.93
1544901496.04
1544901496.11
1544901496.18
1544901496.25
1544901496.37
1544901496.46
1544901496.57
1544901496.67
1544901496.77
1544901496.85
1544901496.91
1544901496.99
1544901497.04
1544901497.08
1544901497.15
1544901497.22
1544901497.29
1544901497.4
1544901497.47
1544901497.62
1544901497.68
1544901497.82
1544901497.89
1544901498.0
1544901498.15
1544901498.23
1544901498.28
1544901498.37
1544901498.42
1544901498.5
1544901498.6
1544901498.69
1544901498.78
1544901498.84
1544901498.93
1544901499.03
1544901499.09
1544901499.17
1544901499.24
1544901499.3
1544901499.43
1544901499.55
1544901499.64
1544901499.74
1544901499.86
1544901499.94
1544901500.07
1544901500.14
1544901500.21
1544901500.28
1544901500.37
1544901500.44
1544901500.51
1544901500.59
1544901500.65
1544901500.69
1544901500.73
1544901500.78
1544901500.84
1544901500.88
1544901500.93
1544901500.97
1544901501.03
1544901501.13
1544901501.19
1544901501.3
1544901501.36
1544901501.44
1544901501.52
1544901501.61
1544901501.68
1544901501.77
1544901501.86
1544901501.97
1544901502.08
1544901502.17
1544901502.28
1544901502.37
1544901502.44
1544901502.52
1544901502.61
1544901502.68
1544901502.77
1544901502.85
1544901502.94
1544901503.0
1544901503.05
1544901503.15
1544901503.26
1544901503.32
1544901503.4
1544901503.5
1544901503.65
1544901503.75
1544901503.83
1544901503.89
1544901503.97
1544901504.05
1544901504.12
1544901504.18
1544901504.26
1544901504.33
1544901504.39
1544901504.46
1544901504.53
1544901504.59
1544901504.66
1544901504.76
1544901504.83
1544901504.91
1544901504.98
1544901505.06
1544901505.14
1544901505.21
1544901505.28
1544901505.35
1544901505.43
1544901505.49
1544901505.56
1544901505.63
1544901505.72
1544901505.81
1544901505.87
1544901505.96
1544901506.01
1544901506.11
1544901506.19
1544901506.26
1544901506.33
1544901506.41
1544901506.47
1544901506.55
1544901506.62
1544901506.7
1544901506.76
1544901506.84
1544901506.93
1544901507.01
1544901507.07
1544901507.17
1544901507.23
1544901507.3
1544901507.38
1544901507.46
1544901507.54
1544901507.62
1544901507.68
1544901507.77
1544901507.85
1544901507.92
1544901508.02
1544901508.09
1544901508.17
1544901508.25
1544901508.33
1544901508.39
1544901508.47
1544901508.56
1544901508.65
1544901508.7
1544901508.78
1544901508.83
1544901508.88
1544901508.95
1544901509.04
1544901509.1
1544901509.18
1544901509.26
1544901509.34
1544901509.42
1544901509.49
1544901509.58
1544901509.65
1544901509.77
1544901509.87
1544901510.0
1544901510.09
1544901510.21
1544901510.31
1544901510.42
1544901510.51
1544901510.61
1544901510.66
1544901510.74
1544901510.78
1544901510.83
1544901510.88
1544901510.93
1544901510.99
1544901511.04
1544901511.09
1544901511.17
1544901511.26
1544901511.34
1544901511.41
1544901511.48
1544901511.55
1544901511.62
1544901511.69
1544901511.76
1544901511.85
1544901511.9
1544901511.96
1544901512.02
1544901512.06
1544901512.15
1544901512.22
1544901512.33
1544901512.38
1544901512.48
1544901512.63
1544901512.72
1544901512.79
1544901512.85
1544901512.91
1544901512.98
1544901513.05
1544901513.12
1544901513.23
1544901513.3
1544901513.42
1544901513.51
1544901513.62
1544901513.67
1544901513.76
1544901513.82
1544901513.88
1544901513.98
1544901514.08
1544901514.18
1544901514.3
1544901514.41
1544901514.51
1544901514.65
1544901514.79
1544901514.85
1544901514.92
1544901514.99
1544901515.05
1544901515.12
1544901515.17
1544901515.23
1544901515.29
1544901515.38
1544901515.45
1544901515.52
1544901515.59
1544901515.66
1544901515.73
1544901515.79
1544901515.88
1544901515.94
1544901516.02
1544901516.11
1544901516.18
1544901516.26
1544901516.33
1544901516.4
1544901516.48
1544901516.58
1544901516.67
1544901516.75
1544901516.83
1544901516.89
1544901516.97
1544901517.03
1544901517.11
1544901517.16
1544901517.26
1544901517.35
1544901517.46
1544901517.55
1544901517.66
1544901517.77
1544901517.88
1544901517.97
1544901518.05
1544901518.13
1544901518.18
1544901518.23
1544901518.31
1544901518.36
1544901518.44
1544901518.52
1544901518.56
1544901518.6
1544901518.69
1544901518.75
1544901518.8
1544901518.9
1544901518.95
1544901519.03
1544901519.13
1544901519.22
1544901519.3
1544901519.37
1544901519.49
1544901519.57
1544901519.68
1544901519.77
1544901519.86
1544901519.91
1544901519.96
1544901520.06
1544901520.14
1544901520.3
1544901520.44
1544901520.54
1544901520.66
1544901520.73
1544901520.81
1544901520.94
1544901521.04
1544901521.13
1544901521.18
1544901521.25
1544901521.31
1544901521.38
1544901521.47
1544901521.53
1544901521.62
1544901521.68
1544901521.75
1544901521.8
1544901521.89
1544901521.94
1544901521.99
1544901522.08
1544901522.15
1544901522.21
1544901522.29
1544901522.34
1544901522.4
1544901522.49
1544901522.58
1544901522.66
1544901522.75
1544901522.78
1544901522.82
1544901522.93
1544901523.03
1544901523.12
1544901523.19
1544901523.31
1544901523.39
1544901523.46
1544901523.53
1544901523.58
1544901523.64
1544901523.7
1544901523.79
1544901523.92
1544901524.04
1544901524.16
1544901524.25
1544901524.3
1544901524.37
1544901524.5
1544901524.58
1544901524.69
1544901524.76
1544901524.83
1544901524.92
1544901525.0
1544901525.09
1544901525.15
1544901525.21
1544901525.29
1544901525.36
1544901525.44
1544901525.55
1544901525.62
1544901525.67
1544901525.73
1544901525.78
1544901525.83
1544901525.93
1544901525.99
1544901526.06
1544901526.13
1544901526.17
1544901526.22
1544901526.34
1544901526.45
1544901526.56
1544901526.66
1544901526.74
1544901526.84
1544901526.96
1544901527.04
1544901527.12
1544901527.21
1544901527.31
1544901527.37
1544901527.46
1544901527.51
1544901527.56
1544901527.61
1544901527.68
1544901527.75
1544901527.82
1544901527.88
1544901527.97
1544901528.05
1544901528.11
1544901528.18
1544901528.26
1544901528.33
1544901528.41
1544901528.47
1544901528.52
1544901528.61
1544901528.67
1544901528.75
1544901528.86
1544901528.95
1544901529.05
1544901529.17
1544901529.28
1544901529.4
1544901529.51
1544901529.6
1544901529.68
1544901529.75
1544901529.86
1544901529.96
1544901530.03
1544901530.1
1544901530.19
1544901530.26
1544901530.36
1544901530.45
1544901530.53
1544901530.6
1544901530.66
1544901530.76
1544901530.83
1544901530.89
1544901530.97
1544901531.05
1544901531.14
1544901531.21
1544901531.28
1544901531.36
1544901531.43
1544901531.51
1544901531.57
1544901531.64
1544901531.7
1544901531.78
1544901531.85
