1544901096.8
1544901097.94
1544901098.14
1544901098.31
1544901098.47
1544901098.63
1544901098.76
1544901098.87
1544901099.03
1544901099.17
1544901099.32
1544901099.44
1544901099.57
1544901099.69
1544901099.79
1544901099.9
1544901100.0
1544901100.12
1544901100.24
1544901100.36
1544901100.47
1544901100.59
1544901100.73
1544901100.84
1544901100.96
1544901101.08
1544901101.17
1544901101.28
1544901101.39
1544901101.51
1544901101.62
1544901101.73
1544901101.84
1544901101.94
1544901102.02
1544901102.09
1544901102.17
1544901102.26
1544901102.36
1544901102.45
1544901102.56
1544901102.67
1544901102.76
1544901102.87
1544901102.97
1544901103.07
1544901103.18
1544901103.27
1544901103.38
1544901103.48
1544901103.55
1544901103.63
1544901103.76
1544901103.87
1544901103.96
1544901104.04
1544901104.13
1544901104.25
1544901104.36
1544901104.45
1544901104.57
1544901104.71
1544901104.83
1544901104.93
1544901105.0
1544901105.11
1544901105.19
1544901105.27
1544901105.36
1544901105.43
1544901105.52
1544901105.59
1544901105.68
1544901105.76
1544901105.82
1544901105.9
1544901105.98
1544901106.06
1544901106.15
1544901106.22
1544901106.31
1544901106.38
1544901106.46
1544901106.54
1544901106.61
1544901106.68
1544901106.76
1544901106.84
1544901106.93
1544901107.02
1544901107.12
1544901107.22
1544901107.35
1544901107.45
1544901107.57
1544901107.72
1544901107.83
1544901107.93
1544901108.01
1544901108.09
1544901108.17
1544901108.24
1544901108.31
1544901108.38
1544901108.45
1544901108.52
1544901108.61
1544901108.68
1544901108.75
1544901108.82
1544901108.89
1544901108.97
1544901109.04
1544901109.12
1544901109.18
1544901109.26
1544901109.34
1544901109.41
1544901109.48
1544901109.56
1544901109.63
1544901109.71
1544901109.78
1544901109.86
1544901109.92
1544901110.0
1544901110.08
1544901110.16
1544901110.23
1544901110.35
1544901110.5
1544901110.61
1544901110.71
1544901110.84
1544901110.92
1544901111.03
1544901111.14
1544901111.24
1544901111.35
1544901111.45
1544901111.54
1544901111.65
1544901111.75
1544901111.83
1544901111.93
1544901112.03
1544901112.12
1544901112.22
1544901112.31
1544901112.39
1544901112.47
1544901112.54
1544901112.64
1544901112.71
1544901112.79
1544901112.87
1544901112.95
1544901113.04
1544901113.12
1544901113.22
1544901113.33
1544901113.45
1544901113.54
1544901113.63
1544901113.75
1544901113.85
1544901113.95
1544901114.05
1544901114.15
1544901114.25
1544901114.34
1544901114.49
1544901114.63
1544901114.72
1544901114.83
1544901114.9
1544901114.97
1544901115.05
1544901115.14
1544901115.27
1544901115.42
1544901115.55
1544901115.65
1544901115.76
1544901115.87
1544901115.97
1544901116.05
1544901116.18
1544901116.3
1544901116.39
1544901116.49
1544901116.58
1544901116.65
1544901116.74
1544901116.83
1544901116.9
1544901116.99
1544901117.08
1544901117.16
1544901117.26
1544901117.36
1544901117.44
1544901117.52
1544901117.64
1544901117.74
1544901117.85
1544901117.94
1544901118.04
1544901118.16
1544901118.26
1544901118.39
1544901118.5
1544901118.63
1544901118.74
1544901118.85
1544901118.95
1544901119.07
1544901119.18
1544901119.26
1544901119.36
1544901119.45
1544901119.52
1544901119.6
1544901119.67
1544901119.75
1544901119.84
1544901119.89
1544901120.01
1544901120.07
1544901120.19
1544901120.26
1544901120.34
1544901120.41
1544901120.48
1544901120.56
1544901120.65
1544901120.7
1544901120.8
1544901120.87
1544901120.97
1544901121.05
1544901121.17
1544901121.25
1544901121.36
1544901121.45
1544901121.52
1544901121.57
1544901121.62
1544901121.7
1544901121.78
1544901121.86
1544901121.94
1544901122.02
1544901122.09
1544901122.18
1544901122.26
1544901122.34
1544901122.43
1544901122.47
1544901122.53
1544901122.6
1544901122.67
1544901122.72
1544901122.79
1544901122.85
1544901122.9
1544901122.98
1544901123.04
1544901123.09
1544901123.15
1544901123.22
1544901123.27
1544901123.32
1544901123.39
1544901123.45
1544901123.49
1544901123.56
1544901123.65
1544901123.71
1544901123.81
1544901123.86
1544901123.92
1544901124.01
1544901124.11
1544901124.21
1544901124.3
1544901124.38
1544901124.46
1544901124.56
1544901124.65
1544901124.71
1544901124.78
1544901124.85
1544901124.93
1544901125.02
1544901125.1
1544901125.22
1544901125.35
1544901125.45
1544901125.52
1544901125.58
1544901125.73
1544901125.8
1544901125.9
1544901125.98
1544901126.04
1544901126.12
1544901126.22
1544901126.3
1544901126.4
1544901126.55
1544901126.65
1544901126.72
1544901126.76
1544901126.81
1544901126.9
1544901126.97
1544901127.03
1544901127.11
1544901127.19
1544901127.3
1544901127.41
1544901127.48
1544901127.56
1544901127.63
1544901127.7
1544901127.76
1544901127.84
1544901127.91
1544901127.98
1544901128.05
1544901128.12
1544901128.19
1544901128.27
1544901128.33
1544901128.43
1544901128.47
1544901128.55
1544901128.6
1544901128.7
1544901128.77
1544901128.83
1544901128.93
1544901129.04
1544901129.13
1544901129.22
1544901129.31
1544901129.42
1544901129.53
1544901129.63
1544901129.73
1544901129.82
1544901129.89
1544901129.95
1544901129.99
1544901130.08
1544901130.17
1544901130.27
1544901130.36
1544901130.47
1544901130.57
1544901130.68
1544901130.75
1544901130.85
1544901130.93
1544901131.02
1544901131.09
1544901131.15
1544901131.2
1544901131.31
1544901131.37
1544901131.44
1544901131.5
1544901131.57
1544901131.63
1544901131.69
1544901131.76
1544901131.81
1544901131.88
1544901131.96
1544901132.02
1544901132.09
1544901132.17
1544901132.25
1544901132.33
1544901132.39
1544901132.46
1544901132.55
1544901132.6
1544901132.7
1544901132.75
1544901132.8
1544901132.89
1544901132.95
1544901133.02
1544901133.1
1544901133.17
1544901133.24
1544901133.32
1544901133.38
1544901133.46
1544901133.54
1544901133.65
1544901133.73
1544901133.79
1544901133.85
1544901133.94
1544901134.0
1544901134.08
1544901134.15
1544901134.21
1544901134.31
1544901134.38
1544901134.48
1544901134.56
1544901134.67
1544901134.75
1544901134.8
1544901134.93
1544901135.0
1544901135.12
1544901135.19
1544901135.3
1544901135.39
1544901135.49
1544901135.58
1544901135.7
1544901135.79
1544901135.9
1544901135.96
1544901136.0
1544901136.06
1544901136.11
1544901136.17
1544901136.24
1544901136.33
1544901136.42
1544901136.5
1544901136.59
1544901136.75
1544901136.88
1544901136.97
1544901137.14
1544901137.26
1544901137.36
1544901137.5
1544901137.59
1544901137.72
1544901137.83
1544901137.93
1544901138.02
1544901138.16
1544901138.27
1544901138.38
1544901138.45
1544901138.53
1544901138.58
1544901138.63
1544901138.69
1544901138.77
1544901138.85
1544901138.93
1544901138.99
1544901139.07
1544901139.15
1544901139.22
1544901139.3
1544901139.38
1544901139.46
1544901139.54
1544901139.66
1544901139.72
1544901139.76
1544901139.85
1544901139.95
1544901140.01
1544901140.1
1544901140.17
1544901140.24
1544901140.3
1544901140.4
1544901140.48
1544901140.56
1544901140.63
1544901140.67
1544901140.73
1544901140.82
1544901140.92
1544901141.01
1544901141.08
1544901141.23
1544901141.32
1544901141.46
1544901141.56
1544901141.64
1544901141.74
1544901141.84
1544901141.93
1544901142.06
1544901142.17
1544901142.27
1544901142.37
1544901142.47
1544901142.57
1544901142.65
1544901142.76
1544901142.85
1544901143.04
1544901143.15
1544901143.27
1544901143.4
1544901143.51
1544901143.64
1544901143.72
1544901143.79
1544901143.85
1544901143.9
1544901143.96
1544901144.02
1544901144.06
1544901144.1
1544901144.15
1544901144.23
1544901144.29
1544901144.34
1544901144.42
1544901144.5
1544901144.58
1544901144.68
1544901144.77
1544901144.85
1544901144.97
1544901145.08
1544901145.15
1544901145.25
1544901145.35
1544901145.45
1544901145.6
1544901145.69
1544901145.8
1544901145.85
1544901145.9
1544901146.0
1544901146.09
1544901146.18
1544901146.24
1544901146.34
1544901146.43
1544901146.5
1544901146.57
1544901146.63
1544901146.72
1544901146.83
1544901146.94
1544901147.01
1544901147.12
1544901147.21
1544901147.28
1544901147.35
1544901147.43
1544901147.53
1544901147.62
1544901147.7
1544901147.82
1544901147.88
1544901147.97
1544901148.03
1544901148.1
1544901148.18
1544901148.27
1544901148.35
1544901148.42
1544901148.49
1544901148.56
1544901148.61
1544901148.66
1544901148.79
1544901148.89
1544901149.03
1544901149.15
1544901149.22
1544901149.32
1544901149.43
1544901149.53
1544901149.6
1544901149.69
1544901149.76
1544901149.83
1544901149.88
1544901149.98
1544901150.03
1544901150.1
1544901150.23
1544901150.3
1544901150.38
1544901150.43
1544901150.47
1544901150.52
1544901150.6
1544901150.65
1544901150.71
1544901150.78
1544901150.84
1544901150.88
1544901150.95
1544901151.02
1544901151.07
1544901151.16
1544901151.25
1544901151.32
1544901151.4
1544901151.48
1544901151.55
1544901151.67
1544901151.74
1544901151.81
1544901151.87
1544901151.93
1544901151.98
1544901152.05
1544901152.11
1544901152.18
1544901152.25
1544901152.32
1544901152.39
1544901152.46
1544901152.52
1544901152.58
1544901152.68
1544901152.76
1544901152.82
1544901152.87
1544901152.94
1544901153.02
1544901153.08
1544901153.12
1544901153.17
1544901153.22
1544901153.27
1544901153.33
1544901153.38
1544901153.44
1544901153.51
1544901153.62
1544901153.69
1544901153.76
1544901153.85
1544901153.95
1544901154.04
1544901154.12
1544901154.22
1544901154.35
1544901154.45
1544901154.56
1544901154.65
1544901154.73
1544901154.83
1544901154.92
1544901155.0
1544901155.09
1544901155.21
1544901155.29
1544901155.35
1544901155.44
1544901155.52
1544901155.61
1544901155.66
1544901155.72
1544901155.85
1544901155.95
1544901156.03
1544901156.12
1544901156.26
1544901156.4
1544901156.5
1544901156.59
1544901156.73
1544901156.82
1544901156.92
1544901157.0
1544901157.09
1544901157.19
1544901157.27
1544901157.35
1544901157.43
1544901157.5
1544901157.63
1544901157.78
1544901157.87
1544901157.95
1544901158.03
1544901158.08
1544901158.18
1544901158.25
1544901158.31
1544901158.4
1544901158.49
1544901158.62
1544901158.68
1544901158.73
1544901158.81
1544901158.86
1544901158.92
1544901159.03
1544901159.11
1544901159.24
1544901159.33
1544901159.45
1544901159.54
1544901159.64
1544901159.71
1544901159.76
1544901159.83
1544901159.91
1544901159.98
1544901160.04
1544901160.08
1544901160.19
1544901160.28
1544901160.36
1544901160.43
1544901160.52
1544901160.59
1544901160.65
1544901160.71
1544901160.77
1544901160.86
1544901160.95
1544901161.04
1544901161.13
1544901161.21
1544901161.31
1544901161.43
1544901161.51
1544901161.61
1544901161.69
1544901161.79
1544901161.88
1544901161.96
1544901162.06
1544901162.15
1544901162.25
1544901162.34
1544901162.46
1544901162.5
1544901162.58
1544901162.66
1544901162.72
1544901162.77
1544901162.82
1544901162.88
1544901162.97
1544901163.05
1544901163.12
1544901163.2
1544901163.26
1544901163.32
1544901163.4
1544901163.44
1544901163.49
1544901163.54
1544901163.6
1544901163.66
1544901163.77
1544901163.84
1544901163.89
1544901163.95
1544901164.01
1544901164.08
1544901164.2
1544901164.3
1544901164.46
1544901164.55
1544901164.67
1544901164.79
1544901164.9
1544901165.01
1544901165.11
1544901165.19
1544901165.26
1544901165.33
1544901165.4
1544901165.46
1544901165.56
1544901165.68
1544901165.79
1544901165.89
1544901165.98
1544901166.08
1544901166.16
1544901166.25
1544901166.34
1544901166.42
1544901166.55
1544901166.61
1544901166.68
1544901166.77
1544901166.84
1544901166.91
1544901166.99
1544901167.05
1544901167.1
1544901167.18
1544901167.25
1544901167.33
1544901167.37
1544901167.41
1544901167.49
1544901167.56
1544901167.63
1544901167.7
1544901167.78
1544901167.9
1544901167.97
1544901168.02
1544901168.13
1544901168.21
1544901168.32
1544901168.37
1544901168.44
1544901168.52
1544901168.57
1544901168.65
1544901168.74
1544901168.78
1544901168.86
1544901168.96
1544901169.0
1544901169.08
1544901169.15
1544901169.19
1544901169.26
1544901169.35
1544901169.4
1544901169.47
1544901169.55
1544901169.6
1544901169.67
1544901169.75
1544901169.79
1544901169.85
1544901169.94
1544901169.98
1544901170.05
1544901170.1
1544901170.16
1544901170.22
1544901170.3
1544901170.38
1544901170.47
1544901170.56
1544901170.63
1544901170.71
1544901170.79
1544901170.87
1544901170.96
1544901171.02
1544901171.09
1544901171.15
1544901171.22
1544901171.27
1544901171.34
1544901171.4
1544901171.46
1544901171.53
1544901171.58
1544901171.63
1544901171.72
1544901171.78
1544901171.87
1544901171.96
1544901172.03
1544901172.13
1544901172.18
1544901172.23
1544901172.35
1544901172.43
1544901172.53
1544901172.58
1544901172.68
1544901172.77
1544901172.86
1544901172.97
1544901173.05
1544901173.15
1544901173.24
1544901173.34
1544901173.44
1544901173.54
1544901173.64
1544901173.75
1544901173.8
1544901173.94
1544901174.0
1544901174.08
1544901174.15
1544901174.24
1544901174.31
1544901174.36
1544901174.42
1544901174.48
1544901174.6
1544901174.69
1544901174.78
1544901174.89
1544901174.97
1544901175.05
1544901175.1
1544901175.24
1544901175.35
1544901175.44
1544901175.53
1544901175.61
1544901175.68
1544901175.74
1544901175.81
1544901175.86
1544901175.9
1544901175.96
1544901176.04
1544901176.15
1544901176.23
1544901176.3
1544901176.38
1544901176.44
1544901176.51
1544901176.57
1544901176.63
1544901176.7
1544901176.77
1544901176.83
1544901176.9
1544901176.97
1544901177.04
1544901177.12
1544901177.17
1544901177.22
1544901177.28
1544901177.35
1544901177.45
1544901177.52
1544901177.6
1544901177.68
1544901177.75
1544901177.79
1544901177.87
1544901177.96
1544901178.02
1544901178.08
1544901178.15
1544901178.18
1544901178.23
1544901178.33
1544901178.39
1544901178.47
1544901178.55
1544901178.62
1544901178.69
1544901178.75
1544901178.78
1544901178.86
1544901178.97
1544901179.07
1544901179.18
1544901179.27
1544901179.36
1544901179.42
1544901179.55
1544901179.64
1544901179.74
1544901179.81
1544901179.88
1544901179.96
1544901180.03
1544901180.09
1544901180.16
1544901180.23
1544901180.29
1544901180.33
1544901180.38
1544901180.45
1544901180.53
1544901180.62
1544901180.66
1544901180.7
1544901180.74
1544901180.78
1544901180.83
1544901180.89
1544901180.96
1544901181.05
1544901181.14
1544901181.18
1544901181.27
1544901181.34
1544901181.42
1544901181.48
1544901181.58
1544901181.66
1544901181.72
1544901181.79
1544901181.86
1544901181.9
1544901182.0
1544901182.07
1544901182.15
1544901182.25
1544901182.31
1544901182.37
1544901182.46
1544901182.51
1544901182.63
1544901182.7
1544901182.79
1544901182.87
1544901182.94
1544901183.02
1544901183.08
1544901183.16
1544901183.23
1544901183.27
1544901183.37
1544901183.45
1544901183.49
1544901183.56
1544901183.62
1544901183.68
1544901183.74
1544901183.85
1544901183.93
1544901184.0
1544901184.06
1544901184.1
1544901184.18
1544901184.24
1544901184.28
1544901184.35
1544901184.43
1544901184.53
1544901184.61
1544901184.67
1544901184.75
1544901184.84
1544901184.92
1544901185.02
1544901185.11
1544901185.18
1544901185.24
1544901185.27
1544901185.33
1544901185.39
1544901185.47
1544901185.56
1544901185.64
1544901185.68
1544901185.78
1544901185.88
1544901185.99
1544901186.07
1544901186.15
1544901186.23
1544901186.32
1544901186.4
1544901186.49
1544901186.57
1544901186.68
1544901186.77
1544901186.86
1544901186.93
1544901186.99
1544901187.04
1544901187.08
1544901187.15
1544901187.24
1544901187.32
1544901187.39
1544901187.48
1544901187.56
1544901187.63
1544901187.67
1544901187.73
1544901187.78
1544901187.83
1544901187.87
1544901187.9
1544901187.98
1544901188.04
1544901188.1
1544901188.19
1544901188.25
1544901188.29
1544901188.34
1544901188.42
1544901188.46
1544901188.49
1544901188.58
1544901188.64
1544901188.68
1544901188.73
1544901188.81
1544901188.86
1544901188.91
1544901188.98
1544901189.06
1544901189.13
1544901189.21
1544901189.27
1544901189.35
1544901189.48
1544901189.58
1544901189.68
1544901189.77
1544901189.85
1544901189.92
1544901190.03
1544901190.11
1544901190.17
1544901190.26
1544901190.35
1544901190.45
1544901190.51
1544901190.59
1544901190.65
1544901190.74
1544901190.85
1544901190.94
1544901191.08
1544901191.17
1544901191.26
1544901191.34
1544901191.4
1544901191.46
1544901191.51
1544901191.59
1544901191.71
1544901191.78
1544901191.88
1544901191.98
1544901192.07
1544901192.14
1544901192.22
1544901192.32
1544901192.39
1544901192.46
1544901192.53
1544901192.58
1544901192.64
1544901192.73
1544901192.78
1544901192.86
1544901192.95
1544901193.03
1544901193.07
1544901193.15
1544901193.21
1544901193.29
1544901193.37
1544901193.45
1544901193.52
1544901193.59
1544901193.67
1544901193.75
1544901193.83
1544901193.89
1544901193.97
1544901194.03
1544901194.08
1544901194.15
1544901194.23
1544901194.29
1544901194.36
1544901194.42
1544901194.47
1544901194.55
1544901194.62
1544901194.68
1544901194.75
1544901194.82
1544901194.95
1544901195.0
1544901195.07
1544901195.15
1544901195.22
1544901195.29
1544901195.38
1544901195.46
1544901195.54
1544901195.64
1544901195.72
1544901195.79
1544901195.87
1544901195.95
1544901196.02
1544901196.11
1544901196.18
1544901196.24
1544901196.28
1544901196.34
1544901196.42
1544901196.53
1544901196.63
1544901196.71
1544901196.76
1544901196.85
1544901196.95
1544901197.03
1544901197.1
1544901197.18
1544901197.27
1544901197.37
1544901197.43
1544901197.5
1544901197.56
1544901197.64
1544901197.69
1544901197.75
1544901197.82
1544901197.91
1544901197.99
1544901198.06
1544901198.14
1544901198.22
1544901198.33
1544901198.39
1544901198.47
1544901198.56
1544901198.66
1544901198.77
1544901198.86
1544901198.95
1544901199.01
1544901199.08
1544901199.19
1544901199.26
1544901199.35
1544901199.45
1544901199.53
1544901199.63
1544901199.68
1544901199.78
1544901199.88
1544901199.98
1544901200.06
1544901200.14
1544901200.23
1544901200.31
1544901200.42
1544901200.49
1544901200.58
1544901200.65
1544901200.7
1544901200.82
1544901200.94
1544901201.09
1544901201.19
1544901201.32
1544901201.41
1544901201.51
1544901201.59
1544901201.67
1544901201.72
1544901201.79
1544901201.87
1544901201.95
1544901202.02
1544901202.09
1544901202.15
1544901202.2
1544901202.25
1544901202.33
1544901202.41
1544901202.47
1544901202.54
1544901202.63
1544901202.69
1544901202.77
1544901202.86
1544901202.95
1544901203.03
1544901203.07
1544901203.13
1544901203.25
1544901203.34
1544901203.44
1544901203.5
1544901203.62
1544901203.68
1544901203.79
1544901203.86
1544901203.94
1544901204.03
1544901204.09
1544901204.2
1544901204.28
1544901204.39
1544901204.46
1544901204.54
1544901204.64
1544901204.68
1544901204.76
1544901204.86
1544901204.96
1544901205.05
1544901205.18
1544901205.25
1544901205.34
1544901205.45
1544901205.55
1544901205.63
1544901205.68
1544901205.74
1544901205.79
1544901205.88
1544901205.97
1544901206.02
1544901206.07
1544901206.13
1544901206.19
1544901206.26
1544901206.34
1544901206.4
1544901206.47
1544901206.53
1544901206.6
1544901206.66
1544901206.7
1544901206.76
1544901206.82
1544901206.88
1544901206.95
1544901207.0
1544901207.07
1544901207.15
1544901207.22
1544901207.3
1544901207.39
1544901207.47
1544901207.53
1544901207.6
1544901207.65
1544901207.72
1544901207.8
1544901207.88
1544901208.07
1544901208.17
1544901208.27
1544901208.36
1544901208.46
1544901208.56
1544901208.67
1544901208.77
1544901208.86
1544901208.96
1544901209.06
1544901209.12
1544901209.2
1544901209.25
1544901209.29
1544901209.36
1544901209.47
1544901209.59
1544901209.7
1544901209.79
1544901209.87
1544901209.95
1544901210.06
1544901210.13
1544901210.21
1544901210.26
1544901210.33
1544901210.38
1544901210.43
1544901210.47
1544901210.56
1544901210.62
1544901210.71
1544901210.76
1544901210.81
1544901210.88
1544901211.05
1544901211.17
1544901211.26
1544901211.33
1544901211.41
1544901211.46
1544901211.53
1544901211.63
1544901211.7
1544901211.81
1544901211.87
1544901211.95
1544901212.03
1544901212.11
1544901212.24
1544901212.31
1544901212.43
1544901212.53
1544901212.63
1544901212.73
1544901212.81
1544901212.89
1544901212.95
1544901213.02
1544901213.09
1544901213.15
1544901213.23
1544901213.28
1544901213.38
1544901213.46
1544901213.49
1544901213.54
1544901213.58
1544901213.64
1544901213.68
1544901213.77
1544901213.84
1544901213.92
1544901214.06
1544901214.16
1544901214.26
1544901214.37
1544901214.47
1544901214.55
1544901214.63
1544901214.72
1544901214.78
1544901214.85
1544901214.9
1544901215.04
1544901215.17
1544901215.27
1544901215.41
1544901215.5
1544901215.62
1544901215.72
1544901215.76
1544901215.8
1544901215.86
1544901215.94
1544901216.03
1544901216.14
1544901216.24
1544901216.33
1544901216.41
1544901216.61
1544901216.71
1544901216.81
1544901216.89
1544901216.98
1544901217.05
1544901217.12
1544901217.22
1544901217.32
1544901217.38
1544901217.43
1544901217.53
1544901217.63
1544901217.72
1544901217.8
1544901217.88
1544901217.96
1544901218.03
1544901218.09
1544901218.14
1544901218.2
1544901218.29
1544901218.36
1544901218.42
1544901218.48
1544901218.61
1544901218.7
1544901218.79
1544901218.86
1544901218.94
1544901219.01
1544901219.06
1544901219.12
1544901219.17
1544901219.2
1544901219.27
1544901219.34
1544901219.38
1544901219.46
1544901219.55
1544901219.61
1544901219.71
1544901219.77
1544901219.81
1544901219.93
1544901219.99
1544901220.05
1544901220.13
1544901220.19
1544901220.3
1544901220.36
1544901220.43
1544901220.51
1544901220.55
1544901220.65
1544901220.76
1544901220.87
1544901220.98
1544901221.08
1544901221.18
1544901221.32
1544901221.42
1544901221.55
1544901221.67
1544901221.77
1544901221.87
1544901221.96
1544901222.07
1544901222.16
1544901222.27
1544901222.34
1544901222.4
1544901222.5
1544901222.59
1544901222.65
1544901222.75
1544901222.88
1544901222.97
1544901223.07
1544901223.17
1544901223.27
1544901223.36
1544901223.42
1544901223.47
1544901223.55
1544901223.67
1544901223.77
1544901223.86
1544901223.95
1544901224.02
1544901224.08
1544901224.15
1544901224.19
1544901224.27
1544901224.33
1544901224.4
1544901224.47
1544901224.55
1544901224.6
1544901224.68
1544901224.74
1544901224.82
1544901224.93
1544901224.98
1544901225.04
1544901225.1
1544901225.16
1544901225.21
1544901225.25
1544901225.34
1544901225.41
1544901225.45
1544901225.53
1544901225.62
1544901225.69
1544901225.78
1544901225.87
1544901225.98
1544901226.03
1544901226.08
1544901226.17
1544901226.25
1544901226.35
1544901226.46
1544901226.55
1544901226.65
1544901226.76
1544901226.87
1544901226.94
1544901227.0
1544901227.07
1544901227.14
1544901227.23
1544901227.33
1544901227.42
1544901227.51
1544901227.59
1544901227.66
1544901227.75
1544901227.84
1544901227.91
1544901227.99
1544901228.06
1544901228.11
1544901228.17
1544901228.22
1544901228.27
1544901228.32
1544901228.37
1544901228.43
1544901228.5
1544901228.57
1544901228.62
1544901228.72
1544901228.77
1544901228.87
1544901228.95
1544901229.0
1544901229.06
1544901229.12
1544901229.19
1544901229.27
1544901229.36
1544901229.44
1544901229.52
1544901229.56
1544901229.59
1544901229.66
1544901229.73
1544901229.78
1544901229.86
1544901229.95
1544901230.05
1544901230.15
1544901230.19
1544901230.24
1544901230.29
1544901230.42
1544901230.47
1544901230.56
1544901230.65
1544901230.76
1544901230.85
1544901230.94
1544901231.0
1544901231.08
1544901231.16
1544901231.24
1544901231.33
1544901231.42
1544901231.49
1544901231.57
1544901231.66
1544901231.74
1544901231.83
1544901231.9
1544901231.97
1544901232.04
1544901232.11
1544901232.15
1544901232.22
1544901232.34
1544901232.39
1544901232.45
1544901232.52
1544901232.6
1544901232.72
1544901232.86
1544901232.95
1544901233.04
1544901233.12
1544901233.18
1544901233.3
1544901233.39
1544901233.5
1544901233.59
