1544827689.32
1544827690.13
1544827690.37
1544827690.48
1544827690.6
1544827690.72
1544827690.85
1544827690.96
1544827691.07
1544827691.2
1544827691.3
1544827691.4
1544827691.5
1544827691.61
1544827691.71
1544827691.82
1544827691.92
1544827692.01
1544827692.07
1544827692.14
1544827692.2
1544827692.28
1544827692.35
1544827692.41
1544827692.48
1544827692.54
1544827692.61
1544827692.69
1544827692.75
1544827692.82
1544827692.9
1544827692.98
1544827693.06
1544827693.15
1544827693.23
1544827693.31
1544827693.4
1544827693.48
1544827693.55
1544827693.65
1544827693.75
1544827693.86
1544827693.94
1544827694.02
1544827694.1
1544827694.18
1544827694.25
1544827694.31
1544827694.4
1544827694.48
1544827694.55
1544827694.63
1544827694.71
1544827694.78
1544827694.86
1544827694.93
1544827695.0
1544827695.07
1544827695.14
1544827695.21
1544827695.28
1544827695.35
1544827695.43
1544827695.51
1544827695.6
1544827695.66
1544827695.73
1544827695.79
1544827695.86
1544827695.95
1544827696.04
1544827696.11
1544827696.17
1544827696.24
1544827696.31
1544827696.37
1544827696.44
1544827696.5
1544827696.57
1544827696.65
1544827696.72
1544827696.78
1544827696.84
1544827696.91
1544827696.96
1544827697.03
1544827697.08
1544827697.15
1544827697.21
1544827697.27
1544827697.34
1544827697.41
1544827697.52
1544827697.63
1544827697.72
1544827697.82
1544827697.93
1544827698.03
1544827698.13
1544827698.22
1544827698.28
1544827698.42
1544827698.55
1544827698.66
1544827698.79
1544827698.85
1544827698.92
1544827698.99
1544827699.06
1544827699.12
1544827699.18
1544827699.24
1544827699.32
1544827699.38
1544827699.45
1544827699.52
1544827699.58
1544827699.65
1544827699.71
1544827699.78
1544827699.84
1544827699.9
1544827699.96
1544827700.02
1544827700.09
1544827700.16
1544827700.22
1544827700.28
1544827700.35
1544827700.41
1544827700.47
1544827700.53
1544827700.6
1544827700.66
1544827700.72
1544827700.79
1544827700.86
1544827700.92
1544827700.98
1544827701.04
1544827701.1
1544827701.16
1544827701.22
1544827701.28
1544827701.33
1544827701.4
1544827701.46
1544827701.51
1544827701.57
1544827701.62
1544827701.68
1544827701.74
1544827701.8
1544827701.86
1544827701.92
1544827701.98
1544827702.04
1544827702.12
1544827702.2
1544827702.3
1544827702.37
1544827702.44
1544827702.5
1544827702.56
1544827702.62
1544827702.69
1544827702.76
1544827702.81
1544827702.86
1544827702.93
1544827702.99
1544827703.05
1544827703.14
1544827703.22
1544827703.29
1544827703.35
1544827703.43
1544827703.53
1544827703.61
1544827703.68
1544827703.76
1544827703.84
1544827703.9
1544827703.96
1544827704.02
1544827704.08
1544827704.15
1544827704.21
1544827704.26
1544827704.32
1544827704.39
1544827704.45
1544827704.51
1544827704.56
1544827704.62
1544827704.69
1544827704.75
1544827704.81
1544827704.87
1544827704.94
1544827705.01
1544827705.08
1544827705.15
1544827705.22
1544827705.29
1544827705.36
1544827705.42
1544827705.48
1544827705.54
1544827705.6
1544827705.66
1544827705.73
1544827705.78
1544827705.85
1544827705.91
1544827705.97
1544827706.03
1544827706.09
1544827706.14
1544827706.19
1544827706.26
1544827706.32
1544827706.38
1544827706.44
1544827706.51
1544827706.66
1544827706.74
1544827706.8
1544827706.87
1544827706.94
1544827706.99
1544827707.06
1544827707.12
1544827707.18
1544827707.24
1544827707.3
1544827707.36
1544827707.43
1544827707.48
1544827707.55
1544827707.61
1544827707.68
1544827707.72
1544827707.78
1544827707.85
1544827707.91
1544827707.96
1544827708.03
1544827708.09
1544827708.15
1544827708.22
1544827708.28
1544827708.35
1544827708.41
1544827708.46
1544827708.52
1544827708.59
1544827708.65
1544827708.71
1544827708.77
1544827708.84
1544827708.91
1544827708.97
1544827709.04
1544827709.11
1544827709.16
1544827709.22
1544827709.28
1544827709.35
1544827709.42
1544827709.49
1544827709.55
1544827709.65
1544827709.77
1544827709.85
1544827709.94
1544827710.03
1544827710.12
1544827710.18
1544827710.27
1544827710.35
1544827710.47
1544827710.58
1544827710.64
1544827710.72
1544827710.79
1544827710.85
1544827710.91
1544827710.96
1544827711.02
1544827711.07
1544827711.15
1544827711.21
1544827711.26
1544827711.32
1544827711.38
1544827711.44
1544827711.48
1544827711.55
1544827711.61
1544827711.67
1544827711.72
1544827711.77
1544827711.85
1544827711.91
1544827711.97
1544827712.05
1544827712.12
1544827712.2
1544827712.24
1544827712.29
1544827712.36
1544827712.41
1544827712.46
1544827712.52
1544827712.59
1544827712.65
1544827712.73
1544827712.79
1544827712.87
1544827712.93
1544827713.0
1544827713.06
1544827713.13
1544827713.22
1544827713.26
1544827713.3
1544827713.39
1544827713.44
1544827713.48
1544827713.57
1544827713.64
1544827713.69
1544827713.75
1544827713.82
1544827713.87
1544827713.95
1544827714.02
1544827714.1
1544827714.17
1544827714.25
1544827714.33
1544827714.4
1544827714.47
1544827714.55
1544827714.63
1544827714.69
1544827714.79
1544827714.86
1544827714.94
1544827715.0
1544827715.06
1544827715.14
1544827715.21
1544827715.27
1544827715.36
1544827715.44
1544827715.5
1544827715.58
1544827715.65
1544827715.73
1544827715.82
1544827715.87
1544827715.95
1544827716.0
1544827716.04
1544827716.07
1544827716.13
1544827716.19
1544827716.23
1544827716.28
1544827716.34
1544827716.39
1544827716.44
1544827716.48
1544827716.6
1544827716.66
1544827716.76
1544827716.81
1544827716.85
1544827716.92
1544827716.97
1544827717.01
1544827717.06
1544827717.12
1544827717.18
1544827717.23
1544827717.28
1544827717.35
1544827717.41
1544827717.47
1544827717.56
1544827717.63
1544827717.7
1544827717.77
1544827717.82
1544827717.86
1544827717.9
1544827717.94
1544827718.01
1544827718.05
1544827718.12
1544827718.17
1544827718.23
1544827718.3
1544827718.38
1544827718.43
1544827718.49
1544827718.57
1544827718.64
1544827718.71
1544827718.78
1544827718.85
1544827718.93
1544827719.01
1544827719.07
1544827719.15
1544827719.25
1544827719.34
1544827719.46
1544827719.54
1544827719.63
1544827719.75
1544827719.82
1544827719.89
1544827719.95
1544827720.06
1544827720.18
1544827720.28
1544827720.53
1544827720.6
1544827720.69
1544827720.77
1544827720.83
1544827720.89
1544827720.97
1544827721.03
1544827721.09
1544827721.15
1544827721.21
1544827721.27
1544827721.33
1544827721.38
1544827721.44
1544827721.49
1544827721.53
1544827721.56
1544827721.62
1544827721.69
1544827721.77
1544827721.85
1544827721.92
1544827721.99
1544827722.07
1544827722.14
1544827722.2
1544827722.24
1544827722.31
1544827722.37
1544827722.45
1544827722.51
1544827722.57
1544827722.65
1544827722.71
1544827722.77
1544827722.82
1544827722.89
1544827722.99
1544827723.04
1544827723.11
1544827723.16
1544827723.23
1544827723.28
1544827723.35
1544827723.41
1544827723.46
1544827723.53
1544827723.59
1544827723.64
1544827723.71
1544827723.76
1544827723.82
1544827723.86
1544827723.94
1544827724.0
1544827724.06
1544827724.13
1544827724.2
1544827724.26
1544827724.33
1544827724.4
1544827724.45
1544827724.52
1544827724.59
1544827724.63
1544827724.67
1544827724.73
1544827724.8
1544827724.84
1544827724.88
1544827724.94
1544827725.0
1544827725.03
1544827725.07
1544827725.13
1544827725.18
1544827725.21
1544827725.26
1544827725.32
1544827725.39
1544827725.45
1544827725.52
1544827725.61
1544827725.65
1544827725.69
1544827725.74
1544827725.81
1544827725.85
1544827725.9
1544827725.97
1544827726.02
1544827726.07
1544827726.14
1544827726.2
1544827726.26
1544827726.33
1544827726.39
1544827726.43
1544827726.49
1544827726.59
1544827726.62
1544827726.66
1544827726.7
1544827726.76
1544827726.82
1544827726.87
1544827726.95
1544827727.03
1544827727.1
1544827727.15
1544827727.21
1544827727.26
1544827727.34
1544827727.41
1544827727.45
1544827727.51
1544827727.59
1544827727.66
1544827727.72
1544827727.76
1544827727.81
1544827727.87
1544827727.93
1544827727.99
1544827728.02
1544827728.07
1544827728.12
1544827728.17
1544827728.23
1544827728.31
1544827728.38
1544827728.45
1544827728.5
1544827728.56
1544827728.63
1544827728.69
1544827728.74
1544827728.8
1544827728.85
1544827728.9
1544827728.95
1544827729.02
1544827729.06
1544827729.14
1544827729.2
1544827729.25
1544827729.31
1544827729.38
1544827729.43
1544827729.47
1544827729.55
1544827729.61
1544827729.67
1544827729.74
1544827729.8
1544827729.84
1544827729.89
1544827729.95
1544827730.01
1544827730.06
1544827730.12
1544827730.21
1544827730.27
1544827730.33
1544827730.4
1544827730.46
1544827730.54
1544827730.6
1544827730.65
1544827730.7
1544827730.77
1544827730.82
1544827730.87
1544827730.93
1544827730.98
1544827731.04
1544827731.11
1544827731.17
1544827731.24
1544827731.31
1544827731.37
1544827731.45
1544827731.52
1544827731.62
1544827731.66
1544827731.72
1544827731.78
1544827731.84
1544827731.89
1544827731.95
1544827732.04
1544827732.12
1544827732.19
1544827732.25
1544827732.31
1544827732.36
1544827732.41
1544827732.47
1544827732.57
1544827732.67
1544827732.72
1544827732.77
1544827732.83
1544827732.89
1544827732.95
1544827733.02
1544827733.11
1544827733.18
1544827733.25
1544827733.38
1544827733.53
1544827733.61
1544827733.67
1544827733.73
1544827733.78
1544827733.85
1544827733.9
1544827733.95
1544827734.02
1544827734.1
1544827734.17
1544827734.23
1544827734.29
1544827734.36
1544827734.41
1544827734.46
1544827734.51
1544827734.57
1544827734.63
1544827734.69
1544827734.74
1544827734.79
1544827734.86
1544827734.92
1544827734.97
1544827735.02
1544827735.09
1544827735.14
1544827735.19
1544827735.26
1544827735.32
1544827735.37
1544827735.45
1544827735.5
1544827735.55
1544827735.59
1544827735.68
1544827735.73
1544827735.77
1544827735.86
1544827735.92
1544827735.97
1544827736.02
1544827736.09
1544827736.14
1544827736.19
1544827736.25
1544827736.31
1544827736.36
1544827736.42
1544827736.47
1544827736.53
1544827736.58
1544827736.64
1544827736.73
1544827736.78
1544827736.85
1544827736.91
1544827736.96
1544827737.03
1544827737.09
1544827737.15
1544827737.22
1544827737.29
1544827737.35
1544827737.41
1544827737.47
1544827737.54
1544827737.59
1544827737.64
1544827737.69
1544827737.76
1544827737.84
1544827737.92
1544827738.0
1544827738.07
1544827738.15
1544827738.22
1544827738.27
1544827738.35
1544827738.41
1544827738.47
1544827738.51
1544827738.55
1544827738.59
1544827738.68
1544827738.76
1544827738.82
1544827738.9
1544827738.98
1544827739.03
1544827739.11
1544827739.15
1544827739.22
1544827739.27
1544827739.34
1544827739.4
1544827739.46
1544827739.53
1544827739.6
1544827739.66
1544827739.73
1544827739.81
1544827739.88
1544827739.96
1544827740.02
1544827740.07
1544827740.16
1544827740.21
1544827740.26
1544827740.32
1544827740.37
1544827740.42
1544827740.47
1544827740.54
1544827740.58
1544827740.65
1544827740.71
1544827740.75
1544827740.79
1544827740.87
1544827740.93
1544827740.98
1544827741.06
1544827741.12
1544827741.17
1544827741.22
1544827741.28
1544827741.33
1544827741.37
1544827741.42
1544827741.53
1544827741.59
1544827741.64
1544827741.73
1544827741.79
1544827741.89
1544827741.97
1544827742.04
1544827742.12
1544827742.19
1544827742.26
1544827742.3
1544827742.34
1544827742.44
1544827742.51
1544827742.59
1544827742.66
1544827742.73
1544827742.81
1544827742.86
1544827742.91
1544827742.95
1544827743.02
1544827743.09
1544827743.17
1544827743.23
1544827743.31
1544827743.37
1544827743.43
1544827743.48
1544827743.55
1544827743.59
1544827743.63
1544827743.74
1544827743.8
1544827743.86
1544827743.93
1544827743.98
1544827744.06
1544827744.13
1544827744.18
1544827744.27
1544827744.33
1544827744.39
1544827744.46
1544827744.51
1544827744.59
1544827744.65
1544827744.72
1544827744.78
1544827744.87
1544827744.95
1544827745.02
1544827745.15
1544827745.21
1544827745.27
1544827745.34
1544827745.4
1544827745.48
1544827745.56
1544827745.64
1544827745.71
1544827745.76
1544827745.84
1544827745.96
1544827746.02
1544827746.09
1544827746.16
1544827746.27
1544827746.35
1544827746.43
1544827746.5
1544827746.57
1544827746.66
1544827746.74
1544827746.82
1544827746.92
1544827747.0
1544827747.07
1544827747.16
1544827747.22
1544827747.33
1544827747.39
1544827747.45
1544827747.53
1544827747.6
1544827747.7
1544827747.77
1544827747.82
1544827747.9
1544827747.95
1544827748.0
1544827748.04
1544827748.11
1544827748.16
1544827748.23
1544827748.33
1544827748.39
1544827748.5
1544827748.54
1544827748.57
1544827748.63
1544827748.7
1544827748.74
1544827748.78
1544827748.83
1544827748.88
1544827748.95
1544827749.0
1544827749.05
1544827749.11
1544827749.15
1544827749.2
1544827749.27
1544827749.35
1544827749.4
1544827749.48
1544827749.53
1544827749.58
1544827749.64
1544827749.71
1544827749.76
1544827749.81
1544827749.9
1544827749.95
1544827749.99
1544827750.07
1544827750.13
1544827750.17
1544827750.23
1544827750.32
1544827750.36
1544827750.43
1544827750.51
1544827750.57
1544827750.64
1544827750.71
1544827750.76
1544827750.82
1544827750.91
1544827750.95
1544827750.99
1544827751.06
1544827751.12
1544827751.17
1544827751.21
1544827751.3
1544827751.35
1544827751.39
1544827751.46
1544827751.52
1544827751.56
1544827751.62
1544827751.69
1544827751.74
1544827751.79
1544827751.87
1544827751.93
1544827751.98
1544827752.04
1544827752.09
1544827752.15
1544827752.21
1544827752.26
1544827752.33
1544827752.38
1544827752.46
1544827752.53
1544827752.59
1544827752.66
1544827752.73
1544827752.78
1544827752.87
1544827752.93
1544827753.0
1544827753.08
1544827753.14
1544827753.19
1544827753.25
1544827753.32
1544827753.36
1544827753.4
1544827753.46
1544827753.53
1544827753.59
1544827753.67
1544827753.73
1544827753.79
1544827753.88
1544827753.95
1544827754.02
1544827754.09
1544827754.16
1544827754.21
1544827754.29
1544827754.34
1544827754.4
1544827754.49
1544827754.55
1544827754.6
1544827754.67
1544827754.75
1544827754.82
1544827754.92
1544827754.97
1544827755.03
1544827755.12
1544827755.17
1544827755.22
1544827755.31
1544827755.35
1544827755.41
1544827755.49
1544827755.55
1544827755.66
1544827755.74
1544827755.85
1544827755.93
1544827755.99
1544827756.12
1544827756.2
1544827756.28
1544827756.35
1544827756.4
1544827756.46
1544827756.53
1544827756.59
1544827756.64
1544827756.7
1544827756.76
1544827756.83
1544827756.88
1544827756.94
1544827757.01
1544827757.11
1544827757.19
1544827757.29
1544827757.36
1544827757.43
1544827757.5
1544827757.57
1544827757.66
1544827757.77
1544827757.85
1544827757.93
1544827758.02
1544827758.09
1544827758.16
1544827758.21
1544827758.25
1544827758.33
1544827758.44
1544827758.52
1544827758.62
1544827758.67
1544827758.76
1544827758.84
1544827758.93
1544827759.03
1544827759.07
1544827759.13
1544827759.19
1544827759.24
1544827759.27
1544827759.35
1544827759.44
1544827759.53
1544827759.61
1544827759.68
1544827759.75
1544827759.83
1544827760.0
1544827760.13
1544827760.18
1544827760.22
1544827760.27
1544827760.34
1544827760.42
1544827760.5
1544827760.58
1544827760.67
1544827760.72
1544827760.79
1544827760.85
1544827760.91
1544827760.98
1544827761.04
1544827761.11
1544827761.2
1544827761.26
1544827761.33
1544827761.4
1544827761.48
1544827761.53
1544827761.57
1544827761.63
1544827761.7
1544827761.77
1544827761.82
1544827761.86
1544827761.93
1544827761.98
1544827762.04
1544827762.11
1544827762.17
1544827762.23
1544827762.28
1544827762.34
1544827762.39
1544827762.46
1544827762.52
1544827762.57
1544827762.64
1544827762.72
1544827762.78
1544827762.83
1544827762.9
1544827762.97
1544827763.08
1544827763.17
1544827763.33
1544827763.44
1544827763.53
1544827763.58
1544827763.64
1544827763.7
1544827763.77
1544827763.9
1544827763.94
1544827763.99
1544827764.08
1544827764.14
1544827764.21
1544827764.3
1544827764.36
1544827764.43
1544827764.5
1544827764.55
1544827764.6
1544827764.7
1544827764.76
1544827764.81
1544827764.9
1544827764.95
1544827765.01
1544827765.08
1544827765.16
1544827765.24
1544827765.34
1544827765.41
1544827765.5
1544827765.58
1544827765.68
1544827765.74
1544827765.81
1544827765.89
1544827765.97
1544827766.03
1544827766.12
1544827766.17
1544827766.24
1544827766.31
1544827766.36
1544827766.42
1544827766.5
1544827766.57
1544827766.62
1544827766.66
1544827766.72
1544827766.8
1544827766.9
1544827766.98
1544827767.07
1544827767.15
1544827767.24
1544827767.33
1544827767.37
1544827767.43
1544827767.52
1544827767.57
1544827767.65
1544827767.73
1544827767.8
1544827767.88
1544827767.94
1544827767.98
1544827768.06
1544827768.15
1544827768.22
1544827768.3
1544827768.37
1544827768.45
1544827768.52
1544827768.57
1544827768.64
1544827768.71
1544827768.77
1544827768.82
1544827768.91
1544827768.95
1544827768.99
1544827769.04
1544827769.09
1544827769.15
1544827769.2
1544827769.28
1544827769.37
1544827769.44
1544827769.49
1544827769.54
1544827769.62
1544827769.7
1544827769.77
1544827769.88
1544827769.96
1544827770.04
1544827770.11
1544827770.15
1544827770.19
1544827770.27
1544827770.34
1544827770.4
1544827770.45
1544827770.49
1544827770.58
1544827770.66
1544827770.72
1544827770.79
1544827770.87
1544827770.94
1544827771.02
1544827771.09
1544827771.16
1544827771.24
1544827771.3
1544827771.37
1544827771.42
1544827771.49
1544827771.55
1544827771.63
1544827771.71
1544827771.77
1544827771.87
1544827771.94
1544827772.0
1544827772.06
1544827772.12
1544827772.17
1544827772.24
1544827772.33
1544827772.4
1544827772.48
1544827772.55
1544827772.61
1544827772.72
1544827772.76
1544827772.83
1544827772.93
1544827772.99
1544827773.1
1544827773.16
1544827773.24
1544827773.32
1544827773.38
1544827773.45
1544827773.53
1544827773.59
1544827773.66
1544827773.73
1544827773.79
1544827773.88
1544827773.95
1544827774.02
1544827774.09
1544827774.17
1544827774.23
1544827774.32
1544827774.39
1544827774.51
1544827774.6
1544827774.69
1544827774.76
1544827774.87
1544827774.94
1544827775.03
1544827775.14
1544827775.23
1544827775.33
1544827775.4
1544827775.47
1544827775.54
1544827775.6
1544827775.67
1544827775.73
1544827775.81
1544827775.87
1544827775.94
1544827776.01
1544827776.06
1544827776.15
1544827776.21
1544827776.26
1544827776.34
1544827776.41
1544827776.5
1544827776.57
1544827776.62
1544827776.67
1544827776.75
1544827776.82
1544827776.9
1544827776.99
1544827777.09
1544827777.15
1544827777.23
1544827777.29
1544827777.35
1544827777.41
1544827777.46
1544827777.52
1544827777.57
1544827777.63
1544827777.68
1544827777.77
1544827777.83
1544827777.88
1544827777.98
1544827778.04
1544827778.11
1544827778.18
1544827778.24
1544827778.33
1544827778.41
1544827778.48
1544827778.58
1544827778.65
1544827778.72
1544827778.77
1544827778.83
1544827778.9
1544827778.97
1544827779.03
1544827779.08
1544827779.15
1544827779.21
1544827779.29
1544827779.36
1544827779.43
1544827779.48
1544827779.56
1544827779.63
1544827779.67
1544827779.74
1544827779.82
1544827779.91
1544827779.98
1544827780.04
1544827780.08
1544827780.14
1544827780.2
1544827780.26
1544827780.34
1544827780.41
1544827780.46
1544827780.52
1544827780.6
1544827780.64
1544827780.73
1544827780.79
1544827780.85
1544827780.89
1544827780.98
1544827781.03
1544827781.08
1544827781.16
1544827781.22
1544827781.27
1544827781.36
1544827781.41
1544827781.47
1544827781.57
1544827781.64
1544827781.7
1544827781.75
1544827781.82
1544827781.91
1544827782.01
1544827782.06
1544827782.14
1544827782.23
1544827782.31
1544827782.4
1544827782.47
1544827782.56
1544827782.65
1544827782.75
1544827782.84
1544827782.93
1544827783.0
1544827783.06
1544827783.13
1544827783.21
1544827783.28
1544827783.35
1544827783.43
1544827783.53
1544827783.63
1544827783.72
1544827783.79
1544827783.85
1544827783.93
1544827783.98
1544827784.04
1544827784.1
1544827784.16
1544827784.21
1544827784.27
1544827784.33
1544827784.39
1544827784.45
1544827784.52
1544827784.58
1544827784.64
1544827784.69
1544827784.73
1544827784.78
1544827784.91
1544827784.99
1544827785.06
1544827785.16
1544827785.25
1544827785.32
1544827785.38
1544827785.43
1544827785.48
1544827785.53
1544827785.6
1544827785.65
1544827785.71
1544827785.77
1544827785.83
1544827785.87
1544827785.95
1544827786.0
1544827786.05
1544827786.1
1544827786.17
1544827786.21
1544827786.26
1544827786.34
1544827786.42
1544827786.48
1544827786.58
1544827786.64
1544827786.73
1544827786.82
1544827786.88
1544827786.94
1544827787.02
1544827787.06
1544827787.13
1544827787.21
1544827787.26
1544827787.33
1544827787.39
1544827787.45
1544827787.52
1544827787.58
1544827787.64
1544827787.69
1544827787.75
1544827787.82
1544827787.86
1544827787.93
1544827788.03
1544827788.09
1544827788.22
1544827788.27
1544827788.39
1544827788.46
1544827788.56
1544827788.63
1544827788.69
1544827788.78
1544827788.85
1544827788.95
1544827789.02
1544827789.08
1544827789.18
1544827789.24
1544827789.3
1544827789.37
1544827789.42
1544827789.47
1544827789.55
1544827789.6
1544827789.64
1544827789.67
1544827789.73
1544827789.79
1544827789.85
1544827789.92
1544827789.99
1544827790.03
1544827790.1
1544827790.22
1544827790.28
1544827790.39
1544827790.47
1544827790.55
1544827790.62
1544827790.68
1544827790.75
1544827790.82
1544827790.9
1544827790.97
1544827791.03
1544827791.1
1544827791.17
1544827791.23
1544827791.3
1544827791.38
1544827791.46
1544827791.52
1544827791.57
1544827791.66
1544827791.79
1544827791.86
1544827791.97
1544827792.05
1544827792.11
1544827792.17
1544827792.23
1544827792.3
1544827792.43
1544827792.48
1544827792.54
1544827792.61
1544827792.71
1544827792.77
1544827792.84
1544827792.92
1544827792.99
1544827793.09
1544827793.19
1544827793.27
1544827793.34
1544827793.39
1544827793.45
1544827793.52
1544827793.57
1544827793.64
1544827793.69
1544827793.77
1544827793.85
1544827793.91
1544827793.98
1544827794.05
1544827794.12
1544827794.19
1544827794.26
1544827794.32
1544827794.37
1544827794.43
1544827794.52
1544827794.63
1544827794.73
1544827794.8
1544827794.9
1544827794.95
1544827795.04
1544827795.11
1544827795.17
1544827795.25
1544827795.33
1544827795.41
1544827795.49
1544827795.54
1544827795.61
1544827795.65
1544827795.7
1544827795.77
1544827795.86
1544827795.94
1544827795.99
1544827796.05
1544827796.11
1544827796.17
1544827796.27
1544827796.37
1544827796.45
1544827796.56
1544827796.63
1544827796.68
1544827796.75
1544827796.84
1544827796.96
1544827797.04
1544827797.1
1544827797.15
1544827797.24
1544827797.38
1544827797.46
1544827797.53
1544827797.62
1544827797.71
1544827797.79
1544827797.87
1544827797.96
1544827798.0
1544827798.09
1544827798.17
1544827798.25
1544827798.33
1544827798.41
1544827798.49
1544827798.58
1544827798.66
1544827798.74
1544827798.79
1544827798.85
1544827798.92
1544827798.98
1544827799.05
1544827799.12
1544827799.22
1544827799.26
1544827799.33
1544827799.39
1544827799.46
1544827799.53
1544827799.62
1544827799.67
1544827799.73
1544827799.81
1544827799.88
1544827799.96
1544827800.03
1544827800.12
1544827800.17
1544827800.27
1544827800.35
1544827800.42
1544827800.48
1544827800.55
1544827800.62
1544827800.69
1544827800.75
1544827800.8
1544827800.86
1544827800.93
1544827801.0
1544827801.06
1544827801.14
1544827801.22
1544827801.27
1544827801.35
1544827801.41
1544827801.45
1544827801.51
1544827801.57
1544827801.63
1544827801.67
1544827801.71
1544827801.78
1544827801.83
1544827801.88
1544827801.94
1544827802.02
1544827802.11
1544827802.23
1544827802.28
1544827802.36
1544827802.42
1544827802.47
1544827802.54
1544827802.62
1544827802.69
1544827802.74
1544827802.78
1544827802.85
1544827802.92
1544827802.98
1544827803.05
1544827803.13
1544827803.19
1544827803.25
1544827803.28
1544827803.38
1544827803.44
1544827803.48
1544827803.59
1544827803.64
1544827803.69
1544827803.76
1544827803.83
1544827803.89
1544827803.98
1544827804.05
1544827804.1
1544827804.19
1544827804.25
1544827804.29
1544827804.36
1544827804.42
1544827804.48
1544827804.55
1544827804.61
1544827804.68
1544827804.77
1544827804.84
1544827804.9
1544827805.0
1544827805.06
1544827805.15
1544827805.23
1544827805.29
1544827805.42
1544827805.47
1544827805.52
1544827805.58
1544827805.65
1544827805.72
1544827805.79
1544827805.87
1544827805.97
1544827806.03
1544827806.07
1544827806.16
1544827806.23
1544827806.3
1544827806.39
1544827806.44
1544827806.49
1544827806.59
1544827806.66
1544827806.74
1544827806.82
1544827806.89
1544827806.96
1544827807.01
1544827807.08
1544827807.14
1544827807.2
1544827807.26
1544827807.32
1544827807.38
1544827807.44
1544827807.51
1544827807.61
1544827807.66
1544827807.73
1544827807.83
1544827807.91
1544827808.0
1544827808.08
1544827808.16
1544827808.23
1544827808.3
1544827808.35
1544827808.43
1544827808.49
1544827808.54
1544827808.59
1544827808.64
1544827808.7
1544827808.75
1544827808.83
1544827808.92
1544827808.98
1544827809.04
1544827809.08
1544827809.15
1544827809.2
1544827809.3
1544827809.35
1544827809.4
1544827809.47
1544827809.53
1544827809.57
1544827809.61
1544827809.68
1544827809.73
1544827809.77
1544827809.85
1544827809.93
1544827810.0
1544827810.09
1544827810.14
1544827810.17
1544827810.25
1544827810.33
1544827810.4
1544827810.52
1544827810.58
1544827810.68
1544827810.75
1544827810.84
1544827810.92
1544827810.98
1544827811.04
1544827811.09
1544827811.19
1544827811.25
1544827811.32
1544827811.4
1544827811.46
1544827811.55
1544827811.66
1544827811.72
1544827811.81
1544827811.9
1544827812.0
1544827812.1
1544827812.2
1544827812.28
1544827812.36
1544827812.43
1544827812.53
1544827812.62
1544827812.72
1544827812.77
1544827812.88
1544827812.95
1544827813.02
1544827813.09
1544827813.15
1544827813.21
1544827813.27
1544827813.34
1544827813.4
1544827813.46
1544827813.53
1544827813.63
1544827813.73
1544827813.83
1544827813.93
1544827814.02
1544827814.1
1544827814.17
1544827814.21
1544827814.27
1544827814.33
1544827814.38
1544827814.45
1544827814.52
1544827814.6
1544827814.66
1544827814.71
1544827814.76
1544827814.82
1544827814.86
1544827814.93
1544827814.99
1544827815.04
1544827815.11
1544827815.17
1544827815.23
1544827815.28
1544827815.34
1544827815.39
1544827815.44
1544827815.49
1544827815.56
1544827815.61
1544827815.65
1544827815.72
1544827815.8
1544827815.91
1544827815.96
1544827816.03
1544827816.08
1544827816.15
1544827816.21
1544827816.26
1544827816.34
1544827816.41
1544827816.45
1544827816.52
1544827816.57
1544827816.63
1544827816.68
1544827816.76
1544827816.82
1544827816.86
1544827816.94
1544827817.0
1544827817.07
1544827817.16
1544827817.23
1544827817.28
1544827817.36
1544827817.44
1544827817.49
1544827817.54
1544827817.6
1544827817.66
1544827817.73
1544827817.79
1544827817.88
1544827817.99
1544827818.06
1544827818.15
1544827818.24
1544827818.31
1544827818.38
1544827818.43
1544827818.49
1544827818.54
1544827818.62
1544827818.69
1544827818.75
1544827818.83
1544827818.92
1544827819.02
1544827819.1
1544827819.21
1544827819.29
1544827819.37
1544827819.44
1544827819.53
1544827819.58
1544827819.62
1544827819.68
1544827819.74
1544827819.81
1544827819.85
1544827819.91
1544827819.99
1544827820.05
1544827820.13
1544827820.2
1544827820.25
1544827820.32
1544827820.43
1544827820.48
1544827820.57
1544827820.63
1544827820.68
1544827820.75
1544827820.81
1544827820.87
1544827820.95
1544827821.01
1544827821.05
1544827821.12
1544827821.17
1544827821.22
1544827821.3
1544827821.38
1544827821.46
1544827821.56
1544827821.68
1544827821.77
1544827821.85
1544827821.91
1544827821.96
1544827822.04
1544827822.1
1544827822.16
1544827822.22
1544827822.31
1544827822.37
1544827822.44
1544827822.49
1544827822.54
1544827822.61
1544827822.65
1544827822.72
1544827822.8
1544827822.89
1544827822.98
1544827823.06
1544827823.14
1544827823.21
1544827823.26
1544827823.3
1544827823.37
1544827823.44
1544827823.54
1544827823.6
1544827823.66
1544827823.74
1544827823.82
1544827823.89
1544827823.96
1544827824.03
1544827824.08
1544827824.16
1544827824.21
1544827824.31
1544827824.36
1544827824.42
1544827824.48
1544827824.55
1544827824.6
1544827824.66
1544827824.71
1544827824.8
1544827824.86
1544827824.93
1544827824.96
1544827825.02
1544827825.09
1544827825.14
1544827825.17
1544827825.22
1544827825.3
1544827825.36
1544827825.43
1544827825.51
1544827825.56
1544827825.63
1544827825.71
1544827825.76
1544827825.83
1544827825.9
1544827825.95
1544827825.99
1544827826.08
1544827826.13
1544827826.17
1544827826.26
1544827826.3
1544827826.35
1544827826.43
1544827826.52
1544827826.57
1544827826.64
1544827826.72
1544827826.76
1544827826.82
1544827826.89
1544827826.93
1544827826.97
1544827827.03
1544827827.12
1544827827.22
1544827827.29
1544827827.33
1544827827.38
1544827827.42
1544827827.48
1544827827.52
1544827827.57
1544827827.63
1544827827.71
1544827827.75
1544827827.81
1544827827.88
1544827827.95
1544827828.01
1544827828.07
1544827828.15
1544827828.22
1544827828.3
1544827828.34
1544827828.39
1544827828.45
1544827828.5
1544827828.54
1544827828.58
1544827828.62
1544827828.71
1544827828.75
1544827828.81
1544827828.89
1544827828.94
1544827828.99
1544827829.08
1544827829.14
1544827829.21
1544827829.28
1544827829.35
1544827829.41
1544827829.46
1544827829.54
1544827829.63
1544827829.69
1544827829.74
1544827829.81
1544827829.88
1544827829.95
1544827829.99
1544827830.06
1544827830.15
1544827830.22
1544827830.29
1544827830.36
1544827830.43
1544827830.51
1544827830.57
1544827830.66
1544827830.73
1544827830.81
1544827830.88
1544827830.94
1544827831.01
1544827831.1
1544827831.17
1544827831.26
1544827831.33
1544827831.4
1544827831.47
1544827831.53
1544827831.59
1544827831.65
1544827831.71
1544827831.77
1544827831.85
1544827831.92
1544827832.0
1544827832.09
1544827832.16
1544827832.22
1544827832.27
1544827832.33
1544827832.37
1544827832.41
1544827832.46
1544827832.52
1544827832.59
1544827832.65
1544827832.75
1544827832.87
1544827832.96
1544827833.04
1544827833.14
1544827833.26
1544827833.36
1544827833.43
1544827833.47
1544827833.55
1544827833.63
1544827833.7
1544827833.8
1544827833.87
1544827834.01
1544827834.11
1544827834.19
1544827834.27
1544827834.34
1544827834.42
1544827834.5
1544827834.59
1544827834.67
1544827834.75
1544827834.83
1544827834.87
1544827834.96
1544827835.02
1544827835.1
1544827835.2
1544827835.24
1544827835.32
1544827835.39
1544827835.45
1544827835.51
1544827835.57
1544827835.63
1544827835.67
1544827835.74
1544827835.81
1544827835.87
1544827835.94
1544827835.99
1544827836.03
1544827836.06
1544827836.11
1544827836.16
1544827836.26
1544827836.32
1544827836.37
1544827836.46
1544827836.55
1544827836.62
1544827836.69
1544827836.8
1544827836.87
1544827836.97
1544827837.04
1544827837.14
1544827837.24
1544827837.32
1544827837.37
1544827837.49
1544827837.59
1544827837.68
1544827837.79
1544827837.86
1544827837.91
1544827837.97
1544827838.08
1544827838.17
1544827838.26
1544827838.37
1544827838.5
1544827838.57
1544827838.7
1544827838.79
1544827838.86
1544827838.93
1544827838.98
1544827839.04
1544827839.11
1544827839.21
1544827839.3
1544827839.36
1544827839.44
1544827839.52
1544827839.59
1544827839.65
1544827839.72
1544827839.79
1544827839.85
1544827839.91
1544827839.97
1544827840.04
1544827840.11
1544827840.17
1544827840.23
1544827840.3
1544827840.36
1544827840.41
1544827840.51
1544827840.6
1544827840.68
1544827840.76
1544827840.87
1544827841.01
1544827841.08
1544827841.17
1544827841.26
1544827841.33
1544827841.42
1544827841.49
1544827841.56
1544827841.62
1544827841.68
1544827841.76
1544827841.85
1544827841.96
1544827842.05
1544827842.13
1544827842.21
1544827842.27
1544827842.42
1544827842.52
1544827842.64
1544827842.72
1544827842.79
1544827842.85
1544827842.9
1544827842.95
1544827843.03
1544827843.13
1544827843.24
1544827843.32
1544827843.42
1544827843.51
