1544901097.77
1544901098.09
1544901098.26
1544901098.42
1544901098.58
1544901098.72
1544901098.85
1544901098.96
1544901099.14
1544901099.28
1544901099.42
1544901099.54
1544901099.66
1544901099.76
1544901099.87
1544901099.98
1544901100.08
1544901100.21
1544901100.33
1544901100.44
1544901100.54
1544901100.69
1544901100.82
1544901100.94
1544901101.04
1544901101.13
1544901101.26
1544901101.36
1544901101.47
1544901101.59
1544901101.69
1544901101.8
1544901101.91
1544901101.99
1544901102.06
1544901102.16
1544901102.23
1544901102.34
1544901102.41
1544901102.52
1544901102.63
1544901102.74
1544901102.82
1544901102.94
1544901103.06
1544901103.16
1544901103.25
1544901103.36
1544901103.44
1544901103.52
1544901103.61
1544901103.73
1544901103.84
1544901103.94
1544901104.02
1544901104.11
1544901104.22
1544901104.33
1544901104.42
1544901104.54
1544901104.66
1544901104.79
1544901104.89
1544901104.98
1544901105.07
1544901105.17
1544901105.25
1544901105.34
1544901105.41
1544901105.49
1544901105.57
1544901105.65
1544901105.74
1544901105.8
1544901105.88
1544901105.96
1544901106.03
1544901106.14
1544901106.2
1544901106.29
1544901106.36
1544901106.43
1544901106.51
1544901106.58
1544901106.66
1544901106.72
1544901106.81
1544901106.9
1544901106.98
1544901107.08
1544901107.18
1544901107.3
1544901107.42
1544901107.53
1544901107.68
1544901107.79
1544901107.9
1544901107.98
1544901108.07
1544901108.14
1544901108.23
1544901108.3
1544901108.37
1544901108.44
1544901108.5
1544901108.59
1544901108.66
1544901108.73
1544901108.8
1544901108.87
1544901108.95
1544901109.02
1544901109.09
1544901109.17
1544901109.24
1544901109.31
1544901109.38
1544901109.47
1544901109.54
1544901109.61
1544901109.69
1544901109.75
1544901109.84
1544901109.91
1544901109.98
1544901110.05
1544901110.14
1544901110.21
1544901110.3
1544901110.46
1544901110.59
1544901110.69
1544901110.81
1544901110.89
1544901111.0
1544901111.11
1544901111.21
1544901111.32
1544901111.42
1544901111.52
1544901111.63
1544901111.73
1544901111.81
1544901111.91
1544901112.0
1544901112.09
1544901112.18
1544901112.29
1544901112.36
1544901112.44
1544901112.52
1544901112.61
1544901112.68
1544901112.76
1544901112.84
1544901112.92
1544901113.01
1544901113.09
1544901113.2
1544901113.3
1544901113.41
1544901113.51
1544901113.58
1544901113.71
1544901113.82
1544901113.9
1544901114.02
1544901114.1
1544901114.23
1544901114.29
1544901114.45
1544901114.56
1544901114.69
1544901114.81
1544901114.88
1544901114.96
1544901115.03
1544901115.11
1544901115.22
1544901115.38
1544901115.51
1544901115.62
1544901115.72
1544901115.83
1544901115.95
1544901116.04
1544901116.15
1544901116.27
1544901116.35
1544901116.46
1544901116.56
1544901116.63
1544901116.71
1544901116.79
1544901116.88
1544901116.96
1544901117.04
1544901117.13
1544901117.22
1544901117.32
1544901117.42
1544901117.49
1544901117.6
1544901117.71
1544901117.81
1544901117.91
1544901118.01
1544901118.13
1544901118.24
1544901118.36
1544901118.47
1544901118.59
1544901118.71
1544901118.82
1544901118.93
1544901119.04
1544901119.15
1544901119.24
1544901119.34
1544901119.43
1544901119.5
1544901119.58
1544901119.65
1544901119.71
1544901119.82
1544901119.87
1544901119.99
1544901120.05
1544901120.16
1544901120.24
1544901120.3
1544901120.38
1544901120.46
1544901120.53
1544901120.62
1544901120.69
1544901120.78
1544901120.85
1544901120.94
1544901121.03
1544901121.13
1544901121.22
1544901121.32
1544901121.42
1544901121.5
1544901121.55
1544901121.59
1544901121.67
1544901121.75
1544901121.83
1544901121.91
1544901121.98
1544901122.07
1544901122.15
1544901122.23
1544901122.3
1544901122.42
1544901122.46
1544901122.5
1544901122.58
1544901122.65
1544901122.7
1544901122.77
1544901122.84
1544901122.89
1544901122.96
1544901123.03
1544901123.07
1544901123.12
1544901123.2
1544901123.25
1544901123.29
1544901123.37
1544901123.43
1544901123.48
1544901123.55
1544901123.61
1544901123.68
1544901123.79
1544901123.85
1544901123.89
1544901123.98
1544901124.07
1544901124.19
1544901124.27
1544901124.36
1544901124.45
1544901124.53
1544901124.6
1544901124.69
1544901124.76
1544901124.83
1544901124.9
1544901124.98
1544901125.08
1544901125.17
1544901125.31
1544901125.42
1544901125.49
1544901125.56
1544901125.69
1544901125.78
1544901125.88
1544901125.96
1544901126.02
1544901126.08
1544901126.18
1544901126.28
1544901126.36
1544901126.52
1544901126.63
1544901126.69
1544901126.75
1544901126.79
1544901126.88
1544901126.95
1544901127.01
1544901127.08
1544901127.16
1544901127.27
1544901127.38
1544901127.45
1544901127.54
1544901127.61
1544901127.69
1544901127.74
1544901127.82
1544901127.89
1544901127.96
1544901128.02
1544901128.1
1544901128.17
1544901128.25
1544901128.32
1544901128.4
1544901128.46
1544901128.53
1544901128.58
1544901128.68
1544901128.75
1544901128.8
1544901128.89
1544901128.99
1544901129.09
1544901129.19
1544901129.28
1544901129.38
1544901129.49
1544901129.59
1544901129.69
1544901129.78
1544901129.87
1544901129.93
1544901129.98
1544901130.05
1544901130.13
1544901130.25
1544901130.33
1544901130.43
1544901130.53
1544901130.63
1544901130.73
1544901130.8
1544901130.89
1544901130.98
1544901131.07
1544901131.13
1544901131.18
1544901131.29
1544901131.35
1544901131.42
1544901131.48
1544901131.55
1544901131.61
1544901131.67
1544901131.73
1544901131.79
1544901131.86
1544901131.93
1544901132.0
1544901132.07
1544901132.14
1544901132.21
1544901132.31
1544901132.37
1544901132.42
1544901132.52
1544901132.58
1544901132.67
1544901132.74
1544901132.78
1544901132.87
1544901132.93
1544901132.98
1544901133.08
1544901133.15
1544901133.22
1544901133.28
1544901133.37
1544901133.43
1544901133.53
1544901133.61
1544901133.71
1544901133.77
1544901133.83
1544901133.92
1544901133.98
1544901134.06
1544901134.13
1544901134.18
1544901134.28
1544901134.36
1544901134.45
1544901134.53
1544901134.62
1544901134.73
1544901134.78
1544901134.89
1544901134.97
1544901135.08
1544901135.16
1544901135.27
1544901135.36
1544901135.46
1544901135.55
1544901135.66
1544901135.77
1544901135.86
1544901135.95
1544901135.98
1544901136.04
1544901136.09
1544901136.15
1544901136.22
1544901136.29
1544901136.38
1544901136.46
1544901136.56
1544901136.72
1544901136.84
1544901136.95
1544901137.1
1544901137.2
1544901137.34
1544901137.45
1544901137.56
1544901137.67
1544901137.79
1544901137.89
1544901137.99
1544901138.13
1544901138.22
1544901138.34
1544901138.44
1544901138.5
1544901138.56
1544901138.61
1544901138.66
1544901138.75
1544901138.82
1544901138.9
1544901138.98
1544901139.05
1544901139.12
1544901139.19
1544901139.28
1544901139.35
1544901139.43
1544901139.51
1544901139.64
1544901139.7
1544901139.75
1544901139.8
1544901139.92
1544901139.99
1544901140.08
1544901140.15
1544901140.22
1544901140.28
1544901140.36
1544901140.46
1544901140.54
1544901140.61
1544901140.66
1544901140.7
1544901140.78
1544901140.88
1544901140.98
1544901141.07
1544901141.18
1544901141.29
1544901141.43
1544901141.5
1544901141.61
1544901141.69
1544901141.81
1544901141.9
1544901142.01
1544901142.11
1544901142.24
1544901142.34
1544901142.44
1544901142.54
1544901142.63
1544901142.71
1544901142.8
1544901142.95
1544901143.12
1544901143.24
1544901143.35
1544901143.47
1544901143.61
1544901143.69
1544901143.76
1544901143.82
1544901143.89
1544901143.95
1544901144.0
1544901144.05
1544901144.09
1544901144.14
1544901144.2
1544901144.27
1544901144.32
1544901144.39
1544901144.47
1544901144.55
1544901144.65
1544901144.74
1544901144.84
1544901144.95
1544901145.05
1544901145.13
1544901145.22
1544901145.3
1544901145.42
1544901145.55
1544901145.67
1544901145.77
1544901145.84
1544901145.88
1544901145.96
1544901146.06
1544901146.15
1544901146.22
1544901146.29
1544901146.4
1544901146.47
1544901146.54
1544901146.61
1544901146.68
1544901146.8
1544901146.88
1544901146.98
1544901147.08
1544901147.18
1544901147.25
1544901147.32
1544901147.4
1544901147.48
1544901147.58
1544901147.66
1544901147.75
1544901147.86
1544901147.94
1544901148.0
1544901148.08
1544901148.16
1544901148.24
1544901148.32
1544901148.39
1544901148.47
1544901148.53
1544901148.59
1544901148.65
1544901148.75
1544901148.85
1544901148.98
1544901149.08
1544901149.2
1544901149.3
1544901149.42
1544901149.5
1544901149.57
1544901149.66
1544901149.75
1544901149.8
1544901149.87
1544901149.95
1544901150.02
1544901150.08
1544901150.2
1544901150.28
1544901150.37
1544901150.41
1544901150.45
1544901150.5
1544901150.58
1544901150.64
1544901150.68
1544901150.77
1544901150.83
1544901150.87
1544901150.91
1544901151.0
1544901151.05
1544901151.12
1544901151.22
1544901151.28
1544901151.38
1544901151.45
1544901151.52
1544901151.64
1544901151.72
1544901151.79
1544901151.85
1544901151.91
1544901151.97
1544901152.03
1544901152.09
1544901152.15
1544901152.23
1544901152.29
1544901152.37
1544901152.43
1544901152.5
1544901152.57
1544901152.65
1544901152.74
1544901152.8
1544901152.86
1544901152.92
1544901153.01
1544901153.07
1544901153.11
1544901153.15
1544901153.21
1544901153.25
1544901153.32
1544901153.36
1544901153.42
1544901153.48
1544901153.61
1544901153.67
1544901153.74
1544901153.82
1544901153.9
1544901154.0
1544901154.09
1544901154.18
1544901154.3
1544901154.42
1544901154.52
1544901154.62
1544901154.7
1544901154.79
1544901154.89
1544901154.98
1544901155.06
1544901155.17
1544901155.25
1544901155.32
1544901155.41
1544901155.49
1544901155.57
1544901155.64
1544901155.69
1544901155.82
1544901155.92
1544901155.98
1544901156.09
1544901156.22
1544901156.38
1544901156.47
1544901156.56
1544901156.69
1544901156.78
1544901156.88
1544901156.97
1544901157.06
1544901157.16
1544901157.24
1544901157.32
1544901157.41
1544901157.47
1544901157.57
1544901157.75
1544901157.84
1544901157.93
1544901158.0
1544901158.07
1544901158.15
1544901158.23
1544901158.28
1544901158.37
1544901158.47
1544901158.58
1544901158.66
1544901158.71
1544901158.79
1544901158.85
1544901158.89
1544901159.01
1544901159.09
1544901159.22
1544901159.29
1544901159.42
1544901159.5
1544901159.61
1544901159.68
1544901159.74
1544901159.79
1544901159.87
1544901159.96
1544901160.02
1544901160.07
1544901160.16
1544901160.25
1544901160.34
1544901160.41
1544901160.48
1544901160.57
1544901160.64
1544901160.69
1544901160.75
1544901160.84
1544901160.9
1544901161.0
1544901161.08
1544901161.18
1544901161.27
1544901161.38
1544901161.48
1544901161.56
1544901161.66
1544901161.75
1544901161.85
1544901161.93
1544901162.03
1544901162.11
1544901162.2
1544901162.3
1544901162.39
1544901162.48
1544901162.56
1544901162.63
1544901162.69
1544901162.75
1544901162.8
1544901162.86
1544901162.94
1544901163.03
1544901163.09
1544901163.17
1544901163.25
1544901163.29
1544901163.37
1544901163.43
1544901163.47
1544901163.52
1544901163.57
1544901163.64
1544901163.74
1544901163.82
1544901163.88
1544901163.92
1544901163.98
1544901164.06
1544901164.17
1544901164.26
1544901164.38
1544901164.53
1544901164.6
1544901164.76
1544901164.87
1544901164.99
1544901165.09
1544901165.17
1544901165.24
1544901165.32
1544901165.39
1544901165.44
1544901165.51
1544901165.65
1544901165.76
1544901165.88
1544901165.96
1544901166.04
1544901166.14
1544901166.23
1544901166.31
1544901166.4
1544901166.54
1544901166.59
1544901166.66
1544901166.74
1544901166.82
1544901166.89
1544901166.97
1544901167.04
1544901167.08
1544901167.15
1544901167.23
1544901167.31
1544901167.36
1544901167.39
1544901167.46
1544901167.53
1544901167.62
1544901167.68
1544901167.76
1544901167.87
1544901167.95
1544901167.99
1544901168.12
1544901168.18
1544901168.29
1544901168.35
1544901168.4
1544901168.49
1544901168.56
1544901168.62
1544901168.73
1544901168.77
1544901168.82
1544901168.93
1544901168.99
1544901169.06
1544901169.13
1544901169.17
1544901169.25
1544901169.32
1544901169.37
1544901169.43
1544901169.52
1544901169.58
1544901169.65
1544901169.73
1544901169.78
1544901169.83
1544901169.91
1544901169.96
1544901170.03
1544901170.08
1544901170.15
1544901170.19
1544901170.28
1544901170.36
1544901170.43
1544901170.55
1544901170.6
1544901170.68
1544901170.76
1544901170.84
1544901170.93
1544901171.0
1544901171.07
1544901171.14
1544901171.19
1544901171.25
1544901171.32
1544901171.38
1544901171.44
1544901171.5
1544901171.57
1544901171.6
1544901171.69
1544901171.75
1544901171.83
1544901171.94
1544901171.99
1544901172.11
1544901172.16
1544901172.21
1544901172.32
1544901172.39
1544901172.5
1544901172.56
1544901172.66
1544901172.75
1544901172.84
1544901172.93
1544901173.03
1544901173.1
1544901173.2
1544901173.3
1544901173.4
1544901173.5
1544901173.6
1544901173.71
1544901173.78
1544901173.91
1544901173.98
1544901174.06
1544901174.14
1544901174.21
1544901174.29
1544901174.35
1544901174.39
1544901174.45
1544901174.57
1544901174.66
1544901174.76
1544901174.85
1544901174.95
1544901175.03
1544901175.08
1544901175.22
1544901175.33
1544901175.41
1544901175.5
1544901175.6
1544901175.67
1544901175.73
1544901175.78
1544901175.85
1544901175.89
1544901175.94
1544901176.01
1544901176.12
1544901176.2
1544901176.28
1544901176.35
1544901176.42
1544901176.48
1544901176.55
1544901176.62
1544901176.68
1544901176.75
1544901176.81
1544901176.88
1544901176.95
1544901177.02
1544901177.09
1544901177.16
1544901177.2
1544901177.25
1544901177.32
1544901177.4
1544901177.5
1544901177.57
1544901177.66
1544901177.73
1544901177.77
1544901177.82
1544901177.94
1544901178.0
1544901178.06
1544901178.13
1544901178.17
1544901178.22
1544901178.31
1544901178.37
1544901178.45
1544901178.53
1544901178.59
1544901178.67
1544901178.73
1544901178.77
1544901178.84
1544901178.93
1544901179.05
1544901179.14
1544901179.25
1544901179.33
1544901179.39
1544901179.53
1544901179.61
1544901179.69
1544901179.78
1544901179.87
1544901179.93
1544901180.0
1544901180.07
1544901180.14
1544901180.21
1544901180.27
1544901180.31
1544901180.35
1544901180.43
1544901180.51
1544901180.6
1544901180.64
1544901180.68
1544901180.73
1544901180.77
1544901180.82
1544901180.86
1544901180.94
1544901180.99
1544901181.12
1544901181.17
1544901181.25
1544901181.32
1544901181.4
1544901181.46
1544901181.55
1544901181.63
1544901181.7
1544901181.77
1544901181.84
1544901181.89
1544901181.99
1544901182.05
1544901182.12
1544901182.22
1544901182.28
1544901182.34
1544901182.44
1544901182.48
1544901182.58
1544901182.67
1544901182.77
1544901182.85
1544901182.91
1544901182.99
1544901183.06
1544901183.12
1544901183.21
1544901183.26
1544901183.3
1544901183.43
1544901183.47
1544901183.53
1544901183.6
1544901183.66
1544901183.72
1544901183.82
1544901183.9
1544901183.98
1544901184.04
1544901184.08
1544901184.15
1544901184.23
1544901184.27
1544901184.33
1544901184.38
1544901184.48
1544901184.58
1544901184.65
1544901184.72
1544901184.81
1544901184.88
1544901184.98
1544901185.08
1544901185.15
1544901185.22
1544901185.26
1544901185.31
1544901185.36
1544901185.45
1544901185.53
1544901185.61
1544901185.67
1544901185.75
1544901185.86
1544901185.97
1544901186.04
1544901186.12
1544901186.19
1544901186.28
1544901186.38
1544901186.47
1544901186.55
1544901186.64
1544901186.74
1544901186.83
1544901186.91
1544901186.98
1544901187.03
1544901187.07
1544901187.12
1544901187.2
1544901187.29
1544901187.37
1544901187.45
1544901187.55
1544901187.6
1544901187.66
1544901187.71
1544901187.76
1544901187.8
1544901187.85
1544901187.89
1544901187.95
1544901188.03
1544901188.08
1544901188.15
1544901188.24
1544901188.28
1544901188.32
1544901188.4
1544901188.45
1544901188.48
1544901188.55
1544901188.62
1544901188.67
1544901188.71
1544901188.78
1544901188.85
1544901188.89
1544901188.95
1544901189.03
1544901189.11
1544901189.18
1544901189.23
1544901189.32
1544901189.43
1544901189.55
1544901189.65
1544901189.74
1544901189.83
1544901189.91
1544901190.0
1544901190.09
1544901190.13
1544901190.23
1544901190.3
1544901190.43
1544901190.49
1544901190.57
1544901190.62
1544901190.7
1544901190.81
1544901190.91
1544901191.01
1544901191.16
1544901191.23
1544901191.31
1544901191.37
1544901191.44
1544901191.5
1544901191.55
1544901191.69
1544901191.75
1544901191.83
1544901191.95
1544901192.04
1544901192.11
1544901192.19
1544901192.28
1544901192.37
1544901192.44
1544901192.52
1544901192.56
1544901192.62
1544901192.71
1544901192.76
1544901192.81
1544901192.93
1544901192.98
1544901193.06
1544901193.12
1544901193.18
1544901193.25
1544901193.35
1544901193.42
1544901193.49
1544901193.57
1544901193.64
1544901193.73
1544901193.8
1544901193.87
1544901193.95
1544901194.0
1544901194.06
1544901194.13
1544901194.22
1544901194.27
1544901194.33
1544901194.39
1544901194.45
1544901194.52
1544901194.59
1544901194.65
1544901194.72
1544901194.79
1544901194.92
1544901194.98
1544901195.05
1544901195.12
1544901195.19
1544901195.27
1544901195.35
1544901195.44
1544901195.51
1544901195.58
1544901195.69
1544901195.77
1544901195.84
1544901195.93
1544901196.01
1544901196.08
1544901196.14
1544901196.22
1544901196.27
1544901196.31
1544901196.38
1544901196.49
1544901196.61
1544901196.68
1544901196.75
1544901196.82
1544901196.91
1544901197.01
1544901197.08
1544901197.15
1544901197.23
1544901197.35
1544901197.42
1544901197.47
1544901197.54
1544901197.61
1544901197.67
1544901197.73
1544901197.81
1544901197.89
1544901197.97
1544901198.04
1544901198.11
1544901198.18
1544901198.3
1544901198.37
1544901198.45
1544901198.53
1544901198.64
1544901198.75
1544901198.83
1544901198.92
1544901198.99
1544901199.06
1544901199.16
1544901199.24
1544901199.32
1544901199.42
1544901199.49
1544901199.61
1544901199.66
1544901199.76
1544901199.85
1544901199.95
1544901200.04
1544901200.11
1544901200.19
1544901200.28
1544901200.39
1544901200.47
1544901200.56
1544901200.62
1544901200.68
1544901200.79
1544901200.89
1544901201.06
1544901201.17
1544901201.29
1544901201.38
1544901201.48
1544901201.58
1544901201.64
1544901201.7
1544901201.78
1544901201.85
1544901201.91
1544901201.99
1544901202.07
1544901202.14
1544901202.18
1544901202.24
1544901202.3
1544901202.38
1544901202.45
1544901202.51
1544901202.6
1544901202.66
1544901202.75
1544901202.84
1544901202.91
1544901203.01
1544901203.06
1544901203.1
1544901203.2
1544901203.29
1544901203.41
1544901203.48
1544901203.58
1544901203.66
1544901203.74
1544901203.84
1544901203.91
1544901204.0
1544901204.07
1544901204.15
1544901204.25
1544901204.37
1544901204.44
1544901204.5
1544901204.61
1544901204.67
1544901204.73
1544901204.83
1544901204.93
1544901205.03
1544901205.13
1544901205.23
1544901205.3
1544901205.41
1544901205.5
1544901205.61
1544901205.67
1544901205.71
1544901205.78
1544901205.85
1544901205.94
1544901206.0
1544901206.06
1544901206.1
1544901206.17
1544901206.24
1544901206.32
1544901206.38
1544901206.45
1544901206.51
1544901206.58
1544901206.64
1544901206.68
1544901206.75
1544901206.79
1544901206.86
1544901206.93
1544901206.98
1544901207.05
1544901207.13
1544901207.2
1544901207.26
1544901207.37
1544901207.45
1544901207.5
1544901207.57
1544901207.63
1544901207.7
1544901207.77
1544901207.86
1544901208.02
1544901208.15
1544901208.25
1544901208.32
1544901208.43
1544901208.53
1544901208.63
1544901208.75
1544901208.84
1544901208.92
1544901209.04
1544901209.1
1544901209.19
1544901209.23
1544901209.27
1544901209.35
1544901209.44
1544901209.54
1544901209.67
1544901209.76
1544901209.84
1544901209.93
1544901210.0
1544901210.1
1544901210.19
1544901210.25
1544901210.31
1544901210.36
1544901210.42
1544901210.46
1544901210.52
1544901210.61
1544901210.67
1544901210.75
1544901210.8
1544901210.86
1544901211.01
1544901211.13
1544901211.24
1544901211.3
1544901211.39
1544901211.44
1544901211.49
1544901211.6
1544901211.68
1544901211.78
1544901211.85
1544901211.92
1544901211.99
1544901212.08
1544901212.21
1544901212.29
1544901212.39
1544901212.48
1544901212.6
1544901212.69
1544901212.78
1544901212.86
1544901212.93
1544901212.99
1544901213.06
1544901213.13
1544901213.2
1544901213.26
1544901213.35
1544901213.44
1544901213.48
1544901213.52
1544901213.57
1544901213.62
1544901213.66
1544901213.74
1544901213.8
1544901213.89
1544901214.03
1544901214.1
1544901214.23
1544901214.33
1544901214.43
1544901214.52
1544901214.6
1544901214.69
1544901214.76
1544901214.83
1544901214.89
1544901214.99
1544901215.1
1544901215.23
1544901215.36
1544901215.48
1544901215.6
1544901215.68
1544901215.75
1544901215.78
1544901215.84
1544901215.9
1544901216.0
1544901216.09
1544901216.22
1544901216.31
1544901216.38
1544901216.56
1544901216.68
1544901216.79
1544901216.85
1544901216.95
1544901217.03
1544901217.1
1544901217.19
1544901217.29
1544901217.36
1544901217.41
1544901217.48
1544901217.61
1544901217.69
1544901217.79
1544901217.85
1544901217.94
1544901218.01
1544901218.08
1544901218.13
1544901218.18
1544901218.28
1544901218.33
1544901218.39
1544901218.46
1544901218.57
1544901218.68
1544901218.76
1544901218.84
1544901218.92
1544901218.99
1544901219.05
1544901219.1
1544901219.15
1544901219.18
1544901219.25
1544901219.33
1544901219.37
1544901219.44
1544901219.52
1544901219.59
1544901219.68
1544901219.75
1544901219.79
1544901219.88
1544901219.97
1544901220.02
1544901220.11
1544901220.17
1544901220.27
1544901220.34
1544901220.4
1544901220.49
1544901220.53
1544901220.6
1544901220.73
1544901220.85
1544901220.94
1544901221.03
1544901221.15
1544901221.27
1544901221.38
1544901221.5
1544901221.62
1544901221.75
1544901221.83
1544901221.93
1544901222.03
1544901222.14
1544901222.24
1544901222.31
1544901222.38
1544901222.48
1544901222.57
1544901222.62
1544901222.73
1544901222.84
1544901222.94
1544901223.04
1544901223.15
1544901223.22
1544901223.34
1544901223.4
1544901223.46
1544901223.51
1544901223.6
1544901223.75
1544901223.82
1544901223.92
1544901223.99
1544901224.04
1544901224.13
1544901224.18
1544901224.25
1544901224.31
1544901224.37
1544901224.45
1544901224.53
1544901224.59
1544901224.65
1544901224.73
1544901224.78
1544901224.88
1544901224.96
1544901225.02
1544901225.08
1544901225.13
1544901225.19
1544901225.23
1544901225.3
1544901225.37
1544901225.44
1544901225.5
1544901225.57
1544901225.67
1544901225.75
1544901225.84
1544901225.95
1544901226.01
1544901226.06
1544901226.14
1544901226.23
1544901226.33
1544901226.4
1544901226.52
1544901226.6
1544901226.72
1544901226.82
1544901226.91
1544901226.99
1544901227.04
1544901227.12
1544901227.2
1544901227.29
1544901227.38
1544901227.49
1544901227.56
1544901227.64
1544901227.72
1544901227.81
1544901227.89
1544901227.97
1544901228.03
1544901228.09
1544901228.15
1544901228.21
1544901228.26
1544901228.3
1544901228.35
1544901228.41
1544901228.48
1544901228.55
1544901228.6
1544901228.68
1544901228.75
1544901228.82
1544901228.92
1544901228.98
1544901229.04
1544901229.09
1544901229.17
1544901229.23
1544901229.34
1544901229.41
1544901229.51
1544901229.55
1544901229.58
1544901229.64
1544901229.71
1544901229.76
1544901229.81
1544901229.92
1544901230.02
1544901230.13
1544901230.17
1544901230.23
1544901230.27
1544901230.38
1544901230.45
1544901230.53
1544901230.62
1544901230.72
1544901230.82
1544901230.91
1544901230.97
1544901231.04
1544901231.13
1544901231.23
1544901231.31
1544901231.38
1544901231.46
1544901231.55
1544901231.63
1544901231.71
1544901231.81
1544901231.88
1544901231.95
1544901232.02
1544901232.08
1544901232.14
1544901232.19
1544901232.32
1544901232.37
1544901232.44
1544901232.48
1544901232.57
1544901232.67
1544901232.84
1544901232.93
1544901233.01
1544901233.1
1544901233.15
1544901233.27
1544901233.37
1544901233.47
1544901233.57
1544901233.66
