1544901619.95
1544901620.13
1544901620.21
1544901620.29
1544901620.36
1544901620.47
1544901620.55
1544901620.62
1544901620.68
1544901620.78
1544901620.87
1544901620.95
1544901621.0
1544901621.05
1544901621.14
1544901621.24
1544901621.34
1544901621.45
1544901621.56
1544901621.66
1544901621.72
1544901621.76
1544901621.82
1544901621.93
1544901622.02
1544901622.1
1544901622.23
1544901622.35
1544901622.44
1544901622.54
1544901622.61
1544901622.67
1544901622.77
1544901622.85
1544901622.92
1544901622.98
1544901623.05
1544901623.12
1544901623.18
1544901623.28
1544901623.36
1544901623.43
1544901623.49
1544901623.63
1544901623.73
1544901623.83
1544901623.93
1544901624.02
1544901624.09
1544901624.18
1544901624.27
1544901624.33
1544901624.37
1544901624.44
1544901624.51
1544901624.58
1544901624.65
1544901624.74
1544901624.83
1544901624.93
1544901625.02
1544901625.1
1544901625.18
1544901625.3
1544901625.35
1544901625.4
1544901625.48
1544901625.57
1544901625.66
1544901625.72
1544901625.78
1544901625.91
1544901625.98
1544901626.07
1544901626.19
1544901626.32
1544901626.43
1544901626.51
1544901626.56
1544901626.6
1544901626.68
1544901626.75
1544901626.8
1544901626.89
1544901626.96
1544901627.03
1544901627.13
1544901627.2
1544901627.28
1544901627.36
1544901627.43
1544901627.51
1544901627.57
1544901627.63
1544901627.72
1544901627.78
1544901627.86
1544901627.94
1544901628.01
1544901628.1
1544901628.16
1544901628.23
1544901628.3
1544901628.4
1544901628.5
1544901628.55
1544901628.63
1544901628.72
1544901628.78
1544901628.86
1544901628.96
1544901629.08
1544901629.17
1544901629.24
1544901629.33
1544901629.42
1544901629.51
1544901629.58
1544901629.71
1544901629.77
1544901629.88
1544901629.95
1544901630.04
1544901630.13
1544901630.2
1544901630.3
1544901630.38
1544901630.47
1544901630.56
1544901630.65
1544901630.73
1544901630.77
1544901630.86
1544901630.93
1544901631.01
1544901631.12
1544901631.19
1544901631.3
1544901631.38
1544901631.51
1544901631.57
1544901631.63
1544901631.69
1544901631.75
1544901631.85
1544901631.94
1544901632.02
1544901632.08
1544901632.17
1544901632.23
1544901632.3
1544901632.37
1544901632.43
1544901632.5
1544901632.62
1544901632.68
1544901632.76
1544901632.83
1544901632.89
1544901632.98
1544901633.07
1544901633.15
1544901633.23
1544901633.28
1544901633.38
1544901633.46
1544901633.54
1544901633.62
1544901633.67
1544901633.75
1544901633.82
1544901633.89
1544901633.96
1544901634.02
1544901634.08
1544901634.14
1544901634.22
1544901634.32
1544901634.43
1544901634.55
1544901634.64
1544901634.74
1544901634.78
1544901634.87
1544901634.94
1544901635.02
1544901635.11
1544901635.17
1544901635.28
1544901635.36
1544901635.47
1544901635.53
1544901635.58
1544901635.66
1544901635.74
1544901635.82
1544901635.89
1544901635.97
1544901636.05
1544901636.12
1544901636.18
1544901636.28
1544901636.38
1544901636.47
1544901636.57
1544901636.65
1544901636.74
1544901636.85
1544901636.94
1544901637.05
1544901637.13
1544901637.22
1544901637.32
1544901637.4
1544901637.49
1544901637.6
1544901637.69
1544901637.75
1544901637.84
1544901637.92
1544901637.99
1544901638.05
1544901638.12
1544901638.2
1544901638.28
1544901638.35
1544901638.43
1544901638.49
1544901638.55
1544901638.65
1544901638.73
1544901638.82
1544901638.87
1544901638.94
1544901639.04
1544901639.13
1544901639.21
1544901639.27
1544901639.34
1544901639.41
1544901639.5
1544901639.58
1544901639.67
1544901639.78
1544901639.86
1544901639.97
1544901640.05
1544901640.15
1544901640.22
1544901640.29
1544901640.41
1544901640.48
1544901640.57
1544901640.63
1544901640.75
1544901640.84
1544901640.94
1544901641.02
1544901641.1
1544901641.18
1544901641.26
1544901641.35
1544901641.48
1544901641.57
1544901641.63
1544901641.68
1544901641.79
1544901641.85
1544901641.97
1544901642.04
1544901642.08
1544901642.16
1544901642.25
1544901642.34
1544901642.43
1544901642.57
1544901642.67
1544901642.73
1544901642.85
1544901642.93
1544901643.02
1544901643.11
1544901643.19
1544901643.24
1544901643.3
1544901643.38
1544901643.5
1544901643.6
1544901643.68
1544901643.76
1544901643.83
1544901643.88
1544901643.94
1544901643.98
1544901644.03
1544901644.11
1544901644.19
1544901644.25
1544901644.33
1544901644.41
1544901644.48
1544901644.56
1544901644.63
1544901644.7
1544901644.76
1544901644.85
1544901644.92
1544901645.01
1544901645.08
1544901645.16
1544901645.25
1544901645.37
1544901645.44
1544901645.52
1544901645.63
1544901645.71
1544901645.75
1544901645.8
1544901645.88
1544901645.96
1544901646.03
1544901646.13
1544901646.21
1544901646.28
1544901646.36
1544901646.43
1544901646.47
1544901646.55
1544901646.65
1544901646.77
1544901646.83
1544901646.92
1544901646.99
1544901647.11
1544901647.18
1544901647.25
1544901647.34
1544901647.41
1544901647.5
1544901647.58
1544901647.68
1544901647.78
1544901647.91
1544901647.98
1544901648.11
1544901648.16
1544901648.24
1544901648.31
1544901648.36
1544901648.48
1544901648.53
1544901648.62
1544901648.73
1544901648.77
1544901648.84
1544901648.9
1544901648.95
1544901649.03
1544901649.11
1544901649.17
1544901649.26
1544901649.33
1544901649.42
1544901649.5
1544901649.56
1544901649.63
1544901649.69
1544901649.75
1544901649.82
1544901649.93
1544901649.99
1544901650.05
1544901650.14
1544901650.25
1544901650.32
1544901650.41
1544901650.49
1544901650.58
1544901650.66
1544901650.71
1544901650.78
1544901650.88
1544901650.99
1544901651.12
1544901651.18
1544901651.25
1544901651.31
1544901651.37
1544901651.47
1544901651.54
1544901651.65
1544901651.72
1544901651.83
1544901651.9
1544901651.96
1544901652.03
1544901652.1
1544901652.18
1544901652.26
1544901652.33
1544901652.37
1544901652.5
1544901652.62
1544901652.73
1544901652.78
1544901652.86
1544901652.92
1544901652.98
1544901653.04
1544901653.1
1544901653.15
1544901653.24
1544901653.3
1544901653.38
1544901653.45
1544901653.51
1544901653.59
1544901653.65
1544901653.69
1544901653.75
1544901653.83
1544901653.87
1544901653.93
1544901654.01
1544901654.06
1544901654.11
1544901654.15
1544901654.23
1544901654.29
1544901654.38
1544901654.43
1544901654.48
1544901654.53
1544901654.62
1544901654.68
1544901654.79
1544901654.85
1544901654.96
1544901655.02
1544901655.06
1544901655.12
1544901655.23
1544901655.32
1544901655.42
1544901655.48
1544901655.59
1544901655.65
1544901655.72
1544901655.82
1544901655.88
1544901655.96
1544901656.04
1544901656.13
1544901656.19
1544901656.24
1544901656.28
1544901656.34
1544901656.38
1544901656.43
1544901656.48
1544901656.55
1544901656.6
1544901656.65
1544901656.71
1544901656.78
1544901656.85
1544901656.93
1544901657.03
1544901657.1
1544901657.2
1544901657.28
1544901657.38
1544901657.46
1544901657.53
1544901657.59
1544901657.63
1544901657.67
1544901657.72
1544901657.81
1544901657.85
1544901657.9
1544901657.96
1544901658.04
1544901658.1
1544901658.16
1544901658.22
1544901658.25
1544901658.3
1544901658.36
1544901658.42
1544901658.46
1544901658.52
1544901658.59
1544901658.66
1544901658.74
1544901658.83
1544901658.93
1544901659.04
1544901659.15
1544901659.22
1544901659.31
1544901659.4
1544901659.47
1544901659.55
1544901659.61
1544901659.66
1544901659.75
1544901659.82
1544901659.92
1544901660.01
1544901660.09
1544901660.18
1544901660.25
1544901660.38
1544901660.45
1544901660.5
1544901660.58
1544901660.65
1544901660.7
1544901660.78
1544901660.86
1544901660.95
1544901661.02
1544901661.08
1544901661.16
1544901661.23
1544901661.31
1544901661.42
1544901661.5
1544901661.6
1544901661.7
1544901661.77
1544901661.85
1544901661.97
1544901662.06
1544901662.17
1544901662.27
1544901662.36
1544901662.45
1544901662.53
1544901662.61
1544901662.69
1544901662.8
1544901662.88
1544901663.02
1544901663.09
1544901663.17
1544901663.26
1544901663.35
1544901663.44
1544901663.52
1544901663.61
1544901663.68
1544901663.75
1544901663.81
1544901663.89
1544901663.98
1544901664.03
1544901664.08
1544901664.15
1544901664.27
1544901664.36
1544901664.46
1544901664.55
1544901664.67
1544901664.73
1544901664.84
1544901664.93
1544901665.06
1544901665.16
1544901665.27
1544901665.38
1544901665.46
1544901665.52
1544901665.61
1544901665.68
1544901665.78
1544901665.87
1544901665.98
1544901666.07
1544901666.16
1544901666.26
1544901666.36
1544901666.47
1544901666.57
1544901666.65
1544901666.75
1544901666.84
1544901666.92
1544901666.97
1544901667.03
1544901667.12
1544901667.21
1544901667.31
1544901667.4
1544901667.49
1544901667.57
1544901667.65
1544901667.74
1544901667.81
1544901667.9
1544901667.98
1544901668.05
1544901668.13
1544901668.21
1544901668.3
1544901668.38
1544901668.47
1544901668.56
1544901668.67
1544901668.77
1544901668.88
1544901668.95
1544901669.03
1544901669.14
1544901669.21
1544901669.32
1544901669.36
1544901669.44
1544901669.52
1544901669.6
1544901669.66
1544901669.74
1544901669.83
1544901669.91
1544901669.97
1544901670.03
1544901670.08
1544901670.16
1544901670.25
1544901670.31
1544901670.36
1544901670.44
1544901670.53
1544901670.6
1544901670.7
1544901670.79
1544901670.88
1544901670.98
1544901671.1
1544901671.2
1544901671.32
1544901671.38
1544901671.47
1544901671.55
1544901671.64
1544901671.72
1544901671.79
1544901671.88
1544901671.94
1544901671.97
1544901672.03
1544901672.1
1544901672.15
1544901672.26
1544901672.32
1544901672.4
1544901672.49
1544901672.55
1544901672.6
1544901672.69
1544901672.76
1544901672.85
1544901672.92
1544901672.98
1544901673.05
1544901673.13
1544901673.17
1544901673.23
1544901673.31
1544901673.4
1544901673.5
1544901673.58
1544901673.64
1544901673.75
1544901673.84
1544901673.94
1544901674.0
1544901674.1
1544901674.21
1544901674.28
1544901674.36
1544901674.44
1544901674.52
1544901674.59
1544901674.65
1544901674.74
1544901674.83
1544901674.9
1544901674.97
1544901675.05
1544901675.11
1544901675.18
1544901675.29
1544901675.35
1544901675.4
1544901675.46
1544901675.5
1544901675.55
1544901675.58
1544901675.65
1544901675.7
1544901675.74
1544901675.8
1544901675.89
1544901675.98
1544901676.06
1544901676.13
1544901676.2
1544901676.29
1544901676.38
1544901676.47
1544901676.54
1544901676.64
1544901676.72
1544901676.78
1544901676.88
1544901676.94
1544901676.97
1544901677.06
1544901677.13
1544901677.19
1544901677.26
1544901677.35
1544901677.43
1544901677.49
1544901677.55
1544901677.63
1544901677.72
1544901677.79
1544901677.88
1544901677.95
1544901678.04
1544901678.1
1544901678.16
1544901678.2
1544901678.27
1544901678.34
1544901678.47
1544901678.53
1544901678.58
1544901678.64
1544901678.71
1544901678.76
1544901678.85
1544901678.91
1544901678.96
1544901679.05
1544901679.11
1544901679.17
1544901679.24
1544901679.3
1544901679.38
1544901679.46
1544901679.54
1544901679.59
1544901679.67
1544901679.73
1544901679.79
1544901679.89
1544901679.97
1544901680.04
1544901680.09
1544901680.17
1544901680.21
1544901680.3
1544901680.35
1544901680.42
1544901680.51
1544901680.55
1544901680.64
1544901680.72
1544901680.81
1544901680.91
1544901680.98
1544901681.08
1544901681.14
1544901681.18
1544901681.23
1544901681.3
1544901681.35
1544901681.4
1544901681.5
1544901681.55
1544901681.61
1544901681.71
1544901681.79
1544901681.9
1544901681.95
1544901682.0
1544901682.11
1544901682.17
1544901682.23
1544901682.28
1544901682.37
1544901682.48
1544901682.56
1544901682.66
1544901682.74
1544901682.81
1544901682.93
1544901683.02
1544901683.11
1544901683.2
1544901683.28
1544901683.34
1544901683.4
1544901683.46
1544901683.54
1544901683.6
1544901683.64
1544901683.73
1544901683.79
1544901683.87
1544901683.94
1544901684.03
1544901684.11
1544901684.18
1544901684.28
1544901684.36
1544901684.43
1544901684.49
1544901684.56
1544901684.63
1544901684.69
1544901684.77
1544901684.83
1544901684.89
1544901684.95
1544901684.99
1544901685.08
1544901685.15
1544901685.22
1544901685.3
1544901685.39
1544901685.49
1544901685.58
1544901685.64
1544901685.73
1544901685.82
1544901685.93
1544901686.04
1544901686.13
1544901686.21
1544901686.34
1544901686.38
1544901686.48
1544901686.53
1544901686.58
1544901686.63
1544901686.68
1544901686.76
1544901686.82
1544901686.86
1544901686.94
1544901687.03
1544901687.12
1544901687.24
1544901687.32
1544901687.43
1544901687.5
1544901687.58
1544901687.64
1544901687.72
1544901687.84
1544901687.89
1544901687.97
1544901688.05
1544901688.11
1544901688.24
1544901688.32
1544901688.42
1544901688.52
1544901688.62
1544901688.69
1544901688.81
1544901688.92
1544901689.0
1544901689.06
1544901689.1
1544901689.17
1544901689.3
1544901689.42
1544901689.52
1544901689.6
1544901689.68
1544901689.76
1544901689.83
1544901689.94
1544901690.01
1544901690.08
1544901690.17
1544901690.27
1544901690.41
1544901690.49
1544901690.61
1544901690.68
1544901690.73
1544901690.77
1544901690.83
1544901690.88
1544901690.95
1544901691.03
1544901691.08
1544901691.15
1544901691.22
1544901691.32
1544901691.43
1544901691.5
1544901691.6
1544901691.65
1544901691.69
1544901691.78
1544901691.84
1544901691.97
1544901692.07
1544901692.19
1544901692.28
1544901692.34
1544901692.41
1544901692.52
1544901692.61
1544901692.67
1544901692.81
1544901692.95
1544901693.01
1544901693.08
1544901693.15
1544901693.22
1544901693.28
1544901693.38
1544901693.49
1544901693.61
1544901693.68
1544901693.75
1544901693.83
1544901693.89
1544901693.97
1544901694.04
1544901694.12
1544901694.18
1544901694.26
1544901694.31
1544901694.4
1544901694.45
1544901694.49
1544901694.61
1544901694.64
1544901694.68
1544901694.77
1544901694.82
1544901694.9
1544901694.97
1544901695.05
1544901695.12
1544901695.22
1544901695.29
1544901695.38
1544901695.46
1544901695.55
1544901695.63
1544901695.72
1544901695.82
1544901695.89
1544901696.0
1544901696.08
1544901696.14
1544901696.18
1544901696.26
1544901696.35
1544901696.42
1544901696.49
1544901696.61
1544901696.71
1544901696.81
1544901696.87
1544901696.95
1544901697.02
1544901697.1
1544901697.2
1544901697.26
1544901697.34
1544901697.48
1544901697.57
1544901697.67
1544901697.74
1544901697.84
1544901697.95
1544901698.02
1544901698.08
1544901698.17
1544901698.24
1544901698.34
1544901698.4
1544901698.46
1544901698.51
1544901698.6
1544901698.67
1544901698.75
1544901698.83
1544901698.88
1544901698.96
1544901699.02
1544901699.06
1544901699.12
1544901699.19
1544901699.26
1544901699.33
1544901699.39
1544901699.47
1544901699.54
1544901699.6
1544901699.68
1544901699.76
1544901699.82
1544901699.89
1544901699.98
1544901700.04
1544901700.08
1544901700.13
1544901700.22
1544901700.28
1544901700.37
1544901700.43
1544901700.47
1544901700.51
1544901700.58
1544901700.67
1544901700.76
1544901700.83
1544901700.9
1544901700.96
1544901701.03
1544901701.08
1544901701.13
1544901701.18
1544901701.25
1544901701.3
1544901701.4
1544901701.46
1544901701.52
1544901701.57
1544901701.64
1544901701.69
1544901701.74
1544901701.8
1544901701.91
1544901701.95
1544901702.04
1544901702.11
1544901702.18
1544901702.3
1544901702.39
1544901702.46
1544901702.53
1544901702.64
1544901702.73
1544901702.78
1544901702.85
1544901702.9
1544901702.96
1544901703.03
1544901703.12
1544901703.17
1544901703.26
1544901703.33
1544901703.44
1544901703.53
1544901703.59
1544901703.68
1544901703.75
1544901703.85
1544901703.94
1544901704.0
1544901704.08
1544901704.18
1544901704.29
1544901704.38
1544901704.52
1544901704.6
1544901704.72
1544901704.78
1544901704.9
1544901704.97
1544901705.04
1544901705.11
1544901705.17
1544901705.22
1544901705.29
1544901705.34
1544901705.39
1544901705.46
1544901705.53
1544901705.58
1544901705.66
1544901705.73
1544901705.82
1544901705.93
1544901706.05
1544901706.17
1544901706.28
1544901706.35
1544901706.43
1544901706.53
1544901706.61
1544901706.7
1544901706.8
1544901706.91
1544901707.03
1544901707.09
1544901707.15
1544901707.18
1544901707.29
1544901707.38
1544901707.49
1544901707.58
1544901707.64
1544901707.7
1544901707.77
1544901707.84
1544901707.91
1544901707.97
1544901708.05
1544901708.13
1544901708.19
1544901708.27
1544901708.36
1544901708.41
1544901708.5
1544901708.56
1544901708.65
1544901708.73
1544901708.82
1544901708.93
1544901709.01
1544901709.08
1544901709.17
1544901709.24
1544901709.31
1544901709.36
1544901709.41
1544901709.53
1544901709.63
1544901709.73
1544901709.84
1544901709.95
1544901710.03
1544901710.18
1544901710.27
1544901710.34
1544901710.4
1544901710.46
1544901710.49
1544901710.53
1544901710.58
1544901710.67
1544901710.76
1544901710.83
1544901710.91
1544901710.98
1544901711.06
1544901711.13
1544901711.2
1544901711.28
1544901711.34
1544901711.4
1544901711.45
1544901711.52
1544901711.62
1544901711.68
1544901711.76
1544901711.82
1544901711.92
1544901711.97
1544901712.02
1544901712.1
1544901712.17
1544901712.25
1544901712.34
1544901712.42
1544901712.52
1544901712.6
1544901712.68
1544901712.75
1544901712.8
1544901712.91
1544901712.99
1544901713.09
1544901713.16
1544901713.2
1544901713.3
1544901713.35
1544901713.41
1544901713.51
1544901713.6
1544901713.68
1544901713.76
1544901713.79
1544901713.83
1544901713.87
1544901713.93
1544901714.01
1544901714.08
1544901714.16
1544901714.22
1544901714.3
1544901714.36
1544901714.44
1544901714.51
1544901714.58
1544901714.65
1544901714.74
1544901714.81
1544901714.88
1544901714.95
1544901715.01
1544901715.09
1544901715.17
1544901715.25
1544901715.33
1544901715.4
1544901715.48
1544901715.55
1544901715.63
1544901715.7
1544901715.76
1544901715.82
1544901715.89
1544901715.96
1544901716.03
1544901716.09
1544901716.13
1544901716.21
1544901716.29
1544901716.36
1544901716.43
1544901716.49
1544901716.55
1544901716.63
1544901716.69
1544901716.77
1544901716.82
1544901716.87
1544901716.94
1544901716.98
1544901717.05
1544901717.12
1544901717.19
1544901717.3
1544901717.35
1544901717.4
1544901717.45
1544901717.54
1544901717.61
1544901717.68
1544901717.73
1544901717.77
1544901717.86
1544901717.94
1544901718.01
1544901718.09
1544901718.15
1544901718.2
1544901718.26
1544901718.32
1544901718.36
1544901718.43
1544901718.51
1544901718.59
1544901718.67
1544901718.75
1544901718.84
1544901718.93
1544901718.99
1544901719.08
1544901719.23
1544901719.35
1544901719.42
1544901719.5
1544901719.58
1544901719.67
1544901719.76
1544901719.83
1544901719.92
1544901720.0
1544901720.06
1544901720.14
1544901720.24
1544901720.31
1544901720.38
1544901720.47
1544901720.56
1544901720.64
1544901720.73
1544901720.79
1544901720.91
1544901720.97
1544901721.02
1544901721.08
1544901721.15
1544901721.26
1544901721.32
1544901721.38
1544901721.48
1544901721.57
1544901721.67
1544901721.74
1544901721.78
1544901721.85
1544901721.94
1544901722.04
1544901722.15
1544901722.25
1544901722.34
1544901722.45
1544901722.55
1544901722.65
1544901722.73
1544901722.82
1544901722.88
1544901722.98
1544901723.07
1544901723.15
1544901723.2
1544901723.3
1544901723.37
1544901723.45
1544901723.54
1544901723.63
1544901723.68
1544901723.75
1544901723.81
1544901723.88
1544901723.94
1544901724.01
1544901724.09
1544901724.15
1544901724.19
1544901724.27
1544901724.33
1544901724.38
1544901724.44
1544901724.48
1544901724.56
1544901724.64
1544901724.69
1544901724.74
1544901724.82
1544901724.88
1544901724.94
1544901724.98
1544901725.04
1544901725.11
1544901725.18
1544901725.28
1544901725.35
1544901725.39
1544901725.46
1544901725.55
1544901725.62
1544901725.71
1544901725.76
1544901725.84
1544901725.91
1544901725.96
1544901726.02
1544901726.09
1544901726.18
1544901726.32
1544901726.47
1544901726.55
1544901726.65
1544901726.75
1544901726.85
1544901726.91
1544901727.0
1544901727.07
1544901727.13
1544901727.22
1544901727.27
1544901727.33
1544901727.39
1544901727.44
1544901727.48
1544901727.55
1544901727.65
1544901727.72
1544901727.78
1544901727.85
1544901727.94
1544901728.01
1544901728.11
1544901728.2
1544901728.27
1544901728.35
1544901728.42
1544901728.48
1544901728.55
1544901728.64
1544901728.73
1544901728.81
1544901728.89
1544901728.96
1544901729.04
1544901729.14
1544901729.22
1544901729.31
1544901729.41
1544901729.47
1544901729.54
1544901729.63
1544901729.68
1544901729.75
1544901729.82
1544901729.89
1544901729.97
1544901730.03
1544901730.11
1544901730.22
1544901730.29
1544901730.41
1544901730.47
1544901730.55
1544901730.62
1544901730.72
1544901730.81
1544901730.93
1544901731.03
1544901731.11
1544901731.18
1544901731.26
1544901731.34
1544901731.43
1544901731.52
1544901731.61
1544901731.68
1544901731.75
1544901731.84
1544901731.92
1544901731.98
1544901732.03
1544901732.12
1544901732.22
1544901732.29
1544901732.35
1544901732.47
1544901732.55
1544901732.64
1544901732.68
1544901732.75
1544901732.82
1544901732.87
1544901732.96
1544901733.03
1544901733.1
1544901733.2
1544901733.26
1544901733.31
1544901733.41
1544901733.44
1544901733.48
1544901733.52
1544901733.6
1544901733.67
1544901733.78
1544901733.84
1544901733.95
1544901734.04
1544901734.12
1544901734.16
1544901734.25
1544901734.39
1544901734.49
1544901734.64
1544901734.75
1544901734.83
1544901734.91
1544901734.99
1544901735.1
1544901735.19
1544901735.29
1544901735.43
1544901735.55
1544901735.62
1544901735.66
1544901735.74
1544901735.8
1544901735.86
1544901735.95
1544901736.02
1544901736.11
1544901736.17
1544901736.26
1544901736.33
1544901736.39
1544901736.47
1544901736.55
1544901736.62
1544901736.7
1544901736.76
1544901736.84
1544901736.91
1544901737.0
1544901737.08
1544901737.17
1544901737.25
1544901737.33
1544901737.38
1544901737.43
1544901737.47
1544901737.54
1544901737.66
1544901737.76
1544901737.82
1544901737.91
1544901737.99
1544901738.12
1544901738.23
1544901738.33
1544901738.42
1544901738.52
1544901738.61
1544901738.68
1544901738.74
1544901738.78
1544901738.84
1544901738.91
1544901738.96
1544901739.0
1544901739.08
1544901739.19
1544901739.28
1544901739.36
1544901739.5
1544901739.58
1544901739.68
1544901739.76
1544901739.87
1544901739.97
1544901740.07
1544901740.15
1544901740.21
1544901740.26
1544901740.31
1544901740.35
1544901740.4
1544901740.51
1544901740.56
1544901740.63
1544901740.66
1544901740.72
1544901740.76
1544901740.87
1544901740.95
1544901741.01
1544901741.08
1544901741.16
1544901741.24
1544901741.32
1544901741.41
1544901741.52
1544901741.57
1544901741.65
1544901741.71
1544901741.78
1544901741.85
1544901741.95
1544901742.03
1544901742.11
1544901742.17
1544901742.25
1544901742.31
1544901742.37
1544901742.42
1544901742.48
1544901742.55
1544901742.6
1544901742.69
1544901742.73
1544901742.78
1544901742.86
1544901742.95
1544901743.06
1544901743.14
1544901743.21
1544901743.26
1544901743.31
1544901743.38
1544901743.45
1544901743.51
1544901743.58
1544901743.65
1544901743.73
1544901743.81
1544901743.87
1544901743.96
1544901744.04
1544901744.13
1544901744.19
1544901744.23
1544901744.31
1544901744.39
1544901744.46
1544901744.53
1544901744.6
1544901744.73
1544901744.81
1544901744.86
1544901744.92
1544901745.0
1544901745.05
1544901745.14
1544901745.21
1544901745.27
1544901745.32
1544901745.37
1544901745.45
1544901745.54
1544901745.63
1544901745.7
1544901745.78
1544901745.88
1544901745.95
1544901746.01
1544901746.07
1544901746.11
1544901746.15
1544901746.21
1544901746.27
1544901746.33
1544901746.42
1544901746.48
1544901746.55
1544901746.64
1544901746.71
1544901746.77
1544901746.87
1544901746.94
1544901747.03
1544901747.1
1544901747.14
1544901747.18
1544901747.28
1544901747.35
1544901747.42
1544901747.47
1544901747.54
1544901747.61
1544901747.69
1544901747.83
1544901747.92
1544901747.99
1544901748.1
1544901748.18
1544901748.25
1544901748.31
1544901748.36
1544901748.45
1544901748.54
1544901748.64
1544901748.75
1544901748.85
1544901748.98
1544901749.07
1544901749.13
1544901749.2
1544901749.27
1544901749.34
1544901749.43
1544901749.49
1544901749.59
1544901749.64
1544901749.71
1544901749.79
1544901749.89
1544901749.98
1544901750.05
1544901750.15
1544901750.22
1544901750.3
1544901750.4
1544901750.48
1544901750.56
1544901750.63
1544901750.67
1544901750.74
1544901750.87
1544901750.97
1544901751.07
1544901751.15
1544901751.21
1544901751.3
1544901751.4
1544901751.46
1544901751.56
1544901751.62
1544901751.73
1544901751.81
1544901751.91
1544901751.98
1544901752.05
1544901752.12
1544901752.21
1544901752.32
1544901752.36
1544901752.4
1544901752.54
1544901752.65
1544901752.71
1544901752.78
1544901752.87
1544901752.98
1544901753.12
1544901753.24
1544901753.34
1544901753.43
1544901753.52
1544901753.58
1544901753.65
1544901753.73
1544901753.78
1544901753.86
1544901753.93
1544901753.97
1544901754.08
1544901754.18
1544901754.26
1544901754.33
1544901754.4
1544901754.45
1544901754.51
1544901754.58
1544901754.7
1544901754.77
1544901754.85
1544901754.93
1544901754.98
1544901755.05
1544901755.16
1544901755.27
1544901755.34
1544901755.39
1544901755.48
1544901755.57
1544901755.68
1544901755.75
1544901755.83
1544901755.92
1544901756.0
1544901756.08
1544901756.15
1544901756.24
1544901756.33
1544901756.39
1544901756.51
1544901756.58
1544901756.66
1544901756.76
1544901756.83
1544901756.91
1544901756.97
1544901757.05
1544901757.13
1544901757.21
1544901757.29
1544901757.36
1544901757.42
1544901757.51
1544901757.58
1544901757.73
1544901757.85
1544901757.97
1544901758.06
1544901758.15
1544901758.24
1544901758.34
1544901758.43
1544901758.51
1544901758.63
1544901758.71
1544901758.78
1544901758.87
1544901758.96
1544901759.05
1544901759.11
1544901759.21
1544901759.3
1544901759.38
1544901759.45
1544901759.53
1544901759.62
1544901759.69
1544901759.78
1544901759.86
1544901759.91
1544901759.97
1544901760.03
1544901760.07
1544901760.11
1544901760.17
1544901760.25
1544901760.33
1544901760.41
1544901760.48
1544901760.56
1544901760.65
1544901760.73
1544901760.81
1544901760.88
1544901760.95
1544901761.02
1544901761.1
1544901761.15
1544901761.2
1544901761.28
1544901761.34
1544901761.41
1544901761.5
1544901761.58
1544901761.69
1544901761.8
1544901761.86
1544901761.94
1544901762.01
1544901762.11
1544901762.17
1544901762.25
1544901762.34
1544901762.43
1544901762.51
1544901762.58
1544901762.71
1544901762.81
1544901762.91
1544901762.95
1544901763.02
1544901763.11
1544901763.18
1544901763.26
1544901763.33
1544901763.37
1544901763.42
1544901763.49
1544901763.54
1544901763.58
1544901763.63
1544901763.72
1544901763.76
1544901763.85
1544901763.91
1544901763.98
1544901764.12
1544901764.17
1544901764.22
1544901764.26
1544901764.33
1544901764.38
1544901764.47
1544901764.53
1544901764.62
1544901764.7
1544901764.78
1544901764.92
1544901765.04
1544901765.12
1544901765.18
1544901765.22
1544901765.31
1544901765.4
1544901765.48
1544901765.55
1544901765.59
1544901765.69
1544901765.74
1544901765.78
1544901765.87
1544901765.94
1544901765.98
1544901766.11
1544901766.16
1544901766.22
1544901766.34
1544901766.45
1544901766.53
1544901766.59
1544901766.71
1544901766.8
1544901766.88
1544901766.95
1544901767.03
1544901767.12
1544901767.18
1544901767.28
1544901767.37
1544901767.48
1544901767.55
1544901767.65
1544901767.73
1544901767.78
1544901767.9
1544901767.98
1544901768.04
1544901768.1
1544901768.15
1544901768.21
1544901768.3
1544901768.41
1544901768.49
1544901768.56
1544901768.64
1544901768.7
1544901768.78
1544901768.85
1544901768.92
1544901768.99
1544901769.06
1544901769.13
1544901769.21
1544901769.28
1544901769.35
1544901769.43
1544901769.49
1544901769.56
1544901769.63
1544901769.69
1544901769.76
1544901769.86
1544901769.98
1544901770.07
1544901770.14
1544901770.2
1544901770.3
1544901770.38
1544901770.45
1544901770.52
1544901770.58
1544901770.69
1544901770.75
1544901770.79
1544901770.88
1544901770.94
1544901771.0
1544901771.07
1544901771.14
1544901771.22
1544901771.28
1544901771.35
1544901771.44
1544901771.5
1544901771.54
1544901771.61
1544901771.64
1544901771.68
1544901771.75
1544901771.82
1544901771.88
1544901771.98
1544901772.04
1544901772.11
1544901772.17
1544901772.25
1544901772.36
1544901772.43
1544901772.52
1544901772.55
1544901772.63
1544901772.72
1544901772.82
1544901772.9
1544901772.98
1544901773.06
1544901773.13
1544901773.19
1544901773.26
1544901773.35
1544901773.44
1544901773.52
1544901773.6
1544901773.67
1544901773.74
1544901773.84
1544901773.92
1544901774.03
1544901774.13
1544901774.19
1544901774.25
1544901774.32
1544901774.39
1544901774.45
1544901774.52
1544901774.58
1544901774.64
1544901774.7
1544901774.76
1544901774.83
1544901774.89
1544901774.94
1544901774.99
1544901775.06
1544901775.13
1544901775.19
1544901775.26
1544901775.32
1544901775.38
1544901775.44
1544901775.48
1544901775.55
1544901775.6
1544901775.67
1544901775.73
1544901775.79
1544901775.87
1544901775.92
1544901775.98
1544901776.04
1544901776.08
1544901776.14
1544901776.23
1544901776.27
1544901776.32
1544901776.39
1544901776.46
1544901776.51
1544901776.62
1544901776.67
1544901776.75
1544901776.86
1544901777.02
1544901777.08
1544901777.13
1544901777.23
1544901777.31
1544901777.38
1544901777.46
1544901777.52
1544901777.61
1544901777.67
1544901777.73
1544901777.79
1544901777.87
1544901777.92
1544901777.99
1544901778.04
1544901778.09
1544901778.15
1544901778.26
1544901778.33
1544901778.4
1544901778.5
1544901778.59
1544901778.68
1544901778.75
1544901778.83
1544901778.9
1544901778.98
1544901779.05
1544901779.13
1544901779.21
1544901779.29
1544901779.38
1544901779.45
1544901779.51
1544901779.55
1544901779.61
