1544827690.03
1544827690.34
1544827690.44
1544827690.56
1544827690.68
1544827690.82
1544827690.91
1544827691.04
1544827691.16
1544827691.27
1544827691.37
1544827691.47
1544827691.59
1544827691.68
1544827691.78
1544827691.87
1544827691.98
1544827692.05
1544827692.11
1544827692.17
1544827692.25
1544827692.32
1544827692.39
1544827692.46
1544827692.52
1544827692.59
1544827692.66
1544827692.73
1544827692.8
1544827692.87
1544827692.95
1544827693.04
1544827693.12
1544827693.2
1544827693.28
1544827693.37
1544827693.45
1544827693.52
1544827693.62
1544827693.72
1544827693.83
1544827693.91
1544827693.99
1544827694.07
1544827694.15
1544827694.23
1544827694.3
1544827694.37
1544827694.45
1544827694.52
1544827694.61
1544827694.68
1544827694.76
1544827694.83
1544827694.91
1544827694.97
1544827695.05
1544827695.11
1544827695.18
1544827695.25
1544827695.34
1544827695.41
1544827695.49
1544827695.57
1544827695.65
1544827695.71
1544827695.77
1544827695.85
1544827695.93
1544827696.01
1544827696.08
1544827696.15
1544827696.22
1544827696.29
1544827696.36
1544827696.42
1544827696.48
1544827696.54
1544827696.63
1544827696.7
1544827696.76
1544827696.83
1544827696.89
1544827696.95
1544827697.01
1544827697.06
1544827697.13
1544827697.2
1544827697.26
1544827697.32
1544827697.39
1544827697.49
1544827697.59
1544827697.69
1544827697.81
1544827697.89
1544827698.02
1544827698.08
1544827698.2
1544827698.27
1544827698.38
1544827698.49
1544827698.64
1544827698.76
1544827698.83
1544827698.91
1544827698.97
1544827699.03
1544827699.09
1544827699.15
1544827699.23
1544827699.29
1544827699.36
1544827699.44
1544827699.51
1544827699.56
1544827699.62
1544827699.69
1544827699.76
1544827699.82
1544827699.88
1544827699.93
1544827700.0
1544827700.07
1544827700.14
1544827700.21
1544827700.26
1544827700.32
1544827700.39
1544827700.45
1544827700.51
1544827700.58
1544827700.64
1544827700.7
1544827700.77
1544827700.83
1544827700.91
1544827700.96
1544827701.02
1544827701.08
1544827701.14
1544827701.19
1544827701.26
1544827701.32
1544827701.38
1544827701.43
1544827701.5
1544827701.55
1544827701.61
1544827701.66
1544827701.72
1544827701.78
1544827701.83
1544827701.91
1544827701.96
1544827702.02
1544827702.08
1544827702.17
1544827702.26
1544827702.35
1544827702.41
1544827702.47
1544827702.54
1544827702.61
1544827702.68
1544827702.73
1544827702.79
1544827702.85
1544827702.92
1544827702.97
1544827703.03
1544827703.11
1544827703.19
1544827703.26
1544827703.32
1544827703.41
1544827703.51
1544827703.58
1544827703.67
1544827703.73
1544827703.82
1544827703.88
1544827703.95
1544827704.0
1544827704.06
1544827704.13
1544827704.18
1544827704.25
1544827704.3
1544827704.36
1544827704.43
1544827704.49
1544827704.54
1544827704.6
1544827704.66
1544827704.74
1544827704.79
1544827704.85
1544827704.93
1544827704.99
1544827705.06
1544827705.13
1544827705.2
1544827705.27
1544827705.35
1544827705.4
1544827705.46
1544827705.52
1544827705.58
1544827705.64
1544827705.71
1544827705.76
1544827705.83
1544827705.89
1544827705.96
1544827706.02
1544827706.07
1544827706.13
1544827706.18
1544827706.24
1544827706.31
1544827706.36
1544827706.43
1544827706.47
1544827706.62
1544827706.73
1544827706.79
1544827706.85
1544827706.93
1544827706.97
1544827707.04
1544827707.11
1544827707.16
1544827707.23
1544827707.28
1544827707.34
1544827707.41
1544827707.47
1544827707.52
1544827707.59
1544827707.64
1544827707.71
1544827707.77
1544827707.82
1544827707.88
1544827707.94
1544827708.01
1544827708.07
1544827708.13
1544827708.19
1544827708.27
1544827708.34
1544827708.39
1544827708.45
1544827708.51
1544827708.57
1544827708.64
1544827708.7
1544827708.76
1544827708.82
1544827708.87
1544827708.95
1544827709.03
1544827709.07
1544827709.14
1544827709.2
1544827709.27
1544827709.32
1544827709.41
1544827709.48
1544827709.54
1544827709.62
1544827709.74
1544827709.83
1544827709.91
1544827709.99
1544827710.09
1544827710.16
1544827710.25
1544827710.33
1544827710.44
1544827710.57
1544827710.62
1544827710.67
1544827710.78
1544827710.83
1544827710.89
1544827710.95
1544827711.01
1544827711.05
1544827711.13
1544827711.19
1544827711.24
1544827711.3
1544827711.36
1544827711.42
1544827711.47
1544827711.54
1544827711.59
1544827711.65
1544827711.7
1544827711.75
1544827711.82
1544827711.88
1544827711.95
1544827712.03
1544827712.1
1544827712.17
1544827712.23
1544827712.27
1544827712.34
1544827712.39
1544827712.45
1544827712.49
1544827712.56
1544827712.63
1544827712.71
1544827712.77
1544827712.85
1544827712.92
1544827712.97
1544827713.04
1544827713.1
1544827713.19
1544827713.25
1544827713.29
1544827713.37
1544827713.43
1544827713.47
1544827713.55
1544827713.62
1544827713.67
1544827713.73
1544827713.79
1544827713.85
1544827713.92
1544827714.0
1544827714.07
1544827714.15
1544827714.22
1544827714.3
1544827714.37
1544827714.45
1544827714.53
1544827714.59
1544827714.66
1544827714.76
1544827714.83
1544827714.92
1544827714.98
1544827715.04
1544827715.12
1544827715.19
1544827715.25
1544827715.33
1544827715.42
1544827715.48
1544827715.56
1544827715.63
1544827715.7
1544827715.79
1544827715.85
1544827715.92
1544827715.99
1544827716.02
1544827716.06
1544827716.12
1544827716.17
1544827716.21
1544827716.26
1544827716.33
1544827716.37
1544827716.42
1544827716.46
1544827716.56
1544827716.63
1544827716.73
1544827716.8
1544827716.84
1544827716.91
1544827716.95
1544827716.99
1544827717.05
1544827717.1
1544827717.16
1544827717.21
1544827717.26
1544827717.34
1544827717.39
1544827717.45
1544827717.53
1544827717.6
1544827717.67
1544827717.75
1544827717.8
1544827717.84
1544827717.89
1544827717.93
1544827717.97
1544827718.04
1544827718.08
1544827718.15
1544827718.2
1544827718.26
1544827718.35
1544827718.41
1544827718.47
1544827718.55
1544827718.62
1544827718.68
1544827718.76
1544827718.83
1544827718.9
1544827718.97
1544827719.05
1544827719.11
1544827719.19
1544827719.31
1544827719.41
1544827719.51
1544827719.58
1544827719.71
1544827719.8
1544827719.87
1544827719.92
1544827720.03
1544827720.13
1544827720.26
1544827720.35
1544827720.56
1544827720.66
1544827720.75
1544827720.81
1544827720.88
1544827720.94
1544827721.02
1544827721.07
1544827721.12
1544827721.19
1544827721.25
1544827721.31
1544827721.37
1544827721.42
1544827721.47
1544827721.52
1544827721.55
1544827721.59
1544827721.66
1544827721.75
1544827721.83
1544827721.89
1544827721.96
1544827722.04
1544827722.12
1544827722.18
1544827722.23
1544827722.27
1544827722.35
1544827722.43
1544827722.49
1544827722.54
1544827722.63
1544827722.68
1544827722.75
1544827722.81
1544827722.88
1544827722.96
1544827723.02
1544827723.08
1544827723.14
1544827723.21
1544827723.26
1544827723.33
1544827723.39
1544827723.45
1544827723.51
1544827723.57
1544827723.62
1544827723.68
1544827723.74
1544827723.8
1544827723.85
1544827723.92
1544827723.97
1544827724.04
1544827724.1
1544827724.17
1544827724.24
1544827724.3
1544827724.37
1544827724.44
1544827724.49
1544827724.56
1544827724.61
1544827724.66
1544827724.71
1544827724.77
1544827724.83
1544827724.86
1544827724.91
1544827724.98
1544827725.02
1544827725.06
1544827725.1
1544827725.17
1544827725.2
1544827725.24
1544827725.29
1544827725.36
1544827725.43
1544827725.48
1544827725.58
1544827725.63
1544827725.68
1544827725.73
1544827725.79
1544827725.84
1544827725.88
1544827725.95
1544827726.0
1544827726.05
1544827726.12
1544827726.18
1544827726.24
1544827726.3
1544827726.37
1544827726.42
1544827726.47
1544827726.55
1544827726.61
1544827726.65
1544827726.68
1544827726.74
1544827726.79
1544827726.85
1544827726.93
1544827727.01
1544827727.08
1544827727.14
1544827727.19
1544827727.24
1544827727.31
1544827727.38
1544827727.44
1544827727.48
1544827727.57
1544827727.64
1544827727.7
1544827727.75
1544827727.79
1544827727.85
1544827727.91
1544827727.97
1544827728.01
1544827728.05
1544827728.11
1544827728.15
1544827728.2
1544827728.27
1544827728.36
1544827728.42
1544827728.49
1544827728.54
1544827728.62
1544827728.67
1544827728.71
1544827728.78
1544827728.83
1544827728.87
1544827728.93
1544827729.0
1544827729.05
1544827729.12
1544827729.18
1544827729.24
1544827729.29
1544827729.36
1544827729.41
1544827729.46
1544827729.53
1544827729.59
1544827729.65
1544827729.72
1544827729.78
1544827729.82
1544827729.87
1544827729.92
1544827730.0
1544827730.05
1544827730.09
1544827730.2
1544827730.25
1544827730.31
1544827730.38
1544827730.45
1544827730.51
1544827730.58
1544827730.63
1544827730.68
1544827730.74
1544827730.8
1544827730.85
1544827730.91
1544827730.96
1544827731.02
1544827731.08
1544827731.15
1544827731.22
1544827731.28
1544827731.35
1544827731.43
1544827731.48
1544827731.6
1544827731.64
1544827731.69
1544827731.77
1544827731.82
1544827731.87
1544827731.93
1544827732.02
1544827732.09
1544827732.17
1544827732.22
1544827732.3
1544827732.34
1544827732.39
1544827732.45
1544827732.55
1544827732.64
1544827732.7
1544827732.75
1544827732.82
1544827732.87
1544827732.93
1544827733.0
1544827733.08
1544827733.15
1544827733.23
1544827733.31
1544827733.47
1544827733.59
1544827733.65
1544827733.71
1544827733.77
1544827733.83
1544827733.89
1544827733.94
1544827733.99
1544827734.08
1544827734.14
1544827734.21
1544827734.27
1544827734.34
1544827734.39
1544827734.45
1544827734.49
1544827734.55
1544827734.61
1544827734.68
1544827734.72
1544827734.77
1544827734.84
1544827734.9
1544827734.95
1544827735.0
1544827735.07
1544827735.12
1544827735.17
1544827735.24
1544827735.3
1544827735.35
1544827735.42
1544827735.49
1544827735.53
1544827735.58
1544827735.65
1544827735.71
1544827735.76
1544827735.83
1544827735.9
1544827735.95
1544827736.0
1544827736.07
1544827736.12
1544827736.17
1544827736.24
1544827736.29
1544827736.34
1544827736.4
1544827736.46
1544827736.52
1544827736.57
1544827736.62
1544827736.71
1544827736.76
1544827736.83
1544827736.88
1544827736.94
1544827737.0
1544827737.07
1544827737.13
1544827737.19
1544827737.27
1544827737.33
1544827737.38
1544827737.45
1544827737.52
1544827737.57
1544827737.62
1544827737.67
1544827737.74
1544827737.81
1544827737.89
1544827737.98
1544827738.04
1544827738.13
1544827738.2
1544827738.26
1544827738.32
1544827738.39
1544827738.45
1544827738.49
1544827738.54
1544827738.58
1544827738.65
1544827738.74
1544827738.81
1544827738.87
1544827738.95
1544827739.02
1544827739.08
1544827739.14
1544827739.19
1544827739.25
1544827739.31
1544827739.38
1544827739.45
1544827739.51
1544827739.58
1544827739.64
1544827739.71
1544827739.78
1544827739.86
1544827739.93
1544827740.0
1544827740.06
1544827740.13
1544827740.19
1544827740.24
1544827740.3
1544827740.36
1544827740.41
1544827740.45
1544827740.52
1544827740.56
1544827740.62
1544827740.69
1544827740.73
1544827740.77
1544827740.85
1544827740.92
1544827740.96
1544827741.03
1544827741.1
1544827741.15
1544827741.2
1544827741.26
1544827741.31
1544827741.36
1544827741.4
1544827741.51
1544827741.57
1544827741.62
1544827741.72
1544827741.76
1544827741.87
1544827741.95
1544827742.02
1544827742.09
1544827742.16
1544827742.24
1544827742.28
1544827742.33
1544827742.42
1544827742.49
1544827742.56
1544827742.64
1544827742.72
1544827742.78
1544827742.85
1544827742.9
1544827742.94
1544827742.98
1544827743.07
1544827743.15
1544827743.2
1544827743.28
1544827743.35
1544827743.41
1544827743.46
1544827743.52
1544827743.57
1544827743.62
1544827743.72
1544827743.78
1544827743.84
1544827743.91
1544827743.96
1544827744.03
1544827744.12
1544827744.16
1544827744.25
1544827744.32
1544827744.37
1544827744.45
1544827744.5
1544827744.56
1544827744.62
1544827744.7
1544827744.76
1544827744.85
1544827744.92
1544827744.99
1544827745.12
1544827745.18
1544827745.25
1544827745.32
1544827745.38
1544827745.45
1544827745.52
1544827745.6
1544827745.69
1544827745.74
1544827745.79
1544827745.93
1544827746.0
1544827746.06
1544827746.13
1544827746.22
1544827746.34
1544827746.4
1544827746.47
1544827746.55
1544827746.63
1544827746.71
1544827746.79
1544827746.9
1544827746.98
1544827747.03
1544827747.13
1544827747.2
1544827747.3
1544827747.38
1544827747.43
1544827747.5
1544827747.57
1544827747.67
1544827747.75
1544827747.8
1544827747.89
1544827747.93
1544827747.99
1544827748.03
1544827748.08
1544827748.15
1544827748.19
1544827748.31
1544827748.37
1544827748.47
1544827748.52
1544827748.56
1544827748.61
1544827748.69
1544827748.73
1544827748.77
1544827748.82
1544827748.86
1544827748.92
1544827748.98
1544827749.03
1544827749.08
1544827749.13
1544827749.18
1544827749.25
1544827749.33
1544827749.37
1544827749.45
1544827749.52
1544827749.56
1544827749.61
1544827749.69
1544827749.75
1544827749.79
1544827749.88
1544827749.93
1544827749.98
1544827750.05
1544827750.11
1544827750.16
1544827750.21
1544827750.3
1544827750.35
1544827750.42
1544827750.48
1544827750.55
1544827750.62
1544827750.67
1544827750.75
1544827750.8
1544827750.89
1544827750.94
1544827750.98
1544827751.04
1544827751.1
1544827751.15
1544827751.2
1544827751.28
1544827751.33
1544827751.38
1544827751.44
1544827751.51
1544827751.55
1544827751.59
1544827751.67
1544827751.72
1544827751.77
1544827751.84
1544827751.91
1544827751.96
1544827752.02
1544827752.07
1544827752.13
1544827752.19
1544827752.23
1544827752.31
1544827752.36
1544827752.43
1544827752.51
1544827752.57
1544827752.64
1544827752.71
1544827752.77
1544827752.84
1544827752.91
1544827752.97
1544827753.06
1544827753.12
1544827753.17
1544827753.23
1544827753.29
1544827753.34
1544827753.39
1544827753.43
1544827753.52
1544827753.57
1544827753.65
1544827753.72
1544827753.77
1544827753.85
1544827753.93
1544827753.98
1544827754.06
1544827754.13
1544827754.2
1544827754.26
1544827754.33
1544827754.38
1544827754.46
1544827754.53
1544827754.58
1544827754.65
1544827754.73
1544827754.79
1544827754.9
1544827754.95
1544827755.01
1544827755.1
1544827755.15
1544827755.19
1544827755.28
1544827755.33
1544827755.38
1544827755.47
1544827755.53
1544827755.6
1544827755.7
1544827755.83
1544827755.91
1544827755.97
1544827756.07
1544827756.18
1544827756.26
1544827756.33
1544827756.39
1544827756.45
1544827756.51
1544827756.57
1544827756.62
1544827756.69
1544827756.74
1544827756.8
1544827756.86
1544827756.92
1544827756.99
1544827757.08
1544827757.17
1544827757.27
1544827757.34
1544827757.41
1544827757.47
1544827757.56
1544827757.64
1544827757.72
1544827757.82
1544827757.9
1544827757.99
1544827758.06
1544827758.14
1544827758.2
1544827758.24
1544827758.29
1544827758.4
1544827758.48
1544827758.59
1544827758.65
1544827758.73
1544827758.81
1544827758.89
1544827758.99
1544827759.05
1544827759.1
1544827759.17
1544827759.22
1544827759.26
1544827759.32
1544827759.42
1544827759.49
1544827759.58
1544827759.66
1544827759.73
1544827759.8
1544827759.95
1544827760.08
1544827760.16
1544827760.21
1544827760.25
1544827760.3
1544827760.39
1544827760.47
1544827760.55
1544827760.64
1544827760.69
1544827760.77
1544827760.83
1544827760.89
1544827760.96
1544827761.02
1544827761.09
1544827761.18
1544827761.25
1544827761.29
1544827761.37
1544827761.45
1544827761.51
1544827761.55
1544827761.6
1544827761.69
1544827761.74
1544827761.81
1544827761.84
1544827761.91
1544827761.96
1544827762.02
1544827762.09
1544827762.15
1544827762.21
1544827762.26
1544827762.33
1544827762.37
1544827762.44
1544827762.51
1544827762.55
1544827762.6
1544827762.69
1544827762.76
1544827762.81
1544827762.89
1544827762.94
1544827763.05
1544827763.14
1544827763.27
1544827763.38
1544827763.5
1544827763.55
1544827763.62
1544827763.68
1544827763.75
1544827763.87
1544827763.93
1544827763.97
1544827764.06
1544827764.13
1544827764.19
1544827764.27
1544827764.34
1544827764.4
1544827764.47
1544827764.53
1544827764.58
1544827764.67
1544827764.74
1544827764.79
1544827764.87
1544827764.93
1544827764.98
1544827765.05
1544827765.13
1544827765.21
1544827765.31
1544827765.38
1544827765.47
1544827765.56
1544827765.65
1544827765.73
1544827765.77
1544827765.86
1544827765.94
1544827766.01
1544827766.09
1544827766.15
1544827766.21
1544827766.28
1544827766.35
1544827766.4
1544827766.48
1544827766.54
1544827766.61
1544827766.65
1544827766.69
1544827766.77
1544827766.87
1544827766.95
1544827767.04
1544827767.13
1544827767.21
1544827767.31
1544827767.35
1544827767.4
1544827767.49
1544827767.55
1544827767.63
1544827767.71
1544827767.77
1544827767.85
1544827767.92
1544827767.97
1544827768.03
1544827768.12
1544827768.2
1544827768.27
1544827768.35
1544827768.42
1544827768.49
1544827768.55
1544827768.6
1544827768.68
1544827768.75
1544827768.8
1544827768.88
1544827768.94
1544827768.97
1544827769.01
1544827769.07
1544827769.13
1544827769.18
1544827769.25
1544827769.35
1544827769.42
1544827769.48
1544827769.53
1544827769.58
1544827769.69
1544827769.75
1544827769.84
1544827769.94
1544827770.02
1544827770.09
1544827770.13
1544827770.18
1544827770.24
1544827770.32
1544827770.38
1544827770.43
1544827770.48
1544827770.55
1544827770.64
1544827770.71
1544827770.75
1544827770.85
1544827770.93
1544827771.0
1544827771.06
1544827771.14
1544827771.22
1544827771.28
1544827771.34
1544827771.41
1544827771.47
1544827771.53
1544827771.61
1544827771.68
1544827771.75
1544827771.84
1544827771.92
1544827771.98
1544827772.04
1544827772.11
1544827772.16
1544827772.22
1544827772.31
1544827772.37
1544827772.47
1544827772.53
1544827772.58
1544827772.68
1544827772.75
1544827772.81
1544827772.9
1544827772.96
1544827773.06
1544827773.14
1544827773.21
1544827773.29
1544827773.36
1544827773.43
1544827773.51
1544827773.57
1544827773.64
1544827773.71
1544827773.77
1544827773.85
1544827773.93
1544827774.0
1544827774.07
1544827774.13
1544827774.21
1544827774.28
1544827774.37
1544827774.47
1544827774.57
1544827774.67
1544827774.74
1544827774.83
1544827774.92
1544827775.0
1544827775.1
1544827775.2
1544827775.3
1544827775.37
1544827775.45
1544827775.52
1544827775.58
1544827775.64
1544827775.72
1544827775.79
1544827775.84
1544827775.93
1544827775.99
1544827776.04
1544827776.13
1544827776.19
1544827776.24
1544827776.31
1544827776.39
1544827776.47
1544827776.55
1544827776.61
1544827776.65
1544827776.73
1544827776.8
1544827776.87
1544827776.96
1544827777.05
1544827777.14
1544827777.21
1544827777.27
1544827777.33
1544827777.39
1544827777.44
1544827777.49
1544827777.55
1544827777.61
1544827777.67
1544827777.74
1544827777.82
1544827777.87
1544827777.96
1544827778.02
1544827778.08
1544827778.16
1544827778.23
1544827778.29
1544827778.39
1544827778.46
1544827778.56
1544827778.63
1544827778.69
1544827778.76
1544827778.82
1544827778.87
1544827778.95
1544827779.02
1544827779.07
1544827779.13
1544827779.19
1544827779.25
1544827779.34
1544827779.41
1544827779.46
1544827779.54
1544827779.61
1544827779.65
1544827779.72
1544827779.78
1544827779.88
1544827779.95
1544827780.03
1544827780.07
1544827780.12
1544827780.17
1544827780.24
1544827780.31
1544827780.39
1544827780.44
1544827780.49
1544827780.57
1544827780.63
1544827780.71
1544827780.76
1544827780.83
1544827780.87
1544827780.96
1544827781.01
1544827781.06
1544827781.14
1544827781.2
1544827781.25
1544827781.33
1544827781.4
1544827781.46
1544827781.55
1544827781.61
1544827781.68
1544827781.73
1544827781.8
1544827781.88
1544827781.98
1544827782.04
1544827782.11
1544827782.2
1544827782.28
1544827782.37
1544827782.44
1544827782.53
1544827782.62
1544827782.72
1544827782.81
1544827782.9
1544827782.97
1544827783.03
1544827783.11
1544827783.19
1544827783.26
1544827783.33
1544827783.39
1544827783.5
1544827783.6
1544827783.69
1544827783.77
1544827783.84
1544827783.9
1544827783.96
1544827784.02
1544827784.08
1544827784.14
1544827784.19
1544827784.26
1544827784.31
1544827784.38
1544827784.44
1544827784.49
1544827784.57
1544827784.63
1544827784.67
1544827784.71
1544827784.77
1544827784.88
1544827784.96
1544827785.04
1544827785.13
1544827785.23
1544827785.29
1544827785.36
1544827785.42
1544827785.46
1544827785.51
1544827785.58
1544827785.63
1544827785.68
1544827785.75
1544827785.81
1544827785.86
1544827785.93
1544827785.99
1544827786.04
1544827786.08
1544827786.15
1544827786.19
1544827786.25
1544827786.32
1544827786.4
1544827786.46
1544827786.56
1544827786.62
1544827786.69
1544827786.81
1544827786.87
1544827786.92
1544827786.99
1544827787.05
1544827787.12
1544827787.18
1544827787.24
1544827787.31
1544827787.38
1544827787.43
1544827787.49
1544827787.56
1544827787.62
1544827787.68
1544827787.74
1544827787.8
1544827787.85
1544827787.9
1544827788.01
1544827788.07
1544827788.18
1544827788.25
1544827788.36
1544827788.44
1544827788.53
1544827788.62
1544827788.67
1544827788.76
1544827788.83
1544827788.92
1544827788.99
1544827789.06
1544827789.15
1544827789.22
1544827789.27
1544827789.36
1544827789.4
1544827789.45
1544827789.53
1544827789.58
1544827789.63
1544827789.66
1544827789.72
1544827789.78
1544827789.83
1544827789.89
1544827789.96
1544827790.02
1544827790.08
1544827790.19
1544827790.26
1544827790.35
1544827790.44
1544827790.52
1544827790.6
1544827790.66
1544827790.73
1544827790.8
1544827790.86
1544827790.95
1544827791.02
1544827791.07
1544827791.15
1544827791.21
1544827791.27
1544827791.36
1544827791.43
1544827791.5
1544827791.56
1544827791.63
1544827791.75
1544827791.84
1544827791.94
1544827792.02
1544827792.09
1544827792.15
1544827792.22
1544827792.27
1544827792.41
1544827792.46
1544827792.52
1544827792.59
1544827792.67
1544827792.75
1544827792.82
1544827792.89
1544827792.96
1544827793.06
1544827793.16
1544827793.26
1544827793.32
1544827793.37
1544827793.44
1544827793.49
1544827793.56
1544827793.62
1544827793.67
1544827793.76
1544827793.83
1544827793.89
1544827793.96
1544827794.03
1544827794.09
1544827794.17
1544827794.24
1544827794.3
1544827794.35
1544827794.4
1544827794.5
1544827794.59
1544827794.69
1544827794.77
1544827794.87
1544827794.93
1544827795.01
1544827795.08
1544827795.15
1544827795.22
1544827795.31
1544827795.37
1544827795.47
1544827795.53
1544827795.58
1544827795.63
1544827795.68
1544827795.76
1544827795.83
1544827795.91
1544827795.97
1544827796.03
1544827796.09
1544827796.15
1544827796.24
1544827796.34
1544827796.43
1544827796.49
1544827796.62
1544827796.66
1544827796.73
1544827796.8
1544827796.93
1544827797.0
1544827797.09
1544827797.13
1544827797.19
1544827797.36
1544827797.45
1544827797.51
1544827797.6
1544827797.69
1544827797.77
1544827797.86
1544827797.93
1544827797.99
1544827798.06
1544827798.15
1544827798.23
1544827798.3
1544827798.39
1544827798.46
1544827798.56
1544827798.63
1544827798.72
1544827798.78
1544827798.83
1544827798.9
1544827798.96
1544827799.03
1544827799.09
1544827799.19
1544827799.25
1544827799.3
1544827799.37
1544827799.44
1544827799.49
1544827799.59
1544827799.66
1544827799.71
1544827799.77
1544827799.86
1544827799.93
1544827800.0
1544827800.07
1544827800.15
1544827800.24
1544827800.32
1544827800.39
1544827800.46
1544827800.52
1544827800.59
1544827800.67
1544827800.73
1544827800.78
1544827800.84
1544827800.91
1544827800.97
1544827801.04
1544827801.1
1544827801.21
1544827801.25
1544827801.33
1544827801.39
1544827801.44
1544827801.49
1544827801.56
1544827801.62
1544827801.66
1544827801.69
1544827801.76
1544827801.82
1544827801.86
1544827801.92
1544827801.99
1544827802.07
1544827802.21
1544827802.27
1544827802.34
1544827802.4
1544827802.45
1544827802.52
1544827802.6
1544827802.67
1544827802.72
1544827802.77
1544827802.83
1544827802.9
1544827802.96
1544827803.03
1544827803.11
1544827803.16
1544827803.23
1544827803.27
1544827803.34
1544827803.43
1544827803.47
1544827803.57
1544827803.63
1544827803.67
1544827803.74
1544827803.81
1544827803.87
1544827803.95
1544827804.03
1544827804.08
1544827804.16
1544827804.23
1544827804.27
1544827804.34
1544827804.4
1544827804.46
1544827804.53
1544827804.59
1544827804.66
1544827804.75
1544827804.82
1544827804.87
1544827804.97
1544827805.04
1544827805.13
1544827805.21
1544827805.27
1544827805.4
1544827805.45
1544827805.51
1544827805.57
1544827805.63
1544827805.71
1544827805.76
1544827805.83
1544827805.94
1544827806.02
1544827806.06
1544827806.14
1544827806.21
1544827806.27
1544827806.36
1544827806.43
1544827806.47
1544827806.56
1544827806.63
1544827806.73
1544827806.79
1544827806.87
1544827806.94
1544827807.0
1544827807.06
1544827807.12
1544827807.18
1544827807.24
1544827807.3
1544827807.36
1544827807.42
1544827807.49
1544827807.57
1544827807.65
1544827807.71
1544827807.81
1544827807.88
1544827807.96
1544827808.06
1544827808.13
1544827808.22
1544827808.28
1544827808.34
1544827808.4
1544827808.47
1544827808.52
1544827808.56
1544827808.63
1544827808.68
1544827808.73
1544827808.79
1544827808.89
1544827808.96
1544827809.02
1544827809.06
1544827809.13
1544827809.18
1544827809.25
1544827809.34
1544827809.38
1544827809.45
1544827809.51
1544827809.55
1544827809.6
1544827809.66
1544827809.72
1544827809.75
1544827809.83
1544827809.91
1544827809.97
1544827810.06
1544827810.13
1544827810.16
1544827810.22
1544827810.31
1544827810.37
1544827810.48
1544827810.56
1544827810.63
1544827810.74
1544827810.81
1544827810.91
1544827810.96
1544827811.03
1544827811.07
1544827811.17
1544827811.23
1544827811.3
1544827811.38
1544827811.44
1544827811.5
1544827811.64
1544827811.71
1544827811.79
1544827811.85
1544827811.97
1544827812.08
1544827812.19
1544827812.27
1544827812.34
1544827812.42
1544827812.52
1544827812.57
1544827812.69
1544827812.75
1544827812.85
1544827812.93
1544827813.0
1544827813.07
1544827813.13
1544827813.2
1544827813.25
1544827813.32
1544827813.39
1544827813.44
1544827813.51
1544827813.61
1544827813.71
1544827813.81
1544827813.9
1544827814.0
1544827814.07
1544827814.15
1544827814.19
1544827814.26
1544827814.31
1544827814.36
1544827814.43
1544827814.49
1544827814.58
1544827814.64
1544827814.69
1544827814.75
1544827814.8
1544827814.85
1544827814.9
1544827814.97
1544827815.03
1544827815.07
1544827815.16
1544827815.22
1544827815.26
1544827815.32
1544827815.37
1544827815.42
1544827815.47
1544827815.54
1544827815.6
1544827815.64
1544827815.69
1544827815.76
1544827815.88
1544827815.95
1544827816.02
1544827816.06
1544827816.14
1544827816.19
1544827816.25
1544827816.32
1544827816.38
1544827816.43
1544827816.48
1544827816.56
1544827816.62
1544827816.66
1544827816.74
1544827816.8
1544827816.85
1544827816.92
1544827816.98
1544827817.05
1544827817.13
1544827817.21
1544827817.26
1544827817.32
1544827817.42
1544827817.47
1544827817.52
1544827817.58
1544827817.64
1544827817.71
1544827817.76
1544827817.85
1544827817.96
1544827818.04
1544827818.13
1544827818.21
1544827818.28
1544827818.36
1544827818.41
1544827818.46
1544827818.52
1544827818.6
1544827818.67
1544827818.73
1544827818.8
1544827818.87
1544827818.99
1544827819.06
1544827819.16
1544827819.27
1544827819.35
1544827819.42
1544827819.48
1544827819.56
1544827819.61
1544827819.66
1544827819.72
1544827819.79
1544827819.84
1544827819.88
1544827819.97
1544827820.04
1544827820.11
1544827820.18
1544827820.24
1544827820.28
1544827820.4
1544827820.45
1544827820.54
1544827820.61
1544827820.66
1544827820.73
1544827820.79
1544827820.85
1544827820.92
1544827820.99
1544827821.04
1544827821.09
1544827821.15
1544827821.21
1544827821.27
1544827821.36
1544827821.43
1544827821.5
1544827821.63
1544827821.75
1544827821.83
1544827821.89
1544827821.95
1544827822.01
1544827822.08
1544827822.14
1544827822.21
1544827822.27
1544827822.35
1544827822.41
1544827822.48
1544827822.52
1544827822.57
1544827822.64
1544827822.69
1544827822.78
1544827822.87
1544827822.96
1544827823.04
1544827823.12
1544827823.2
1544827823.25
1544827823.29
1544827823.35
1544827823.41
1544827823.49
1544827823.57
1544827823.64
1544827823.72
1544827823.79
1544827823.86
1544827823.94
1544827824.01
1544827824.06
1544827824.14
1544827824.19
1544827824.29
1544827824.33
1544827824.41
1544827824.47
1544827824.53
1544827824.59
1544827824.64
1544827824.69
1544827824.77
1544827824.84
1544827824.92
1544827824.95
1544827824.99
1544827825.06
1544827825.12
1544827825.16
1544827825.21
1544827825.29
1544827825.34
1544827825.39
1544827825.49
1544827825.54
1544827825.58
1544827825.69
1544827825.75
1544827825.8
1544827825.88
1544827825.93
1544827825.98
1544827826.06
1544827826.12
1544827826.16
1544827826.24
1544827826.29
1544827826.33
1544827826.38
1544827826.5
1544827826.55
1544827826.62
1544827826.7
1544827826.75
1544827826.79
1544827826.87
1544827826.92
1544827826.96
1544827827.01
1544827827.1
1544827827.18
1544827827.27
1544827827.32
1544827827.36
1544827827.41
1544827827.45
1544827827.5
1544827827.55
1544827827.62
1544827827.68
1544827827.73
1544827827.78
1544827827.86
1544827827.92
1544827827.99
1544827828.05
1544827828.12
1544827828.2
1544827828.28
1544827828.32
1544827828.37
1544827828.43
1544827828.48
1544827828.53
1544827828.57
1544827828.61
1544827828.69
1544827828.74
1544827828.79
1544827828.86
1544827828.92
1544827828.97
1544827829.05
1544827829.12
1544827829.17
1544827829.26
1544827829.32
1544827829.38
1544827829.44
1544827829.52
1544827829.61
1544827829.67
1544827829.72
1544827829.78
1544827829.86
1544827829.92
1544827829.97
1544827830.03
1544827830.11
1544827830.18
1544827830.26
1544827830.33
1544827830.4
1544827830.48
1544827830.55
1544827830.63
1544827830.71
1544827830.77
1544827830.84
1544827830.92
1544827830.99
1544827831.07
1544827831.15
1544827831.23
1544827831.31
1544827831.37
1544827831.45
1544827831.52
1544827831.57
1544827831.64
1544827831.69
1544827831.75
1544827831.83
1544827831.9
1544827831.97
1544827832.06
1544827832.14
1544827832.19
1544827832.25
1544827832.3
1544827832.36
1544827832.4
1544827832.44
1544827832.5
1544827832.56
1544827832.63
1544827832.73
1544827832.82
1544827832.93
1544827833.01
1544827833.08
1544827833.23
1544827833.32
1544827833.4
1544827833.46
1544827833.53
1544827833.6
1544827833.67
1544827833.76
1544827833.85
1544827833.97
1544827834.09
1544827834.17
1544827834.24
1544827834.32
1544827834.39
1544827834.46
1544827834.57
1544827834.65
1544827834.74
1544827834.81
1544827834.85
1544827834.94
1544827835.01
1544827835.07
1544827835.17
1544827835.23
1544827835.29
1544827835.37
1544827835.43
1544827835.48
1544827835.55
1544827835.61
1544827835.66
1544827835.72
1544827835.78
1544827835.85
1544827835.92
1544827835.97
1544827836.01
1544827836.05
1544827836.09
1544827836.15
1544827836.24
1544827836.3
1544827836.36
1544827836.42
1544827836.53
1544827836.59
1544827836.67
1544827836.77
1544827836.85
1544827836.95
1544827837.02
1544827837.12
1544827837.22
1544827837.3
1544827837.35
1544827837.45
1544827837.56
1544827837.65
1544827837.74
1544827837.85
1544827837.89
1544827837.94
1544827838.06
1544827838.16
1544827838.23
1544827838.34
1544827838.45
1544827838.55
1544827838.65
1544827838.75
1544827838.83
1544827838.91
1544827838.96
1544827839.03
1544827839.09
1544827839.16
1544827839.25
1544827839.34
1544827839.43
1544827839.49
1544827839.57
1544827839.64
1544827839.7
1544827839.76
1544827839.84
1544827839.89
1544827839.95
1544827840.02
1544827840.09
1544827840.15
1544827840.21
1544827840.27
1544827840.33
1544827840.39
1544827840.47
1544827840.56
1544827840.65
1544827840.73
1544827840.84
1544827840.97
1544827841.05
1544827841.14
1544827841.22
1544827841.31
1544827841.38
1544827841.46
1544827841.54
1544827841.61
1544827841.66
1544827841.75
1544827841.82
1544827841.93
1544827842.02
1544827842.1
1544827842.18
1544827842.25
1544827842.39
1544827842.49
1544827842.6
1544827842.7
1544827842.77
1544827842.82
1544827842.89
1544827842.94
1544827843.0
1544827843.11
1544827843.22
1544827843.3
1544827843.37
1544827843.48
1544827843.56
