1544826989.45
1544826989.74
1544826989.89
1544826990.04
1544826990.18
1544826990.29
1544826990.4
1544826990.51
1544826990.63
1544826990.74
1544826990.86
1544826991.0
1544826991.09
1544826991.18
1544826991.27
1544826991.36
1544826991.41
1544826991.5
1544826991.61
1544826991.71
1544826991.8
1544826991.89
1544826991.99
1544826992.11
1544826992.22
1544826992.3
1544826992.39
1544826992.48
1544826992.58
1544826992.65
1544826992.75
1544826992.85
1544826992.92
1544826993.04
1544826993.17
1544826993.25
1544826993.35
1544826993.44
1544826993.58
1544826993.72
1544826993.82
1544826993.92
1544826994.02
1544826994.11
1544826994.19
1544826994.25
1544826994.31
1544826994.36
1544826994.44
1544826994.51
1544826994.57
1544826994.63
1544826994.72
1544826994.8
1544826994.89
1544826994.97
1544826995.04
1544826995.11
1544826995.18
1544826995.25
1544826995.33
1544826995.39
1544826995.49
1544826995.56
1544826995.62
1544826995.69
1544826995.74
1544826995.79
1544826995.89
1544826995.95
1544826996.0
1544826996.08
1544826996.14
1544826996.19
1544826996.28
1544826996.33
1544826996.39
1544826996.44
1544826996.52
1544826996.57
1544826996.65
1544826996.73
1544826996.78
1544826996.85
1544826996.94
1544826997.01
1544826997.1
1544826997.19
1544826997.27
1544826997.34
1544826997.41
1544826997.49
1544826997.55
1544826997.63
1544826997.71
1544826997.79
1544826997.87
1544826997.95
1544826998.04
1544826998.15
1544826998.22
1544826998.32
1544826998.39
1544826998.43
1544826998.51
1544826998.57
1544826998.65
1544826998.75
1544826998.82
1544826998.89
1544826998.96
1544826999.03
1544826999.08
1544826999.14
1544826999.21
1544826999.27
1544826999.34
1544826999.41
1544826999.49
1544826999.56
1544826999.61
1544826999.68
1544826999.74
1544826999.78
1544826999.84
1544826999.93
1544826999.99
1544827000.09
1544827000.15
1544827000.21
1544827000.31
1544827000.37
1544827000.43
1544827000.5
1544827000.56
1544827000.62
1544827000.7
1544827000.76
1544827000.82
1544827000.89
1544827000.95
1544827001.0
1544827001.09
1544827001.14
1544827001.19
1544827001.26
1544827001.34
1544827001.4
1544827001.45
1544827001.53
1544827001.59
1544827001.65
1544827001.74
1544827001.79
1544827001.85
1544827001.93
1544827001.99
1544827002.09
1544827002.18
1544827002.28
1544827002.36
1544827002.42
1544827002.52
1544827002.58
1544827002.65
1544827002.77
1544827002.84
1544827002.92
1544827002.97
1544827003.06
1544827003.17
1544827003.27
1544827003.34
1544827003.38
1544827003.45
1544827003.51
1544827003.56
1544827003.64
1544827003.75
1544827003.85
1544827003.96
1544827004.01
1544827004.08
1544827004.16
1544827004.25
1544827004.35
1544827004.4
1544827004.46
1544827004.52
1544827004.57
1544827004.63
1544827004.71
1544827004.79
1544827004.83
1544827004.91
1544827004.98
1544827005.06
1544827005.13
1544827005.18
1544827005.27
1544827005.33
1544827005.44
1544827005.54
1544827005.63
1544827005.74
1544827005.84
1544827005.98
1544827006.09
1544827006.19
1544827006.26
1544827006.35
1544827006.44
1544827006.52
1544827006.61
1544827006.69
1544827006.82
1544827006.91
1544827006.98
1544827007.06
1544827007.15
1544827007.22
1544827007.29
1544827007.37
1544827007.45
1544827007.51
1544827007.58
1544827007.64
1544827007.7
1544827007.77
1544827007.83
1544827007.9
1544827007.96
1544827008.04
1544827008.09
1544827008.15
1544827008.2
1544827008.27
1544827008.36
1544827008.41
1544827008.53
1544827008.57
1544827008.63
1544827008.71
1544827008.79
1544827008.89
1544827008.96
1544827009.05
1544827009.12
1544827009.19
1544827009.28
1544827009.35
1544827009.4
1544827009.51
1544827009.61
1544827009.75
1544827009.83
1544827009.94
1544827010.01
1544827010.11
1544827010.22
1544827010.32
1544827010.45
1544827010.55
1544827010.64
1544827010.73
1544827010.8
1544827010.9
1544827010.98
1544827011.09
1544827011.2
1544827011.28
1544827011.31
1544827011.36
1544827011.43
1544827011.53
1544827011.65
1544827011.73
1544827011.79
1544827011.87
1544827011.99
1544827012.11
1544827012.21
1544827012.29
1544827012.39
1544827012.45
1544827012.53
1544827012.58
1544827012.64
1544827012.69
1544827012.73
1544827012.81
1544827012.89
1544827012.96
1544827013.06
1544827013.14
1544827013.2
1544827013.25
1544827013.3
1544827013.36
1544827013.43
1544827013.49
1544827013.53
1544827013.59
1544827013.65
1544827013.72
1544827013.78
1544827013.84
1544827013.9
1544827013.96
1544827014.03
1544827014.09
1544827014.14
1544827014.19
1544827014.26
1544827014.34
1544827014.4
1544827014.46
1544827014.53
1544827014.59
1544827014.66
1544827014.72
1544827014.77
1544827014.86
1544827014.92
1544827014.99
1544827015.08
1544827015.16
1544827015.25
1544827015.33
1544827015.4
1544827015.49
1544827015.55
1544827015.61
1544827015.71
1544827015.77
1544827015.86
1544827015.93
1544827015.99
1544827016.08
1544827016.14
1544827016.23
1544827016.31
1544827016.36
1544827016.44
1544827016.51
1544827016.57
1544827016.67
1544827016.74
1544827016.81
1544827016.87
1544827016.94
1544827016.99
1544827017.06
1544827017.13
1544827017.19
1544827017.29
1544827017.35
1544827017.41
1544827017.5
1544827017.57
1544827017.65
1544827017.7
1544827017.75
1544827017.8
1544827017.87
1544827017.95
1544827018.04
1544827018.11
1544827018.19
1544827018.28
1544827018.36
1544827018.43
1544827018.5
1544827018.57
1544827018.69
1544827018.79
1544827018.89
1544827018.99
1544827019.08
1544827019.16
1544827019.25
1544827019.3
1544827019.36
1544827019.43
1544827019.49
1544827019.53
1544827019.6
1544827019.65
1544827019.72
1544827019.78
1544827019.83
1544827019.9
1544827020.01
1544827020.08
1544827020.18
1544827020.25
1544827020.31
1544827020.39
1544827020.44
1544827020.48
1544827020.57
1544827020.63
1544827020.67
1544827020.75
1544827020.83
1544827020.92
1544827021.0
1544827021.06
1544827021.21
1544827021.27
1544827021.39
1544827021.46
1544827021.52
1544827021.59
1544827021.64
1544827021.7
1544827021.79
1544827021.84
1544827021.9
1544827021.97
1544827022.02
1544827022.07
1544827022.14
1544827022.21
1544827022.32
1544827022.39
1544827022.46
1544827022.53
1544827022.59
1544827022.65
1544827022.74
1544827022.8
1544827022.85
1544827022.91
1544827022.97
1544827023.09
1544827023.14
1544827023.23
1544827023.34
1544827023.43
1544827023.51
1544827023.61
1544827023.69
1544827023.77
1544827023.83
1544827023.89
1544827023.95
1544827024.0
1544827024.06
1544827024.13
1544827024.2
1544827024.26
1544827024.32
1544827024.4
1544827024.45
1544827024.54
1544827024.64
1544827024.74
1544827024.81
1544827024.87
1544827024.97
1544827025.02
1544827025.09
1544827025.18
1544827025.29
1544827025.39
1544827025.47
1544827025.55
1544827025.65
1544827025.71
1544827025.79
1544827025.87
1544827025.94
1544827025.99
1544827026.07
1544827026.14
1544827026.24
1544827026.29
1544827026.36
1544827026.45
1544827026.51
1544827026.56
1544827026.61
1544827026.73
1544827026.8
1544827026.89
1544827026.96
1544827027.03
1544827027.09
1544827027.14
1544827027.2
1544827027.29
1544827027.36
1544827027.44
1544827027.52
1544827027.59
1544827027.66
1544827027.74
1544827027.81
1544827027.88
1544827027.93
1544827028.01
1544827028.1
1544827028.18
1544827028.25
1544827028.32
1544827028.4
1544827028.49
1544827028.55
1544827028.6
1544827028.65
1544827028.7
1544827028.76
1544827028.8
1544827028.85
1544827028.89
1544827028.96
1544827029.02
1544827029.1
1544827029.18
1544827029.25
1544827029.36
1544827029.44
1544827029.54
1544827029.62
1544827029.7
1544827029.77
1544827029.81
1544827029.87
1544827029.95
1544827030.03
1544827030.09
1544827030.16
1544827030.21
1544827030.29
1544827030.39
1544827030.44
1544827030.54
1544827030.61
1544827030.66
1544827030.76
1544827030.81
1544827030.86
1544827030.94
1544827031.0
1544827031.05
1544827031.11
1544827031.21
1544827031.29
1544827031.4
1544827031.45
1544827031.52
1544827031.59
1544827031.64
1544827031.74
1544827031.79
1544827031.85
1544827031.91
1544827031.99
1544827032.05
1544827032.12
1544827032.18
1544827032.25
1544827032.32
1544827032.4
1544827032.46
1544827032.58
1544827032.66
1544827032.75
1544827032.83
1544827032.91
1544827032.96
1544827033.03
1544827033.09
1544827033.19
1544827033.26
1544827033.33
1544827033.39
1544827033.46
1544827033.54
1544827033.62
1544827033.69
1544827033.76
1544827033.83
1544827033.89
1544827033.95
1544827034.0
1544827034.07
1544827034.16
1544827034.24
1544827034.33
1544827034.4
1544827034.49
1544827034.58
1544827034.63
1544827034.67
1544827034.75
1544827034.8
1544827034.85
1544827034.92
1544827034.97
1544827035.02
1544827035.09
1544827035.18
1544827035.24
1544827035.31
1544827035.38
1544827035.45
1544827035.51
1544827035.56
1544827035.62
1544827035.68
1544827035.74
1544827035.81
1544827035.88
1544827035.98
1544827036.04
1544827036.14
1544827036.21
1544827036.25
1544827036.33
1544827036.4
1544827036.45
1544827036.51
1544827036.56
1544827036.62
1544827036.69
1544827036.78
1544827036.82
1544827036.87
1544827036.96
1544827037.05
1544827037.19
1544827037.23
1544827037.29
1544827037.4
1544827037.46
1544827037.53
1544827037.59
1544827037.64
1544827037.71
1544827037.81
1544827037.9
1544827037.96
1544827038.04
1544827038.1
1544827038.17
1544827038.24
1544827038.31
1544827038.35
1544827038.42
1544827038.49
1544827038.58
1544827038.64
1544827038.72
1544827038.79
1544827038.87
1544827038.98
1544827039.03
1544827039.14
1544827039.25
1544827039.34
1544827039.44
1544827039.54
1544827039.6
1544827039.66
1544827039.72
1544827039.78
1544827039.83
1544827039.93
1544827040.0
1544827040.04
1544827040.13
1544827040.2
1544827040.27
1544827040.34
1544827040.4
1544827040.51
1544827040.59
1544827040.69
1544827040.78
1544827040.85
1544827040.91
1544827040.97
1544827041.05
1544827041.12
1544827041.19
1544827041.26
1544827041.32
1544827041.4
1544827041.48
1544827041.55
1544827041.6
1544827041.65
1544827041.72
1544827041.81
1544827041.86
1544827041.94
1544827041.99
1544827042.03
1544827042.13
1544827042.2
1544827042.26
1544827042.35
1544827042.4
1544827042.46
1544827042.54
1544827042.62
1544827042.67
1544827042.76
1544827042.88
1544827042.98
1544827043.05
1544827043.15
1544827043.24
1544827043.32
1544827043.39
1544827043.51
1544827043.62
1544827043.76
1544827043.85
1544827043.92
1544827044.01
1544827044.11
1544827044.18
1544827044.29
1544827044.37
1544827044.42
1544827044.51
1544827044.56
1544827044.64
1544827044.72
1544827044.83
1544827044.9
1544827045.0
1544827045.06
1544827045.15
1544827045.2
1544827045.28
1544827045.35
1544827045.43
1544827045.48
1544827045.54
1544827045.61
1544827045.67
1544827045.76
1544827045.83
1544827045.89
1544827045.95
1544827046.04
1544827046.13
1544827046.2
1544827046.29
1544827046.37
1544827046.45
1544827046.55
1544827046.62
1544827046.69
1544827046.76
1544827046.83
1544827046.89
1544827046.97
1544827047.04
1544827047.13
1544827047.21
1544827047.27
1544827047.35
1544827047.44
1544827047.49
1544827047.56
1544827047.66
1544827047.72
1544827047.79
1544827047.88
1544827047.95
1544827048.01
1544827048.09
1544827048.15
1544827048.23
1544827048.29
1544827048.35
1544827048.41
1544827048.49
1544827048.58
1544827048.65
1544827048.72
1544827048.77
1544827048.85
1544827048.93
1544827049.0
1544827049.07
1544827049.14
1544827049.2
1544827049.25
1544827049.3
1544827049.35
1544827049.4
1544827049.46
1544827049.53
1544827049.59
1544827049.66
1544827049.73
1544827049.79
1544827049.86
1544827049.94
1544827049.99
1544827050.06
1544827050.16
1544827050.25
1544827050.33
1544827050.4
1544827050.49
1544827050.59
1544827050.69
1544827050.77
1544827050.85
1544827050.91
1544827050.99
1544827051.05
1544827051.14
1544827051.24
1544827051.33
1544827051.4
1544827051.47
1544827051.56
1544827051.65
1544827051.76
1544827051.85
1544827051.95
1544827052.03
1544827052.12
1544827052.19
1544827052.26
1544827052.34
1544827052.42
1544827052.46
1544827052.55
1544827052.64
1544827052.7
1544827052.79
1544827052.85
1544827052.91
1544827053.01
1544827053.1
1544827053.19
1544827053.26
1544827053.33
1544827053.4
1544827053.47
1544827053.54
1544827053.61
1544827053.68
1544827053.75
1544827053.8
1544827053.91
1544827054.0
1544827054.07
1544827054.15
1544827054.23
1544827054.31
1544827054.39
1544827054.46
1544827054.54
1544827054.61
1544827054.68
1544827054.74
1544827054.83
1544827054.9
1544827054.96
1544827055.02
1544827055.08
1544827055.14
1544827055.2
1544827055.28
1544827055.33
1544827055.39
1544827055.44
1544827055.48
1544827055.54
1544827055.59
1544827055.66
1544827055.7
1544827055.76
1544827055.81
1544827055.86
1544827055.95
1544827056.02
1544827056.09
1544827056.17
1544827056.23
1544827056.29
1544827056.37
1544827056.44
1544827056.53
1544827056.6
1544827056.67
1544827056.73
1544827056.8
1544827056.85
1544827056.92
1544827056.99
1544827057.06
1544827057.14
1544827057.22
1544827057.33
1544827057.41
1544827057.49
1544827057.59
1544827057.65
1544827057.73
1544827057.79
1544827057.96
1544827058.1
1544827058.21
1544827058.3
1544827058.41
1544827058.48
1544827058.57
1544827058.62
1544827058.7
1544827058.77
1544827058.84
1544827058.91
1544827058.98
1544827059.06
1544827059.14
1544827059.22
1544827059.29
1544827059.35
1544827059.43
1544827059.49
1544827059.54
1544827059.63
1544827059.72
1544827059.85
1544827059.94
1544827059.99
1544827060.07
1544827060.16
1544827060.27
1544827060.33
1544827060.39
1544827060.46
1544827060.53
1544827060.64
1544827060.7
1544827060.76
1544827060.86
1544827060.96
1544827061.05
1544827061.12
1544827061.18
1544827061.29
1544827061.38
1544827061.47
1544827061.54
1544827061.63
1544827061.72
1544827061.79
1544827061.9
1544827062.01
1544827062.08
1544827062.14
1544827062.25
1544827062.33
1544827062.4
1544827062.49
1544827062.56
1544827062.73
1544827062.88
1544827063.03
1544827063.13
1544827063.22
1544827063.26
1544827063.36
1544827063.42
1544827063.48
1544827063.56
1544827063.64
1544827063.71
1544827063.8
1544827063.88
1544827063.96
1544827064.04
1544827064.1
1544827064.2
1544827064.29
1544827064.38
1544827064.46
1544827064.53
1544827064.64
1544827064.71
1544827064.77
1544827064.84
1544827064.9
1544827064.95
1544827065.07
1544827065.16
1544827065.25
1544827065.31
1544827065.39
1544827065.44
1544827065.51
1544827065.57
1544827065.66
1544827065.74
1544827065.8
1544827065.86
1544827065.92
1544827065.97
1544827066.03
1544827066.07
1544827066.12
1544827066.17
1544827066.22
1544827066.28
1544827066.33
1544827066.38
1544827066.44
1544827066.52
1544827066.57
1544827066.62
1544827066.7
1544827066.75
1544827066.8
1544827066.88
1544827066.94
1544827066.99
1544827067.06
1544827067.14
1544827067.22
1544827067.3
1544827067.38
1544827067.45
1544827067.52
1544827067.57
1544827067.66
1544827067.72
1544827067.79
1544827067.9
1544827067.98
1544827068.07
1544827068.14
1544827068.22
1544827068.33
1544827068.39
1544827068.48
1544827068.57
1544827068.66
1544827068.74
1544827068.8
1544827068.84
1544827068.94
1544827069.01
1544827069.1
1544827069.19
1544827069.33
1544827069.41
1544827069.54
1544827069.59
1544827069.69
1544827069.77
1544827069.83
1544827069.91
1544827069.96
1544827070.04
1544827070.11
1544827070.17
1544827070.28
1544827070.35
1544827070.41
1544827070.5
1544827070.56
1544827070.62
1544827070.7
1544827070.78
1544827070.88
1544827070.95
1544827071.03
1544827071.1
1544827071.17
1544827071.23
1544827071.29
1544827071.34
1544827071.4
1544827071.46
1544827071.5
1544827071.57
1544827071.62
1544827071.67
1544827071.73
1544827071.79
1544827071.85
1544827071.9
1544827072.0
1544827072.07
1544827072.13
1544827072.24
1544827072.3
1544827072.39
1544827072.48
1544827072.56
1544827072.63
1544827072.7
1544827072.79
1544827072.85
1544827072.9
1544827072.94
1544827073.0
1544827073.08
1544827073.15
1544827073.23
1544827073.3
1544827073.38
1544827073.46
1544827073.54
1544827073.64
1544827073.7
1544827073.83
1544827073.89
1544827073.99
1544827074.06
1544827074.14
1544827074.2
1544827074.27
1544827074.34
1544827074.43
1544827074.52
1544827074.63
1544827074.68
1544827074.8
1544827074.89
1544827074.99
1544827075.07
1544827075.15
1544827075.23
1544827075.28
1544827075.36
1544827075.43
1544827075.49
1544827075.58
1544827075.64
1544827075.71
1544827075.8
1544827075.88
1544827075.95
1544827076.03
1544827076.09
1544827076.16
1544827076.22
1544827076.29
1544827076.33
1544827076.41
1544827076.48
1544827076.57
1544827076.65
1544827076.71
1544827076.79
1544827076.86
1544827076.92
1544827077.0
1544827077.07
1544827077.13
1544827077.21
1544827077.28
1544827077.33
1544827077.41
1544827077.47
1544827077.54
1544827077.61
1544827077.68
1544827077.76
1544827077.83
1544827077.89
1544827077.98
1544827078.05
1544827078.1
1544827078.18
1544827078.25
1544827078.32
1544827078.43
1544827078.49
1544827078.56
1544827078.64
1544827078.69
1544827078.73
1544827078.85
1544827078.95
1544827079.03
1544827079.07
1544827079.18
1544827079.24
1544827079.29
1544827079.39
1544827079.47
1544827079.6
1544827079.71
1544827079.79
1544827079.86
1544827079.93
1544827079.98
1544827080.05
1544827080.11
1544827080.19
1544827080.26
1544827080.31
1544827080.38
1544827080.45
1544827080.52
1544827080.59
1544827080.67
1544827080.74
1544827080.8
1544827080.85
1544827080.98
1544827081.04
1544827081.13
1544827081.2
1544827081.29
1544827081.35
1544827081.42
1544827081.49
1544827081.56
1544827081.62
1544827081.66
1544827081.73
1544827081.81
1544827081.89
1544827081.99
1544827082.08
1544827082.19
1544827082.28
1544827082.39
1544827082.49
1544827082.56
1544827082.63
1544827082.69
1544827082.73
1544827082.79
1544827082.88
1544827082.95
1544827083.05
1544827083.14
1544827083.22
1544827083.28
1544827083.35
1544827083.43
1544827083.5
1544827083.58
1544827083.63
1544827083.71
1544827083.79
1544827083.9
1544827083.97
1544827084.06
1544827084.16
1544827084.24
1544827084.32
1544827084.41
1544827084.51
1544827084.59
1544827084.69
1544827084.79
1544827084.92
1544827085.01
1544827085.1
1544827085.16
1544827085.28
1544827085.36
1544827085.44
1544827085.51
1544827085.64
1544827085.72
1544827085.79
1544827085.87
1544827085.92
1544827086.03
1544827086.11
1544827086.18
1544827086.25
1544827086.32
1544827086.38
1544827086.49
1544827086.54
1544827086.59
1544827086.66
1544827086.75
1544827086.89
1544827086.99
1544827087.09
1544827087.17
1544827087.25
1544827087.35
1544827087.44
1544827087.52
1544827087.58
1544827087.64
1544827087.71
1544827087.75
1544827087.83
1544827087.91
1544827087.98
1544827088.05
1544827088.13
1544827088.19
1544827088.25
1544827088.34
1544827088.39
1544827088.49
1544827088.54
1544827088.59
1544827088.69
1544827088.73
1544827088.78
1544827088.87
1544827088.96
1544827089.04
1544827089.13
1544827089.24
1544827089.32
1544827089.39
1544827089.49
1544827089.56
1544827089.67
1544827089.73
1544827089.78
1544827089.83
1544827089.88
1544827089.93
1544827089.99
1544827090.11
1544827090.17
1544827090.28
1544827090.32
1544827090.36
1544827090.5
1544827090.56
1544827090.69
1544827090.77
1544827090.89
1544827090.95
1544827091.03
1544827091.07
1544827091.11
1544827091.16
1544827091.22
1544827091.27
1544827091.35
1544827091.44
1544827091.5
1544827091.56
1544827091.63
1544827091.69
1544827091.79
1544827091.84
1544827091.93
1544827092.03
1544827092.07
1544827092.14
1544827092.2
1544827092.27
1544827092.35
1544827092.4
1544827092.46
1544827092.59
1544827092.68
1544827092.79
1544827092.88
1544827092.96
1544827093.03
1544827093.1
1544827093.19
1544827093.27
1544827093.33
1544827093.39
1544827093.47
1544827093.61
1544827093.7
1544827093.78
1544827093.85
1544827093.96
1544827094.03
1544827094.14
1544827094.26
1544827094.36
1544827094.5
1544827094.6
1544827094.7
1544827094.79
1544827094.87
1544827094.97
1544827095.02
1544827095.06
1544827095.15
1544827095.25
1544827095.35
1544827095.42
1544827095.52
1544827095.61
1544827095.68
1544827095.76
1544827095.8
1544827095.85
1544827095.91
1544827095.97
1544827096.07
1544827096.16
1544827096.22
1544827096.28
1544827096.34
1544827096.4
1544827096.46
1544827096.52
1544827096.58
1544827096.65
1544827096.71
1544827096.77
1544827096.83
1544827096.89
1544827096.95
1544827097.0
1544827097.06
1544827097.13
1544827097.19
1544827097.26
1544827097.34
1544827097.4
1544827097.46
1544827097.52
1544827097.57
1544827097.63
1544827097.69
1544827097.75
1544827097.81
1544827097.87
1544827097.93
1544827097.98
1544827098.04
1544827098.08
1544827098.14
1544827098.19
1544827098.25
1544827098.29
1544827098.33
1544827098.39
1544827098.47
1544827098.54
1544827098.63
1544827098.71
1544827098.79
1544827098.86
1544827098.91
1544827098.96
1544827099.04
1544827099.1
1544827099.17
1544827099.28
1544827099.34
1544827099.39
1544827099.48
1544827099.54
1544827099.6
1544827099.66
1544827099.71
1544827099.82
1544827099.91
1544827099.98
1544827100.03
1544827100.08
1544827100.15
1544827100.21
1544827100.27
1544827100.35
1544827100.4
1544827100.46
1544827100.55
1544827100.61
1544827100.71
1544827100.8
1544827100.88
1544827100.96
1544827101.06
1544827101.16
1544827101.26
1544827101.36
1544827101.44
1544827101.54
1544827101.63
1544827101.74
1544827101.84
1544827101.93
1544827102.0
1544827102.06
1544827102.17
1544827102.23
1544827102.32
1544827102.42
1544827102.47
1544827102.54
1544827102.64
1544827102.78
1544827102.85
1544827102.97
1544827103.05
1544827103.18
1544827103.23
1544827103.29
1544827103.39
1544827103.47
1544827103.56
1544827103.63
1544827103.74
1544827103.83
1544827103.93
1544827104.02
1544827104.1
1544827104.21
1544827104.32
1544827104.4
1544827104.51
1544827104.58
1544827104.64
1544827104.69
1544827104.78
1544827104.83
1544827104.9
1544827104.97
1544827105.03
1544827105.16
1544827105.27
1544827105.39
1544827105.51
1544827105.61
1544827105.76
1544827105.86
1544827105.96
1544827106.03
1544827106.1
1544827106.18
1544827106.25
1544827106.36
1544827106.44
1544827106.56
1544827106.68
1544827106.81
1544827106.93
1544827107.03
1544827107.1
1544827107.15
1544827107.21
1544827107.31
1544827107.4
1544827107.46
1544827107.58
1544827107.71
1544827107.79
1544827107.87
1544827107.97
1544827108.05
1544827108.14
1544827108.24
1544827108.33
1544827108.4
1544827108.45
1544827108.55
1544827108.64
1544827108.71
1544827108.79
1544827108.86
1544827108.95
1544827109.01
1544827109.08
1544827109.17
1544827109.23
1544827109.28
1544827109.37
1544827109.47
1544827109.54
1544827109.61
1544827109.69
1544827109.76
1544827109.84
1544827109.91
1544827110.0
1544827110.08
1544827110.16
1544827110.26
1544827110.36
1544827110.44
1544827110.51
1544827110.6
1544827110.69
1544827110.77
1544827110.87
1544827110.98
1544827111.07
1544827111.18
1544827111.22
1544827111.27
1544827111.35
1544827111.44
1544827111.53
1544827111.61
1544827111.69
1544827111.79
1544827111.83
1544827111.92
1544827111.99
1544827112.04
1544827112.08
1544827112.17
1544827112.27
1544827112.39
1544827112.46
1544827112.52
1544827112.58
1544827112.64
1544827112.71
1544827112.77
1544827112.83
1544827112.93
1544827113.01
1544827113.07
1544827113.16
1544827113.22
1544827113.29
1544827113.37
1544827113.44
1544827113.53
1544827113.61
1544827113.7
1544827113.78
1544827113.85
1544827113.94
1544827114.01
1544827114.09
1544827114.16
1544827114.27
1544827114.38
1544827114.42
1544827114.47
1544827114.53
1544827114.61
1544827114.7
1544827114.76
1544827114.82
1544827114.88
1544827114.96
1544827115.02
1544827115.09
1544827115.15
1544827115.22
1544827115.28
1544827115.34
1544827115.42
1544827115.49
1544827115.55
1544827115.6
1544827115.67
1544827115.74
1544827115.8
1544827115.86
1544827115.93
1544827115.99
1544827116.05
1544827116.12
1544827116.18
1544827116.24
1544827116.31
1544827116.38
1544827116.47
1544827116.54
1544827116.6
1544827116.65
1544827116.71
1544827116.82
1544827116.9
1544827116.96
1544827117.01
1544827117.08
1544827117.13
1544827117.19
1544827117.25
1544827117.34
1544827117.39
1544827117.43
1544827117.47
1544827117.52
1544827117.58
1544827117.62
1544827117.69
1544827117.77
1544827117.86
1544827117.93
1544827118.0
1544827118.09
1544827118.2
1544827118.28
1544827118.38
1544827118.46
1544827118.54
1544827118.6
1544827118.66
1544827118.75
1544827118.81
1544827118.85
1544827118.93
1544827118.98
1544827119.07
1544827119.18
1544827119.24
1544827119.29
1544827119.38
1544827119.46
1544827119.55
1544827119.62
1544827119.71
1544827119.77
1544827119.85
1544827119.92
1544827119.98
1544827120.04
1544827120.1
1544827120.15
1544827120.21
1544827120.28
1544827120.35
1544827120.4
1544827120.47
1544827120.53
1544827120.61
1544827120.67
1544827120.72
1544827120.79
1544827120.86
1544827120.93
1544827121.04
1544827121.1
1544827121.14
1544827121.19
1544827121.28
1544827121.32
1544827121.37
1544827121.48
1544827121.59
1544827121.69
1544827121.79
1544827121.88
1544827121.95
1544827122.03
1544827122.11
1544827122.18
1544827122.28
1544827122.35
1544827122.44
1544827122.51
1544827122.64
1544827122.78
1544827122.86
1544827122.93
1544827123.0
1544827123.08
1544827123.15
1544827123.29
1544827123.41
1544827123.48
1544827123.59
1544827123.65
1544827123.72
1544827123.82
1544827123.91
1544827124.01
1544827124.08
1544827124.14
1544827124.23
1544827124.29
1544827124.36
1544827124.41
1544827124.49
1544827124.58
1544827124.65
1544827124.74
1544827124.83
1544827124.91
1544827125.0
1544827125.09
1544827125.18
1544827125.23
1544827125.3
1544827125.39
1544827125.46
1544827125.58
1544827125.65
1544827125.72
1544827125.84
1544827125.9
1544827125.96
1544827126.03
1544827126.1
1544827126.19
1544827126.25
1544827126.33
1544827126.43
1544827126.52
1544827126.65
1544827126.76
1544827126.85
1544827126.92
1544827127.04
1544827127.11
1544827127.23
1544827127.3
1544827127.38
1544827127.46
1544827127.56
1544827127.67
1544827127.79
1544827127.88
1544827127.97
1544827128.07
1544827128.23
1544827128.29
1544827128.4
1544827128.48
1544827128.53
1544827128.6
1544827128.65
1544827128.69
1544827128.74
1544827128.79
1544827128.84
1544827128.9
1544827128.96
1544827129.06
1544827129.12
1544827129.19
1544827129.24
1544827129.34
1544827129.4
1544827129.47
1544827129.54
1544827129.6
1544827129.69
1544827129.79
1544827129.86
1544827129.91
1544827129.98
1544827130.05
1544827130.1
1544827130.18
1544827130.24
1544827130.3
1544827130.37
1544827130.43
1544827130.5
1544827130.58
1544827130.65
1544827130.71
1544827130.8
1544827130.86
1544827130.94
1544827131.0
1544827131.09
1544827131.15
1544827131.23
1544827131.29
1544827131.39
1544827131.45
1544827131.59
1544827131.7
1544827131.82
1544827131.88
1544827131.96
1544827132.01
1544827132.08
1544827132.12
1544827132.25
1544827132.41
1544827132.51
1544827132.6
1544827132.66
1544827132.73
1544827132.84
1544827132.91
1544827133.0
1544827133.08
1544827133.17
1544827133.26
1544827133.36
1544827133.45
1544827133.52
1544827133.59
1544827133.64
1544827133.69
1544827133.78
1544827133.85
1544827133.92
1544827133.98
1544827134.05
1544827134.13
1544827134.2
1544827134.28
1544827134.34
1544827134.4
1544827134.46
1544827134.52
1544827134.59
1544827134.65
1544827134.72
1544827134.78
1544827134.87
1544827134.93
1544827134.99
1544827135.11
1544827135.16
1544827135.21
1544827135.26
1544827135.32
1544827135.37
1544827135.46
1544827135.54
1544827135.59
1544827135.68
1544827135.74
1544827135.79
1544827135.86
1544827136.0
1544827136.1
1544827136.18
1544827136.26
1544827136.34
1544827136.4
1544827136.49
1544827136.55
1544827136.64
1544827136.73
1544827136.83
1544827136.9
1544827137.0
1544827137.09
1544827137.19
1544827137.29
1544827137.39
1544827137.46
1544827137.54
1544827137.61
1544827137.69
1544827137.76
1544827137.83
1544827137.88
1544827137.99
1544827138.04
1544827138.12
1544827138.2
1544827138.26
1544827138.34
1544827138.41
1544827138.49
1544827138.58
1544827138.69
1544827138.78
1544827138.86
1544827138.93
1544827139.03
1544827139.1
1544827139.18
1544827139.27
1544827139.32
1544827139.4
1544827139.47
1544827139.57
1544827139.63
1544827139.69
1544827139.79
1544827139.84
1544827139.9
1544827139.96
1544827140.04
1544827140.13
1544827140.21
1544827140.26
1544827140.32
1544827140.39
1544827140.43
1544827140.5
1544827140.58
1544827140.63
1544827140.7
1544827140.8
1544827140.88
1544827140.94
1544827140.99
1544827141.05
1544827141.09
1544827141.17
1544827141.24
1544827141.3
1544827141.37
1544827141.41
1544827141.46
1544827141.51
1544827141.59
1544827141.64
1544827141.71
1544827141.79
1544827141.84
1544827141.89
1544827141.97
1544827142.03
1544827142.07
1544827142.14
1544827142.2
1544827142.28
1544827142.37
1544827142.43
1544827142.51
1544827142.61
1544827142.69
1544827142.83
1544827142.91
1544827142.99
1544827143.07
1544827143.19
1544827143.28
1544827143.35
1544827143.42
1544827143.49
1544827143.55
1544827143.61
1544827143.67
1544827143.73
1544827143.79
1544827143.86
1544827143.97
1544827144.09
1544827144.19
1544827144.26
1544827144.34
1544827144.4
1544827144.46
1544827144.55
1544827144.61
1544827144.68
1544827144.75
1544827144.85
1544827144.96
1544827145.06
1544827145.16
1544827145.25
1544827145.31
1544827145.39
1544827145.44
1544827145.5
1544827145.56
1544827145.64
1544827145.71
1544827145.81
1544827145.9
1544827145.95
1544827146.0
1544827146.07
1544827146.16
1544827146.26
1544827146.34
1544827146.45
1544827146.52
1544827146.64
1544827146.72
1544827146.84
1544827146.97
1544827147.08
1544827147.15
1544827147.27
1544827147.34
1544827147.45
1544827147.51
1544827147.59
1544827147.7
1544827147.77
1544827147.84
1544827147.89
1544827147.95
1544827148.03
1544827148.11
1544827148.2
1544827148.29
1544827148.39
1544827148.49
1544827148.58
1544827148.67
1544827148.76
1544827148.85
1544827148.95
1544827149.02
1544827149.12
1544827149.21
1544827149.28
1544827149.36
1544827149.42
1544827149.49
1544827149.58
1544827149.65
1544827149.69
1544827149.73
1544827149.79
1544827149.88
1544827149.92
1544827149.98
1544827150.08
1544827150.14
1544827150.23
1544827150.29
1544827150.34
1544827150.4
1544827150.47
1544827150.53
1544827150.62
1544827150.69
1544827150.74
1544827150.82
1544827150.9
1544827150.99
1544827151.07
1544827151.15
1544827151.23
1544827151.3
1544827151.35
1544827151.42
1544827151.49
1544827151.54
1544827151.6
1544827151.67
1544827151.76
1544827151.88
1544827151.94
1544827152.03
1544827152.11
1544827152.17
1544827152.25
1544827152.34
1544827152.41
1544827152.49
1544827152.57
1544827152.68
1544827152.76
1544827152.91
1544827153.04
1544827153.12
1544827153.23
1544827153.32
1544827153.44
1544827153.56
1544827153.68
1544827153.78
1544827153.86
1544827153.94
1544827154.0
1544827154.05
1544827154.13
1544827154.23
1544827154.37
1544827154.45
1544827154.53
1544827154.59
1544827154.66
1544827154.72
1544827154.81
1544827154.88
1544827154.93
1544827155.02
1544827155.09
1544827155.14
1544827155.19
1544827155.24
1544827155.3
1544827155.35
1544827155.49
1544827155.58
1544827155.65
1544827155.72
1544827155.79
1544827155.87
1544827155.94
1544827156.02
1544827156.1
1544827156.19
1544827156.28
1544827156.38
1544827156.5
1544827156.6
1544827156.7
1544827156.75
1544827156.84
1544827156.93
1544827157.05
1544827157.13
1544827157.18
1544827157.23
1544827157.34
1544827157.44
1544827157.53
1544827157.58
1544827157.67
1544827157.73
1544827157.79
1544827157.9
1544827157.95
1544827158.02
1544827158.09
1544827158.14
1544827158.2
1544827158.28
1544827158.33
1544827158.39
1544827158.46
1544827158.5
1544827158.56
1544827158.63
1544827158.69
1544827158.75
1544827158.83
1544827158.88
1544827158.94
1544827158.99
1544827159.03
1544827159.09
1544827159.18
1544827159.25
1544827159.35
1544827159.44
1544827159.52
1544827159.6
1544827159.69
1544827159.78
1544827159.86
1544827159.96
1544827160.03
1544827160.13
1544827160.2
1544827160.26
1544827160.33
1544827160.41
1544827160.46
1544827160.54
1544827160.61
1544827160.65
1544827160.7
1544827160.77
1544827160.85
1544827160.95
1544827161.03
1544827161.14
1544827161.19
1544827161.25
1544827161.29
1544827161.35
1544827161.45
1544827161.56
1544827161.63
1544827161.72
1544827161.82
1544827161.92
1544827162.02
1544827162.09
1544827162.16
1544827162.23
1544827162.29
1544827162.36
1544827162.43
1544827162.49
1544827162.56
1544827162.64
1544827162.72
1544827162.78
1544827162.85
1544827162.91
1544827162.98
1544827163.04
1544827163.14
1544827163.19
1544827163.26
1544827163.33
1544827163.39
1544827163.46
1544827163.53
1544827163.58
1544827163.65
1544827163.72
1544827163.81
1544827163.91
1544827163.99
1544827164.08
1544827164.13
1544827164.17
