1544827292.53
1544827292.69
1544827292.75
1544827292.89
1544827293.0
1544827293.08
1544827293.13
1544827293.23
1544827293.3
1544827293.38
1544827293.48
1544827293.55
1544827293.64
1544827293.71
1544827293.79
1544827293.85
1544827293.89
1544827294.03
1544827294.14
1544827294.29
1544827294.41
1544827294.48
1544827294.55
1544827294.64
1544827294.73
1544827294.8
1544827294.88
1544827295.02
1544827295.12
1544827295.22
1544827295.32
1544827295.39
1544827295.47
1544827295.54
1544827295.6
1544827295.68
1544827295.75
1544827295.79
1544827295.92
1544827296.03
1544827296.15
1544827296.27
1544827296.38
1544827296.48
1544827296.58
1544827296.66
1544827296.76
1544827296.87
1544827296.95
1544827297.01
1544827297.07
1544827297.17
1544827297.25
1544827297.38
1544827297.51
1544827297.59
1544827297.65
1544827297.72
1544827297.83
1544827297.93
1544827298.01
1544827298.06
1544827298.13
1544827298.21
1544827298.31
1544827298.39
1544827298.47
1544827298.55
1544827298.62
1544827298.69
1544827298.78
1544827298.83
1544827298.88
1544827298.96
1544827299.01
1544827299.12
1544827299.2
1544827299.26
1544827299.4
1544827299.45
1544827299.56
1544827299.69
1544827299.79
1544827299.84
1544827299.92
1544827299.98
1544827300.04
1544827300.13
1544827300.2
1544827300.24
1544827300.32
1544827300.4
1544827300.49
1544827300.59
1544827300.66
1544827300.77
1544827300.82
1544827300.88
1544827300.95
1544827301.0
1544827301.05
1544827301.1
1544827301.16
1544827301.21
1544827301.25
1544827301.34
1544827301.43
1544827301.52
1544827301.58
1544827301.66
1544827301.74
1544827301.83
1544827301.92
1544827301.98
1544827302.05
1544827302.14
1544827302.2
1544827302.24
1544827302.34
1544827302.39
1544827302.45
1544827302.53
1544827302.6
1544827302.68
1544827302.77
1544827302.85
1544827302.95
1544827303.05
1544827303.16
1544827303.24
1544827303.35
1544827303.45
1544827303.58
1544827303.61
1544827303.67
1544827303.8
1544827303.89
1544827303.99
1544827304.08
1544827304.17
1544827304.25
1544827304.36
1544827304.43
1544827304.51
1544827304.59
1544827304.66
1544827304.77
1544827304.82
1544827304.88
1544827304.98
1544827305.03
1544827305.09
1544827305.18
1544827305.26
1544827305.35
1544827305.41
1544827305.45
1544827305.52
1544827305.6
1544827305.71
1544827305.81
1544827305.91
1544827305.99
1544827306.07
1544827306.19
1544827306.28
1544827306.33
1544827306.4
1544827306.48
1544827306.59
1544827306.66
1544827306.79
1544827306.9
1544827306.98
1544827307.06
1544827307.13
1544827307.2
1544827307.28
1544827307.36
1544827307.45
1544827307.51
1544827307.62
1544827307.73
1544827307.83
1544827307.9
1544827307.99
1544827308.06
1544827308.13
1544827308.2
1544827308.28
1544827308.36
1544827308.44
1544827308.51
1544827308.6
1544827308.69
1544827308.78
1544827308.85
1544827308.92
1544827309.01
1544827309.06
1544827309.15
1544827309.21
1544827309.28
1544827309.36
1544827309.46
1544827309.52
1544827309.6
1544827309.7
1544827309.82
1544827309.9
1544827310.0
1544827310.1
1544827310.22
1544827310.3
1544827310.37
1544827310.46
1544827310.62
1544827310.68
1544827310.77
1544827310.84
1544827310.92
1544827311.01
1544827311.1
1544827311.2
1544827311.27
1544827311.34
1544827311.41
1544827311.49
1544827311.57
1544827311.65
1544827311.74
1544827311.81
1544827311.9
1544827312.04
1544827312.11
1544827312.16
1544827312.22
1544827312.33
1544827312.39
1544827312.45
1544827312.53
1544827312.6
1544827312.73
1544827312.83
1544827312.92
1544827313.03
1544827313.13
1544827313.19
1544827313.26
1544827313.35
1544827313.43
1544827313.53
1544827313.59
1544827313.68
1544827313.79
1544827313.86
1544827313.98
1544827314.09
1544827314.18
1544827314.28
1544827314.38
1544827314.45
1544827314.51
1544827314.6
1544827314.68
1544827314.76
1544827314.86
1544827314.95
1544827315.05
1544827315.13
1544827315.22
1544827315.3
1544827315.4
1544827315.5
1544827315.6
1544827315.72
1544827315.84
1544827315.94
1544827316.01
1544827316.09
1544827316.14
1544827316.2
1544827316.31
1544827316.4
1544827316.5
1544827316.59
1544827316.72
1544827316.79
1544827316.92
1544827316.98
1544827317.09
1544827317.19
1544827317.3
1544827317.4
1544827317.51
1544827317.59
1544827317.72
1544827317.82
1544827317.94
1544827318.03
1544827318.14
1544827318.19
1544827318.3
1544827318.36
1544827318.44
1544827318.52
1544827318.6
1544827318.7
1544827318.79
1544827318.92
1544827319.03
1544827319.1
1544827319.19
1544827319.27
1544827319.36
1544827319.45
1544827319.53
1544827319.6
1544827319.68
1544827319.78
1544827319.95
1544827320.07
1544827320.22
1544827320.32
1544827320.43
1544827320.52
1544827320.62
1544827320.7
1544827320.78
1544827320.85
1544827320.92
1544827320.99
1544827321.06
1544827321.12
1544827321.2
1544827321.27
1544827321.34
1544827321.43
1544827321.49
1544827321.54
1544827321.59
1544827321.69
1544827321.77
1544827321.83
1544827321.92
1544827321.98
1544827322.04
1544827322.12
1544827322.2
1544827322.3
1544827322.4
1544827322.54
1544827322.6
1544827322.68
1544827322.75
1544827322.84
1544827322.95
1544827323.07
1544827323.19
1544827323.3
1544827323.36
1544827323.43
1544827323.54
1544827323.6
1544827323.7
1544827323.78
1544827323.88
1544827323.98
1544827324.1
1544827324.17
1544827324.3
1544827324.39
1544827324.47
1544827324.55
1544827324.61
1544827324.71
1544827324.78
1544827324.84
1544827324.91
1544827324.97
1544827325.05
1544827325.11
1544827325.17
1544827325.23
1544827325.3
1544827325.35
1544827325.4
1544827325.45
1544827325.54
1544827325.59
1544827325.65
1544827325.73
1544827325.78
1544827325.87
1544827325.95
1544827326.03
1544827326.13
1544827326.19
1544827326.31
1544827326.38
1544827326.48
1544827326.57
1544827326.67
1544827326.78
1544827326.91
1544827327.02
1544827327.18
1544827327.33
1544827327.43
1544827327.47
1544827327.56
1544827327.66
1544827327.75
1544827327.84
1544827327.94
1544827328.02
1544827328.12
1544827328.19
1544827328.3
1544827328.38
1544827328.49
1544827328.56
1544827328.63
1544827328.74
1544827328.81
1544827328.88
1544827328.95
1544827328.99
1544827329.03
1544827329.08
1544827329.14
1544827329.2
1544827329.3
1544827329.38
1544827329.47
1544827329.55
1544827329.62
1544827329.71
1544827329.79
1544827329.85
1544827329.9
1544827329.95
1544827330.01
1544827330.05
1544827330.14
1544827330.19
1544827330.25
1544827330.35
1544827330.42
1544827330.51
1544827330.59
1544827330.69
1544827330.76
1544827330.87
1544827330.96
1544827331.05
1544827331.11
1544827331.19
1544827331.28
1544827331.35
1544827331.42
1544827331.52
1544827331.6
1544827331.68
1544827331.79
1544827331.85
1544827331.94
1544827332.03
1544827332.13
1544827332.2
1544827332.27
1544827332.34
1544827332.41
1544827332.48
1544827332.54
1544827332.63
1544827332.71
1544827332.79
1544827332.87
1544827332.95
1544827333.04
1544827333.12
1544827333.22
1544827333.29
1544827333.37
1544827333.45
1544827333.52
1544827333.57
1544827333.61
1544827333.66
1544827333.72
1544827333.77
1544827333.85
1544827333.92
1544827334.0
1544827334.09
1544827334.19
1544827334.28
1544827334.39
1544827334.49
1544827334.59
1544827334.67
1544827334.76
1544827334.84
1544827334.92
1544827334.97
1544827335.05
1544827335.14
1544827335.24
1544827335.29
1544827335.36
1544827335.43
1544827335.53
1544827335.63
1544827335.82
1544827335.88
1544827335.97
1544827336.05
1544827336.19
1544827336.29
1544827336.35
1544827336.45
1544827336.56
1544827336.66
1544827336.77
1544827336.82
1544827336.91
1544827337.0
1544827337.09
1544827337.18
1544827337.29
1544827337.35
1544827337.43
1544827337.5
1544827337.56
1544827337.66
1544827337.75
1544827337.88
1544827337.98
1544827338.09
1544827338.18
1544827338.28
1544827338.35
1544827338.45
1544827338.53
1544827338.58
1544827338.69
1544827338.76
1544827338.86
1544827338.93
1544827338.98
1544827339.09
1544827339.21
1544827339.29
1544827339.34
1544827339.42
1544827339.51
1544827339.56
1544827339.65
1544827339.75
1544827339.84
1544827339.93
1544827339.99
1544827340.07
1544827340.13
1544827340.21
1544827340.29
1544827340.34
1544827340.4
1544827340.46
1544827340.53
1544827340.59
1544827340.65
1544827340.71
1544827340.77
1544827340.85
1544827340.92
1544827340.97
1544827341.05
1544827341.14
1544827341.21
1544827341.3
1544827341.38
1544827341.47
1544827341.54
1544827341.64
1544827341.71
1544827341.78
1544827341.88
1544827341.95
1544827342.03
1544827342.09
1544827342.21
1544827342.31
1544827342.43
1544827342.53
1544827342.63
1544827342.7
1544827342.77
1544827342.89
1544827342.95
1544827343.05
1544827343.12
1544827343.18
1544827343.28
1544827343.36
1544827343.44
1544827343.52
1544827343.63
1544827343.72
1544827343.83
1544827343.93
1544827344.02
1544827344.12
1544827344.18
1544827344.29
1544827344.35
1544827344.42
1544827344.51
1544827344.56
1544827344.63
1544827344.7
1544827344.76
1544827344.86
1544827344.94
1544827345.01
1544827345.09
1544827345.17
1544827345.27
1544827345.3
1544827345.4
1544827345.48
1544827345.58
1544827345.63
1544827345.68
1544827345.76
1544827345.85
1544827345.91
1544827345.99
1544827346.05
1544827346.13
1544827346.24
1544827346.34
1544827346.44
1544827346.51
1544827346.59
1544827346.66
1544827346.75
1544827346.8
1544827346.85
1544827346.93
1544827347.09
1544827347.18
1544827347.27
1544827347.34
1544827347.47
1544827347.54
1544827347.67
1544827347.76
1544827347.84
1544827347.9
1544827347.98
1544827348.09
1544827348.16
1544827348.23
1544827348.33
1544827348.41
1544827348.52
1544827348.58
1544827348.65
1544827348.76
1544827348.83
1544827348.9
1544827348.96
1544827349.01
1544827349.05
1544827349.12
1544827349.19
1544827349.25
1544827349.33
1544827349.39
1544827349.47
1544827349.54
1544827349.58
1544827349.65
1544827349.69
1544827349.75
1544827349.82
1544827349.9
1544827349.99
1544827350.09
1544827350.17
1544827350.27
1544827350.33
1544827350.4
1544827350.52
1544827350.57
1544827350.64
1544827350.71
1544827350.79
1544827350.89
1544827350.97
1544827351.1
1544827351.2
1544827351.3
1544827351.38
1544827351.43
1544827351.53
1544827351.64
1544827351.74
1544827351.85
1544827351.96
1544827352.09
1544827352.24
1544827352.33
1544827352.38
1544827352.44
1544827352.52
1544827352.59
1544827352.65
1544827352.76
1544827352.84
1544827352.95
1544827353.09
1544827353.15
1544827353.26
1544827353.34
1544827353.43
1544827353.63
1544827353.71
1544827353.76
1544827353.85
1544827353.92
1544827353.97
1544827354.06
1544827354.16
1544827354.22
1544827354.3
1544827354.41
1544827354.48
1544827354.54
1544827354.66
1544827354.75
1544827354.8
1544827354.85
1544827354.94
1544827355.05
1544827355.14
1544827355.22
1544827355.31
1544827355.4
1544827355.48
1544827355.57
1544827355.66
1544827355.74
1544827355.79
1544827355.83
1544827355.88
1544827355.98
1544827356.06
1544827356.15
1544827356.23
1544827356.28
1544827356.36
1544827356.44
1544827356.5
1544827356.62
1544827356.7
1544827356.81
1544827356.88
1544827356.96
1544827357.06
1544827357.19
1544827357.28
1544827357.38
1544827357.47
1544827357.58
1544827357.66
1544827357.74
1544827357.82
1544827357.9
1544827357.98
1544827358.06
1544827358.12
1544827358.22
1544827358.29
1544827358.39
1544827358.46
1544827358.64
1544827358.71
1544827358.86
1544827358.93
1544827359.03
1544827359.12
1544827359.24
1544827359.3
1544827359.35
1544827359.44
1544827359.5
1544827359.59
1544827359.68
1544827359.73
1544827359.82
1544827359.89
1544827360.0
1544827360.06
1544827360.12
1544827360.24
1544827360.35
1544827360.44
1544827360.5
1544827360.59
1544827360.67
1544827360.81
1544827360.87
1544827360.99
1544827361.05
1544827361.1
1544827361.17
1544827361.3
1544827361.39
1544827361.45
1544827361.55
1544827361.66
1544827361.78
1544827361.86
1544827361.95
1544827362.02
1544827362.09
1544827362.18
1544827362.25
1544827362.32
1544827362.38
1544827362.43
1544827362.47
1544827362.55
1544827362.63
1544827362.71
1544827362.79
1544827362.86
1544827362.95
1544827363.01
1544827363.09
1544827363.17
1544827363.25
1544827363.31
1544827363.37
1544827363.45
1544827363.52
1544827363.57
1544827363.67
1544827363.73
1544827363.82
1544827363.87
1544827363.96
1544827364.08
1544827364.21
1544827364.3
1544827364.36
1544827364.45
1544827364.53
1544827364.66
1544827364.78
1544827364.87
1544827364.99
1544827365.05
1544827365.19
1544827365.27
1544827365.35
1544827365.46
1544827365.54
1544827365.61
1544827365.7
1544827365.8
1544827365.89
1544827366.02
1544827366.08
1544827366.15
1544827366.26
1544827366.34
1544827366.43
1544827366.49
1544827366.57
1544827366.65
1544827366.74
1544827366.85
1544827366.91
1544827367.0
1544827367.07
1544827367.14
1544827367.24
1544827367.31
1544827367.44
1544827367.51
1544827367.6
1544827367.69
1544827367.82
1544827367.92
1544827368.05
1544827368.18
1544827368.26
1544827368.33
1544827368.43
1544827368.5
1544827368.57
1544827368.64
1544827368.71
1544827368.79
1544827368.87
1544827368.94
1544827369.04
1544827369.14
1544827369.26
1544827369.35
1544827369.47
1544827369.58
1544827369.69
1544827369.76
1544827369.85
1544827369.94
1544827370.01
1544827370.07
1544827370.12
1544827370.2
1544827370.26
1544827370.31
1544827370.41
1544827370.51
1544827370.59
1544827370.68
1544827370.79
1544827370.88
1544827371.0
1544827371.09
1544827371.19
1544827371.28
1544827371.41
1544827371.49
1544827371.6
1544827371.63
1544827371.72
1544827371.84
1544827371.93
1544827372.05
1544827372.15
1544827372.24
1544827372.32
1544827372.4
1544827372.49
1544827372.57
1544827372.65
1544827372.75
1544827372.84
1544827372.95
1544827373.05
1544827373.1
1544827373.22
1544827373.31
1544827373.39
1544827373.48
1544827373.57
1544827373.63
1544827373.69
1544827373.82
1544827373.93
1544827373.98
1544827374.04
1544827374.09
1544827374.13
1544827374.17
1544827374.24
1544827374.3
1544827374.35
1544827374.39
1544827374.44
1544827374.49
1544827374.56
1544827374.67
1544827374.77
1544827374.85
1544827374.9
1544827374.95
1544827375.02
1544827375.08
1544827375.16
1544827375.26
1544827375.35
1544827375.4
1544827375.49
1544827375.55
1544827375.6
1544827375.69
1544827375.78
1544827375.88
1544827375.94
1544827376.0
1544827376.05
1544827376.14
1544827376.2
1544827376.31
1544827376.38
1544827376.49
1544827376.58
1544827376.64
1544827376.79
1544827376.91
1544827377.06
1544827377.22
1544827377.31
1544827377.38
1544827377.47
1544827377.55
1544827377.64
1544827377.74
1544827377.82
1544827377.86
1544827377.93
1544827378.03
1544827378.09
1544827378.19
1544827378.32
1544827378.42
1544827378.55
1544827378.62
1544827378.69
1544827378.73
1544827378.78
1544827378.84
1544827378.9
1544827379.0
1544827379.08
1544827379.14
1544827379.27
1544827379.33
1544827379.44
1544827379.51
1544827379.61
1544827379.69
1544827379.76
1544827379.86
1544827379.94
1544827380.04
1544827380.13
1544827380.17
1544827380.27
1544827380.33
1544827380.41
1544827380.48
1544827380.53
1544827380.63
1544827380.71
1544827380.75
1544827380.83
1544827380.93
1544827381.05
1544827381.15
1544827381.27
1544827381.37
1544827381.48
1544827381.56
1544827381.65
1544827381.74
1544827381.84
1544827381.97
1544827382.08
1544827382.16
1544827382.27
1544827382.36
1544827382.48
1544827382.56
1544827382.64
1544827382.7
1544827382.79
1544827382.9
1544827383.03
1544827383.14
1544827383.24
1544827383.34
1544827383.44
1544827383.55
1544827383.66
1544827383.77
1544827383.89
1544827384.0
1544827384.1
1544827384.2
1544827384.3
1544827384.38
1544827384.46
1544827384.58
1544827384.68
1544827384.79
1544827384.89
1544827384.99
1544827385.09
1544827385.19
1544827385.27
1544827385.36
1544827385.46
1544827385.54
1544827385.63
1544827385.71
1544827385.8
1544827385.88
1544827385.96
1544827386.06
1544827386.16
1544827386.28
1544827386.37
1544827386.48
1544827386.52
1544827386.57
1544827386.66
1544827386.72
1544827386.8
1544827386.87
1544827386.93
1544827387.04
1544827387.14
1544827387.27
1544827387.36
1544827387.47
1544827387.52
1544827387.6
1544827387.72
1544827387.81
1544827387.9
1544827388.01
1544827388.09
1544827388.18
1544827388.34
1544827388.45
1544827388.57
1544827388.64
1544827388.78
1544827388.89
1544827388.98
1544827389.04
1544827389.08
1544827389.14
1544827389.21
1544827389.26
1544827389.34
1544827389.39
1544827389.47
1544827389.54
1544827389.59
1544827389.64
1544827389.73
1544827389.83
1544827389.89
1544827389.95
1544827390.05
1544827390.14
1544827390.23
1544827390.31
1544827390.44
1544827390.51
1544827390.58
1544827390.62
1544827390.68
1544827390.76
1544827390.86
1544827390.99
1544827391.1
1544827391.17
1544827391.25
1544827391.31
1544827391.36
1544827391.41
1544827391.47
1544827391.53
1544827391.61
1544827391.68
1544827391.74
1544827391.8
1544827391.9
1544827391.98
1544827392.08
1544827392.14
1544827392.18
1544827392.28
1544827392.35
1544827392.44
1544827392.53
1544827392.69
1544827392.78
1544827392.89
1544827392.94
1544827393.03
1544827393.11
1544827393.19
1544827393.27
1544827393.33
1544827393.43
1544827393.51
1544827393.58
1544827393.68
1544827393.74
1544827393.81
1544827393.89
1544827393.95
1544827394.02
1544827394.08
1544827394.14
1544827394.22
1544827394.28
1544827394.35
1544827394.43
1544827394.49
1544827394.53
1544827394.59
1544827394.7
1544827394.77
1544827394.85
1544827394.91
1544827394.97
1544827395.08
1544827395.14
1544827395.23
1544827395.32
1544827395.42
1544827395.5
1544827395.59
1544827395.7
1544827395.77
1544827395.84
1544827395.9
1544827395.98
1544827396.05
1544827396.13
1544827396.21
1544827396.26
1544827396.31
1544827396.38
1544827396.45
1544827396.5
1544827396.54
1544827396.61
1544827396.67
1544827396.71
1544827396.79
1544827396.86
1544827396.94
1544827397.04
1544827397.09
1544827397.17
1544827397.24
1544827397.3
1544827397.36
1544827397.44
1544827397.53
1544827397.62
1544827397.67
1544827397.77
1544827397.88
1544827397.98
1544827398.08
1544827398.2
1544827398.3
1544827398.39
1544827398.44
1544827398.53
1544827398.59
1544827398.65
1544827398.71
1544827398.79
1544827398.87
1544827398.95
1544827399.05
1544827399.14
1544827399.23
1544827399.33
1544827399.41
1544827399.5
1544827399.59
1544827399.66
1544827399.74
1544827399.81
1544827399.9
1544827399.99
1544827400.05
1544827400.12
1544827400.16
1544827400.22
1544827400.27
1544827400.34
1544827400.43
1544827400.49
1544827400.56
1544827400.63
1544827400.72
1544827400.82
1544827400.91
1544827401.02
1544827401.1
1544827401.22
1544827401.3
1544827401.39
1544827401.46
1544827401.52
1544827401.61
1544827401.67
1544827401.73
1544827401.81
1544827401.88
1544827401.98
1544827402.06
1544827402.14
1544827402.18
1544827402.24
1544827402.36
1544827402.42
1544827402.5
1544827402.55
1544827402.63
1544827402.71
1544827402.79
1544827402.85
1544827402.93
1544827403.0
1544827403.07
1544827403.14
1544827403.2
1544827403.26
1544827403.33
1544827403.41
1544827403.47
1544827403.53
1544827403.59
1544827403.67
1544827403.72
1544827403.8
1544827403.86
1544827403.94
1544827404.02
1544827404.06
1544827404.13
1544827404.21
1544827404.3
1544827404.41
1544827404.49
1544827404.57
1544827404.66
1544827404.73
1544827404.79
1544827404.85
1544827404.9
1544827405.0
1544827405.06
1544827405.15
1544827405.23
1544827405.3
1544827405.4
1544827405.47
1544827405.56
1544827405.64
1544827405.69
1544827405.79
1544827405.85
1544827405.89
1544827405.98
1544827406.07
1544827406.16
1544827406.26
1544827406.37
1544827406.48
1544827406.55
1544827406.64
1544827406.72
1544827406.83
1544827406.89
1544827406.94
1544827407.07
1544827407.17
1544827407.26
1544827407.34
1544827407.44
1544827407.5
1544827407.59
1544827407.67
1544827407.74
1544827407.82
1544827407.89
1544827407.99
1544827408.07
1544827408.18
1544827408.25
1544827408.32
1544827408.4
1544827408.49
1544827408.58
1544827408.67
1544827408.74
1544827408.83
1544827408.91
1544827409.01
1544827409.08
1544827409.19
1544827409.3
1544827409.38
1544827409.44
1544827409.5
1544827409.58
1544827409.65
1544827409.69
1544827409.78
1544827409.85
1544827409.95
1544827410.03
1544827410.08
1544827410.16
1544827410.25
1544827410.33
1544827410.42
1544827410.48
1544827410.53
1544827410.58
1544827410.63
1544827410.71
1544827410.82
1544827410.88
1544827410.94
1544827411.02
1544827411.06
1544827411.12
1544827411.19
1544827411.24
1544827411.29
1544827411.36
1544827411.45
1544827411.52
1544827411.62
1544827411.7
1544827411.78
1544827411.82
1544827411.89
1544827411.95
1544827411.99
1544827412.05
1544827412.09
1544827412.17
1544827412.26
1544827412.33
1544827412.41
1544827412.49
1544827412.56
1544827412.64
1544827412.72
1544827412.75
1544827412.8
1544827412.85
1544827412.9
1544827412.96
1544827413.05
1544827413.11
1544827413.16
1544827413.24
1544827413.31
1544827413.4
1544827413.49
1544827413.62
1544827413.69
1544827413.79
1544827413.9
1544827413.98
1544827414.06
1544827414.23
1544827414.38
1544827414.46
1544827414.56
1544827414.65
1544827414.72
1544827414.83
1544827414.89
1544827415.01
1544827415.09
1544827415.18
1544827415.26
1544827415.34
1544827415.44
1544827415.54
1544827415.6
1544827415.68
1544827415.74
1544827415.8
1544827415.86
1544827415.92
1544827415.98
1544827416.04
1544827416.11
1544827416.16
1544827416.22
1544827416.27
1544827416.33
1544827416.4
1544827416.45
1544827416.52
1544827416.59
1544827416.69
1544827416.79
1544827416.86
1544827416.94
1544827417.02
1544827417.08
1544827417.14
1544827417.23
1544827417.31
1544827417.41
1544827417.5
1544827417.6
1544827417.67
1544827417.74
1544827417.82
1544827417.91
1544827417.99
1544827418.08
1544827418.17
1544827418.25
1544827418.34
1544827418.44
1544827418.55
1544827418.64
1544827418.76
1544827418.84
1544827418.92
1544827419.02
1544827419.11
1544827419.22
1544827419.29
1544827419.39
1544827419.47
1544827419.54
1544827419.61
1544827419.68
1544827419.76
1544827419.83
1544827419.93
1544827420.04
1544827420.13
1544827420.23
1544827420.32
1544827420.41
1544827420.49
1544827420.56
1544827420.65
1544827420.73
1544827420.8
1544827420.85
