1544727834.82
1544727835.38
1544727835.58
1544727835.68
1544727835.77
1544727835.83
1544727835.9
1544727835.98
1544727836.05
1544727836.11
1544727836.24
1544727836.34
1544727836.44
1544727836.54
1544727836.62
1544727836.69
1544727836.77
1544727836.84
1544727836.9
1544727836.98
1544727837.04
1544727837.11
1544727837.18
1544727837.25
1544727837.32
1544727837.38
1544727837.44
1544727837.5
1544727837.57
1544727837.63
1544727837.69
1544727837.76
1544727837.82
1544727837.88
1544727837.94
1544727838.0
1544727838.07
1544727838.13
1544727838.18
1544727838.24
1544727838.34
1544727838.44
1544727838.52
1544727838.62
1544727838.7
1544727838.79
1544727838.87
1544727838.95
1544727839.05
1544727839.14
1544727839.2
1544727839.28
1544727839.37
1544727839.46
1544727839.55
1544727839.64
1544727839.72
1544727839.81
1544727839.88
1544727839.96
1544727840.03
1544727840.13
1544727840.18
1544727840.25
1544727840.32
1544727840.39
1544727840.47
1544727840.55
1544727840.62
1544727840.71
1544727840.78
1544727840.86
1544727840.93
1544727841.01
1544727841.07
1544727841.14
1544727841.21
1544727841.28
1544727841.36
1544727841.43
1544727841.48
1544727841.55
1544727841.64
1544727841.71
1544727841.78
1544727841.88
1544727841.95
1544727842.01
1544727842.11
1544727842.19
1544727842.28
1544727842.34
1544727842.43
1544727842.49
1544727842.58
1544727842.71
1544727842.8
1544727842.88
1544727842.94
1544727843.02
1544727843.1
1544727843.18
1544727843.33
1544727843.4
1544727843.5
1544727843.56
1544727843.62
1544727843.69
1544727843.75
1544727843.83
1544727843.89
1544727843.98
1544727844.06
1544727844.14
1544727844.21
1544727844.29
1544727844.35
1544727844.42
1544727844.47
1544727844.56
1544727844.63
1544727844.69
1544727844.75
1544727844.83
1544727844.92
1544727844.99
1544727845.08
1544727845.15
1544727845.22
1544727845.29
1544727845.36
1544727845.45
1544727845.53
1544727845.62
1544727845.71
1544727845.81
1544727845.89
1544727845.98
1544727846.06
1544727846.16
1544727846.26
1544727846.34
1544727846.43
1544727846.54
1544727846.63
1544727846.72
1544727846.81
1544727846.87
1544727846.94
1544727847.03
1544727847.1
1544727847.21
1544727847.29
1544727847.37
1544727847.44
1544727847.51
1544727847.58
1544727847.65
1544727847.73
1544727847.82
1544727847.86
1544727847.91
1544727848.04
1544727848.11
1544727848.18
1544727848.26
1544727848.34
1544727848.39
1544727848.48
1544727848.58
1544727848.65
1544727848.75
1544727848.83
1544727848.91
1544727849.01
1544727849.08
1544727849.18
1544727849.26
1544727849.36
1544727849.45
1544727849.52
1544727849.58
1544727849.64
1544727849.7
1544727849.77
1544727849.85
1544727849.92
1544727849.99
1544727850.07
1544727850.14
1544727850.19
1544727850.26
1544727850.33
1544727850.39
1544727850.45
1544727850.52
1544727850.58
1544727850.65
1544727850.71
1544727850.76
1544727850.83
1544727850.94
1544727851.01
1544727851.09
1544727851.16
1544727851.24
1544727851.3
1544727851.38
1544727851.45
1544727851.59
1544727851.68
1544727851.77
1544727851.82
1544727851.86
1544727851.9
1544727851.96
1544727852.03
1544727852.11
1544727852.18
1544727852.24
1544727852.31
1544727852.38
1544727852.45
1544727852.52
1544727852.57
1544727852.62
1544727852.68
1544727852.74
1544727852.79
1544727852.86
1544727852.96
1544727853.06
1544727853.14
1544727853.24
1544727853.33
1544727853.42
1544727853.52
1544727853.6
1544727853.68
1544727853.76
1544727853.84
1544727853.91
1544727853.99
1544727854.08
1544727854.16
1544727854.25
1544727854.34
1544727854.44
1544727854.53
1544727854.59
1544727854.68
1544727854.77
1544727854.81
1544727854.88
1544727854.94
1544727855.01
1544727855.06
1544727855.13
1544727855.21
1544727855.28
1544727855.33
1544727855.38
1544727855.45
1544727855.51
1544727855.58
1544727855.65
1544727855.7
1544727855.88
1544727856.0
1544727856.09
1544727856.17
1544727856.23
1544727856.29
1544727856.37
1544727856.43
1544727856.51
1544727856.56
1544727856.64
1544727856.72
1544727856.81
1544727856.92
1544727857.04
1544727857.11
1544727857.2
1544727857.28
1544727857.38
1544727857.45
1544727857.52
1544727857.58
1544727857.64
1544727857.69
1544727857.75
1544727857.82
1544727857.88
1544727857.98
1544727858.06
1544727858.12
1544727858.16
1544727858.23
1544727858.29
1544727858.36
1544727858.42
1544727858.47
1544727858.57
1544727858.67
1544727858.76
1544727858.83
1544727858.89
1544727858.97
1544727859.05
1544727859.12
1544727859.2
1544727859.26
1544727859.33
1544727859.39
1544727859.46
1544727859.52
1544727859.59
1544727859.67
1544727859.73
1544727859.8
1544727859.87
1544727859.95
1544727860.06
1544727860.15
1544727860.23
1544727860.3
1544727860.39
1544727860.49
1544727860.56
1544727860.62
1544727860.68
1544727860.76
1544727860.83
1544727860.89
1544727860.98
1544727861.05
1544727861.11
1544727861.15
1544727861.26
1544727861.33
1544727861.44
1544727861.55
1544727861.64
1544727861.72
1544727861.79
1544727861.87
1544727861.94
1544727862.04
1544727862.14
1544727862.2
1544727862.28
1544727862.35
1544727862.42
1544727862.49
1544727862.54
1544727862.6
1544727862.66
1544727862.73
1544727862.79
1544727862.88
1544727862.96
1544727863.03
1544727863.11
1544727863.18
1544727863.26
1544727863.34
1544727863.41
1544727863.46
1544727863.49
1544727863.54
1544727863.63
1544727863.72
1544727863.78
1544727863.84
1544727863.93
1544727864.01
1544727864.07
1544727864.14
1544727864.21
1544727864.31
1544727864.39
1544727864.47
1544727864.54
1544727864.63
1544727864.7
1544727864.74
1544727864.83
1544727864.91
1544727864.99
1544727865.06
1544727865.11
1544727865.2
1544727865.28
1544727865.38
1544727865.52
1544727865.63
1544727865.73
1544727865.8
1544727865.86
1544727865.92
1544727866.0
1544727866.09
1544727866.17
1544727866.24
1544727866.31
1544727866.37
1544727866.46
1544727866.54
1544727866.63
1544727866.71
1544727866.78
1544727866.85
1544727866.93
1544727866.99
1544727867.07
1544727867.14
1544727867.22
1544727867.29
1544727867.36
1544727867.46
1544727867.54
1544727867.6
1544727867.67
1544727867.76
1544727867.84
1544727867.92
1544727868.0
1544727868.08
1544727868.17
1544727868.24
1544727868.31
1544727868.38
1544727868.46
1544727868.53
1544727868.62
1544727868.76
1544727868.84
1544727868.92
1544727868.99
1544727869.07
1544727869.15
1544727869.22
1544727869.3
1544727869.38
1544727869.45
1544727869.54
1544727869.63
1544727869.67
1544727869.77
1544727869.85
1544727869.93
1544727869.99
1544727870.07
1544727870.13
1544727870.2
1544727870.27
1544727870.34
1544727870.41
1544727870.5
1544727870.57
1544727870.64
1544727870.72
1544727870.79
1544727870.87
1544727870.94
1544727871.04
1544727871.1
1544727871.22
1544727871.32
1544727871.41
1544727871.51
1544727871.57
1544727871.65
1544727871.72
1544727871.8
1544727871.87
1544727871.94
1544727872.03
1544727872.12
1544727872.21
1544727872.29
1544727872.38
1544727872.49
1544727872.6
1544727872.71
1544727872.81
1544727872.87
1544727872.97
1544727873.02
1544727873.11
1544727873.19
1544727873.27
1544727873.34
1544727873.4
1544727873.48
1544727873.55
1544727873.62
1544727873.71
1544727873.79
1544727873.87
1544727873.95
1544727874.02
1544727874.11
1544727874.18
1544727874.25
1544727874.3
1544727874.42
1544727874.48
1544727874.57
1544727874.65
1544727874.72
1544727874.8
1544727874.88
1544727874.96
1544727875.03
1544727875.09
1544727875.17
1544727875.22
1544727875.32
1544727875.4
1544727875.48
1544727875.57
1544727875.66
1544727875.74
1544727875.79
1544727875.85
1544727875.91
1544727875.97
1544727876.03
1544727876.12
1544727876.22
1544727876.31
1544727876.38
1544727876.46
1544727876.54
1544727876.62
1544727876.69
1544727876.77
1544727876.85
1544727876.91
1544727877.04
1544727877.11
1544727877.18
1544727877.25
1544727877.33
1544727877.4
1544727877.48
1544727877.58
1544727877.66
1544727877.74
1544727877.81
1544727877.86
1544727877.92
1544727878.0
1544727878.08
1544727878.15
1544727878.23
1544727878.29
1544727878.41
1544727878.49
1544727878.57
1544727878.63
1544727878.68
1544727878.78
1544727878.89
1544727878.94
1544727879.05
1544727879.14
1544727879.23
1544727879.3
1544727879.38
1544727879.46
1544727879.53
1544727879.63
1544727879.72
1544727879.83
1544727879.89
1544727879.95
1544727880.04
1544727880.12
1544727880.22
1544727880.3
1544727880.38
1544727880.47
1544727880.55
1544727880.63
1544727880.7
1544727880.77
1544727880.84
1544727880.89
1544727880.97
1544727881.03
1544727881.09
1544727881.21
1544727881.28
1544727881.36
1544727881.44
1544727881.53
1544727881.61
1544727881.68
1544727881.81
1544727881.88
1544727881.96
1544727882.04
1544727882.11
1544727882.19
1544727882.27
1544727882.42
1544727882.51
1544727882.6
1544727882.66
1544727882.75
1544727882.82
1544727882.92
1544727883.04
1544727883.13
1544727883.23
1544727883.3
1544727883.39
1544727883.46
1544727883.53
1544727883.63
1544727883.71
1544727883.78
1544727883.84
1544727883.89
1544727883.94
1544727884.03
1544727884.13
1544727884.21
1544727884.32
1544727884.41
1544727884.46
1544727884.52
1544727884.58
1544727884.65
1544727884.71
1544727884.77
1544727884.84
1544727884.91
1544727884.98
1544727885.03
1544727885.08
1544727885.18
1544727885.26
1544727885.33
1544727885.42
1544727885.49
1544727885.59
1544727885.66
1544727885.78
1544727885.89
1544727886.0
1544727886.09
1544727886.17
1544727886.24
1544727886.31
1544727886.38
1544727886.45
1544727886.52
1544727886.58
1544727886.64
1544727886.71
1544727886.76
1544727886.82
1544727886.88
1544727886.95
1544727887.01
1544727887.08
1544727887.17
1544727887.23
1544727887.28
1544727887.35
1544727887.4
1544727887.46
1544727887.51
1544727887.58
1544727887.66
1544727887.73
1544727887.81
1544727887.88
1544727887.94
1544727888.0
1544727888.06
1544727888.13
1544727888.18
1544727888.26
1544727888.39
1544727888.51
1544727888.59
1544727888.68
1544727888.76
1544727888.84
1544727888.92
1544727889.01
1544727889.08
1544727889.16
1544727889.24
1544727889.32
1544727889.41
1544727889.48
1544727889.56
1544727889.64
1544727889.72
1544727889.79
1544727889.86
1544727889.93
1544727890.0
1544727890.07
1544727890.14
1544727890.23
1544727890.3
1544727890.37
1544727890.45
1544727890.53
1544727890.61
1544727890.69
1544727890.77
1544727890.84
1544727890.9
1544727891.0
1544727891.06
1544727891.15
1544727891.21
1544727891.28
1544727891.36
1544727891.43
1544727891.49
1544727891.55
1544727891.61
1544727891.76
1544727891.88
1544727891.93
1544727891.99
1544727892.08
1544727892.18
1544727892.26
1544727892.36
1544727892.44
1544727892.54
1544727892.63
1544727892.71
1544727892.78
1544727892.85
1544727892.91
1544727892.96
1544727893.02
1544727893.08
1544727893.15
1544727893.21
1544727893.27
1544727893.34
1544727893.41
1544727893.49
1544727893.61
1544727893.7
1544727893.77
1544727893.83
1544727893.9
1544727893.99
1544727894.06
1544727894.13
1544727894.2
1544727894.3
1544727894.37
1544727894.44
1544727894.52
1544727894.58
1544727894.64
1544727894.7
1544727894.77
1544727894.84
1544727894.91
1544727894.99
1544727895.06
1544727895.13
1544727895.2
1544727895.29
1544727895.37
1544727895.43
1544727895.5
1544727895.56
1544727895.63
1544727895.7
1544727895.78
1544727895.86
1544727895.93
1544727896.01
1544727896.11
1544727896.16
1544727896.24
1544727896.34
1544727896.39
1544727896.45
1544727896.54
1544727896.6
1544727896.67
1544727896.74
1544727896.81
1544727896.87
1544727896.95
1544727897.02
1544727897.09
1544727897.16
1544727897.23
1544727897.31
1544727897.46
1544727897.53
1544727897.6
1544727897.67
1544727897.73
1544727897.79
1544727897.86
1544727897.93
1544727898.0
1544727898.07
1544727898.13
1544727898.18
1544727898.26
1544727898.33
1544727898.42
1544727898.51
1544727898.59
1544727898.69
1544727898.75
1544727898.85
1544727898.93
1544727899.0
1544727899.08
1544727899.15
1544727899.22
1544727899.29
1544727899.39
1544727899.46
1544727899.53
1544727899.6
1544727899.69
1544727899.75
1544727899.81
1544727899.89
1544727899.97
1544727900.05
1544727900.16
1544727900.25
1544727900.34
1544727900.41
1544727900.48
1544727900.57
1544727900.65
1544727900.74
1544727900.82
1544727900.9
1544727900.95
1544727900.99
1544727901.05
1544727901.12
1544727901.22
1544727901.28
1544727901.37
1544727901.44
1544727901.53
1544727901.61
1544727901.74
1544727901.83
1544727901.9
1544727901.97
1544727902.05
1544727902.14
1544727902.22
1544727902.3
1544727902.38
1544727902.45
1544727902.52
1544727902.58
1544727902.65
1544727902.71
1544727902.79
1544727902.86
1544727902.92
1544727903.0
1544727903.06
1544727903.11
1544727903.19
1544727903.25
1544727903.31
1544727903.41
1544727903.48
1544727903.55
1544727903.62
1544727903.68
1544727903.76
1544727903.82
1544727903.88
1544727903.93
1544727904.01
1544727904.07
1544727904.15
1544727904.22
1544727904.29
1544727904.36
1544727904.43
1544727904.56
1544727904.66
1544727904.75
1544727904.83
1544727904.9
1544727904.99
1544727905.07
1544727905.15
1544727905.24
1544727905.33
1544727905.41
1544727905.49
1544727905.57
1544727905.65
1544727905.72
1544727905.78
1544727905.9
1544727905.97
1544727906.05
1544727906.13
1544727906.22
1544727906.32
1544727906.41
1544727906.53
1544727906.61
1544727906.7
1544727906.77
1544727906.89
1544727906.96
1544727907.06
1544727907.12
1544727907.18
1544727907.26
1544727907.32
1544727907.41
1544727907.48
1544727907.55
1544727907.64
1544727907.71
1544727907.82
1544727907.93
1544727908.01
1544727908.09
1544727908.21
1544727908.31
1544727908.4
1544727908.49
1544727908.56
1544727908.63
1544727908.75
1544727908.88
1544727908.97
1544727909.05
1544727909.15
1544727909.25
1544727909.32
1544727909.36
1544727909.47
1544727909.58
1544727909.66
1544727909.77
1544727909.87
1544727909.97
1544727910.08
1544727910.19
1544727910.27
1544727910.36
1544727910.41
1544727910.55
1544727910.65
1544727910.77
1544727910.88
1544727910.97
1544727911.07
1544727911.14
1544727911.2
1544727911.26
1544727911.31
1544727911.36
1544727911.42
1544727911.47
1544727911.51
1544727911.56
1544727911.62
1544727911.66
1544727911.72
1544727911.77
1544727911.82
1544727911.87
1544727911.93
1544727911.99
1544727912.07
1544727912.14
1544727912.22
1544727912.31
1544727912.39
1544727912.46
1544727912.54
1544727912.61
1544727912.68
1544727912.75
1544727912.84
1544727912.92
1544727913.01
1544727913.1
1544727913.18
1544727913.25
1544727913.32
1544727913.39
1544727913.47
1544727913.54
1544727913.61
1544727913.71
1544727913.79
1544727913.87
1544727913.95
1544727914.04
1544727914.12
1544727914.19
1544727914.27
1544727914.35
1544727914.45
1544727914.54
1544727914.63
1544727914.72
1544727914.81
1544727914.88
1544727914.97
1544727915.06
1544727915.15
1544727915.23
1544727915.32
1544727915.41
1544727915.52
1544727915.62
1544727915.73
1544727915.83
1544727915.91
1544727915.98
1544727916.05
1544727916.14
1544727916.22
1544727916.29
1544727916.37
1544727916.43
1544727916.5
1544727916.6
1544727916.66
1544727916.73
1544727916.81
1544727916.87
1544727916.95
1544727917.04
1544727917.11
1544727917.2
1544727917.26
1544727917.34
1544727917.42
1544727917.49
1544727917.59
1544727917.66
1544727917.74
1544727917.82
1544727917.87
1544727917.96
1544727918.07
1544727918.19
1544727918.29
1544727918.42
1544727918.52
1544727918.63
1544727918.7
1544727918.79
1544727918.87
1544727918.96
1544727919.04
1544727919.11
1544727919.19
1544727919.25
1544727919.35
1544727919.42
1544727919.49
1544727919.56
1544727919.66
1544727919.76
1544727919.83
1544727919.9
1544727920.02
1544727920.09
1544727920.16
1544727920.26
1544727920.34
1544727920.41
1544727920.52
1544727920.61
1544727920.69
1544727920.77
1544727920.83
1544727920.94
1544727921.02
1544727921.11
1544727921.21
1544727921.29
1544727921.38
1544727921.46
1544727921.56
1544727921.64
1544727921.71
1544727921.8
1544727921.89
1544727921.97
1544727922.05
1544727922.14
1544727922.22
1544727922.3
1544727922.38
1544727922.45
1544727922.54
1544727922.61
1544727922.69
1544727922.78
1544727922.9
1544727922.98
1544727923.08
1544727923.17
1544727923.24
1544727923.32
1544727923.39
1544727923.47
1544727923.55
1544727923.62
1544727923.74
1544727923.82
1544727923.88
1544727923.95
1544727924.01
1544727924.07
1544727924.15
1544727924.22
1544727924.3
1544727924.37
1544727924.45
1544727924.54
1544727924.61
1544727924.7
1544727924.78
1544727924.86
1544727924.95
1544727925.03
1544727925.12
1544727925.19
1544727925.28
1544727925.35
1544727925.42
1544727925.51
1544727925.58
1544727925.65
1544727925.72
1544727925.75
1544727925.8
1544727925.87
1544727925.93
1544727926.04
1544727926.13
1544727926.19
1544727926.25
1544727926.35
1544727926.42
1544727926.5
1544727926.58
1544727926.66
1544727926.73
1544727926.8
1544727926.86
1544727926.94
1544727926.98
1544727927.04
1544727927.13
1544727927.22
1544727927.34
1544727927.43
1544727927.52
1544727927.61
1544727927.73
1544727927.84
1544727927.92
1544727927.98
1544727928.03
1544727928.1
1544727928.19
1544727928.26
1544727928.35
1544727928.41
1544727928.5
1544727928.57
1544727928.63
1544727928.74
1544727928.8
1544727928.88
1544727928.99
1544727929.11
1544727929.19
1544727929.26
1544727929.39
1544727929.49
1544727929.58
1544727929.67
1544727929.77
1544727929.85
1544727929.95
1544727930.02
1544727930.06
1544727930.11
1544727930.19
1544727930.27
1544727930.33
1544727930.38
1544727930.46
1544727930.52
1544727930.57
1544727930.63
1544727930.68
1544727930.74
1544727930.79
1544727930.84
1544727930.9
1544727930.96
1544727931.08
1544727931.19
1544727931.32
1544727931.38
1544727931.46
1544727931.58
1544727931.66
1544727931.74
1544727931.83
1544727931.89
1544727931.96
1544727932.03
1544727932.1
1544727932.16
1544727932.23
1544727932.31
1544727932.36
1544727932.44
1544727932.51
1544727932.62
1544727932.71
1544727932.8
1544727932.92
1544727932.99
1544727933.07
1544727933.15
1544727933.24
1544727933.34
1544727933.43
1544727933.5
1544727933.58
1544727933.65
1544727933.74
1544727933.79
1544727933.87
1544727933.96
1544727934.05
1544727934.13
1544727934.2
1544727934.27
1544727934.34
1544727934.42
1544727934.51
1544727934.62
1544727934.73
1544727934.83
1544727934.9
1544727934.97
1544727935.04
1544727935.11
1544727935.18
1544727935.25
1544727935.33
1544727935.4
1544727935.47
1544727935.54
1544727935.61
1544727935.68
1544727935.79
1544727935.89
1544727935.97
1544727936.04
1544727936.1
1544727936.14
1544727936.22
1544727936.31
1544727936.37
1544727936.46
1544727936.54
1544727936.63
1544727936.74
1544727936.81
1544727936.89
1544727936.96
1544727937.01
1544727937.08
1544727937.15
1544727937.22
1544727937.29
1544727937.35
1544727937.43
1544727937.5
1544727937.57
1544727937.65
1544727937.74
1544727937.81
1544727937.89
1544727937.97
1544727938.04
1544727938.13
1544727938.22
1544727938.3
1544727938.37
1544727938.46
1544727938.56
1544727938.67
1544727938.75
1544727938.82
1544727938.9
1544727938.96
1544727939.02
1544727939.12
1544727939.19
1544727939.31
1544727939.37
1544727939.44
1544727939.53
1544727939.64
1544727939.72
1544727939.79
1544727939.87
1544727939.94
1544727940.0
1544727940.04
1544727940.09
1544727940.14
1544727940.19
1544727940.26
1544727940.33
1544727940.4
1544727940.47
1544727940.54
1544727940.6
1544727940.67
1544727940.73
1544727940.79
1544727940.87
1544727940.94
1544727940.97
1544727941.02
1544727941.06
1544727941.14
1544727941.21
1544727941.29
1544727941.35
1544727941.43
1544727941.51
1544727941.58
1544727941.68
1544727941.75
1544727941.86
1544727941.92
1544727941.98
1544727942.02
1544727942.1
1544727942.18
1544727942.26
1544727942.33
1544727942.41
1544727942.48
1544727942.56
1544727942.64
1544727942.72
1544727942.81
1544727942.9
1544727942.97
1544727943.05
1544727943.12
1544727943.2
1544727943.27
1544727943.34
1544727943.41
1544727943.47
1544727943.55
1544727943.61
1544727943.68
1544727943.78
1544727943.86
1544727943.95
1544727944.04
1544727944.12
1544727944.22
1544727944.3
1544727944.38
1544727944.46
1544727944.54
1544727944.62
1544727944.69
1544727944.78
1544727944.86
1544727944.95
1544727945.03
1544727945.12
1544727945.2
1544727945.28
1544727945.36
1544727945.45
1544727945.53
1544727945.58
1544727945.65
1544727945.71
1544727945.77
1544727945.88
1544727945.97
1544727946.05
1544727946.14
1544727946.22
1544727946.29
1544727946.36
1544727946.41
1544727946.48
1544727946.55
1544727946.64
1544727946.74
1544727946.83
1544727946.9
1544727946.99
1544727947.08
1544727947.17
1544727947.26
1544727947.36
1544727947.44
1544727947.53
1544727947.62
1544727947.71
1544727947.8
1544727947.89
1544727947.98
1544727948.06
1544727948.14
1544727948.24
1544727948.33
1544727948.41
1544727948.49
1544727948.57
1544727948.63
1544727948.7
1544727948.78
1544727948.86
1544727948.93
1544727948.99
1544727949.08
1544727949.17
1544727949.22
1544727949.27
1544727949.33
1544727949.4
1544727949.48
1544727949.54
1544727949.61
1544727949.68
1544727949.74
1544727949.79
1544727949.85
1544727949.91
1544727949.97
1544727950.03
1544727950.06
1544727950.12
1544727950.18
1544727950.24
1544727950.31
1544727950.37
1544727950.44
1544727950.5
1544727950.56
1544727950.62
1544727950.69
1544727950.77
1544727950.84
1544727950.93
1544727950.99
1544727951.08
1544727951.16
1544727951.22
1544727951.3
1544727951.38
1544727951.44
1544727951.55
1544727951.62
1544727951.68
1544727951.75
1544727951.82
1544727951.89
1544727951.98
1544727952.07
1544727952.14
1544727952.21
1544727952.28
1544727952.35
1544727952.46
1544727952.54
1544727952.63
1544727952.69
1544727952.77
1544727952.84
1544727952.92
1544727953.0
1544727953.08
1544727953.14
1544727953.22
1544727953.27
1544727953.38
1544727953.47
1544727953.56
1544727953.64
1544727953.74
1544727953.83
1544727953.91
1544727954.01
1544727954.09
1544727954.18
1544727954.24
1544727954.36
1544727954.44
1544727954.51
1544727954.57
1544727954.64
1544727954.73
1544727954.82
1544727954.91
1544727954.98
1544727955.05
1544727955.14
1544727955.25
1544727955.33
1544727955.41
1544727955.47
1544727955.58
1544727955.66
1544727955.74
1544727955.87
1544727955.96
1544727956.05
1544727956.12
1544727956.19
1544727956.26
1544727956.35
1544727956.43
1544727956.49
1544727956.57
1544727956.66
1544727956.76
1544727956.85
1544727956.94
1544727957.0
1544727957.08
1544727957.15
1544727957.24
1544727957.29
1544727957.36
1544727957.42
1544727957.49
1544727957.55
1544727957.61
1544727957.66
1544727957.72
1544727957.81
1544727957.87
1544727957.95
1544727958.05
1544727958.14
1544727958.24
1544727958.32
1544727958.42
1544727958.51
1544727958.58
1544727958.65
1544727958.75
1544727958.84
1544727958.92
1544727959.01
1544727959.1
1544727959.18
1544727959.27
1544727959.35
1544727959.43
1544727959.51
1544727959.59
1544727959.64
1544727959.71
1544727959.8
1544727959.88
1544727959.96
1544727960.04
1544727960.12
1544727960.19
1544727960.32
1544727960.41
1544727960.49
1544727960.56
1544727960.64
1544727960.71
1544727960.78
1544727960.84
1544727960.94
1544727961.02
1544727961.13
1544727961.21
1544727961.31
1544727961.36
1544727961.43
1544727961.51
1544727961.56
1544727961.64
1544727961.71
1544727961.78
1544727961.85
1544727961.92
1544727961.99
1544727962.07
1544727962.14
1544727962.22
1544727962.29
1544727962.35
1544727962.41
1544727962.5
1544727962.58
1544727962.64
1544727962.71
1544727962.77
1544727962.82
1544727962.88
1544727962.94
1544727963.02
1544727963.09
1544727963.18
1544727963.25
1544727963.32
1544727963.38
1544727963.48
1544727963.58
1544727963.67
1544727963.78
1544727963.88
1544727963.96
1544727964.04
1544727964.11
1544727964.17
1544727964.23
1544727964.3
1544727964.36
1544727964.45
1544727964.55
1544727964.63
1544727964.71
1544727964.78
1544727964.86
1544727964.93
1544727965.0
1544727965.08
1544727965.14
1544727965.21
1544727965.27
1544727965.34
1544727965.41
1544727965.47
1544727965.53
1544727965.6
1544727965.67
1544727965.75
1544727965.82
1544727965.89
1544727965.95
1544727966.02
1544727966.1
1544727966.17
1544727966.23
1544727966.3
1544727966.36
1544727966.42
1544727966.48
1544727966.54
1544727966.61
1544727966.67
1544727966.72
1544727966.79
1544727966.85
1544727966.92
1544727966.98
1544727967.05
1544727967.11
1544727967.2
1544727967.26
1544727967.32
1544727967.39
1544727967.45
1544727967.5
1544727967.58
1544727967.66
1544727967.73
1544727967.79
1544727967.87
1544727967.93
1544727967.99
1544727968.07
1544727968.13
1544727968.2
1544727968.27
1544727968.32
1544727968.42
1544727968.49
1544727968.57
1544727968.64
1544727968.72
1544727968.81
1544727968.91
1544727968.98
1544727969.05
1544727969.12
1544727969.18
1544727969.26
1544727969.33
1544727969.4
1544727969.47
1544727969.52
1544727969.56
1544727969.61
1544727969.69
1544727969.75
1544727969.83
1544727969.9
1544727969.95
1544727970.07
1544727970.15
1544727970.22
1544727970.29
1544727970.38
1544727970.47
1544727970.54
1544727970.61
1544727970.7
1544727970.76
1544727970.83
1544727970.91
1544727970.96
1544727971.03
1544727971.09
1544727971.13
1544727971.18
1544727971.24
1544727971.29
1544727971.36
1544727971.49
1544727971.55
1544727971.61
1544727971.69
1544727971.75
1544727971.82
1544727971.88
1544727971.92
1544727971.96
1544727972.0
1544727972.08
1544727972.18
1544727972.26
1544727972.33
1544727972.4
1544727972.47
1544727972.52
1544727972.63
1544727972.71
1544727972.77
1544727972.83
1544727972.88
1544727972.98
1544727973.06
1544727973.14
1544727973.22
1544727973.29
1544727973.36
1544727973.43
1544727973.5
1544727973.58
1544727973.64
1544727973.71
1544727973.81
1544727973.89
1544727973.99
1544727974.08
1544727974.17
1544727974.26
1544727974.35
1544727974.41
1544727974.49
1544727974.57
1544727974.66
1544727974.75
1544727974.84
1544727974.91
1544727975.02
1544727975.1
1544727975.18
1544727975.28
1544727975.37
1544727975.44
1544727975.52
1544727975.57
1544727975.65
1544727975.72
1544727975.78
1544727975.84
1544727975.89
1544727975.96
1544727976.02
1544727976.15
1544727976.23
1544727976.29
1544727976.36
1544727976.47
1544727976.56
1544727976.67
1544727976.76
1544727976.86
1544727976.95
1544727977.03
1544727977.12
1544727977.2
1544727977.28
1544727977.35
1544727977.43
1544727977.5
1544727977.6
1544727977.7
1544727977.82
1544727977.91
1544727977.98
1544727978.14
1544727978.26
1544727978.32
1544727978.38
1544727978.44
1544727978.51
1544727978.59
1544727978.67
1544727978.73
1544727978.8
1544727978.87
1544727978.94
1544727979.01
1544727979.08
1544727979.15
1544727979.22
1544727979.29
1544727979.36
1544727979.43
1544727979.51
1544727979.56
1544727979.65
1544727979.73
1544727979.82
1544727979.9
1544727979.99
1544727980.09
1544727980.19
1544727980.27
1544727980.37
1544727980.46
1544727980.54
1544727980.63
1544727980.72
1544727980.79
1544727980.89
1544727980.98
1544727981.07
1544727981.14
1544727981.23
1544727981.29
1544727981.37
1544727981.44
1544727981.52
1544727981.58
1544727981.66
1544727981.74
1544727981.8
1544727981.86
1544727981.93
1544727982.01
1544727982.08
1544727982.14
1544727982.22
1544727982.3
1544727982.36
1544727982.43
1544727982.5
1544727982.58
1544727982.66
1544727982.74
1544727982.81
1544727982.89
1544727982.96
1544727983.0
1544727983.04
1544727983.1
1544727983.21
1544727983.31
1544727983.4
1544727983.49
1544727983.57
1544727983.67
1544727983.8
1544727983.91
1544727984.0
1544727984.07
1544727984.17
1544727984.26
1544727984.34
1544727984.43
1544727984.52
1544727984.61
1544727984.69
1544727984.77
1544727984.84
1544727984.91
1544727985.0
1544727985.06
1544727985.14
1544727985.23
1544727985.3
1544727985.36
1544727985.43
1544727985.51
1544727985.59
1544727985.67
1544727985.75
1544727985.82
1544727985.89
1544727985.96
1544727986.03
1544727986.11
1544727986.18
1544727986.25
1544727986.32
1544727986.4
1544727986.48
1544727986.56
1544727986.64
1544727986.7
1544727986.77
1544727986.84
1544727986.91
1544727986.99
1544727987.08
1544727987.14
1544727987.22
1544727987.3
1544727987.37
1544727987.45
1544727987.51
1544727987.57
1544727987.64
1544727987.69
1544727987.75
1544727987.89
1544727987.98
1544727988.06
1544727988.14
1544727988.21
1544727988.28
1544727988.37
1544727988.45
1544727988.53
1544727988.62
1544727988.68
1544727988.75
1544727988.83
1544727988.91
1544727988.97
1544727989.07
1544727989.16
1544727989.26
1544727989.34
1544727989.44
1544727989.53
1544727989.61
1544727989.68
1544727989.73
1544727989.81
1544727989.85
1544727989.9
1544727989.98
1544727990.07
1544727990.14
1544727990.22
1544727990.29
1544727990.36
1544727990.44
1544727990.5
1544727990.58
1544727990.69
1544727990.8
1544727990.89
1544727990.96
1544727991.04
1544727991.12
1544727991.19
1544727991.26
1544727991.33
1544727991.41
1544727991.45
1544727991.52
1544727991.59
1544727991.66
1544727991.74
1544727991.81
1544727991.88
1544727991.93
1544727991.99
1544727992.06
1544727992.14
1544727992.23
1544727992.33
1544727992.4
1544727992.46
1544727992.53
1544727992.61
1544727992.69
1544727992.75
1544727992.82
1544727992.87
1544727992.98
1544727993.09
1544727993.18
1544727993.26
1544727993.34
1544727993.49
1544727993.56
1544727993.62
1544727993.67
1544727993.73
1544727993.82
1544727993.91
1544727994.01
1544727994.1
1544727994.18
1544727994.28
1544727994.34
1544727994.42
1544727994.51
1544727994.6
1544727994.66
1544727994.75
1544727994.83
1544727994.92
1544727994.99
1544727995.06
1544727995.14
1544727995.22
1544727995.31
1544727995.37
1544727995.45
1544727995.52
1544727995.59
1544727995.66
1544727995.73
1544727995.82
1544727995.9
1544727995.95
1544727996.02
1544727996.05
1544727996.13
1544727996.23
1544727996.31
1544727996.38
1544727996.45
1544727996.52
1544727996.57
1544727996.64
1544727996.7
1544727996.76
1544727996.83
1544727996.87
1544727996.96
1544727997.05
1544727997.12
1544727997.17
1544727997.25
1544727997.34
1544727997.43
1544727997.55
1544727997.64
1544727997.72
1544727997.81
1544727997.88
1544727997.99
1544727998.08
1544727998.17
1544727998.29
1544727998.41
1544727998.54
1544727998.64
1544727998.76
1544727998.86
1544727998.93
1544727999.03
1544727999.09
1544727999.19
1544727999.29
1544727999.37
1544727999.44
1544727999.52
1544727999.6
1544727999.69
1544727999.78
1544727999.87
1544727999.94
1544728000.02
1544728000.08
1544728000.15
1544728000.21
1544728000.27
1544728000.33
1544728000.39
1544728000.43
1544728000.49
1544728000.54
1544728000.6
1544728000.67
1544728000.73
1544728000.8
1544728000.85
1544728000.9
1544728000.96
1544728001.04
1544728001.11
1544728001.17
1544728001.26
1544728001.36
1544728001.43
1544728001.48
1544728001.55
1544728001.62
1544728001.66
1544728001.75
1544728001.84
1544728001.93
1544728002.02
1544728002.13
1544728002.23
1544728002.29
1544728002.33
1544728002.42
1544728002.53
1544728002.6
1544728002.7
1544728002.78
1544728002.86
1544728002.94
1544728003.01
1544728003.08
1544728003.14
1544728003.22
1544728003.29
1544728003.41
1544728003.5
1544728003.57
1544728003.65
1544728003.72
1544728003.78
1544728003.86
1544728003.93
1544728003.97
1544728004.06
1544728004.13
1544728004.21
1544728004.27
1544728004.33
1544728004.39
1544728004.47
1544728004.55
1544728004.63
1544728004.71
1544728004.83
1544728004.91
1544728004.98
1544728005.04
1544728005.1
1544728005.17
1544728005.23
1544728005.29
1544728005.36
1544728005.43
1544728005.51
1544728005.58
1544728005.66
1544728005.75
1544728005.85
1544728005.92
1544728005.99
1544728006.09
1544728006.18
1544728006.26
1544728006.35
1544728006.43
1544728006.5
1544728006.57
1544728006.66
1544728006.75
1544728006.84
1544728006.95
1544728007.02
1544728007.09
1544728007.16
1544728007.25
1544728007.33
1544728007.42
1544728007.51
1544728007.59
1544728007.68
1544728007.79
1544728007.87
1544728007.94
1544728008.02
1544728008.1
1544728008.18
1544728008.25
1544728008.34
1544728008.43
1544728008.55
1544728008.64
1544728008.73
1544728008.8
1544728008.86
1544728008.93
1544728009.01
1544728009.07
1544728009.16
1544728009.22
1544728009.29
1544728009.37
1544728009.45
1544728009.55
1544728009.65
1544728009.73
1544728009.82
1544728009.88
1544728009.96
1544728010.04
1544728010.13
1544728010.22
1544728010.32
1544728010.38
1544728010.45
1544728010.52
1544728010.59
1544728010.67
1544728010.75
1544728010.85
1544728010.93
1544728010.97
1544728011.04
1544728011.11
1544728011.18
1544728011.23
1544728011.32
1544728011.41
1544728011.47
1544728011.54
1544728011.62
1544728011.67
1544728011.75
1544728011.82
1544728011.9
1544728011.96
1544728012.04
1544728012.11
1544728012.18
1544728012.26
1544728012.33
1544728012.4
1544728012.45
1544728012.56
1544728012.6
1544728012.68
1544728012.76
1544728012.81
1544728012.89
1544728012.97
1544728013.06
1544728013.14
1544728013.23
1544728013.34
1544728013.41
1544728013.49
1544728013.59
1544728013.66
1544728013.73
1544728013.79
1544728013.86
1544728013.92
1544728013.97
1544728014.03
1544728014.11
1544728014.17
1544728014.24
1544728014.29
1544728014.37
1544728014.44
1544728014.54
1544728014.63
1544728014.71
1544728014.81
1544728014.89
1544728014.98
1544728015.07
1544728015.14
1544728015.19
1544728015.26
1544728015.36
1544728015.46
1544728015.52
1544728015.58
1544728015.64
1544728015.7
1544728015.78
1544728015.84
1544728015.91
1544728015.97
1544728016.04
1544728016.1
1544728016.16
1544728016.22
1544728016.26
1544728016.33
1544728016.42
1544728016.5
1544728016.6
1544728016.7
1544728016.77
1544728016.83
1544728016.91
1544728017.01
1544728017.09
1544728017.17
1544728017.26
1544728017.4
1544728017.51
1544728017.59
1544728017.69
1544728017.76
1544728017.87
1544728017.94
1544728018.01
1544728018.07
1544728018.15
1544728018.22
1544728018.34
1544728018.42
1544728018.56
1544728018.66
1544728018.75
1544728018.87
1544728018.96
1544728019.05
1544728019.14
1544728019.23
1544728019.3
1544728019.39
1544728019.48
1544728019.54
1544728019.6
1544728019.67
1544728019.74
1544728019.81
1544728019.89
1544728019.99
1544728020.13
1544728020.2
1544728020.27
1544728020.35
1544728020.42
1544728020.5
1544728020.61
1544728020.71
1544728020.8
1544728020.84
1544728020.95
1544728021.04
1544728021.1
1544728021.17
1544728021.24
1544728021.31
1544728021.39
1544728021.47
1544728021.55
1544728021.61
1544728021.68
1544728021.75
1544728021.81
1544728021.87
1544728021.94
1544728022.0
1544728022.06
1544728022.13
1544728022.19
1544728022.25
1544728022.31
1544728022.37
1544728022.44
1544728022.5
1544728022.57
1544728022.63
1544728022.7
1544728022.78
1544728022.85
1544728022.93
1544728023.0
1544728023.07
1544728023.15
1544728023.22
1544728023.3
1544728023.37
1544728023.43
1544728023.49
1544728023.57
1544728023.63
1544728023.7
1544728023.75
1544728023.83
1544728023.88
1544728023.96
1544728024.02
1544728024.06
1544728024.15
1544728024.23
1544728024.3
1544728024.38
1544728024.46
1544728024.54
1544728024.62
1544728024.69
1544728024.73
1544728024.77
1544728024.83
1544728024.88
1544728024.98
1544728025.07
1544728025.14
1544728025.2
1544728025.31
1544728025.41
1544728025.5
1544728025.64
1544728025.75
1544728025.84
1544728025.91
1544728025.98
1544728026.08
1544728026.15
1544728026.23
1544728026.31
1544728026.43
1544728026.52
1544728026.61
1544728026.7
1544728026.76
1544728026.86
1544728026.94
1544728027.01
1544728027.09
1544728027.17
1544728027.23
1544728027.31
1544728027.37
1544728027.44
1544728027.52
1544728027.6
1544728027.66
1544728027.73
1544728027.81
1544728027.89
1544728027.96
1544728028.03
1544728028.1
1544728028.14
1544728028.21
1544728028.25
1544728028.32
1544728028.41
1544728028.47
1544728028.57
1544728028.64
1544728028.74
1544728028.81
1544728028.87
1544728028.97
1544728029.05
1544728029.15
1544728029.22
1544728029.3
1544728029.37
1544728029.45
1544728029.55
1544728029.62
1544728029.71
1544728029.85
1544728029.96
1544728030.05
1544728030.13
1544728030.21
1544728030.3
1544728030.4
1544728030.46
1544728030.53
1544728030.62
1544728030.69
1544728030.76
1544728030.83
1544728030.88
1544728030.96
1544728031.02
1544728031.07
1544728031.13
1544728031.19
1544728031.24
1544728031.3
1544728031.35
1544728031.41
1544728031.47
1544728031.58
1544728031.67
1544728031.76
1544728031.85
1544728032.0
1544728032.08
1544728032.16
1544728032.23
1544728032.29
1544728032.36
1544728032.45
1544728032.52
1544728032.6
1544728032.66
1544728032.74
1544728032.8
1544728032.86
1544728032.94
1544728033.01
1544728033.09
1544728033.21
1544728033.28
1544728033.35
1544728033.43
1544728033.48
1544728033.55
1544728033.62
1544728033.68
1544728033.74
1544728033.81
1544728033.87
1544728033.93
1544728033.98
1544728034.08
1544728034.19
1544728034.38
1544728034.51
1544728034.62
1544728034.74
1544728034.87
1544728034.96
1544728035.14
1544728035.26
1544728035.34
1544728035.41
1544728035.49
1544728035.58
1544728035.71
1544728035.75
1544728035.83
1544728035.91
1544728035.99
1544728036.06
1544728036.12
1544728036.17
1544728036.27
1544728036.35
1544728036.44
1544728036.53
1544728036.61
1544728036.71
1544728036.78
1544728036.89
1544728036.97
1544728037.05
1544728037.15
1544728037.23
1544728037.34
1544728037.4
1544728037.49
1544728037.59
1544728037.69
1544728037.77
1544728037.84
1544728037.95
1544728038.03
1544728038.11
1544728038.19
1544728038.25
1544728038.33
1544728038.39
1544728038.46
1544728038.53
1544728038.59
1544728038.66
1544728038.73
1544728038.8
1544728038.87
1544728038.94
1544728039.01
1544728039.09
1544728039.17
1544728039.22
1544728039.3
1544728039.37
1544728039.45
1544728039.52
1544728039.58
1544728039.65
1544728039.72
1544728039.82
1544728039.92
1544728040.01
1544728040.08
1544728040.16
1544728040.23
1544728040.33
1544728040.42
1544728040.49
1544728040.59
1544728040.69
1544728040.77
1544728040.86
1544728040.95
1544728041.03
1544728041.12
1544728041.2
1544728041.25
1544728041.33
1544728041.41
1544728041.47
1544728041.54
1544728041.6
1544728041.67
1544728041.73
1544728041.8
1544728041.84
1544728041.89
1544728042.01
1544728042.13
1544728042.23
1544728042.27
1544728042.33
1544728042.38
1544728042.45
1544728042.51
1544728042.57
1544728042.64
1544728042.71
1544728042.8
1544728042.86
1544728042.96
1544728043.04
1544728043.14
1544728043.25
1544728043.35
1544728043.44
1544728043.55
1544728043.65
1544728043.74
1544728043.85
1544728043.98
1544728044.07
1544728044.16
1544728044.24
1544728044.32
1544728044.37
1544728044.43
1544728044.48
1544728044.56
1544728044.66
1544728044.76
1544728044.88
1544728044.97
1544728045.09
1544728045.22
1544728045.36
1544728045.47
1544728045.56
1544728045.65
1544728045.75
1544728045.86
1544728045.93
1544728046.02
1544728046.09
1544728046.18
1544728046.25
1544728046.32
1544728046.4
1544728046.46
1544728046.55
1544728046.67
1544728046.78
1544728046.87
1544728046.99
1544728047.1
1544728047.18
1544728047.26
1544728047.37
1544728047.48
1544728047.53
1544728047.58
1544728047.66
1544728047.74
1544728047.83
1544728047.92
1544728047.99
1544728048.05
1544728048.18
1544728048.27
1544728048.35
1544728048.44
1544728048.52
1544728048.58
1544728048.66
1544728048.74
1544728048.82
1544728048.89
1544728048.97
1544728049.04
1544728049.1
1544728049.17
1544728049.23
1544728049.3
1544728049.36
1544728049.42
1544728049.47
1544728049.53
1544728049.6
1544728049.65
1544728049.69
1544728049.76
1544728049.85
1544728049.93
1544728049.99
1544728050.07
1544728050.14
1544728050.21
1544728050.28
1544728050.34
1544728050.4
1544728050.47
1544728050.53
1544728050.58
1544728050.7
1544728050.79
1544728050.86
1544728050.91
1544728050.99
1544728051.07
1544728051.19
1544728051.29
1544728051.37
1544728051.46
1544728051.54
1544728051.63
1544728051.71
1544728051.79
1544728051.85
1544728051.95
1544728052.06
1544728052.15
1544728052.23
1544728052.3
1544728052.42
1544728052.5
1544728052.57
1544728052.64
1544728052.74
1544728052.84
1544728052.91
1544728052.99
1544728053.07
1544728053.16
1544728053.25
1544728053.32
1544728053.39
1544728053.46
1544728053.52
1544728053.62
1544728053.7
1544728053.79
1544728053.92
1544728054.03
1544728054.16
1544728054.25
1544728054.31
1544728054.38
1544728054.45
1544728054.52
1544728054.58
1544728054.64
1544728054.74
1544728054.83
1544728054.91
1544728054.96
1544728055.04
1544728055.13
1544728055.22
1544728055.3
1544728055.39
1544728055.48
1544728055.57
1544728055.63
1544728055.69
1544728055.79
1544728055.88
1544728055.99
1544728056.05
1544728056.08
1544728056.14
1544728056.23
1544728056.3
1544728056.37
1544728056.45
1544728056.52
1544728056.58
1544728056.65
1544728056.72
1544728056.79
1544728056.86
1544728056.93
1544728057.0
1544728057.07
1544728057.13
1544728057.18
1544728057.26
1544728057.34
1544728057.44
1544728057.53
1544728057.6
1544728057.67
1544728057.75
1544728057.83
1544728057.9
1544728057.98
1544728058.07
1544728058.15
1544728058.24
1544728058.32
1544728058.39
1544728058.44
1544728058.49
1544728058.56
1544728058.62
1544728058.68
1544728058.75
1544728058.81
1544728058.9
1544728059.01
1544728059.1
1544728059.21
1544728059.28
1544728059.36
1544728059.43
1544728059.54
1544728059.62
1544728059.71
1544728059.83
1544728059.94
1544728060.04
1544728060.13
1544728060.2
1544728060.28
1544728060.37
1544728060.44
1544728060.5
1544728060.58
1544728060.65
1544728060.73
1544728060.79
1544728060.89
1544728060.96
1544728061.03
1544728061.1
1544728061.18
1544728061.25
1544728061.32
1544728061.38
1544728061.46
1544728061.53
1544728061.61
1544728061.67
1544728061.74
1544728061.82
1544728061.91
1544728062.0
1544728062.08
1544728062.15
1544728062.22
1544728062.28
1544728062.35
1544728062.41
1544728062.49
1544728062.56
1544728062.63
1544728062.69
1544728062.77
1544728062.83
1544728062.9
1544728062.96
1544728063.02
1544728063.07
1544728063.13
1544728063.17
1544728063.24
1544728063.29
1544728063.35
1544728063.42
1544728063.47
1544728063.52
1544728063.58
1544728063.64
1544728063.69
1544728063.73
1544728063.77
1544728063.84
1544728063.94
1544728064.02
1544728064.09
1544728064.18
1544728064.29
1544728064.37
1544728064.46
1544728064.55
1544728064.62
1544728064.69
1544728064.77
1544728064.83
1544728064.89
1544728064.96
1544728065.02
1544728065.11
1544728065.21
1544728065.31
1544728065.42
1544728065.5
1544728065.59
1544728065.63
1544728065.71
1544728065.82
1544728065.91
1544728066.01
1544728066.1
1544728066.17
1544728066.25
1544728066.32
1544728066.41
1544728066.53
1544728066.61
1544728066.68
1544728066.78
1544728066.86
1544728066.97
1544728067.06
1544728067.12
1544728067.25
1544728067.36
1544728067.48
1544728067.61
1544728067.68
1544728067.76
1544728067.83
1544728067.95
1544728068.03
1544728068.11
1544728068.18
1544728068.25
1544728068.32
1544728068.44
1544728068.54
1544728068.62
1544728068.69
1544728068.76
1544728068.82
1544728068.94
1544728069.04
1544728069.11
1544728069.21
1544728069.3
1544728069.38
1544728069.45
1544728069.53
1544728069.64
1544728069.75
1544728069.82
1544728069.89
1544728069.95
1544728070.03
1544728070.09
1544728070.17
1544728070.23
1544728070.28
1544728070.34
1544728070.4
1544728070.47
1544728070.52
1544728070.57
1544728070.61
1544728070.7
1544728070.78
1544728070.86
1544728070.93
1544728070.99
1544728071.06
1544728071.12
1544728071.21
1544728071.28
1544728071.34
1544728071.43
1544728071.48
1544728071.56
1544728071.64
1544728071.72
1544728071.79
1544728071.87
1544728071.98
1544728072.06
1544728072.14
1544728072.22
1544728072.3
1544728072.39
1544728072.45
1544728072.52
1544728072.61
1544728072.69
1544728072.73
1544728072.81
1544728072.88
1544728072.95
1544728073.02
1544728073.09
1544728073.17
1544728073.25
1544728073.3
1544728073.39
1544728073.45
1544728073.51
1544728073.59
1544728073.63
1544728073.67
1544728073.73
1544728073.8
1544728073.84
1544728073.9
1544728073.98
1544728074.05
1544728074.11
1544728074.21
1544728074.27
1544728074.33
1544728074.38
1544728074.47
1544728074.56
1544728074.64
1544728074.71
1544728074.79
1544728074.86
1544728074.92
1544728074.99
1544728075.07
1544728075.17
1544728075.24
1544728075.32
1544728075.4
1544728075.47
1544728075.54
1544728075.62
1544728075.69
1544728075.76
1544728075.82
1544728075.9
1544728075.98
1544728076.06
1544728076.13
1544728076.2
1544728076.26
1544728076.32
1544728076.38
1544728076.45
1544728076.52
1544728076.59
1544728076.65
1544728076.72
1544728076.79
1544728076.86
1544728076.92
1544728076.99
1544728077.04
1544728077.08
1544728077.13
1544728077.21
1544728077.27
1544728077.35
1544728077.41
1544728077.49
1544728077.57
1544728077.63
1544728077.68
1544728077.73
1544728077.77
1544728077.82
1544728077.9
1544728077.99
1544728078.06
1544728078.14
1544728078.2
1544728078.27
1544728078.34
1544728078.37
1544728078.48
1544728078.62
1544728078.75
1544728078.85
1544728078.94
1544728079.03
1544728079.12
1544728079.2
1544728079.26
1544728079.33
1544728079.39
1544728079.48
1544728079.54
1544728079.64
1544728079.78
1544728079.9
1544728080.01
1544728080.09
1544728080.15
1544728080.25
1544728080.3
1544728080.35
1544728080.4
1544728080.47
1544728080.53
1544728080.57
1544728080.64
1544728080.69
1544728080.75
1544728080.81
1544728080.9
1544728080.97
1544728081.01
1544728081.09
1544728081.16
1544728081.24
1544728081.31
1544728081.37
1544728081.47
1544728081.55
1544728081.63
1544728081.71
1544728081.79
1544728081.89
1544728081.96
1544728082.04
1544728082.12
1544728082.18
1544728082.22
1544728082.3
1544728082.41
1544728082.51
1544728082.62
1544728082.72
1544728082.82
1544728082.92
1544728082.98
1544728083.07
1544728083.15
1544728083.23
1544728083.31
1544728083.4
1544728083.47
1544728083.55
1544728083.64
1544728083.72
1544728083.8
1544728083.88
1544728083.94
1544728084.01
1544728084.1
1544728084.17
1544728084.25
1544728084.31
1544728084.38
1544728084.44
1544728084.51
1544728084.58
1544728084.64
1544728084.73
1544728084.78
1544728084.89
1544728085.02
1544728085.13
1544728085.22
1544728085.32
1544728085.41
1544728085.5
1544728085.6
1544728085.69
1544728085.78
1544728085.87
1544728085.95
1544728086.03
1544728086.11
1544728086.18
1544728086.26
1544728086.34
1544728086.41
1544728086.48
1544728086.57
1544728086.63
1544728086.71
1544728086.79
1544728086.86
1544728086.94
1544728087.01
1544728087.07
1544728087.14
1544728087.21
1544728087.28
1544728087.38
1544728087.46
1544728087.56
1544728087.65
1544728087.73
1544728087.8
1544728087.88
1544728087.97
1544728088.05
1544728088.14
1544728088.24
1544728088.35
1544728088.39
1544728088.47
1544728088.52
1544728088.61
1544728088.69
1544728088.77
1544728088.85
1544728088.93
1544728089.0
1544728089.08
1544728089.18
1544728089.25
1544728089.32
1544728089.38
1544728089.44
1544728089.5
1544728089.56
1544728089.61
1544728089.68
1544728089.76
1544728089.83
1544728089.91
1544728089.97
1544728090.04
1544728090.11
1544728090.18
1544728090.25
1544728090.33
1544728090.4
1544728090.46
1544728090.53
1544728090.61
1544728090.68
1544728090.74
1544728090.81
1544728090.87
1544728090.94
1544728091.01
1544728091.1
1544728091.19
1544728091.27
1544728091.33
1544728091.42
1544728091.51
1544728091.59
1544728091.67
1544728091.76
1544728091.84
1544728091.92
1544728091.99
1544728092.06
1544728092.15
1544728092.24
