1544727370.31
1544727370.49
1544727370.57
1544727370.66
1544727370.73
1544727370.81
1544727370.9
1544727370.98
1544727371.06
1544727371.15
1544727371.22
1544727371.29
1544727371.36
1544727371.41
1544727371.47
1544727371.54
1544727371.61
1544727371.68
1544727371.74
1544727371.81
1544727371.88
1544727371.95
1544727372.02
1544727372.09
1544727372.16
1544727372.22
1544727372.29
1544727372.36
1544727372.43
1544727372.51
1544727372.6
1544727372.66
1544727372.73
1544727372.8
1544727372.87
1544727372.93
1544727373.0
1544727373.06
1544727373.13
1544727373.22
1544727373.29
1544727373.39
1544727373.48
1544727373.58
1544727373.67
1544727373.74
1544727373.81
1544727373.89
1544727373.96
1544727374.03
1544727374.11
1544727374.19
1544727374.3
1544727374.39
1544727374.47
1544727374.55
1544727374.62
1544727374.7
1544727374.78
1544727374.85
1544727374.92
1544727374.99
1544727375.09
1544727375.19
1544727375.29
1544727375.39
1544727375.47
1544727375.55
1544727375.63
1544727375.72
1544727375.81
1544727375.89
1544727375.99
1544727376.05
1544727376.13
1544727376.18
1544727376.3
1544727376.38
1544727376.45
1544727376.53
1544727376.6
1544727376.67
1544727376.74
1544727376.81
1544727376.87
1544727376.93
1544727376.99
1544727377.07
1544727377.14
1544727377.21
1544727377.29
1544727377.35
1544727377.43
1544727377.5
1544727377.56
1544727377.62
1544727377.69
1544727377.75
1544727377.8
1544727377.91
1544727377.96
1544727378.02
1544727378.08
1544727378.15
1544727378.22
1544727378.27
1544727378.38
1544727378.48
1544727378.59
1544727378.66
1544727378.74
1544727378.84
1544727378.93
1544727379.04
1544727379.11
1544727379.2
1544727379.28
1544727379.39
1544727379.49
1544727379.59
1544727379.67
1544727379.74
1544727379.83
1544727379.93
1544727380.03
1544727380.11
1544727380.19
1544727380.26
1544727380.34
1544727380.4
1544727380.47
1544727380.54
1544727380.63
1544727380.72
1544727380.8
1544727380.86
1544727380.93
1544727381.0
1544727381.07
1544727381.13
1544727381.19
1544727381.26
1544727381.33
1544727381.39
1544727381.46
1544727381.52
1544727381.57
1544727381.63
1544727381.72
1544727381.79
1544727381.85
1544727381.92
1544727381.98
1544727382.04
1544727382.13
1544727382.23
1544727382.28
1544727382.34
1544727382.4
1544727382.47
1544727382.54
1544727382.6
1544727382.67
1544727382.74
1544727382.81
1544727382.86
1544727382.92
1544727382.98
1544727383.04
1544727383.09
1544727383.17
1544727383.23
1544727383.29
1544727383.36
1544727383.43
1544727383.49
1544727383.56
1544727383.62
1544727383.69
1544727383.76
1544727383.85
1544727383.93
1544727384.03
1544727384.12
1544727384.2
1544727384.32
1544727384.43
1544727384.56
1544727384.68
1544727384.74
1544727384.8
1544727384.87
1544727384.94
1544727385.0
1544727385.07
1544727385.15
1544727385.22
1544727385.3
1544727385.42
1544727385.52
1544727385.59
1544727385.67
1544727385.74
1544727385.8
1544727385.88
1544727385.93
1544727386.0
1544727386.08
1544727386.16
1544727386.23
1544727386.31
1544727386.39
1544727386.47
1544727386.55
1544727386.62
1544727386.69
1544727386.76
1544727386.81
1544727386.88
1544727386.94
1544727387.0
1544727387.07
1544727387.14
1544727387.21
1544727387.28
1544727387.35
1544727387.41
1544727387.47
1544727387.54
1544727387.59
1544727387.66
1544727387.71
1544727387.8
1544727387.9
1544727387.96
1544727388.02
1544727388.12
1544727388.17
1544727388.24
1544727388.32
1544727388.37
1544727388.44
1544727388.52
1544727388.59
1544727388.71
1544727388.81
1544727388.9
1544727388.94
1544727388.98
1544727389.06
1544727389.13
1544727389.19
1544727389.26
1544727389.31
1544727389.37
1544727389.45
1544727389.51
1544727389.58
1544727389.66
1544727389.77
1544727389.88
1544727389.98
1544727390.05
1544727390.13
1544727390.2
1544727390.26
1544727390.32
1544727390.4
1544727390.49
1544727390.57
1544727390.65
1544727390.73
1544727390.81
1544727390.9
1544727390.98
1544727391.06
1544727391.14
1544727391.22
1544727391.31
1544727391.37
1544727391.44
1544727391.49
1544727391.56
1544727391.61
1544727391.67
1544727391.73
1544727391.82
1544727391.9
1544727391.97
1544727392.04
1544727392.11
1544727392.2
1544727392.35
1544727392.48
1544727392.56
1544727392.71
1544727392.77
1544727392.81
1544727392.91
1544727393.0
1544727393.06
1544727393.12
1544727393.25
1544727393.33
1544727393.42
1544727393.51
1544727393.62
1544727393.72
1544727393.81
1544727393.87
1544727393.98
1544727394.05
1544727394.15
1544727394.23
1544727394.36
1544727394.46
1544727394.54
1544727394.6
1544727394.72
1544727394.83
1544727394.92
1544727395.01
1544727395.08
1544727395.17
1544727395.23
1544727395.32
1544727395.41
1544727395.48
1544727395.58
1544727395.65
1544727395.72
1544727395.82
1544727395.93
1544727396.07
1544727396.14
1544727396.24
1544727396.31
1544727396.4
1544727396.46
1544727396.54
1544727396.64
1544727396.72
1544727396.81
1544727396.88
1544727396.97
1544727397.06
1544727397.14
1544727397.21
1544727397.28
1544727397.35
1544727397.42
1544727397.47
1544727397.54
1544727397.62
1544727397.72
1544727397.79
1544727397.85
1544727397.92
1544727397.99
1544727398.08
1544727398.14
1544727398.18
1544727398.24
1544727398.3
1544727398.39
1544727398.49
1544727398.56
1544727398.66
1544727398.76
1544727398.88
1544727398.95
1544727399.02
1544727399.07
1544727399.15
1544727399.25
1544727399.36
1544727399.44
1544727399.5
1544727399.56
1544727399.63
1544727399.72
1544727399.8
1544727399.89
1544727400.0
1544727400.11
1544727400.18
1544727400.28
1544727400.34
1544727400.38
1544727400.46
1544727400.54
1544727400.63
1544727400.71
1544727400.79
1544727400.85
1544727400.92
1544727401.0
1544727401.06
1544727401.12
1544727401.16
1544727401.25
1544727401.32
1544727401.39
1544727401.48
1544727401.56
1544727401.63
1544727401.72
1544727401.79
1544727401.87
1544727401.94
1544727402.0
1544727402.09
1544727402.16
1544727402.22
1544727402.3
1544727402.37
1544727402.44
1544727402.52
1544727402.6
1544727402.71
1544727402.8
1544727402.86
1544727402.91
1544727402.96
1544727403.02
1544727403.08
1544727403.15
1544727403.23
1544727403.36
1544727403.48
1544727403.57
1544727403.63
1544727403.71
1544727403.77
1544727403.86
1544727403.94
1544727403.98
1544727404.03
1544727404.08
1544727404.15
1544727404.22
1544727404.29
1544727404.35
1544727404.45
1544727404.53
1544727404.6
1544727404.69
1544727404.76
1544727404.83
1544727404.92
1544727405.0
1544727405.09
1544727405.16
1544727405.26
1544727405.37
1544727405.44
1544727405.52
1544727405.62
1544727405.73
1544727405.78
1544727405.88
1544727405.95
1544727406.05
1544727406.14
1544727406.22
1544727406.31
1544727406.38
1544727406.49
1544727406.56
1544727406.63
1544727406.75
1544727406.84
1544727406.91
1544727406.97
1544727407.04
1544727407.12
1544727407.16
1544727407.22
1544727407.32
1544727407.37
1544727407.48
1544727407.56
1544727407.67
1544727407.75
1544727407.83
1544727407.88
1544727408.0
1544727408.07
1544727408.15
1544727408.22
1544727408.3
1544727408.35
1544727408.42
1544727408.48
1544727408.58
1544727408.67
1544727408.74
1544727408.8
1544727408.86
1544727408.93
1544727409.01
1544727409.09
1544727409.16
1544727409.22
1544727409.29
1544727409.37
1544727409.43
1544727409.55
1544727409.67
1544727409.73
1544727409.8
1544727409.88
1544727409.96
1544727410.04
1544727410.12
1544727410.16
1544727410.29
1544727410.36
1544727410.44
1544727410.5
1544727410.57
1544727410.63
1544727410.69
1544727410.75
1544727410.82
1544727410.88
1544727410.93
1544727410.99
1544727411.04
1544727411.1
1544727411.16
1544727411.26
1544727411.34
1544727411.45
1544727411.53
1544727411.6
1544727411.69
1544727411.76
1544727411.86
1544727411.95
1544727412.04
1544727412.13
1544727412.21
1544727412.28
1544727412.35
1544727412.41
1544727412.47
1544727412.54
1544727412.59
1544727412.65
1544727412.72
1544727412.76
1544727412.85
1544727412.92
1544727412.99
1544727413.07
1544727413.14
1544727413.2
1544727413.28
1544727413.35
1544727413.42
1544727413.48
1544727413.54
1544727413.57
1544727413.65
1544727413.7
1544727413.76
1544727413.82
1544727413.89
1544727413.95
1544727414.01
1544727414.11
1544727414.21
1544727414.29
1544727414.38
1544727414.45
1544727414.52
1544727414.58
1544727414.66
1544727414.73
1544727414.81
1544727414.88
1544727414.96
1544727415.04
1544727415.1
1544727415.17
1544727415.25
1544727415.32
1544727415.39
1544727415.46
1544727415.54
1544727415.6
1544727415.67
1544727415.74
1544727415.81
1544727415.89
1544727415.97
1544727416.04
1544727416.13
1544727416.21
1544727416.29
1544727416.38
1544727416.46
1544727416.52
1544727416.59
1544727416.65
1544727416.71
1544727416.78
1544727416.84
1544727416.92
1544727416.99
1544727417.05
1544727417.12
1544727417.19
1544727417.27
1544727417.36
1544727417.41
1544727417.48
1544727417.56
1544727417.64
1544727417.76
1544727417.86
1544727417.95
1544727418.04
1544727418.09
1544727418.15
1544727418.21
1544727418.32
1544727418.39
1544727418.46
1544727418.56
1544727418.72
1544727418.82
1544727418.9
1544727418.98
1544727419.12
1544727419.23
1544727419.34
1544727419.41
1544727419.53
1544727419.64
1544727419.72
1544727419.77
1544727419.86
1544727419.96
1544727420.04
1544727420.14
1544727420.21
1544727420.28
1544727420.35
1544727420.43
1544727420.51
1544727420.57
1544727420.66
1544727420.74
1544727420.8
1544727420.88
1544727420.95
1544727421.02
1544727421.11
1544727421.17
1544727421.24
1544727421.33
1544727421.39
1544727421.46
1544727421.56
1544727421.62
1544727421.69
1544727421.73
1544727421.77
1544727421.85
1544727421.91
1544727421.99
1544727422.05
1544727422.14
1544727422.22
1544727422.3
1544727422.35
1544727422.44
1544727422.52
1544727422.62
1544727422.7
1544727422.81
1544727422.89
1544727422.97
1544727423.03
1544727423.1
1544727423.15
1544727423.25
1544727423.35
1544727423.42
1544727423.5
1544727423.57
1544727423.64
1544727423.71
1544727423.77
1544727423.85
1544727423.91
1544727423.99
1544727424.09
1544727424.15
1544727424.23
1544727424.34
1544727424.4
1544727424.52
1544727424.59
1544727424.67
1544727424.75
1544727424.88
1544727424.94
1544727425.01
1544727425.08
1544727425.16
1544727425.26
1544727425.34
1544727425.45
1544727425.54
1544727425.62
1544727425.7
1544727425.78
1544727425.86
1544727425.92
1544727425.99
1544727426.06
1544727426.14
1544727426.24
1544727426.32
1544727426.41
1544727426.48
1544727426.56
1544727426.63
1544727426.68
1544727426.76
1544727426.83
1544727426.9
1544727426.98
1544727427.05
1544727427.11
1544727427.19
1544727427.26
1544727427.34
1544727427.41
1544727427.48
1544727427.6
1544727427.69
1544727427.76
1544727427.83
1544727427.9
1544727427.98
1544727428.06
1544727428.1
1544727428.18
1544727428.25
1544727428.37
1544727428.48
1544727428.57
1544727428.67
1544727428.73
1544727428.81
1544727428.88
1544727428.95
1544727429.04
1544727429.11
1544727429.18
1544727429.27
1544727429.35
1544727429.43
1544727429.49
1544727429.58
1544727429.65
1544727429.75
1544727429.83
1544727429.91
1544727429.98
1544727430.05
1544727430.15
1544727430.28
1544727430.37
1544727430.47
1544727430.55
1544727430.6
1544727430.7
1544727430.79
1544727430.89
1544727430.96
1544727431.04
1544727431.11
1544727431.18
1544727431.26
1544727431.35
1544727431.43
1544727431.51
1544727431.57
1544727431.64
1544727431.71
1544727431.77
1544727431.84
1544727431.9
1544727431.97
1544727432.05
1544727432.13
1544727432.18
1544727432.31
1544727432.42
1544727432.53
1544727432.59
1544727432.71
1544727432.81
1544727432.91
1544727433.01
1544727433.09
1544727433.16
1544727433.26
1544727433.36
1544727433.46
1544727433.57
1544727433.65
1544727433.7
1544727433.76
1544727433.82
1544727433.88
1544727433.94
1544727433.99
1544727434.06
1544727434.13
1544727434.18
1544727434.24
1544727434.29
1544727434.35
1544727434.4
1544727434.48
1544727434.54
1544727434.6
1544727434.66
1544727434.73
1544727434.78
1544727434.85
1544727434.91
1544727434.98
1544727435.04
1544727435.11
1544727435.16
1544727435.23
1544727435.32
1544727435.38
1544727435.45
1544727435.51
1544727435.57
1544727435.62
1544727435.7
1544727435.76
1544727435.82
1544727435.88
1544727435.93
1544727435.96
1544727436.05
1544727436.12
1544727436.16
1544727436.23
1544727436.35
1544727436.43
1544727436.5
1544727436.55
1544727436.62
1544727436.76
1544727436.84
1544727436.92
1544727436.99
1544727437.07
1544727437.15
1544727437.24
1544727437.33
1544727437.41
1544727437.47
1544727437.55
1544727437.65
1544727437.78
1544727437.86
1544727437.93
1544727437.98
1544727438.06
1544727438.14
1544727438.22
1544727438.3
1544727438.36
1544727438.4
1544727438.48
1544727438.55
1544727438.66
1544727438.75
1544727438.92
1544727439.01
1544727439.17
1544727439.27
1544727439.34
1544727439.46
1544727439.57
1544727439.66
1544727439.73
1544727439.82
1544727439.89
1544727439.95
1544727440.08
1544727440.2
1544727440.28
1544727440.4
1544727440.49
1544727440.54
1544727440.59
1544727440.67
1544727440.74
1544727440.82
1544727440.9
1544727440.96
1544727441.04
1544727441.11
1544727441.19
1544727441.33
1544727441.43
1544727441.54
1544727441.62
1544727441.69
1544727441.76
1544727441.83
1544727441.9
1544727441.95
1544727442.04
1544727442.12
1544727442.16
1544727442.25
1544727442.35
1544727442.51
1544727442.64
1544727442.74
1544727442.85
1544727442.95
1544727443.04
1544727443.14
1544727443.24
1544727443.36
1544727443.44
1544727443.54
1544727443.68
1544727443.81
1544727443.89
1544727443.98
1544727444.06
1544727444.15
1544727444.26
1544727444.33
1544727444.41
1544727444.48
1544727444.53
1544727444.62
1544727444.7
1544727444.78
1544727444.86
1544727444.92
1544727444.96
1544727445.01
1544727445.13
1544727445.18
1544727445.28
1544727445.35
1544727445.4
1544727445.52
1544727445.59
1544727445.75
1544727445.89
1544727446.0
1544727446.07
1544727446.16
1544727446.24
1544727446.36
1544727446.52
1544727446.67
1544727446.76
1544727446.92
1544727447.03
1544727447.15
1544727447.23
1544727447.3
1544727447.37
1544727447.44
1544727447.5
1544727447.56
1544727447.62
1544727447.73
1544727447.83
1544727447.91
1544727447.97
1544727448.04
1544727448.11
1544727448.17
1544727448.24
1544727448.31
1544727448.38
1544727448.44
1544727448.51
1544727448.58
1544727448.66
1544727448.74
1544727448.8
1544727448.87
1544727448.95
1544727449.02
1544727449.07
1544727449.14
1544727449.2
1544727449.25
1544727449.31
1544727449.36
1544727449.47
1544727449.58
1544727449.69
1544727449.78
1544727449.89
1544727450.01
1544727450.06
1544727450.12
1544727450.26
1544727450.35
1544727450.45
1544727450.53
1544727450.61
1544727450.69
1544727450.78
1544727450.85
1544727450.93
1544727451.05
1544727451.16
1544727451.26
1544727451.37
1544727451.45
1544727451.54
1544727451.63
1544727451.73
1544727451.83
1544727451.92
1544727452.0
1544727452.09
1544727452.18
1544727452.27
1544727452.35
1544727452.43
1544727452.49
1544727452.56
1544727452.62
1544727452.69
1544727452.75
1544727452.81
1544727452.88
1544727452.95
1544727453.01
1544727453.09
1544727453.16
1544727453.22
1544727453.29
1544727453.37
1544727453.44
1544727453.5
1544727453.58
1544727453.67
1544727453.74
1544727453.82
1544727453.88
1544727453.96
1544727454.02
1544727454.08
1544727454.14
1544727454.2
1544727454.27
1544727454.34
1544727454.39
1544727454.45
1544727454.49
1544727454.55
1544727454.61
1544727454.66
1544727454.73
1544727454.79
1544727454.87
1544727454.99
1544727455.14
1544727455.24
1544727455.34
1544727455.45
1544727455.55
1544727455.64
1544727455.71
1544727455.76
1544727455.8
1544727455.86
1544727455.96
1544727456.04
1544727456.1
1544727456.23
1544727456.29
1544727456.39
1544727456.44
1544727456.5
1544727456.55
1544727456.61
1544727456.67
1544727456.73
1544727456.78
1544727456.84
1544727456.89
1544727456.98
1544727457.03
1544727457.07
1544727457.11
1544727457.2
1544727457.26
1544727457.38
1544727457.45
1544727457.5
1544727457.59
1544727457.69
1544727457.79
1544727457.87
1544727457.94
1544727458.09
1544727458.21
1544727458.31
1544727458.42
1544727458.54
1544727458.64
1544727458.71
1544727458.78
1544727458.88
1544727458.98
1544727459.06
1544727459.14
1544727459.24
1544727459.33
1544727459.41
1544727459.5
1544727459.6
1544727459.75
1544727459.86
1544727459.9
1544727459.98
1544727460.05
1544727460.14
1544727460.24
1544727460.34
1544727460.43
1544727460.52
1544727460.61
1544727460.69
1544727460.79
1544727460.85
1544727460.92
1544727461.0
1544727461.07
1544727461.14
1544727461.22
1544727461.31
1544727461.36
1544727461.44
1544727461.52
1544727461.6
1544727461.67
1544727461.74
1544727461.81
1544727461.9
1544727461.97
1544727462.06
1544727462.17
1544727462.24
1544727462.33
1544727462.43
1544727462.49
1544727462.64
1544727462.73
1544727462.83
1544727462.99
1544727463.07
1544727463.14
1544727463.19
1544727463.27
1544727463.37
1544727463.46
1544727463.55
1544727463.64
1544727463.7
1544727463.78
1544727463.86
1544727463.94
1544727464.0
1544727464.07
1544727464.14
1544727464.19
1544727464.25
1544727464.33
1544727464.4
1544727464.49
1544727464.59
1544727464.64
1544727464.77
1544727464.85
1544727464.93
1544727465.03
1544727465.1
1544727465.19
1544727465.26
1544727465.34
1544727465.41
1544727465.48
1544727465.56
1544727465.62
1544727465.69
1544727465.75
1544727465.81
1544727465.87
1544727465.93
1544727465.99
1544727466.05
1544727466.14
1544727466.22
1544727466.3
1544727466.38
1544727466.45
1544727466.53
1544727466.59
1544727466.66
1544727466.73
1544727466.8
1544727466.87
1544727466.94
1544727467.01
1544727467.08
1544727467.15
1544727467.21
1544727467.27
1544727467.35
1544727467.41
1544727467.47
1544727467.55
1544727467.61
1544727467.67
1544727467.72
1544727467.78
1544727467.84
1544727467.89
1544727467.97
1544727468.05
1544727468.11
1544727468.18
1544727468.25
1544727468.33
1544727468.41
1544727468.48
1544727468.56
1544727468.63
1544727468.71
1544727468.78
1544727468.85
1544727468.92
1544727468.99
1544727469.06
1544727469.13
1544727469.21
1544727469.28
1544727469.35
1544727469.42
1544727469.49
1544727469.54
1544727469.59
1544727469.63
1544727469.68
1544727469.77
1544727469.81
1544727469.92
1544727470.03
1544727470.11
1544727470.18
1544727470.27
1544727470.33
1544727470.39
1544727470.47
1544727470.57
1544727470.7
1544727470.8
1544727470.87
1544727470.96
1544727471.03
1544727471.11
1544727471.18
1544727471.26
1544727471.34
1544727471.42
1544727471.5
1544727471.57
1544727471.65
1544727471.72
1544727471.75
1544727471.8
1544727471.85
1544727471.92
1544727472.0
1544727472.06
1544727472.13
1544727472.2
1544727472.25
1544727472.31
1544727472.38
1544727472.42
1544727472.47
1544727472.53
1544727472.58
1544727472.64
1544727472.7
1544727472.76
1544727472.82
1544727472.89
1544727472.93
1544727473.0
1544727473.06
1544727473.11
1544727473.15
1544727473.19
1544727473.27
1544727473.33
1544727473.41
1544727473.47
1544727473.55
1544727473.62
1544727473.68
1544727473.77
1544727473.84
1544727473.89
1544727473.94
1544727473.99
1544727474.07
1544727474.16
1544727474.25
1544727474.32
1544727474.37
1544727474.49
1544727474.6
1544727474.68
1544727474.8
1544727474.94
1544727475.0
1544727475.14
1544727475.23
1544727475.32
1544727475.43
1544727475.53
1544727475.61
1544727475.72
1544727475.88
1544727475.98
1544727476.1
1544727476.18
1544727476.26
1544727476.35
1544727476.43
1544727476.49
1544727476.59
1544727476.65
1544727476.75
1544727476.88
1544727476.96
1544727477.04
1544727477.12
1544727477.2
1544727477.27
1544727477.37
1544727477.46
1544727477.55
1544727477.64
1544727477.82
1544727477.89
1544727477.98
1544727478.15
1544727478.24
1544727478.32
1544727478.4
1544727478.47
1544727478.54
1544727478.64
1544727478.75
1544727478.89
1544727479.02
1544727479.08
1544727479.26
1544727479.36
1544727479.44
1544727479.62
1544727479.7
1544727479.78
1544727479.84
1544727479.92
1544727480.03
1544727480.14
1544727480.22
1544727480.35
1544727480.46
1544727480.6
1544727480.68
1544727480.75
1544727480.82
1544727480.86
1544727480.98
1544727481.04
1544727481.08
1544727481.13
1544727481.21
1544727481.26
1544727481.33
1544727481.42
1544727481.49
1544727481.62
1544727481.69
1544727481.79
1544727481.88
1544727481.94
1544727482.01
1544727482.06
1544727482.13
1544727482.2
1544727482.26
1544727482.35
1544727482.44
1544727482.53
1544727482.61
1544727482.68
1544727482.74
1544727482.85
1544727482.91
1544727482.98
1544727483.05
1544727483.12
1544727483.2
1544727483.27
1544727483.35
1544727483.42
1544727483.49
1544727483.56
1544727483.62
1544727483.69
1544727483.79
1544727483.87
1544727483.98
1544727484.06
1544727484.13
1544727484.23
1544727484.31
1544727484.39
1544727484.46
1544727484.53
1544727484.6
1544727484.67
1544727484.76
1544727484.83
1544727484.93
1544727485.0
1544727485.09
1544727485.19
1544727485.27
1544727485.37
1544727485.44
1544727485.52
1544727485.62
1544727485.69
1544727485.82
1544727485.89
1544727485.99
1544727486.09
1544727486.18
1544727486.26
1544727486.36
1544727486.45
1544727486.53
1544727486.6
1544727486.69
1544727486.78
1544727486.84
1544727486.91
1544727487.01
1544727487.08
1544727487.17
1544727487.24
1544727487.31
1544727487.4
1544727487.47
1544727487.62
1544727487.69
1544727487.77
1544727487.84
1544727487.91
1544727488.03
1544727488.1
1544727488.21
1544727488.27
1544727488.33
1544727488.39
1544727488.43
1544727488.46
1544727488.53
1544727488.62
1544727488.69
1544727488.76
1544727488.84
1544727488.91
1544727488.97
1544727489.04
1544727489.1
1544727489.17
1544727489.25
1544727489.3
1544727489.39
1544727489.46
1544727489.52
1544727489.6
1544727489.68
1544727489.76
1544727489.82
1544727489.89
1544727489.96
1544727490.03
1544727490.1
1544727490.16
1544727490.23
1544727490.31
1544727490.37
1544727490.44
1544727490.52
1544727490.62
1544727490.67
1544727490.75
1544727490.82
1544727490.89
1544727490.97
1544727491.02
1544727491.09
1544727491.16
1544727491.23
1544727491.31
1544727491.37
1544727491.45
1544727491.52
1544727491.58
1544727491.68
1544727491.78
1544727491.86
1544727491.92
1544727492.0
1544727492.09
1544727492.15
1544727492.22
1544727492.3
1544727492.37
1544727492.48
1544727492.55
1544727492.62
1544727492.67
1544727492.73
1544727492.79
1544727492.85
1544727492.91
1544727492.97
1544727493.03
1544727493.09
1544727493.15
1544727493.21
1544727493.26
1544727493.31
1544727493.38
1544727493.45
1544727493.51
1544727493.6
1544727493.71
1544727493.78
1544727493.88
1544727493.96
1544727494.05
1544727494.15
1544727494.23
1544727494.36
1544727494.51
1544727494.59
1544727494.66
1544727494.72
1544727494.8
1544727494.87
1544727494.96
1544727495.02
1544727495.06
1544727495.1
1544727495.18
1544727495.26
1544727495.33
1544727495.39
1544727495.46
1544727495.53
1544727495.58
1544727495.63
1544727495.72
1544727495.78
1544727495.85
1544727495.92
1544727495.99
1544727496.07
1544727496.15
1544727496.22
1544727496.3
1544727496.42
1544727496.49
1544727496.57
1544727496.66
1544727496.74
1544727496.82
1544727496.89
1544727496.96
1544727497.01
1544727497.12
1544727497.23
1544727497.3
1544727497.4
1544727497.52
1544727497.59
1544727497.67
1544727497.73
1544727497.8
1544727497.87
1544727497.95
1544727498.01
1544727498.07
1544727498.12
1544727498.17
1544727498.25
1544727498.3
1544727498.39
1544727498.45
1544727498.52
1544727498.59
1544727498.66
1544727498.72
1544727498.78
1544727498.85
1544727498.91
1544727498.97
1544727499.05
1544727499.11
1544727499.18
1544727499.28
1544727499.34
1544727499.4
1544727499.45
1544727499.51
1544727499.56
1544727499.61
1544727499.68
1544727499.73
1544727499.79
1544727499.88
1544727499.95
1544727500.0
1544727500.08
1544727500.15
1544727500.23
1544727500.3
1544727500.39
1544727500.47
1544727500.53
1544727500.6
1544727500.67
1544727500.75
1544727500.81
1544727500.88
1544727500.96
1544727501.03
1544727501.1
1544727501.18
1544727501.25
1544727501.34
1544727501.44
1544727501.49
1544727501.57
1544727501.65
1544727501.74
1544727501.81
1544727501.92
1544727502.03
1544727502.15
1544727502.23
1544727502.32
1544727502.4
1544727502.48
1544727502.55
1544727502.61
1544727502.7
1544727502.77
1544727502.83
1544727502.92
1544727502.99
1544727503.08
1544727503.15
1544727503.21
1544727503.26
1544727503.34
1544727503.38
1544727503.48
1544727503.58
1544727503.69
1544727503.76
1544727503.84
1544727503.92
1544727504.01
1544727504.07
1544727504.16
1544727504.23
1544727504.3
1544727504.37
1544727504.44
1544727504.52
1544727504.59
1544727504.67
1544727504.75
1544727504.81
1544727504.89
1544727505.0
1544727505.08
1544727505.15
1544727505.24
1544727505.33
1544727505.44
1544727505.51
1544727505.57
1544727505.65
1544727505.73
1544727505.81
1544727505.88
1544727505.96
1544727506.02
1544727506.08
1544727506.16
1544727506.22
1544727506.28
1544727506.36
1544727506.44
1544727506.51
1544727506.56
1544727506.64
1544727506.73
1544727506.81
1544727506.89
1544727506.96
1544727507.02
1544727507.08
1544727507.16
1544727507.23
1544727507.29
1544727507.36
1544727507.43
1544727507.5
1544727507.57
1544727507.64
1544727507.7
1544727507.77
1544727507.85
1544727507.92
1544727507.99
1544727508.08
1544727508.16
1544727508.28
1544727508.36
1544727508.47
1544727508.59
1544727508.68
1544727508.78
1544727508.87
1544727508.94
1544727509.03
1544727509.1
1544727509.16
1544727509.22
1544727509.29
1544727509.36
1544727509.44
1544727509.57
1544727509.62
1544727509.72
1544727509.79
1544727509.88
1544727509.95
1544727510.02
1544727510.09
1544727510.16
1544727510.23
1544727510.3
1544727510.37
1544727510.45
1544727510.51
1544727510.57
1544727510.69
1544727510.78
1544727510.84
1544727510.91
1544727510.98
1544727511.08
1544727511.16
1544727511.22
1544727511.31
1544727511.38
1544727511.45
1544727511.53
1544727511.61
1544727511.71
1544727511.78
1544727511.85
1544727511.91
1544727511.96
1544727512.02
1544727512.09
1544727512.16
1544727512.25
1544727512.38
1544727512.45
1544727512.53
1544727512.58
1544727512.66
1544727512.74
1544727512.8
1544727512.88
1544727512.95
1544727513.02
1544727513.13
1544727513.22
1544727513.32
1544727513.38
1544727513.48
1544727513.59
1544727513.67
1544727513.75
1544727513.85
1544727513.94
1544727514.02
1544727514.11
1544727514.24
1544727514.33
1544727514.44
1544727514.52
1544727514.58
1544727514.64
1544727514.69
1544727514.75
1544727514.8
1544727514.86
1544727514.92
1544727514.98
1544727515.04
1544727515.09
1544727515.15
1544727515.2
1544727515.29
1544727515.36
1544727515.42
1544727515.48
1544727515.54
1544727515.6
1544727515.66
1544727515.72
1544727515.78
1544727515.89
1544727515.98
1544727516.08
1544727516.15
1544727516.23
1544727516.28
1544727516.36
1544727516.43
1544727516.49
1544727516.59
1544727516.66
1544727516.73
1544727516.82
1544727516.89
1544727516.96
1544727517.04
1544727517.09
1544727517.15
1544727517.22
1544727517.36
1544727517.46
1544727517.53
1544727517.61
1544727517.7
1544727517.82
1544727517.94
1544727518.01
1544727518.08
1544727518.16
1544727518.22
1544727518.31
1544727518.4
1544727518.48
1544727518.58
1544727518.7
1544727518.8
1544727518.87
1544727518.94
1544727519.01
1544727519.08
1544727519.13
1544727519.19
1544727519.25
1544727519.32
1544727519.44
1544727519.53
1544727519.66
1544727519.73
1544727519.79
1544727519.92
1544727519.98
1544727520.09
1544727520.18
1544727520.24
1544727520.32
1544727520.39
1544727520.43
1544727520.52
1544727520.58
1544727520.66
1544727520.73
1544727520.8
1544727520.89
1544727520.96
1544727521.04
1544727521.11
1544727521.17
1544727521.26
1544727521.33
1544727521.41
1544727521.48
1544727521.55
1544727521.64
1544727521.71
1544727521.79
1544727521.86
1544727521.94
1544727522.01
1544727522.07
1544727522.16
1544727522.27
1544727522.36
1544727522.44
1544727522.51
1544727522.6
1544727522.69
1544727522.77
1544727522.85
1544727522.92
1544727523.01
1544727523.09
1544727523.15
1544727523.21
1544727523.33
1544727523.4
1544727523.47
1544727523.55
1544727523.6
1544727523.66
1544727523.72
1544727523.79
1544727523.83
1544727523.93
1544727523.99
1544727524.06
1544727524.14
1544727524.2
1544727524.28
1544727524.34
1544727524.39
1544727524.46
1544727524.52
1544727524.58
1544727524.64
1544727524.71
1544727524.75
1544727524.82
1544727524.88
1544727524.99
1544727525.08
1544727525.16
1544727525.26
1544727525.35
1544727525.42
1544727525.52
1544727525.59
1544727525.67
1544727525.71
1544727525.75
1544727525.8
1544727525.87
1544727525.99
1544727526.08
1544727526.18
1544727526.29
1544727526.36
1544727526.47
1544727526.54
1544727526.62
1544727526.73
1544727526.79
1544727526.88
1544727526.95
1544727527.06
1544727527.15
1544727527.22
1544727527.28
1544727527.36
1544727527.43
1544727527.48
1544727527.55
1544727527.61
1544727527.67
1544727527.74
1544727527.8
1544727527.86
1544727527.92
1544727527.99
1544727528.06
1544727528.12
1544727528.18
1544727528.25
1544727528.32
1544727528.39
1544727528.47
1544727528.54
1544727528.62
1544727528.69
1544727528.76
1544727528.84
1544727528.91
1544727528.98
1544727529.07
1544727529.14
1544727529.21
1544727529.31
1544727529.38
1544727529.46
1544727529.55
1544727529.63
1544727529.7
1544727529.78
1544727529.86
1544727529.93
1544727530.01
1544727530.08
1544727530.15
1544727530.23
1544727530.3
1544727530.39
1544727530.47
1544727530.55
1544727530.63
1544727530.69
1544727530.76
1544727530.82
1544727530.89
1544727530.96
1544727531.03
1544727531.12
1544727531.19
1544727531.32
1544727531.42
1544727531.48
1544727531.54
1544727531.6
1544727531.67
1544727531.75
1544727531.82
1544727531.88
1544727531.97
1544727532.06
1544727532.14
1544727532.21
1544727532.34
1544727532.4
1544727532.5
1544727532.57
1544727532.64
1544727532.69
1544727532.77
1544727532.82
1544727532.89
1544727532.96
1544727533.04
1544727533.11
1544727533.17
1544727533.23
1544727533.3
1544727533.37
1544727533.42
1544727533.46
1544727533.55
1544727533.6
1544727533.69
1544727533.77
1544727533.86
1544727533.92
1544727533.98
1544727534.09
1544727534.15
1544727534.2
1544727534.28
1544727534.36
1544727534.46
1544727534.52
1544727534.6
1544727534.67
1544727534.74
1544727534.8
1544727534.92
1544727535.03
1544727535.1
1544727535.16
1544727535.25
1544727535.3
1544727535.38
1544727535.45
1544727535.53
1544727535.6
1544727535.68
1544727535.74
1544727535.8
1544727535.87
1544727535.92
1544727535.99
1544727536.11
1544727536.19
1544727536.28
1544727536.35
1544727536.43
1544727536.51
1544727536.59
1544727536.7
1544727536.76
1544727536.85
1544727536.93
1544727537.01
1544727537.14
1544727537.2
1544727537.26
1544727537.32
1544727537.36
1544727537.45
1544727537.52
1544727537.64
1544727537.74
1544727537.8
1544727537.91
1544727537.99
1544727538.1
1544727538.2
1544727538.35
1544727538.5
1544727538.58
1544727538.67
1544727538.76
1544727538.84
1544727538.93
1544727539.04
1544727539.1
1544727539.19
1544727539.29
1544727539.38
1544727539.47
1544727539.55
1544727539.64
1544727539.72
1544727539.8
1544727539.86
1544727539.95
1544727540.03
1544727540.1
1544727540.18
1544727540.26
1544727540.33
1544727540.39
1544727540.46
1544727540.54
1544727540.61
1544727540.7
1544727540.77
1544727540.84
1544727540.9
1544727540.97
1544727541.01
1544727541.1
1544727541.18
1544727541.26
1544727541.35
1544727541.44
1544727541.53
1544727541.61
1544727541.69
1544727541.77
1544727541.85
1544727541.93
1544727542.01
1544727542.1
1544727542.19
1544727542.27
1544727542.32
1544727542.41
1544727542.5
1544727542.59
1544727542.65
1544727542.72
1544727542.79
1544727542.87
1544727542.95
1544727543.02
1544727543.08
1544727543.13
1544727543.16
1544727543.24
1544727543.31
1544727543.39
1544727543.49
1544727543.55
1544727543.62
1544727543.69
1544727543.8
1544727543.89
1544727543.96
1544727544.05
1544727544.11
1544727544.21
1544727544.27
1544727544.34
1544727544.44
1544727544.53
1544727544.63
1544727544.73
1544727544.8
1544727544.88
1544727545.01
1544727545.08
1544727545.15
1544727545.21
1544727545.28
1544727545.37
1544727545.43
1544727545.51
1544727545.56
1544727545.63
1544727545.73
1544727545.82
1544727545.91
1544727545.99
1544727546.07
1544727546.17
1544727546.25
1544727546.33
1544727546.4
1544727546.5
1544727546.64
1544727546.75
1544727546.8
1544727546.86
1544727546.94
1544727547.03
1544727547.12
1544727547.22
1544727547.3
1544727547.38
1544727547.49
1544727547.57
1544727547.67
1544727547.79
1544727547.89
1544727547.99
1544727548.06
1544727548.15
1544727548.26
1544727548.35
1544727548.45
1544727548.55
1544727548.64
1544727548.76
1544727548.84
1544727548.94
1544727549.05
1544727549.14
1544727549.19
1544727549.27
1544727549.34
1544727549.42
1544727549.5
1544727549.55
1544727549.61
1544727549.71
1544727549.79
1544727549.84
1544727549.88
1544727549.95
1544727550.04
1544727550.12
1544727550.16
1544727550.23
1544727550.31
1544727550.36
1544727550.44
1544727550.53
1544727550.61
1544727550.76
1544727550.84
1544727550.93
1544727550.99
1544727551.07
1544727551.13
1544727551.21
1544727551.3
1544727551.38
1544727551.47
1544727551.55
1544727551.67
1544727551.74
1544727551.81
1544727551.91
1544727551.99
1544727552.09
1544727552.17
1544727552.33
1544727552.41
1544727552.48
1544727552.54
1544727552.61
1544727552.68
1544727552.74
1544727552.81
1544727552.93
1544727553.04
1544727553.14
1544727553.22
1544727553.29
1544727553.42
1544727553.49
1544727553.57
1544727553.65
1544727553.71
1544727553.78
1544727553.85
1544727553.93
1544727554.0
1544727554.08
1544727554.15
1544727554.22
1544727554.29
1544727554.36
1544727554.44
1544727554.5
1544727554.57
1544727554.65
1544727554.71
1544727554.79
1544727554.86
1544727554.93
1544727554.98
1544727555.06
1544727555.15
1544727555.26
1544727555.39
1544727555.5
1544727555.59
1544727555.67
1544727555.75
1544727555.82
1544727555.9
1544727555.97
1544727556.04
1544727556.11
1544727556.17
1544727556.24
1544727556.31
1544727556.38
1544727556.46
1544727556.54
1544727556.61
1544727556.75
1544727556.89
1544727556.96
1544727557.07
1544727557.14
1544727557.22
1544727557.33
1544727557.39
1544727557.5
1544727557.57
1544727557.67
1544727557.76
1544727557.85
1544727557.93
1544727558.0
1544727558.09
1544727558.19
1544727558.27
1544727558.38
1544727558.48
1544727558.56
1544727558.63
1544727558.69
1544727558.78
1544727558.88
1544727558.93
1544727559.0
1544727559.09
1544727559.18
1544727559.28
1544727559.37
1544727559.44
1544727559.52
1544727559.58
1544727559.62
1544727559.7
1544727559.76
1544727559.82
1544727559.96
1544727560.08
1544727560.18
1544727560.27
1544727560.34
1544727560.43
1544727560.52
1544727560.61
1544727560.71
1544727560.82
1544727560.92
1544727561.02
1544727561.14
1544727561.26
1544727561.34
1544727561.43
1544727561.51
1544727561.6
1544727561.68
1544727561.81
1544727561.92
1544727562.02
1544727562.09
1544727562.16
1544727562.25
1544727562.32
1544727562.39
1544727562.47
1544727562.55
1544727562.62
1544727562.7
1544727562.77
1544727562.85
1544727562.9
1544727562.98
1544727563.08
1544727563.17
1544727563.25
1544727563.34
1544727563.41
1544727563.49
1544727563.56
1544727563.62
1544727563.7
1544727563.76
1544727563.83
1544727563.9
1544727563.97
1544727564.04
1544727564.1
1544727564.17
1544727564.25
1544727564.31
1544727564.37
1544727564.44
1544727564.5
1544727564.57
1544727564.64
1544727564.69
1544727564.79
1544727564.91
1544727565.01
1544727565.11
1544727565.19
1544727565.32
1544727565.42
1544727565.52
1544727565.69
1544727565.8
1544727565.89
1544727565.96
1544727566.05
1544727566.11
1544727566.16
1544727566.3
1544727566.37
1544727566.45
1544727566.52
1544727566.6
1544727566.68
1544727566.77
1544727566.85
1544727566.92
1544727567.0
1544727567.06
1544727567.11
1544727567.19
1544727567.26
1544727567.32
1544727567.36
1544727567.42
1544727567.46
1544727567.51
1544727567.6
1544727567.67
1544727567.78
1544727567.91
1544727568.0
1544727568.07
1544727568.15
1544727568.26
1544727568.38
1544727568.48
1544727568.57
1544727568.66
1544727568.76
1544727568.89
1544727568.97
1544727569.05
1544727569.16
1544727569.25
1544727569.32
1544727569.37
1544727569.41
1544727569.48
1544727569.54
1544727569.61
1544727569.67
1544727569.76
1544727569.84
1544727569.93
1544727570.0
1544727570.08
1544727570.15
1544727570.24
1544727570.33
1544727570.43
1544727570.55
1544727570.63
1544727570.7
1544727570.83
1544727570.91
1544727570.97
1544727571.04
1544727571.09
1544727571.15
1544727571.21
1544727571.28
1544727571.33
1544727571.41
1544727571.47
1544727571.54
1544727571.6
1544727571.66
1544727571.73
1544727571.78
1544727571.83
1544727571.9
1544727571.99
1544727572.09
1544727572.19
1544727572.27
1544727572.36
1544727572.43
1544727572.48
1544727572.55
1544727572.66
1544727572.74
1544727572.85
1544727572.95
1544727573.04
1544727573.16
1544727573.23
1544727573.32
1544727573.4
1544727573.47
1544727573.55
1544727573.64
1544727573.71
1544727573.78
1544727573.87
1544727573.95
1544727574.02
1544727574.08
1544727574.15
1544727574.23
1544727574.3
1544727574.39
1544727574.47
1544727574.54
1544727574.58
1544727574.67
1544727574.75
1544727574.82
1544727574.89
1544727574.94
1544727574.99
1544727575.09
1544727575.17
1544727575.25
1544727575.33
1544727575.43
1544727575.51
1544727575.58
1544727575.67
1544727575.77
1544727575.85
1544727575.91
1544727576.0
1544727576.1
1544727576.19
1544727576.26
1544727576.33
1544727576.41
1544727576.47
1544727576.53
1544727576.6
1544727576.67
1544727576.75
1544727576.81
1544727576.89
1544727576.94
1544727577.02
1544727577.09
1544727577.15
1544727577.22
1544727577.29
1544727577.35
1544727577.42
1544727577.51
1544727577.58
1544727577.66
1544727577.73
1544727577.81
1544727577.87
1544727577.96
1544727578.02
1544727578.08
1544727578.16
1544727578.24
1544727578.37
1544727578.47
1544727578.57
1544727578.67
1544727578.78
1544727578.87
1544727578.99
1544727579.11
1544727579.21
1544727579.28
1544727579.38
1544727579.46
1544727579.53
1544727579.61
1544727579.7
1544727579.79
1544727579.87
1544727579.97
1544727580.09
1544727580.16
1544727580.27
1544727580.35
1544727580.46
1544727580.53
1544727580.62
1544727580.72
1544727580.83
1544727580.89
1544727580.97
1544727581.11
1544727581.19
1544727581.27
1544727581.36
1544727581.44
1544727581.51
1544727581.58
1544727581.67
1544727581.76
1544727581.86
1544727581.94
1544727582.03
1544727582.12
1544727582.21
1544727582.29
1544727582.38
1544727582.44
1544727582.51
1544727582.58
1544727582.67
1544727582.75
1544727582.84
1544727582.93
1544727583.01
1544727583.08
1544727583.16
1544727583.24
1544727583.35
1544727583.46
1544727583.56
1544727583.61
1544727583.69
1544727583.75
1544727583.85
1544727583.94
1544727584.02
1544727584.15
1544727584.26
1544727584.35
1544727584.47
1544727584.55
1544727584.65
1544727584.74
1544727584.82
1544727584.94
1544727585.03
1544727585.12
1544727585.2
1544727585.29
1544727585.37
1544727585.52
1544727585.6
1544727585.72
1544727585.83
1544727585.92
1544727585.98
1544727586.07
1544727586.14
1544727586.21
1544727586.35
1544727586.45
1544727586.53
1544727586.62
1544727586.72
1544727586.79
1544727586.89
1544727586.95
1544727587.08
1544727587.14
1544727587.21
1544727587.29
1544727587.37
1544727587.43
1544727587.5
1544727587.58
1544727587.67
1544727587.76
1544727587.83
1544727587.88
1544727587.94
1544727588.02
1544727588.09
1544727588.17
1544727588.24
1544727588.31
1544727588.37
1544727588.44
1544727588.52
1544727588.58
1544727588.64
1544727588.72
1544727588.8
1544727588.88
1544727588.97
1544727589.07
1544727589.15
1544727589.24
1544727589.33
1544727589.37
1544727589.5
1544727589.58
1544727589.66
1544727589.72
1544727589.8
1544727589.9
1544727590.0
1544727590.08
1544727590.17
1544727590.25
1544727590.31
1544727590.38
1544727590.47
1544727590.55
1544727590.61
1544727590.67
1544727590.74
1544727590.79
1544727590.89
1544727590.96
1544727591.04
1544727591.12
1544727591.16
1544727591.2
1544727591.32
1544727591.4
1544727591.48
1544727591.56
1544727591.64
1544727591.72
1544727591.79
1544727591.86
1544727591.92
1544727592.02
1544727592.11
1544727592.19
1544727592.29
1544727592.39
1544727592.46
1544727592.51
1544727592.57
1544727592.64
1544727592.69
1544727592.77
1544727592.83
1544727592.91
1544727592.99
1544727593.05
1544727593.14
1544727593.21
1544727593.25
1544727593.32
1544727593.39
1544727593.48
1544727593.57
1544727593.66
1544727593.72
1544727593.82
1544727593.89
1544727593.96
1544727594.03
1544727594.15
1544727594.26
1544727594.34
1544727594.43
1544727594.5
1544727594.58
1544727594.64
1544727594.72
1544727594.78
1544727594.85
1544727594.92
1544727594.96
1544727595.05
1544727595.12
1544727595.22
1544727595.32
1544727595.41
1544727595.49
1544727595.58
1544727595.65
1544727595.78
1544727595.88
1544727595.96
1544727596.03
1544727596.09
1544727596.16
1544727596.22
1544727596.3
1544727596.38
1544727596.44
1544727596.52
1544727596.6
1544727596.69
1544727596.74
1544727596.84
1544727596.91
1544727596.99
1544727597.06
1544727597.11
1544727597.17
1544727597.26
1544727597.33
1544727597.4
1544727597.46
1544727597.52
1544727597.57
1544727597.7
1544727597.79
1544727597.89
1544727597.96
1544727598.05
1544727598.12
1544727598.18
1544727598.25
1544727598.29
1544727598.4
1544727598.5
1544727598.57
1544727598.62
1544727598.68
1544727598.77
1544727598.88
1544727598.94
1544727599.03
1544727599.12
1544727599.21
1544727599.31
1544727599.41
1544727599.49
1544727599.59
1544727599.67
1544727599.76
1544727599.83
1544727599.88
1544727599.96
1544727600.04
1544727600.11
1544727600.18
1544727600.26
1544727600.35
1544727600.45
1544727600.6
1544727600.75
1544727600.83
1544727600.9
1544727600.98
1544727601.05
1544727601.14
1544727601.2
1544727601.28
1544727601.36
1544727601.43
1544727601.49
1544727601.59
1544727601.66
1544727601.74
1544727601.82
1544727601.9
1544727601.96
1544727602.05
1544727602.13
1544727602.2
1544727602.29
1544727602.35
1544727602.42
1544727602.49
1544727602.59
1544727602.67
1544727602.75
1544727602.81
1544727602.87
1544727602.95
1544727603.02
1544727603.09
1544727603.16
1544727603.22
1544727603.31
1544727603.37
1544727603.47
1544727603.59
1544727603.67
1544727603.75
1544727603.82
1544727603.9
1544727604.0
1544727604.09
1544727604.18
1544727604.25
1544727604.32
1544727604.48
1544727604.6
1544727604.68
1544727604.77
1544727604.83
1544727604.86
1544727604.93
1544727605.02
1544727605.09
1544727605.17
1544727605.26
1544727605.36
1544727605.43
1544727605.49
1544727605.56
1544727605.64
1544727605.75
1544727605.82
1544727605.88
1544727605.98
1544727606.07
1544727606.2
1544727606.28
1544727606.43
1544727606.52
1544727606.64
1544727606.76
1544727606.86
1544727607.0
1544727607.09
1544727607.22
1544727607.32
1544727607.45
1544727607.58
1544727607.66
1544727607.76
1544727607.84
1544727607.96
1544727608.07
1544727608.13
1544727608.21
1544727608.33
1544727608.4
1544727608.5
1544727608.61
1544727608.68
1544727608.73
1544727608.78
1544727608.87
1544727608.94
1544727609.01
1544727609.08
1544727609.15
1544727609.23
1544727609.34
1544727609.41
1544727609.48
1544727609.57
1544727609.65
1544727609.72
1544727609.79
1544727609.88
1544727609.98
1544727610.06
1544727610.15
1544727610.2
1544727610.27
1544727610.36
1544727610.45
1544727610.52
1544727610.59
1544727610.66
1544727610.75
1544727610.83
1544727610.9
1544727610.98
1544727611.03
1544727611.07
1544727611.15
1544727611.23
1544727611.28
1544727611.39
1544727611.49
1544727611.59
1544727611.66
1544727611.71
1544727611.82
1544727611.89
1544727611.97
1544727612.04
1544727612.14
1544727612.19
1544727612.24
1544727612.35
1544727612.44
1544727612.5
1544727612.59
1544727612.66
1544727612.72
1544727612.79
1544727612.85
1544727612.91
1544727612.97
1544727613.03
1544727613.09
1544727613.14
1544727613.21
1544727613.33
1544727613.42
1544727613.51
1544727613.62
1544727613.67
1544727613.79
1544727613.86
1544727613.95
1544727614.02
1544727614.11
1544727614.21
1544727614.26
1544727614.36
1544727614.47
1544727614.56
1544727614.69
1544727614.81
1544727614.88
1544727614.98
1544727615.07
1544727615.19
1544727615.26
1544727615.34
1544727615.42
1544727615.51
1544727615.59
1544727615.68
1544727615.77
1544727615.87
1544727615.95
1544727616.01
1544727616.1
1544727616.23
1544727616.28
1544727616.37
1544727616.46
1544727616.55
1544727616.65
1544727616.74
1544727616.83
1544727616.9
1544727617.01
1544727617.08
1544727617.18
1544727617.28
1544727617.39
1544727617.48
1544727617.58
1544727617.68
1544727617.78
1544727617.85
1544727617.89
1544727617.98
1544727618.08
1544727618.19
1544727618.28
1544727618.37
1544727618.46
1544727618.51
1544727618.56
1544727618.65
1544727618.72
1544727618.8
1544727618.88
1544727618.95
1544727619.08
1544727619.14
1544727619.21
1544727619.32
1544727619.45
1544727619.53
1544727619.71
1544727619.81
1544727619.88
1544727619.94
1544727620.0
1544727620.04
1544727620.14
1544727620.21
1544727620.3
1544727620.38
1544727620.46
1544727620.54
1544727620.62
1544727620.69
1544727620.76
1544727620.83
1544727620.91
1544727620.98
1544727621.07
1544727621.13
1544727621.21
1544727621.27
1544727621.34
1544727621.42
1544727621.5
1544727621.57
1544727621.66
1544727621.76
1544727621.84
1544727621.93
1544727621.98
1544727622.03
1544727622.12
1544727622.2
1544727622.3
1544727622.37
1544727622.49
1544727622.56
1544727622.69
1544727622.83
1544727622.91
1544727622.97
1544727623.04
1544727623.13
1544727623.18
1544727623.27
1544727623.36
1544727623.46
1544727623.52
1544727623.61
1544727623.71
1544727623.78
1544727623.86
1544727623.92
1544727623.96
1544727624.04
1544727624.13
1544727624.25
1544727624.34
1544727624.46
1544727624.53
1544727624.62
1544727624.71
1544727624.78
1544727624.86
1544727624.93
1544727624.99
1544727625.05
1544727625.13
1544727625.2
1544727625.27
1544727625.36
1544727625.42
1544727625.47
1544727625.52
1544727625.59
1544727625.66
1544727625.72
1544727625.76
1544727625.79
1544727625.9
1544727625.96
1544727626.01
1544727626.07
1544727626.13
1544727626.21
1544727626.33
1544727626.46
1544727626.53
1544727626.58
1544727626.65
1544727626.74
1544727626.85
1544727626.98
1544727627.05
1544727627.14
1544727627.23
1544727627.31
1544727627.37
1544727627.44
1544727627.49
1544727627.54
1544727627.6
1544727627.71
1544727627.81
1544727627.91
1544727627.99
1544727628.11
1544727628.17
1544727628.27
1544727628.38
1544727628.43
1544727628.51
1544727628.59
1544727628.66
1544727628.72
1544727628.8
1544727628.86
1544727628.92
1544727629.0
1544727629.06
1544727629.13
1544727629.17
1544727629.25
1544727629.32
1544727629.37
1544727629.48
1544727629.56
1544727629.63
1544727629.73
1544727629.81
1544727629.91
1544727629.97
1544727630.05
1544727630.12
1544727630.17
1544727630.28
1544727630.37
1544727630.45
1544727630.52
1544727630.57
1544727630.65
1544727630.7
1544727630.76
1544727630.82
1544727630.89
1544727630.98
1544727631.05
1544727631.13
1544727631.19
1544727631.26
1544727631.32
1544727631.39
1544727631.46
1544727631.53
1544727631.58
1544727631.71
1544727631.78
1544727631.93
1544727632.01
1544727632.08
1544727632.18
1544727632.27
1544727632.35
1544727632.41
1544727632.52
1544727632.56
1544727632.61
1544727632.69
1544727632.77
1544727632.84
1544727632.9
1544727632.98
1544727633.04
1544727633.14
1544727633.21
1544727633.29
1544727633.36
1544727633.43
1544727633.49
1544727633.58
1544727633.65
1544727633.72
1544727633.79
1544727633.86
1544727633.99
1544727634.1
1544727634.2
1544727634.32
1544727634.39
1544727634.47
1544727634.56
1544727634.63
1544727634.73
1544727634.79
1544727634.92
1544727634.99
1544727635.09
1544727635.18
1544727635.25
1544727635.35
1544727635.43
1544727635.5
1544727635.57
1544727635.66
1544727635.72
1544727635.79
1544727635.88
1544727635.97
1544727636.03
1544727636.12
1544727636.18
1544727636.28
1544727636.35
1544727636.44
1544727636.52
1544727636.59
1544727636.68
1544727636.77
1544727636.87
1544727636.97
1544727637.06
1544727637.15
1544727637.21
1544727637.29
1544727637.37
1544727637.45
1544727637.52
1544727637.59
1544727637.66
1544727637.73
1544727637.8
1544727637.88
1544727637.96
1544727638.03
1544727638.1
1544727638.17
1544727638.25
1544727638.32
1544727638.38
1544727638.46
1544727638.52
1544727638.58
1544727638.65
1544727638.71
1544727638.79
1544727638.86
1544727638.92
1544727638.98
1544727639.06
1544727639.13
1544727639.23
1544727639.29
1544727639.39
1544727639.45
1544727639.57
1544727639.64
1544727639.7
1544727639.77
1544727639.82
1544727639.89
1544727639.97
1544727640.04
1544727640.1
1544727640.18
1544727640.26
1544727640.34
1544727640.39
1544727640.46
1544727640.59
1544727640.68
1544727640.78
1544727640.91
1544727640.98
1544727641.07
1544727641.15
1544727641.24
1544727641.29
1544727641.39
1544727641.5
1544727641.57
1544727641.66
1544727641.74
1544727641.84
1544727641.91
1544727642.02
1544727642.08
1544727642.19
1544727642.27
1544727642.35
1544727642.42
1544727642.49
1544727642.57
1544727642.64
1544727642.71
1544727642.78
1544727642.89
1544727642.97
1544727643.05
1544727643.13
1544727643.26
1544727643.37
1544727643.46
1544727643.55
1544727643.62
1544727643.69
1544727643.81
1544727643.9
1544727643.99
1544727644.06
1544727644.15
1544727644.26
1544727644.35
1544727644.43
1544727644.51
1544727644.57
1544727644.65
1544727644.72
1544727644.79
1544727644.85
1544727644.92
1544727644.98
1544727645.04
1544727645.12
1544727645.2
1544727645.27
1544727645.35
1544727645.42
1544727645.48
1544727645.55
1544727645.62
1544727645.68
1544727645.75
1544727645.8
1544727645.86
1544727645.91
1544727646.03
1544727646.1
1544727646.18
1544727646.25
1544727646.32
1544727646.39
1544727646.48
1544727646.55
1544727646.6
1544727646.67
1544727646.74
1544727646.87
1544727646.94
1544727647.01
1544727647.08
1544727647.14
1544727647.23
1544727647.3
1544727647.37
1544727647.44
1544727647.51
1544727647.58
1544727647.67
1544727647.76
1544727647.82
1544727647.94
1544727648.05
1544727648.13
1544727648.22
1544727648.34
1544727648.42
1544727648.54
1544727648.65
1544727648.75
1544727648.85
1544727648.93
1544727649.02
1544727649.14
1544727649.24
1544727649.31
1544727649.4
1544727649.46
1544727649.57
1544727649.64
1544727649.71
1544727649.82
1544727649.92
1544727650.01
1544727650.11
1544727650.19
1544727650.31
1544727650.41
1544727650.52
1544727650.6
1544727650.7
1544727650.78
1544727650.84
1544727650.94
1544727651.02
1544727651.09
1544727651.17
1544727651.23
1544727651.29
1544727651.43
1544727651.5
1544727651.57
1544727651.64
1544727651.69
1544727651.76
1544727651.82
1544727651.9
1544727652.02
1544727652.1
1544727652.17
1544727652.24
1544727652.31
1544727652.38
1544727652.45
1544727652.5
1544727652.56
1544727652.62
1544727652.68
1544727652.74
1544727652.82
1544727652.9
1544727652.95
1544727653.01
1544727653.06
1544727653.12
1544727653.18
1544727653.24
1544727653.29
1544727653.36
1544727653.42
1544727653.48
1544727653.54
1544727653.59
1544727653.67
1544727653.76
1544727653.86
1544727653.94
1544727654.0
1544727654.07
1544727654.22
1544727654.34
1544727654.46
1544727654.59
1544727654.67
1544727654.76
1544727654.85
1544727654.94
1544727655.06
1544727655.19
1544727655.29
1544727655.4
1544727655.49
1544727655.61
1544727655.69
1544727655.8
1544727655.9
1544727656.02
1544727656.12
1544727656.23
1544727656.29
1544727656.42
1544727656.51
1544727656.59
1544727656.66
1544727656.74
1544727656.81
1544727656.87
1544727656.94
1544727657.0
1544727657.06
1544727657.17
1544727657.26
1544727657.34
1544727657.42
1544727657.49
1544727657.56
1544727657.64
1544727657.72
1544727657.79
1544727657.87
1544727657.95
1544727658.02
1544727658.09
1544727658.16
1544727658.2
1544727658.25
1544727658.33
1544727658.39
1544727658.49
1544727658.57
1544727658.64
1544727658.76
1544727658.88
1544727659.0
1544727659.13
1544727659.22
1544727659.29
1544727659.36
1544727659.42
1544727659.46
1544727659.57
1544727659.63
1544727659.77
1544727659.85
1544727659.96
1544727660.06
1544727660.15
1544727660.22
1544727660.31
1544727660.38
1544727660.47
1544727660.53
1544727660.6
1544727660.67
1544727660.74
1544727660.83
1544727660.9
1544727661.0
1544727661.09
1544727661.17
1544727661.25
1544727661.31
1544727661.39
1544727661.44
1544727661.5
1544727661.56
1544727661.64
1544727661.7
