1544826988.51
1544826989.64
1544826989.78
1544826989.92
1544826990.07
1544826990.2
1544826990.32
1544826990.43
1544826990.54
1544826990.66
1544826990.77
1544826990.91
1544826991.04
1544826991.13
1544826991.21
1544826991.3
1544826991.37
1544826991.44
1544826991.54
1544826991.64
1544826991.73
1544826991.83
1544826991.93
1544826992.02
1544826992.15
1544826992.25
1544826992.33
1544826992.42
1544826992.51
1544826992.6
1544826992.68
1544826992.78
1544826992.87
1544826992.94
1544826993.08
1544826993.2
1544826993.27
1544826993.38
1544826993.47
1544826993.64
1544826993.74
1544826993.85
1544826993.95
1544826994.04
1544826994.14
1544826994.21
1544826994.27
1544826994.33
1544826994.39
1544826994.47
1544826994.52
1544826994.59
1544826994.66
1544826994.73
1544826994.83
1544826994.91
1544826994.99
1544826995.06
1544826995.13
1544826995.21
1544826995.28
1544826995.35
1544826995.42
1544826995.52
1544826995.58
1544826995.65
1544826995.71
1544826995.76
1544826995.81
1544826995.92
1544826995.97
1544826996.02
1544826996.09
1544826996.15
1544826996.21
1544826996.3
1544826996.35
1544826996.41
1544826996.46
1544826996.54
1544826996.59
1544826996.68
1544826996.74
1544826996.79
1544826996.87
1544826996.96
1544826997.05
1544826997.14
1544826997.21
1544826997.3
1544826997.38
1544826997.44
1544826997.5
1544826997.57
1544826997.65
1544826997.74
1544826997.82
1544826997.91
1544826997.99
1544826998.1
1544826998.19
1544826998.26
1544826998.35
1544826998.4
1544826998.45
1544826998.53
1544826998.6
1544826998.69
1544826998.76
1544826998.84
1544826998.92
1544826998.98
1544826999.04
1544826999.1
1544826999.16
1544826999.23
1544826999.29
1544826999.36
1544826999.44
1544826999.52
1544826999.58
1544826999.62
1544826999.69
1544826999.75
1544826999.8
1544826999.87
1544826999.95
1544827000.01
1544827000.11
1544827000.17
1544827000.24
1544827000.33
1544827000.39
1544827000.44
1544827000.53
1544827000.58
1544827000.65
1544827000.72
1544827000.77
1544827000.85
1544827000.92
1544827000.97
1544827001.03
1544827001.1
1544827001.16
1544827001.21
1544827001.28
1544827001.36
1544827001.41
1544827001.48
1544827001.54
1544827001.61
1544827001.68
1544827001.76
1544827001.81
1544827001.88
1544827001.95
1544827002.03
1544827002.13
1544827002.21
1544827002.31
1544827002.39
1544827002.46
1544827002.54
1544827002.61
1544827002.72
1544827002.79
1544827002.86
1544827002.94
1544827002.98
1544827003.1
1544827003.19
1544827003.3
1544827003.35
1544827003.41
1544827003.47
1544827003.53
1544827003.58
1544827003.68
1544827003.78
1544827003.89
1544827003.98
1544827004.04
1544827004.1
1544827004.19
1544827004.29
1544827004.36
1544827004.43
1544827004.49
1544827004.54
1544827004.59
1544827004.65
1544827004.74
1544827004.81
1544827004.86
1544827004.94
1544827005.01
1544827005.09
1544827005.14
1544827005.19
1544827005.29
1544827005.37
1544827005.46
1544827005.58
1544827005.65
1544827005.78
1544827005.88
1544827006.01
1544827006.12
1544827006.21
1544827006.29
1544827006.37
1544827006.46
1544827006.55
1544827006.63
1544827006.75
1544827006.84
1544827006.93
1544827007.0
1544827007.09
1544827007.16
1544827007.24
1544827007.31
1544827007.39
1544827007.46
1544827007.53
1544827007.59
1544827007.66
1544827007.72
1544827007.8
1544827007.85
1544827007.92
1544827007.98
1544827008.05
1544827008.1
1544827008.16
1544827008.23
1544827008.31
1544827008.39
1544827008.43
1544827008.54
1544827008.59
1544827008.66
1544827008.74
1544827008.81
1544827008.91
1544827008.99
1544827009.06
1544827009.14
1544827009.2
1544827009.3
1544827009.36
1544827009.42
1544827009.55
1544827009.66
1544827009.76
1544827009.86
1544827009.96
1544827010.05
1544827010.15
1544827010.26
1544827010.38
1544827010.48
1544827010.57
1544827010.67
1544827010.75
1544827010.83
1544827010.94
1544827010.99
1544827011.13
1544827011.23
1544827011.29
1544827011.33
1544827011.38
1544827011.45
1544827011.57
1544827011.68
1544827011.76
1544827011.83
1544827011.9
1544827012.02
1544827012.15
1544827012.25
1544827012.31
1544827012.41
1544827012.48
1544827012.54
1544827012.6
1544827012.66
1544827012.7
1544827012.75
1544827012.84
1544827012.92
1544827012.99
1544827013.09
1544827013.16
1544827013.22
1544827013.28
1544827013.33
1544827013.38
1544827013.45
1544827013.5
1544827013.56
1544827013.62
1544827013.68
1544827013.74
1544827013.8
1544827013.86
1544827013.92
1544827013.99
1544827014.05
1544827014.11
1544827014.16
1544827014.21
1544827014.29
1544827014.36
1544827014.42
1544827014.48
1544827014.54
1544827014.61
1544827014.68
1544827014.74
1544827014.81
1544827014.87
1544827014.94
1544827015.01
1544827015.11
1544827015.17
1544827015.28
1544827015.36
1544827015.42
1544827015.5
1544827015.56
1544827015.64
1544827015.73
1544827015.79
1544827015.88
1544827015.95
1544827016.02
1544827016.1
1544827016.17
1544827016.25
1544827016.33
1544827016.38
1544827016.46
1544827016.54
1544827016.6
1544827016.69
1544827016.76
1544827016.84
1544827016.89
1544827016.96
1544827017.02
1544827017.09
1544827017.15
1544827017.22
1544827017.32
1544827017.38
1544827017.44
1544827017.53
1544827017.59
1544827017.66
1544827017.71
1544827017.76
1544827017.83
1544827017.9
1544827017.98
1544827018.06
1544827018.13
1544827018.23
1544827018.31
1544827018.38
1544827018.46
1544827018.53
1544827018.61
1544827018.73
1544827018.83
1544827018.92
1544827019.01
1544827019.1
1544827019.19
1544827019.27
1544827019.31
1544827019.38
1544827019.45
1544827019.5
1544827019.55
1544827019.62
1544827019.67
1544827019.74
1544827019.79
1544827019.84
1544827019.94
1544827020.04
1544827020.11
1544827020.19
1544827020.26
1544827020.34
1544827020.4
1544827020.45
1544827020.52
1544827020.59
1544827020.64
1544827020.68
1544827020.78
1544827020.87
1544827020.94
1544827021.02
1544827021.09
1544827021.24
1544827021.32
1544827021.41
1544827021.48
1544827021.54
1544827021.6
1544827021.66
1544827021.74
1544827021.81
1544827021.85
1544827021.93
1544827021.99
1544827022.04
1544827022.1
1544827022.16
1544827022.25
1544827022.35
1544827022.42
1544827022.48
1544827022.55
1544827022.61
1544827022.67
1544827022.75
1544827022.81
1544827022.88
1544827022.93
1544827023.02
1544827023.1
1544827023.16
1544827023.25
1544827023.36
1544827023.46
1544827023.55
1544827023.63
1544827023.71
1544827023.78
1544827023.85
1544827023.9
1544827023.97
1544827024.03
1544827024.09
1544827024.14
1544827024.22
1544827024.28
1544827024.33
1544827024.41
1544827024.46
1544827024.57
1544827024.69
1544827024.77
1544827024.83
1544827024.89
1544827024.99
1544827025.04
1544827025.12
1544827025.2
1544827025.31
1544827025.41
1544827025.5
1544827025.58
1544827025.66
1544827025.74
1544827025.81
1544827025.89
1544827025.96
1544827026.01
1544827026.09
1544827026.16
1544827026.25
1544827026.31
1544827026.39
1544827026.48
1544827026.54
1544827026.58
1544827026.64
1544827026.76
1544827026.84
1544827026.91
1544827026.98
1544827027.05
1544827027.11
1544827027.16
1544827027.24
1544827027.32
1544827027.38
1544827027.46
1544827027.54
1544827027.6
1544827027.69
1544827027.77
1544827027.83
1544827027.9
1544827027.96
1544827028.04
1544827028.12
1544827028.2
1544827028.29
1544827028.35
1544827028.43
1544827028.51
1544827028.57
1544827028.62
1544827028.67
1544827028.71
1544827028.77
1544827028.81
1544827028.86
1544827028.91
1544827028.99
1544827029.04
1544827029.13
1544827029.19
1544827029.27
1544827029.38
1544827029.46
1544827029.56
1544827029.64
1544827029.72
1544827029.79
1544827029.84
1544827029.88
1544827029.97
1544827030.05
1544827030.11
1544827030.18
1544827030.24
1544827030.33
1544827030.41
1544827030.46
1544827030.57
1544827030.63
1544827030.68
1544827030.79
1544827030.82
1544827030.87
1544827030.96
1544827031.01
1544827031.07
1544827031.14
1544827031.24
1544827031.34
1544827031.41
1544827031.46
1544827031.54
1544827031.61
1544827031.68
1544827031.76
1544827031.81
1544827031.87
1544827031.94
1544827032.01
1544827032.07
1544827032.14
1544827032.2
1544827032.26
1544827032.34
1544827032.43
1544827032.51
1544827032.61
1544827032.68
1544827032.78
1544827032.84
1544827032.92
1544827032.98
1544827033.05
1544827033.12
1544827033.22
1544827033.28
1544827033.35
1544827033.41
1544827033.49
1544827033.56
1544827033.64
1544827033.71
1544827033.8
1544827033.85
1544827033.91
1544827033.97
1544827034.03
1544827034.09
1544827034.19
1544827034.27
1544827034.35
1544827034.43
1544827034.52
1544827034.6
1544827034.64
1544827034.69
1544827034.78
1544827034.82
1544827034.86
1544827034.93
1544827034.99
1544827035.04
1544827035.11
1544827035.2
1544827035.27
1544827035.33
1544827035.4
1544827035.47
1544827035.53
1544827035.59
1544827035.64
1544827035.7
1544827035.77
1544827035.83
1544827035.91
1544827036.0
1544827036.09
1544827036.17
1544827036.22
1544827036.27
1544827036.35
1544827036.41
1544827036.47
1544827036.52
1544827036.58
1544827036.64
1544827036.72
1544827036.79
1544827036.84
1544827036.91
1544827036.99
1544827037.07
1544827037.2
1544827037.24
1544827037.34
1544827037.43
1544827037.5
1544827037.55
1544827037.6
1544827037.66
1544827037.76
1544827037.84
1544827037.92
1544827037.99
1544827038.06
1544827038.12
1544827038.19
1544827038.26
1544827038.33
1544827038.38
1544827038.45
1544827038.53
1544827038.6
1544827038.67
1544827038.74
1544827038.82
1544827038.89
1544827038.99
1544827039.05
1544827039.18
1544827039.28
1544827039.37
1544827039.48
1544827039.55
1544827039.61
1544827039.68
1544827039.74
1544827039.8
1544827039.87
1544827039.96
1544827040.01
1544827040.06
1544827040.15
1544827040.22
1544827040.29
1544827040.36
1544827040.44
1544827040.54
1544827040.63
1544827040.71
1544827040.81
1544827040.87
1544827040.93
1544827040.99
1544827041.07
1544827041.14
1544827041.2
1544827041.29
1544827041.35
1544827041.42
1544827041.5
1544827041.58
1544827041.62
1544827041.69
1544827041.74
1544827041.82
1544827041.89
1544827041.94
1544827042.0
1544827042.05
1544827042.15
1544827042.22
1544827042.29
1544827042.37
1544827042.42
1544827042.48
1544827042.59
1544827042.64
1544827042.69
1544827042.81
1544827042.92
1544827043.0
1544827043.09
1544827043.19
1544827043.27
1544827043.34
1544827043.42
1544827043.56
1544827043.66
1544827043.8
1544827043.88
1544827043.95
1544827044.04
1544827044.14
1544827044.22
1544827044.31
1544827044.39
1544827044.44
1544827044.52
1544827044.59
1544827044.65
1544827044.76
1544827044.86
1544827044.94
1544827045.03
1544827045.09
1544827045.17
1544827045.23
1544827045.3
1544827045.36
1544827045.45
1544827045.5
1544827045.55
1544827045.63
1544827045.69
1544827045.78
1544827045.84
1544827045.92
1544827045.97
1544827046.07
1544827046.16
1544827046.23
1544827046.32
1544827046.4
1544827046.47
1544827046.57
1544827046.64
1544827046.71
1544827046.78
1544827046.84
1544827046.91
1544827046.99
1544827047.06
1544827047.15
1544827047.23
1544827047.3
1544827047.37
1544827047.45
1544827047.53
1544827047.6
1544827047.68
1544827047.73
1544827047.82
1544827047.89
1544827047.96
1544827048.03
1544827048.11
1544827048.16
1544827048.24
1544827048.32
1544827048.38
1544827048.44
1544827048.52
1544827048.6
1544827048.67
1544827048.74
1544827048.78
1544827048.88
1544827048.96
1544827049.02
1544827049.09
1544827049.16
1544827049.22
1544827049.26
1544827049.32
1544827049.37
1544827049.42
1544827049.47
1544827049.56
1544827049.63
1544827049.69
1544827049.76
1544827049.83
1544827049.89
1544827049.97
1544827050.02
1544827050.1
1544827050.19
1544827050.27
1544827050.36
1544827050.42
1544827050.53
1544827050.63
1544827050.71
1544827050.8
1544827050.86
1544827050.96
1544827051.0
1544827051.09
1544827051.17
1544827051.26
1544827051.35
1544827051.42
1544827051.52
1544827051.6
1544827051.69
1544827051.79
1544827051.88
1544827051.98
1544827052.05
1544827052.14
1544827052.21
1544827052.28
1544827052.36
1544827052.43
1544827052.49
1544827052.58
1544827052.66
1544827052.73
1544827052.82
1544827052.87
1544827052.94
1544827053.04
1544827053.13
1544827053.22
1544827053.28
1544827053.36
1544827053.43
1544827053.49
1544827053.56
1544827053.63
1544827053.69
1544827053.76
1544827053.83
1544827053.93
1544827054.01
1544827054.09
1544827054.18
1544827054.25
1544827054.34
1544827054.42
1544827054.49
1544827054.56
1544827054.63
1544827054.7
1544827054.76
1544827054.86
1544827054.91
1544827054.97
1544827055.04
1544827055.09
1544827055.15
1544827055.23
1544827055.29
1544827055.35
1544827055.4
1544827055.46
1544827055.5
1544827055.56
1544827055.62
1544827055.67
1544827055.72
1544827055.77
1544827055.82
1544827055.89
1544827055.96
1544827056.03
1544827056.12
1544827056.19
1544827056.25
1544827056.33
1544827056.39
1544827056.49
1544827056.56
1544827056.63
1544827056.69
1544827056.75
1544827056.83
1544827056.87
1544827056.95
1544827057.03
1544827057.09
1544827057.16
1544827057.25
1544827057.36
1544827057.44
1544827057.53
1544827057.61
1544827057.67
1544827057.75
1544827057.86
1544827058.0
1544827058.14
1544827058.26
1544827058.36
1544827058.44
1544827058.52
1544827058.58
1544827058.64
1544827058.73
1544827058.79
1544827058.86
1544827058.94
1544827059.0
1544827059.09
1544827059.17
1544827059.24
1544827059.3
1544827059.37
1544827059.46
1544827059.51
1544827059.57
1544827059.66
1544827059.75
1544827059.89
1544827059.96
1544827060.02
1544827060.1
1544827060.19
1544827060.29
1544827060.35
1544827060.41
1544827060.49
1544827060.56
1544827060.66
1544827060.72
1544827060.77
1544827060.89
1544827060.99
1544827061.07
1544827061.14
1544827061.23
1544827061.33
1544827061.41
1544827061.5
1544827061.55
1544827061.67
1544827061.74
1544827061.82
1544827061.94
1544827062.03
1544827062.09
1544827062.16
1544827062.27
1544827062.35
1544827062.42
1544827062.5
1544827062.6
1544827062.77
1544827062.93
1544827063.06
1544827063.16
1544827063.24
1544827063.29
1544827063.37
1544827063.44
1544827063.51
1544827063.58
1544827063.66
1544827063.75
1544827063.84
1544827063.9
1544827063.98
1544827064.06
1544827064.13
1544827064.23
1544827064.31
1544827064.4
1544827064.48
1544827064.55
1544827064.66
1544827064.73
1544827064.79
1544827064.86
1544827064.91
1544827064.99
1544827065.1
1544827065.18
1544827065.27
1544827065.34
1544827065.4
1544827065.47
1544827065.52
1544827065.61
1544827065.68
1544827065.75
1544827065.82
1544827065.88
1544827065.94
1544827065.99
1544827066.04
1544827066.08
1544827066.14
1544827066.19
1544827066.24
1544827066.29
1544827066.34
1544827066.39
1544827066.48
1544827066.53
1544827066.59
1544827066.65
1544827066.71
1544827066.76
1544827066.81
1544827066.91
1544827066.96
1544827067.01
1544827067.09
1544827067.17
1544827067.25
1544827067.33
1544827067.41
1544827067.49
1544827067.54
1544827067.59
1544827067.68
1544827067.74
1544827067.81
1544827067.92
1544827068.0
1544827068.09
1544827068.17
1544827068.26
1544827068.36
1544827068.42
1544827068.52
1544827068.59
1544827068.69
1544827068.76
1544827068.81
1544827068.87
1544827068.97
1544827069.04
1544827069.12
1544827069.25
1544827069.36
1544827069.47
1544827069.56
1544827069.61
1544827069.72
1544827069.79
1544827069.86
1544827069.94
1544827069.98
1544827070.07
1544827070.14
1544827070.18
1544827070.33
1544827070.37
1544827070.44
1544827070.53
1544827070.58
1544827070.65
1544827070.73
1544827070.8
1544827070.91
1544827070.97
1544827071.08
1544827071.12
1544827071.19
1544827071.24
1544827071.3
1544827071.37
1544827071.42
1544827071.48
1544827071.51
1544827071.58
1544827071.64
1544827071.69
1544827071.75
1544827071.8
1544827071.87
1544827071.92
1544827072.02
1544827072.09
1544827072.17
1544827072.27
1544827072.32
1544827072.43
1544827072.5
1544827072.58
1544827072.66
1544827072.73
1544827072.82
1544827072.87
1544827072.91
1544827072.96
1544827073.03
1544827073.1
1544827073.18
1544827073.26
1544827073.33
1544827073.4
1544827073.49
1544827073.57
1544827073.66
1544827073.75
1544827073.85
1544827073.92
1544827074.01
1544827074.09
1544827074.16
1544827074.24
1544827074.28
1544827074.37
1544827074.46
1544827074.56
1544827074.64
1544827074.71
1544827074.84
1544827074.91
1544827075.01
1544827075.09
1544827075.19
1544827075.24
1544827075.3
1544827075.39
1544827075.45
1544827075.51
1544827075.6
1544827075.66
1544827075.74
1544827075.83
1544827075.9
1544827075.98
1544827076.06
1544827076.11
1544827076.19
1544827076.24
1544827076.3
1544827076.34
1544827076.44
1544827076.5
1544827076.59
1544827076.66
1544827076.73
1544827076.81
1544827076.88
1544827076.95
1544827077.02
1544827077.08
1544827077.16
1544827077.23
1544827077.29
1544827077.36
1544827077.43
1544827077.49
1544827077.57
1544827077.63
1544827077.69
1544827077.78
1544827077.85
1544827077.91
1544827078.01
1544827078.06
1544827078.12
1544827078.2
1544827078.28
1544827078.37
1544827078.44
1544827078.51
1544827078.58
1544827078.66
1544827078.7
1544827078.75
1544827078.88
1544827078.99
1544827079.04
1544827079.11
1544827079.19
1544827079.26
1544827079.32
1544827079.42
1544827079.51
1544827079.63
1544827079.73
1544827079.81
1544827079.88
1544827079.94
1544827080.0
1544827080.06
1544827080.14
1544827080.2
1544827080.28
1544827080.35
1544827080.39
1544827080.48
1544827080.55
1544827080.61
1544827080.69
1544827080.76
1544827080.82
1544827080.89
1544827080.99
1544827081.07
1544827081.16
1544827081.24
1544827081.31
1544827081.38
1544827081.45
1544827081.51
1544827081.58
1544827081.63
1544827081.69
1544827081.76
1544827081.84
1544827081.91
1544827082.02
1544827082.11
1544827082.23
1544827082.31
1544827082.44
1544827082.52
1544827082.59
1544827082.65
1544827082.7
1544827082.74
1544827082.83
1544827082.91
1544827082.98
1544827083.08
1544827083.17
1544827083.24
1544827083.31
1544827083.38
1544827083.45
1544827083.53
1544827083.59
1544827083.64
1544827083.73
1544827083.82
1544827083.92
1544827084.0
1544827084.08
1544827084.19
1544827084.28
1544827084.35
1544827084.44
1544827084.54
1544827084.64
1544827084.72
1544827084.85
1544827084.96
1544827085.06
1544827085.13
1544827085.21
1544827085.31
1544827085.38
1544827085.46
1544827085.53
1544827085.66
1544827085.75
1544827085.82
1544827085.89
1544827085.94
1544827086.06
1544827086.14
1544827086.2
1544827086.28
1544827086.33
1544827086.41
1544827086.51
1544827086.56
1544827086.62
1544827086.7
1544827086.79
1544827086.91
1544827087.03
1544827087.13
1544827087.19
1544827087.31
1544827087.38
1544827087.48
1544827087.54
1544827087.6
1544827087.66
1544827087.72
1544827087.76
1544827087.86
1544827087.94
1544827088.0
1544827088.08
1544827088.15
1544827088.21
1544827088.29
1544827088.36
1544827088.42
1544827088.51
1544827088.55
1544827088.61
1544827088.7
1544827088.75
1544827088.81
1544827088.9
1544827088.99
1544827089.09
1544827089.16
1544827089.28
1544827089.34
1544827089.42
1544827089.52
1544827089.6
1544827089.7
1544827089.75
1544827089.79
1544827089.84
1544827089.9
1544827089.95
1544827090.03
1544827090.13
1544827090.21
1544827090.3
1544827090.34
1544827090.38
1544827090.52
1544827090.59
1544827090.71
1544827090.79
1544827090.92
1544827090.97
1544827091.04
1544827091.09
1544827091.13
1544827091.19
1544827091.24
1544827091.3
1544827091.37
1544827091.46
1544827091.53
1544827091.58
1544827091.65
1544827091.74
1544827091.81
1544827091.87
1544827091.96
1544827092.04
1544827092.09
1544827092.15
1544827092.22
1544827092.29
1544827092.37
1544827092.42
1544827092.49
1544827092.62
1544827092.73
1544827092.83
1544827092.9
1544827092.98
1544827093.06
1544827093.14
1544827093.22
1544827093.29
1544827093.35
1544827093.42
1544827093.54
1544827093.64
1544827093.72
1544827093.81
1544827093.87
1544827094.0
1544827094.05
1544827094.18
1544827094.31
1544827094.39
1544827094.54
1544827094.65
1544827094.74
1544827094.83
1544827094.92
1544827094.99
1544827095.04
1544827095.1
1544827095.19
1544827095.29
1544827095.37
1544827095.46
1544827095.55
1544827095.63
1544827095.7
1544827095.77
1544827095.81
1544827095.87
1544827095.93
1544827096.02
1544827096.09
1544827096.17
1544827096.24
1544827096.3
1544827096.35
1544827096.42
1544827096.48
1544827096.54
1544827096.6
1544827096.67
1544827096.73
1544827096.79
1544827096.85
1544827096.91
1544827096.97
1544827097.02
1544827097.1
1544827097.15
1544827097.22
1544827097.29
1544827097.36
1544827097.42
1544827097.47
1544827097.54
1544827097.59
1544827097.65
1544827097.72
1544827097.77
1544827097.83
1544827097.88
1544827097.95
1544827098.0
1544827098.05
1544827098.1
1544827098.15
1544827098.22
1544827098.26
1544827098.3
1544827098.34
1544827098.42
1544827098.49
1544827098.56
1544827098.66
1544827098.74
1544827098.81
1544827098.88
1544827098.93
1544827098.99
1544827099.07
1544827099.13
1544827099.22
1544827099.3
1544827099.36
1544827099.43
1544827099.49
1544827099.56
1544827099.62
1544827099.68
1544827099.74
1544827099.86
1544827099.93
1544827100.0
1544827100.05
1544827100.1
1544827100.17
1544827100.23
1544827100.29
1544827100.37
1544827100.43
1544827100.49
1544827100.57
1544827100.63
1544827100.73
1544827100.84
1544827100.9
1544827100.99
1544827101.09
1544827101.19
1544827101.29
1544827101.39
1544827101.49
1544827101.57
1544827101.67
1544827101.77
1544827101.87
1544827101.95
1544827102.02
1544827102.08
1544827102.2
1544827102.25
1544827102.36
1544827102.43
1544827102.49
1544827102.59
1544827102.71
1544827102.8
1544827102.9
1544827103.0
1544827103.09
1544827103.2
1544827103.25
1544827103.32
1544827103.42
1544827103.51
1544827103.59
1544827103.66
1544827103.78
1544827103.86
1544827103.96
1544827104.05
1544827104.13
1544827104.23
1544827104.35
1544827104.43
1544827104.54
1544827104.6
1544827104.66
1544827104.73
1544827104.8
1544827104.85
1544827104.93
1544827104.99
1544827105.06
1544827105.19
1544827105.31
1544827105.44
1544827105.55
1544827105.67
1544827105.8
1544827105.9
1544827105.99
1544827106.04
1544827106.14
1544827106.2
1544827106.27
1544827106.38
1544827106.48
1544827106.6
1544827106.73
1544827106.83
1544827106.96
1544827107.05
1544827107.11
1544827107.17
1544827107.24
1544827107.34
1544827107.43
1544827107.51
1544827107.63
1544827107.75
1544827107.81
1544827107.9
1544827107.99
1544827108.07
1544827108.16
1544827108.27
1544827108.35
1544827108.42
1544827108.49
1544827108.57
1544827108.66
1544827108.74
1544827108.82
1544827108.89
1544827108.97
1544827109.04
1544827109.11
1544827109.19
1544827109.24
1544827109.29
1544827109.41
1544827109.49
1544827109.55
1544827109.64
1544827109.71
1544827109.79
1544827109.85
1544827109.94
1544827110.02
1544827110.11
1544827110.19
1544827110.3
1544827110.38
1544827110.46
1544827110.54
1544827110.63
1544827110.71
1544827110.8
1544827110.91
1544827111.01
1544827111.11
1544827111.19
1544827111.24
1544827111.29
1544827111.38
1544827111.46
1544827111.55
1544827111.64
1544827111.73
1544827111.81
1544827111.85
1544827111.95
1544827112.0
1544827112.06
1544827112.11
1544827112.2
1544827112.34
1544827112.41
1544827112.48
1544827112.54
1544827112.6
1544827112.66
1544827112.73
1544827112.79
1544827112.85
1544827112.98
1544827113.03
1544827113.11
1544827113.17
1544827113.25
1544827113.32
1544827113.39
1544827113.46
1544827113.56
1544827113.63
1544827113.73
1544827113.8
1544827113.9
1544827113.96
1544827114.04
1544827114.11
1544827114.19
1544827114.32
1544827114.4
1544827114.44
1544827114.48
1544827114.55
1544827114.65
1544827114.72
1544827114.79
1544827114.84
1544827114.9
1544827114.97
1544827115.04
1544827115.11
1544827115.18
1544827115.24
1544827115.3
1544827115.37
1544827115.44
1544827115.51
1544827115.57
1544827115.63
1544827115.69
1544827115.75
1544827115.82
1544827115.88
1544827115.94
1544827116.01
1544827116.06
1544827116.13
1544827116.2
1544827116.26
1544827116.33
1544827116.41
1544827116.49
1544827116.57
1544827116.61
1544827116.67
1544827116.74
1544827116.84
1544827116.92
1544827116.98
1544827117.03
1544827117.1
1544827117.16
1544827117.22
1544827117.28
1544827117.36
1544827117.4
1544827117.44
1544827117.49
1544827117.55
1544827117.59
1544827117.64
1544827117.73
1544827117.79
1544827117.88
1544827117.95
1544827118.03
1544827118.11
1544827118.23
1544827118.29
1544827118.4
1544827118.48
1544827118.55
1544827118.62
1544827118.69
1544827118.76
1544827118.82
1544827118.88
1544827118.95
1544827119.02
1544827119.11
1544827119.2
1544827119.26
1544827119.32
1544827119.42
1544827119.5
1544827119.57
1544827119.64
1544827119.72
1544827119.79
1544827119.86
1544827119.94
1544827120.0
1544827120.07
1544827120.12
1544827120.16
1544827120.24
1544827120.3
1544827120.37
1544827120.43
1544827120.49
1544827120.55
1544827120.63
1544827120.69
1544827120.74
1544827120.8
1544827120.89
1544827120.96
1544827121.06
1544827121.12
1544827121.16
1544827121.23
1544827121.29
1544827121.33
1544827121.4
1544827121.53
1544827121.6
1544827121.73
1544827121.84
1544827121.91
1544827121.98
1544827122.06
1544827122.13
1544827122.21
1544827122.31
1544827122.38
1544827122.47
1544827122.54
1544827122.69
1544827122.81
1544827122.88
1544827122.95
1544827123.03
1544827123.1
1544827123.2
1544827123.31
1544827123.43
1544827123.51
1544827123.61
1544827123.66
1544827123.75
1544827123.84
1544827123.95
1544827124.03
1544827124.11
1544827124.19
1544827124.25
1544827124.32
1544827124.38
1544827124.44
1544827124.51
1544827124.6
1544827124.68
1544827124.76
1544827124.85
1544827124.94
1544827125.03
1544827125.11
1544827125.2
1544827125.25
1544827125.32
1544827125.42
1544827125.48
1544827125.62
1544827125.68
1544827125.76
1544827125.86
1544827125.92
1544827125.99
1544827126.05
1544827126.13
1544827126.21
1544827126.26
1544827126.36
1544827126.45
1544827126.56
1544827126.68
1544827126.79
1544827126.87
1544827126.97
1544827127.06
1544827127.13
1544827127.24
1544827127.32
1544827127.42
1544827127.49
1544827127.59
1544827127.72
1544827127.82
1544827127.92
1544827128.01
1544827128.12
1544827128.26
1544827128.32
1544827128.43
1544827128.49
1544827128.55
1544827128.62
1544827128.66
1544827128.71
1544827128.75
1544827128.81
1544827128.86
1544827128.91
1544827129.0
1544827129.08
1544827129.14
1544827129.2
1544827129.28
1544827129.36
1544827129.42
1544827129.49
1544827129.56
1544827129.62
1544827129.71
1544827129.82
1544827129.88
1544827129.93
1544827130.02
1544827130.06
1544827130.13
1544827130.2
1544827130.26
1544827130.33
1544827130.39
1544827130.45
1544827130.53
1544827130.6
1544827130.67
1544827130.75
1544827130.82
1544827130.89
1544827130.97
1544827131.03
1544827131.11
1544827131.17
1544827131.25
1544827131.31
1544827131.41
1544827131.49
1544827131.65
1544827131.74
1544827131.83
1544827131.89
1544827131.98
1544827132.03
1544827132.09
1544827132.17
1544827132.29
1544827132.45
1544827132.53
1544827132.63
1544827132.68
1544827132.77
1544827132.87
1544827132.95
1544827133.04
1544827133.11
1544827133.2
1544827133.29
1544827133.38
1544827133.47
1544827133.54
1544827133.6
1544827133.66
1544827133.73
1544827133.8
1544827133.87
1544827133.94
1544827134.0
1544827134.07
1544827134.14
1544827134.21
1544827134.3
1544827134.36
1544827134.41
1544827134.47
1544827134.54
1544827134.6
1544827134.67
1544827134.73
1544827134.8
1544827134.89
1544827134.94
1544827135.02
1544827135.13
1544827135.18
1544827135.23
1544827135.29
1544827135.34
1544827135.4
1544827135.49
1544827135.55
1544827135.61
1544827135.7
1544827135.75
1544827135.81
1544827135.93
1544827136.03
1544827136.13
1544827136.2
1544827136.28
1544827136.37
1544827136.42
1544827136.52
1544827136.57
1544827136.67
1544827136.77
1544827136.85
1544827136.96
1544827137.04
1544827137.14
1544827137.23
1544827137.32
1544827137.41
1544827137.49
1544827137.56
1544827137.64
1544827137.71
1544827137.79
1544827137.85
1544827137.93
1544827138.0
1544827138.06
1544827138.16
1544827138.22
1544827138.29
1544827138.36
1544827138.44
1544827138.52
1544827138.62
1544827138.73
1544827138.81
1544827138.88
1544827138.96
1544827139.05
1544827139.12
1544827139.2
1544827139.28
1544827139.35
1544827139.43
1544827139.49
1544827139.59
1544827139.65
1544827139.73
1544827139.81
1544827139.86
1544827139.92
1544827139.99
1544827140.06
1544827140.16
1544827140.23
1544827140.28
1544827140.34
1544827140.4
1544827140.45
1544827140.53
1544827140.59
1544827140.65
1544827140.74
1544827140.83
1544827140.89
1544827140.95
1544827141.0
1544827141.06
1544827141.12
1544827141.19
1544827141.27
1544827141.33
1544827141.39
1544827141.43
1544827141.48
1544827141.54
1544827141.6
1544827141.66
1544827141.74
1544827141.81
1544827141.85
1544827141.9
1544827141.99
1544827142.04
1544827142.09
1544827142.16
1544827142.23
1544827142.29
1544827142.39
1544827142.46
1544827142.54
1544827142.63
1544827142.74
1544827142.86
1544827142.94
1544827143.01
1544827143.14
1544827143.22
1544827143.3
1544827143.37
1544827143.44
1544827143.51
1544827143.57
1544827143.63
1544827143.69
1544827143.76
1544827143.82
1544827143.9
1544827144.02
1544827144.13
1544827144.21
1544827144.29
1544827144.36
1544827144.43
1544827144.47
1544827144.57
1544827144.63
1544827144.7
1544827144.78
1544827144.89
1544827144.99
1544827145.09
1544827145.19
1544827145.27
1544827145.34
1544827145.4
1544827145.47
1544827145.53
1544827145.58
1544827145.66
1544827145.74
1544827145.85
1544827145.91
1544827145.96
1544827146.03
1544827146.1
1544827146.19
1544827146.29
1544827146.37
1544827146.48
1544827146.56
1544827146.67
1544827146.74
1544827146.9
1544827147.01
1544827147.09
1544827147.18
1544827147.29
1544827147.37
1544827147.47
1544827147.54
1544827147.64
1544827147.72
1544827147.79
1544827147.85
1544827147.91
1544827147.97
1544827148.06
1544827148.14
1544827148.24
1544827148.31
1544827148.43
1544827148.52
1544827148.62
1544827148.7
1544827148.79
1544827148.88
1544827148.98
1544827149.05
1544827149.14
1544827149.25
1544827149.31
1544827149.39
1544827149.45
1544827149.53
1544827149.62
1544827149.66
1544827149.7
1544827149.75
1544827149.82
1544827149.89
1544827149.94
1544827150.01
1544827150.1
1544827150.16
1544827150.25
1544827150.31
1544827150.36
1544827150.43
1544827150.49
1544827150.55
1544827150.65
1544827150.7
1544827150.75
1544827150.86
1544827150.94
1544827151.02
1544827151.1
1544827151.18
1544827151.26
1544827151.32
1544827151.38
1544827151.44
1544827151.5
1544827151.56
1544827151.63
1544827151.69
1544827151.79
1544827151.9
1544827151.96
1544827152.06
1544827152.13
1544827152.2
1544827152.29
1544827152.36
1544827152.44
1544827152.51
1544827152.61
1544827152.69
1544827152.8
1544827152.95
1544827153.08
1544827153.16
1544827153.26
1544827153.36
1544827153.48
1544827153.6
1544827153.71
1544827153.81
1544827153.88
1544827153.96
1544827154.02
1544827154.08
1544827154.16
1544827154.27
1544827154.4
1544827154.48
1544827154.54
1544827154.61
1544827154.68
1544827154.75
1544827154.83
1544827154.9
1544827154.95
1544827155.04
1544827155.11
1544827155.15
1544827155.2
1544827155.26
1544827155.32
1544827155.41
1544827155.52
1544827155.6
1544827155.69
1544827155.74
1544827155.82
1544827155.89
1544827155.96
1544827156.06
1544827156.13
1544827156.21
1544827156.32
1544827156.43
1544827156.53
1544827156.64
1544827156.71
1544827156.77
1544827156.88
1544827156.95
1544827157.07
1544827157.15
1544827157.2
1544827157.27
1544827157.39
1544827157.46
1544827157.54
1544827157.61
1544827157.69
1544827157.75
1544827157.81
1544827157.92
1544827157.98
1544827158.04
1544827158.11
1544827158.16
1544827158.22
1544827158.29
1544827158.36
1544827158.41
1544827158.47
1544827158.53
1544827158.58
1544827158.64
1544827158.71
1544827158.76
1544827158.85
1544827158.9
1544827158.96
1544827159.0
1544827159.05
1544827159.11
1544827159.2
1544827159.3
1544827159.39
1544827159.48
1544827159.55
1544827159.64
1544827159.72
1544827159.82
1544827159.89
1544827159.99
1544827160.06
1544827160.16
1544827160.22
1544827160.28
1544827160.35
1544827160.43
1544827160.48
1544827160.56
1544827160.62
1544827160.66
1544827160.72
1544827160.8
1544827160.89
1544827160.98
1544827161.07
1544827161.16
1544827161.21
1544827161.26
1544827161.32
1544827161.39
1544827161.51
1544827161.58
1544827161.66
1544827161.74
1544827161.85
1544827161.96
1544827162.05
1544827162.11
1544827162.18
1544827162.25
1544827162.32
1544827162.39
1544827162.46
1544827162.52
1544827162.59
1544827162.66
1544827162.74
1544827162.79
1544827162.88
1544827162.93
1544827162.99
1544827163.06
1544827163.15
1544827163.21
1544827163.28
1544827163.34
1544827163.41
1544827163.48
1544827163.54
1544827163.6
1544827163.67
1544827163.74
1544827163.85
1544827163.94
1544827164.02
1544827164.09
1544827164.14
