1544826221.54
1544826222.08
1544826222.2
1544826222.29
1544826222.41
1544826222.45
1544826222.51
1544826222.55
1544826222.61
1544826222.65
1544826222.72
1544826222.81
1544826222.89
1544826222.95
1544826223.01
1544826223.08
1544826223.14
1544826223.22
1544826223.31
1544826223.39
1544826223.48
1544826223.57
1544826223.65
1544826223.74
1544826223.81
1544826223.88
1544826223.95
1544826224.03
1544826224.1
1544826224.17
1544826224.25
1544826224.32
1544826224.36
1544826224.41
1544826224.49
1544826224.55
1544826224.61
1544826224.68
1544826224.75
1544826224.83
1544826224.91
1544826224.96
1544826225.03
1544826225.08
1544826225.17
1544826225.24
1544826225.31
1544826225.39
1544826225.46
1544826225.53
1544826225.6
1544826225.66
1544826225.74
1544826225.83
1544826225.9
1544826225.95
1544826226.02
1544826226.06
1544826226.1
1544826226.15
1544826226.2
1544826226.24
1544826226.28
1544826226.33
1544826226.41
1544826226.45
1544826226.5
1544826226.56
1544826226.6
1544826226.64
1544826226.68
1544826226.73
1544826226.78
1544826226.83
1544826226.88
1544826226.92
1544826226.98
1544826227.03
1544826227.08
1544826227.13
1544826227.21
1544826227.25
1544826227.3
1544826227.36
1544826227.42
1544826227.45
1544826227.5
1544826227.55
1544826227.59
1544826227.63
1544826227.67
1544826227.73
1544826227.78
1544826227.83
1544826227.87
1544826227.91
1544826227.97
1544826228.03
1544826228.07
1544826228.1
1544826228.14
1544826228.21
1544826228.26
1544826228.29
1544826228.35
1544826228.41
1544826228.45
1544826228.49
1544826228.54
1544826228.6
1544826228.64
1544826228.69
1544826228.75
1544826228.82
1544826228.86
1544826228.89
1544826228.94
1544826228.99
1544826229.03
1544826229.07
1544826229.11
1544826229.18
1544826229.22
1544826229.26
1544826229.3
1544826229.36
1544826229.43
1544826229.46
1544826229.5
1544826229.58
1544826229.62
1544826229.66
1544826229.71
1544826229.75
1544826229.79
1544826229.84
1544826229.88
1544826229.92
1544826229.96
1544826230.02
1544826230.06
1544826230.11
1544826230.16
1544826230.21
1544826230.25
1544826230.29
1544826230.35
1544826230.42
1544826230.48
1544826230.55
1544826230.61
1544826230.65
1544826230.69
1544826230.73
1544826230.79
1544826230.84
1544826230.88
1544826230.91
1544826230.97
1544826231.02
1544826231.06
1544826231.1
1544826231.15
1544826231.19
1544826231.23
1544826231.28
1544826231.33
1544826231.39
1544826231.44
1544826231.48
1544826231.52
1544826231.56
1544826231.61
1544826231.65
1544826231.71
1544826231.75
1544826231.81
1544826231.85
1544826231.88
1544826231.92
1544826231.99
1544826232.04
1544826232.07
1544826232.12
1544826232.18
1544826232.24
1544826232.27
1544826232.31
1544826232.35
1544826232.39
1544826232.45
1544826232.49
1544826232.56
1544826232.63
1544826232.69
1544826232.79
1544826232.87
1544826232.95
1544826233.01
1544826233.08
1544826233.14
1544826233.2
1544826233.26
1544826233.33
1544826233.39
1544826233.45
1544826233.5
1544826233.54
1544826233.58
1544826233.65
1544826233.73
1544826233.82
1544826233.91
1544826233.94
1544826234.05
1544826234.11
1544826234.18
1544826234.25
1544826234.32
1544826234.35
1544826234.4
1544826234.47
1544826234.54
1544826234.61
1544826234.68
1544826234.76
1544826234.81
1544826234.88
1544826234.93
1544826234.97
1544826235.01
1544826235.1
1544826235.13
1544826235.18
1544826235.24
1544826235.31
1544826235.37
1544826235.43
1544826235.49
1544826235.53
1544826235.6
1544826235.66
1544826235.75
1544826235.82
1544826235.88
1544826235.94
1544826236.0
1544826236.06
1544826236.13
1544826236.19
1544826236.25
1544826236.29
1544826236.34
1544826236.4
1544826236.45
1544826236.49
1544826236.54
1544826236.58
1544826236.63
1544826236.67
1544826236.72
1544826236.76
1544826236.8
1544826236.84
1544826236.88
1544826236.95
1544826237.0
1544826237.05
1544826237.09
1544826237.13
1544826237.17
1544826237.22
1544826237.26
1544826237.31
1544826237.37
1544826237.43
1544826237.49
1544826237.53
1544826237.58
1544826237.62
1544826237.67
1544826237.73
1544826237.79
1544826237.85
1544826237.91
1544826237.96
1544826238.0
1544826238.04
1544826238.1
1544826238.18
1544826238.25
1544826238.32
1544826238.39
1544826238.45
1544826238.52
1544826238.62
1544826238.69
1544826238.77
1544826238.85
1544826238.93
1544826239.01
1544826239.07
1544826239.15
1544826239.21
1544826239.25
1544826239.3
1544826239.35
1544826239.41
1544826239.45
1544826239.5
1544826239.56
1544826239.62
1544826239.67
1544826239.71
1544826239.74
1544826239.79
1544826239.84
1544826239.88
1544826239.93
1544826239.97
1544826240.02
1544826240.09
1544826240.13
1544826240.17
1544826240.24
1544826240.31
1544826240.35
1544826240.39
1544826240.44
1544826240.52
1544826240.59
1544826240.65
1544826240.71
1544826240.75
1544826240.79
1544826240.85
1544826240.9
1544826240.94
1544826240.98
1544826241.04
1544826241.09
1544826241.13
1544826241.17
1544826241.21
1544826241.26
1544826241.31
1544826241.35
1544826241.4
1544826241.46
1544826241.51
1544826241.55
1544826241.59
1544826241.66
1544826241.73
1544826241.76
1544826241.81
1544826241.87
1544826241.92
1544826241.96
1544826242.0
1544826242.05
1544826242.11
1544826242.14
1544826242.19
1544826242.24
1544826242.29
1544826242.34
1544826242.39
1544826242.44
1544826242.5
1544826242.55
1544826242.59
1544826242.67
1544826242.72
1544826242.76
1544826242.8
1544826242.86
1544826242.92
1544826242.95
1544826243.01
1544826243.1
1544826243.15
1544826243.19
1544826243.24
1544826243.3
1544826243.35
1544826243.39
1544826243.46
1544826243.52
1544826243.56
1544826243.61
1544826243.64
1544826243.69
1544826243.74
1544826243.78
1544826243.82
1544826243.87
1544826243.92
1544826243.95
1544826243.99
1544826244.05
1544826244.11
1544826244.16
1544826244.2
1544826244.26
1544826244.32
1544826244.36
1544826244.42
1544826244.48
1544826244.54
1544826244.59
1544826244.64
1544826244.7
1544826244.73
1544826244.77
1544826244.81
1544826244.85
1544826244.92
1544826244.96
1544826245.02
1544826245.09
1544826245.14
1544826245.17
1544826245.24
1544826245.31
1544826245.35
1544826245.4
1544826245.49
1544826245.54
1544826245.57
1544826245.62
1544826245.65
1544826245.69
1544826245.73
1544826245.76
1544826245.8
1544826245.84
1544826245.88
1544826245.93
1544826245.97
1544826246.04
1544826246.11
1544826246.16
1544826246.21
1544826246.27
1544826246.31
1544826246.35
1544826246.39
1544826246.45
1544826246.51
1544826246.55
1544826246.61
1544826246.66
1544826246.71
1544826246.75
1544826246.79
1544826246.83
1544826246.87
1544826246.92
1544826246.96
1544826247.02
1544826247.07
1544826247.12
1544826247.16
1544826247.2
1544826247.27
1544826247.33
1544826247.37
1544826247.42
1544826247.48
1544826247.53
1544826247.57
1544826247.62
1544826247.71
1544826247.75
1544826247.8
1544826247.87
1544826247.94
1544826248.01
1544826248.08
1544826248.15
1544826248.21
1544826248.27
1544826248.33
1544826248.41
1544826248.49
1544826248.55
1544826248.63
1544826248.69
1544826248.77
1544826248.84
1544826248.92
1544826248.97
1544826249.03
1544826249.07
1544826249.12
1544826249.16
1544826249.2
1544826249.28
1544826249.33
1544826249.37
1544826249.42
1544826249.46
1544826249.51
1544826249.59
1544826249.66
1544826249.73
1544826249.81
1544826249.89
1544826249.96
1544826250.04
1544826250.11
1544826250.16
1544826250.21
1544826250.25
1544826250.33
1544826250.39
1544826250.46
1544826250.53
1544826250.6
1544826250.66
1544826250.74
1544826250.82
1544826250.89
1544826250.95
1544826250.99
1544826251.04
1544826251.1
1544826251.17
1544826251.24
1544826251.28
1544826251.34
1544826251.39
1544826251.45
1544826251.5
1544826251.54
1544826251.59
1544826251.63
1544826251.68
1544826251.73
1544826251.78
1544826251.84
1544826251.88
1544826251.92
1544826251.96
1544826252.01
1544826252.08
1544826252.14
1544826252.19
1544826252.23
1544826252.28
1544826252.34
1544826252.38
1544826252.43
1544826252.46
1544826252.5
1544826252.55
1544826252.58
1544826252.68
1544826252.75
1544826252.79
1544826252.87
1544826252.93
1544826252.98
1544826253.02
1544826253.05
1544826253.1
1544826253.13
1544826253.17
1544826253.22
1544826253.29
1544826253.33
1544826253.38
1544826253.44
1544826253.48
1544826253.53
1544826253.57
1544826253.65
1544826253.7
1544826253.76
1544826253.83
1544826253.91
1544826253.96
1544826254.01
1544826254.08
1544826254.12
1544826254.16
1544826254.21
1544826254.27
1544826254.32
1544826254.35
1544826254.41
1544826254.46
1544826254.51
1544826254.55
1544826254.58
1544826254.64
1544826254.71
1544826254.75
1544826254.79
1544826254.86
1544826254.92
1544826254.95
1544826254.98
1544826255.05
1544826255.11
1544826255.15
1544826255.22
1544826255.29
1544826255.34
1544826255.39
1544826255.43
1544826255.47
1544826255.51
1544826255.54
1544826255.6
1544826255.65
1544826255.69
1544826255.74
1544826255.78
1544826255.86
1544826255.92
1544826255.96
1544826256.02
1544826256.07
1544826256.12
1544826256.16
1544826256.23
1544826256.29
1544826256.34
1544826256.38
1544826256.45
1544826256.5
1544826256.54
1544826256.58
1544826256.63
1544826256.7
1544826256.74
1544826256.78
1544826256.85
1544826256.92
1544826256.96
1544826257.02
1544826257.07
1544826257.11
1544826257.15
1544826257.22
1544826257.27
1544826257.32
1544826257.36
1544826257.41
1544826257.47
1544826257.53
1544826257.61
1544826257.65
1544826257.7
1544826257.74
1544826257.78
1544826257.84
1544826257.89
1544826257.94
1544826258.0
1544826258.07
1544826258.12
1544826258.16
1544826258.21
1544826258.25
1544826258.3
1544826258.34
1544826258.4
1544826258.44
1544826258.49
1544826258.53
1544826258.56
1544826258.63
1544826258.7
1544826258.77
1544826258.85
1544826258.92
1544826258.99
1544826259.07
1544826259.12
1544826259.18
1544826259.24
1544826259.31
1544826259.35
1544826259.42
1544826259.47
1544826259.55
1544826259.65
1544826259.72
1544826259.8
1544826259.85
1544826259.91
1544826259.98
1544826260.05
1544826260.11
1544826260.16
1544826260.22
1544826260.31
1544826260.35
1544826260.43
1544826260.49
1544826260.55
1544826260.62
1544826260.68
1544826260.76
1544826260.84
1544826260.91
1544826260.98
1544826261.01
1544826261.06
1544826261.11
1544826261.16
1544826261.21
1544826261.25
1544826261.31
1544826261.35
1544826261.41
1544826261.46
1544826261.5
1544826261.54
1544826261.57
1544826261.63
1544826261.69
1544826261.75
1544826261.78
1544826261.84
1544826261.91
1544826261.96
1544826262.02
1544826262.09
1544826262.14
1544826262.19
1544826262.24
1544826262.31
1544826262.34
1544826262.38
1544826262.49
1544826262.53
1544826262.57
1544826262.65
1544826262.69
1544826262.73
1544826262.76
1544826262.81
1544826262.85
1544826262.9
1544826262.94
1544826262.98
1544826263.06
1544826263.11
1544826263.15
1544826263.21
1544826263.28
1544826263.33
1544826263.38
1544826263.44
1544826263.51
1544826263.58
1544826263.66
1544826263.73
1544826263.77
1544826263.82
1544826263.87
1544826263.92
1544826263.99
1544826264.09
1544826264.14
1544826264.17
1544826264.24
1544826264.31
1544826264.38
1544826264.46
1544826264.53
1544826264.58
1544826264.64
1544826264.72
1544826264.78
1544826264.88
1544826264.95
1544826265.03
1544826265.09
1544826265.15
1544826265.21
1544826265.29
1544826265.37
1544826265.44
1544826265.51
1544826265.57
1544826265.63
1544826265.66
1544826265.7
1544826265.75
1544826265.79
1544826265.85
1544826265.89
1544826265.94
1544826265.98
1544826266.05
1544826266.12
1544826266.16
1544826266.21
1544826266.27
1544826266.32
1544826266.36
1544826266.4
1544826266.5
1544826266.56
1544826266.61
1544826266.66
1544826266.72
1544826266.77
1544826266.84
1544826266.93
1544826266.97
1544826267.04
1544826267.11
1544826267.14
1544826267.18
1544826267.25
1544826267.3
1544826267.34
1544826267.39
1544826267.46
1544826267.51
1544826267.56
1544826267.6
1544826267.68
1544826267.74
1544826267.78
1544826267.85
1544826267.9
1544826267.94
1544826267.98
1544826268.02
1544826268.07
1544826268.11
1544826268.15
1544826268.19
1544826268.25
1544826268.32
1544826268.35
1544826268.41
1544826268.46
1544826268.5
1544826268.54
1544826268.58
1544826268.62
1544826268.67
1544826268.71
1544826268.75
1544826268.81
1544826268.89
1544826268.94
1544826268.99
1544826269.04
1544826269.1
1544826269.14
1544826269.18
1544826269.24
1544826269.3
1544826269.35
1544826269.4
1544826269.45
1544826269.5
1544826269.54
1544826269.59
1544826269.65
1544826269.71
1544826269.77
1544826269.83
1544826269.9
1544826269.94
1544826269.98
1544826270.02
1544826270.09
1544826270.14
1544826270.17
1544826270.23
1544826270.3
1544826270.33
1544826270.39
1544826270.46
1544826270.53
1544826270.56
1544826270.59
1544826270.65
1544826270.71
1544826270.75
1544826270.78
1544826270.84
1544826270.9
1544826270.95
1544826270.99
1544826271.1
1544826271.14
1544826271.18
1544826271.22
1544826271.26
1544826271.32
1544826271.38
1544826271.43
1544826271.46
1544826271.5
1544826271.55
1544826271.59
1544826271.64
1544826271.69
1544826271.73
1544826271.76
1544826271.8
1544826271.83
1544826271.88
1544826271.93
1544826271.97
1544826272.03
1544826272.09
1544826272.14
1544826272.19
1544826272.25
1544826272.3
1544826272.34
1544826272.38
1544826272.42
1544826272.47
1544826272.51
1544826272.55
1544826272.59
1544826272.65
1544826272.69
1544826272.74
1544826272.79
1544826272.84
1544826272.89
1544826272.93
1544826272.96
1544826273.0
1544826273.05
1544826273.11
1544826273.15
1544826273.19
1544826273.23
1544826273.29
1544826273.33
1544826273.38
1544826273.43
1544826273.51
1544826273.55
1544826273.62
1544826273.68
1544826273.73
1544826273.77
1544826273.81
1544826273.86
1544826273.91
1544826273.95
1544826274.0
1544826274.04
1544826274.11
1544826274.15
1544826274.19
1544826274.25
1544826274.32
1544826274.36
1544826274.4
1544826274.44
1544826274.47
1544826274.52
1544826274.55
1544826274.58
1544826274.62
1544826274.68
1544826274.73
1544826274.76
1544826274.8
1544826274.85
1544826274.89
1544826274.93
1544826274.97
1544826275.02
1544826275.07
1544826275.12
1544826275.17
1544826275.22
1544826275.28
1544826275.32
1544826275.36
1544826275.41
1544826275.46
1544826275.53
1544826275.58
1544826275.63
1544826275.68
1544826275.72
1544826275.76
1544826275.8
1544826275.86
1544826275.9
1544826275.95
1544826275.99
1544826276.04
1544826276.1
1544826276.14
1544826276.19
1544826276.24
1544826276.3
1544826276.34
1544826276.38
1544826276.44
1544826276.49
1544826276.53
1544826276.56
1544826276.62
1544826276.66
1544826276.72
1544826276.79
1544826276.85
1544826276.92
1544826276.99
1544826277.05
1544826277.11
1544826277.16
1544826277.23
1544826277.28
1544826277.32
1544826277.37
1544826277.43
1544826277.5
1544826277.55
1544826277.62
1544826277.66
1544826277.71
1544826277.75
1544826277.81
1544826277.86
1544826277.91
1544826277.96
1544826278.02
1544826278.07
1544826278.13
1544826278.18
1544826278.25
1544826278.31
1544826278.37
1544826278.42
1544826278.46
1544826278.52
1544826278.56
1544826278.64
1544826278.69
1544826278.78
1544826278.83
1544826278.87
1544826278.93
1544826278.98
1544826279.05
1544826279.11
1544826279.15
1544826279.19
1544826279.25
1544826279.3
1544826279.35
1544826279.39
1544826279.45
1544826279.51
1544826279.55
1544826279.58
1544826279.62
1544826279.67
1544826279.73
1544826279.77
1544826279.81
1544826279.86
1544826279.92
1544826279.96
1544826280.01
1544826280.05
1544826280.1
1544826280.14
1544826280.18
1544826280.21
1544826280.25
1544826280.29
1544826280.34
1544826280.38
1544826280.42
1544826280.46
1544826280.5
1544826280.54
1544826280.58
1544826280.63
1544826280.68
1544826280.73
1544826280.76
1544826280.79
1544826280.87
1544826280.92
1544826280.95
1544826280.99
1544826281.03
1544826281.09
1544826281.14
1544826281.17
1544826281.22
1544826281.27
1544826281.32
1544826281.37
1544826281.41
1544826281.46
1544826281.51
1544826281.55
1544826281.59
1544826281.64
1544826281.68
1544826281.73
1544826281.76
1544826281.8
1544826281.83
1544826281.88
1544826281.93
1544826281.96
1544826282.02
1544826282.07
1544826282.13
1544826282.18
1544826282.24
1544826282.29
1544826282.33
1544826282.38
1544826282.42
1544826282.47
1544826282.51
1544826282.55
1544826282.59
1544826282.63
1544826282.67
1544826282.71
1544826282.74
1544826282.78
1544826282.83
1544826282.88
1544826282.92
1544826282.95
1544826282.99
1544826283.04
1544826283.08
1544826283.12
1544826283.16
1544826283.22
1544826283.26
1544826283.3
1544826283.33
1544826283.36
1544826283.42
1544826283.47
1544826283.51
1544826283.55
1544826283.58
1544826283.63
1544826283.69
1544826283.73
1544826283.77
1544826283.81
1544826283.85
1544826283.89
1544826283.94
1544826283.98
1544826284.02
1544826284.06
1544826284.11
1544826284.14
1544826284.17
1544826284.22
1544826284.25
1544826284.29
1544826284.33
1544826284.36
1544826284.4
1544826284.45
1544826284.51
1544826284.54
1544826284.57
1544826284.62
1544826284.7
1544826284.73
1544826284.76
1544826284.8
1544826284.84
1544826284.9
1544826284.93
1544826284.96
1544826285.01
1544826285.05
1544826285.1
1544826285.14
1544826285.17
1544826285.21
1544826285.26
1544826285.3
1544826285.33
1544826285.37
1544826285.42
1544826285.47
1544826285.52
1544826285.56
1544826285.59
1544826285.64
1544826285.68
1544826285.72
1544826285.75
1544826285.8
1544826285.84
1544826285.88
1544826285.91
1544826285.94
1544826285.97
1544826286.0
1544826286.04
1544826286.08
1544826286.12
1544826286.15
1544826286.18
1544826286.23
1544826286.26
1544826286.3
1544826286.33
1544826286.37
1544826286.41
1544826286.47
1544826286.53
1544826286.56
1544826286.6
1544826286.64
1544826286.69
1544826286.73
1544826286.76
1544826286.8
1544826286.84
1544826286.89
1544826286.93
1544826286.97
1544826287.03
1544826287.09
1544826287.13
1544826287.16
1544826287.21
1544826287.25
1544826287.29
1544826287.34
1544826287.37
1544826287.41
1544826287.49
1544826287.53
1544826287.56
1544826287.62
1544826287.65
1544826287.69
1544826287.73
1544826287.76
1544826287.8
1544826287.85
1544826287.9
1544826287.94
1544826287.97
1544826288.01
1544826288.04
1544826288.08
1544826288.12
1544826288.14
1544826288.18
1544826288.22
1544826288.28
1544826288.33
1544826288.36
1544826288.4
1544826288.45
1544826288.49
1544826288.53
1544826288.56
1544826288.61
1544826288.65
1544826288.7
1544826288.73
1544826288.76
1544826288.81
1544826288.87
1544826288.92
1544826288.95
1544826288.99
1544826289.04
1544826289.1
1544826289.13
1544826289.16
1544826289.22
1544826289.28
1544826289.33
1544826289.38
1544826289.45
1544826289.49
1544826289.54
1544826289.6
1544826289.65
1544826289.7
1544826289.75
1544826289.81
1544826289.86
1544826289.92
1544826289.96
1544826290.01
1544826290.06
1544826290.12
1544826290.16
1544826290.22
1544826290.27
1544826290.33
1544826290.38
1544826290.43
1544826290.49
1544826290.55
1544826290.62
1544826290.67
1544826290.72
1544826290.79
1544826290.83
1544826290.89
1544826290.94
1544826290.99
1544826291.04
1544826291.08
1544826291.13
1544826291.18
1544826291.27
1544826291.36
1544826291.44
1544826291.53
1544826291.62
1544826291.71
1544826291.82
1544826291.87
1544826291.93
1544826291.97
1544826292.03
1544826292.08
1544826292.13
1544826292.18
1544826292.22
1544826292.28
1544826292.33
1544826292.37
1544826292.41
1544826292.48
1544826292.51
1544826292.55
1544826292.61
1544826292.67
1544826292.71
1544826292.75
1544826292.78
1544826292.83
1544826292.89
1544826292.93
1544826292.96
1544826293.01
1544826293.07
1544826293.11
1544826293.15
1544826293.19
1544826293.25
1544826293.29
1544826293.34
1544826293.4
1544826293.46
1544826293.53
1544826293.57
1544826293.62
1544826293.67
1544826293.72
1544826293.75
1544826293.8
1544826293.85
1544826293.95
1544826294.02
1544826294.07
1544826294.13
1544826294.19
1544826294.25
1544826294.31
1544826294.38
1544826294.44
1544826294.51
1544826294.57
1544826294.64
1544826294.7
1544826294.73
1544826294.78
1544826294.84
1544826294.9
1544826294.95
1544826295.01
1544826295.05
1544826295.11
1544826295.19
1544826295.25
1544826295.32
1544826295.35
1544826295.39
1544826295.45
1544826295.52
1544826295.57
1544826295.63
1544826295.67
1544826295.71
1544826295.75
1544826295.81
1544826295.87
1544826295.91
1544826295.96
1544826296.02
1544826296.09
1544826296.13
1544826296.17
1544826296.26
1544826296.32
1544826296.35
1544826296.4
1544826296.45
1544826296.48
1544826296.53
1544826296.57
1544826296.63
1544826296.69
1544826296.73
1544826296.78
1544826296.82
1544826296.87
1544826296.91
1544826296.95
1544826296.99
1544826297.03
1544826297.08
1544826297.12
1544826297.16
1544826297.21
1544826297.27
1544826297.33
1544826297.36
1544826297.43
1544826297.49
1544826297.53
1544826297.57
1544826297.62
1544826297.67
1544826297.72
1544826297.75
1544826297.81
1544826297.88
1544826297.92
1544826297.98
1544826298.04
1544826298.1
1544826298.14
1544826298.19
1544826298.27
1544826298.32
1544826298.36
1544826298.41
1544826298.45
1544826298.5
1544826298.54
1544826298.58
1544826298.63
1544826298.68
1544826298.72
1544826298.76
1544826298.8
1544826298.84
1544826298.9
1544826298.93
1544826298.96
1544826299.04
1544826299.13
1544826299.21
1544826299.28
1544826299.34
1544826299.4
1544826299.47
1544826299.54
1544826299.61
1544826299.68
1544826299.74
1544826299.81
1544826299.87
1544826299.93
1544826299.99
1544826300.04
1544826300.11
1544826300.19
1544826300.25
1544826300.33
1544826300.42
1544826300.48
1544826300.52
1544826300.58
1544826300.62
1544826300.68
1544826300.73
1544826300.78
1544826300.85
1544826300.93
1544826301.01
1544826301.08
1544826301.14
1544826301.24
1544826301.32
1544826301.39
1544826301.45
1544826301.51
1544826301.57
1544826301.64
1544826301.71
1544826301.78
1544826301.82
1544826301.85
1544826301.9
1544826301.94
1544826301.97
1544826302.01
1544826302.05
1544826302.12
1544826302.17
1544826302.24
1544826302.29
1544826302.34
1544826302.37
1544826302.43
1544826302.48
1544826302.53
1544826302.57
1544826302.63
1544826302.68
1544826302.73
1544826302.8
1544826302.86
1544826302.93
1544826302.98
1544826303.02
1544826303.08
1544826303.13
1544826303.17
1544826303.21
1544826303.25
1544826303.31
1544826303.36
1544826303.41
1544826303.47
1544826303.51
1544826303.55
1544826303.58
1544826303.62
1544826303.69
1544826303.74
1544826303.77
1544826303.85
1544826303.9
1544826303.94
1544826303.97
1544826304.03
1544826304.09
1544826304.14
1544826304.17
1544826304.21
1544826304.26
1544826304.32
1544826304.35
1544826304.4
1544826304.45
1544826304.51
1544826304.55
1544826304.62
1544826304.67
1544826304.71
1544826304.75
1544826304.79
1544826304.86
1544826304.92
1544826304.95
1544826305.0
1544826305.05
1544826305.1
1544826305.14
1544826305.21
1544826305.26
1544826305.31
1544826305.34
1544826305.38
1544826305.45
1544826305.51
1544826305.55
1544826305.6
1544826305.69
1544826305.73
1544826305.81
1544826305.89
1544826305.95
1544826306.01
1544826306.07
1544826306.13
1544826306.16
1544826306.19
1544826306.25
1544826306.31
1544826306.35
1544826306.4
1544826306.46
1544826306.53
1544826306.57
1544826306.62
1544826306.66
1544826306.72
1544826306.75
1544826306.84
1544826306.9
1544826306.94
1544826306.99
1544826307.09
1544826307.15
1544826307.23
1544826307.29
1544826307.33
1544826307.37
1544826307.43
1544826307.5
1544826307.54
1544826307.58
1544826307.67
1544826307.71
1544826307.75
1544826307.79
1544826307.86
1544826307.91
1544826308.02
1544826308.08
1544826308.13
1544826308.16
1544826308.21
1544826308.25
1544826308.3
1544826308.34
1544826308.4
1544826308.48
1544826308.53
1544826308.57
1544826308.62
1544826308.66
1544826308.71
1544826308.76
1544826308.81
1544826308.85
1544826308.91
1544826308.95
1544826309.02
1544826309.09
1544826309.15
1544826309.2
1544826309.25
1544826309.3
1544826309.35
1544826309.39
1544826309.5
1544826309.53
1544826309.57
1544826309.63
1544826309.69
1544826309.74
1544826309.79
1544826309.88
1544826309.93
1544826309.98
1544826310.05
1544826310.11
1544826310.15
1544826310.19
1544826310.26
1544826310.31
1544826310.35
1544826310.41
1544826310.45
1544826310.51
1544826310.54
1544826310.58
1544826310.65
1544826310.71
1544826310.76
1544826310.83
1544826310.9
1544826310.94
1544826310.98
1544826311.05
1544826311.1
1544826311.14
1544826311.17
1544826311.22
1544826311.28
1544826311.33
1544826311.38
1544826311.44
1544826311.5
1544826311.56
1544826311.62
1544826311.69
1544826311.75
1544826311.8
1544826311.86
1544826311.91
1544826311.95
1544826312.0
1544826312.06
1544826312.1
1544826312.15
1544826312.2
1544826312.25
1544826312.29
1544826312.33
1544826312.41
1544826312.48
1544826312.53
1544826312.57
1544826312.64
1544826312.69
1544826312.73
1544826312.76
1544826312.84
1544826312.9
1544826312.95
1544826313.01
1544826313.05
1544826313.13
1544826313.18
1544826313.23
1544826313.27
1544826313.33
1544826313.38
1544826313.45
1544826313.53
1544826313.58
1544826313.63
1544826313.68
1544826313.73
1544826313.78
1544826313.82
1544826313.87
1544826313.92
1544826313.96
1544826314.01
1544826314.09
1544826314.17
1544826314.26
1544826314.35
1544826314.44
1544826314.51
1544826314.55
1544826314.6
1544826314.68
1544826314.75
1544826314.83
1544826314.89
1544826314.96
1544826315.05
1544826315.12
1544826315.19
1544826315.28
1544826315.35
1544826315.4
1544826315.46
1544826315.53
1544826315.6
1544826315.68
1544826315.76
1544826315.84
1544826315.91
1544826315.98
1544826316.04
1544826316.11
1544826316.16
1544826316.23
1544826316.31
1544826316.38
1544826316.45
1544826316.52
1544826316.58
1544826316.65
1544826316.72
1544826316.79
1544826316.86
1544826316.92
1544826316.96
1544826317.03
1544826317.09
1544826317.15
1544826317.22
1544826317.29
1544826317.33
1544826317.37
1544826317.42
1544826317.5
1544826317.57
1544826317.63
1544826317.7
1544826317.77
1544826317.84
1544826317.91
1544826317.98
1544826318.03
1544826318.06
1544826318.13
1544826318.23
1544826318.32
1544826318.39
1544826318.49
1544826318.55
1544826318.64
1544826318.72
1544826318.79
1544826318.87
1544826318.93
1544826318.97
1544826319.03
1544826319.08
1544826319.14
1544826319.19
1544826319.25
1544826319.31
1544826319.37
1544826319.44
1544826319.48
1544826319.52
1544826319.57
1544826319.64
1544826319.72
1544826319.78
1544826319.83
1544826319.86
1544826319.93
1544826319.98
1544826320.03
1544826320.06
1544826320.16
1544826320.21
1544826320.26
1544826320.31
1544826320.38
1544826320.42
1544826320.46
1544826320.5
1544826320.54
1544826320.59
1544826320.63
1544826320.67
1544826320.75
1544826320.81
1544826320.86
1544826320.91
1544826320.99
1544826321.04
1544826321.08
1544826321.14
1544826321.21
1544826321.25
1544826321.29
1544826321.33
1544826321.4
1544826321.44
1544826321.5
1544826321.55
1544826321.61
1544826321.65
1544826321.71
1544826321.77
1544826321.81
1544826321.85
1544826321.9
1544826321.96
1544826322.01
1544826322.04
1544826322.08
1544826322.11
1544826322.18
1544826322.29
1544826322.36
1544826322.43
1544826322.48
1544826322.53
1544826322.61
1544826322.65
1544826322.69
1544826322.74
1544826322.79
1544826322.83
1544826322.87
1544826322.92
1544826322.96
1544826323.0
1544826323.04
1544826323.08
1544826323.12
1544826323.16
1544826323.21
1544826323.25
1544826323.28
1544826323.32
1544826323.38
1544826323.44
1544826323.47
1544826323.52
1544826323.59
1544826323.64
1544826323.69
1544826323.75
1544826323.8
1544826323.84
1544826323.89
1544826323.94
1544826324.01
1544826324.08
1544826324.15
1544826324.23
1544826324.27
1544826324.33
1544826324.36
1544826324.41
1544826324.45
1544826324.5
1544826324.54
1544826324.58
1544826324.65
1544826324.72
1544826324.78
1544826324.85
1544826324.91
1544826324.95
1544826325.02
1544826325.09
1544826325.16
1544826325.23
1544826325.28
1544826325.36
1544826325.44
1544826325.49
1544826325.54
1544826325.59
1544826325.63
1544826325.67
1544826325.74
1544826325.83
1544826325.9
1544826325.96
1544826326.02
1544826326.05
1544826326.11
1544826326.19
1544826326.25
1544826326.32
1544826326.38
1544826326.44
1544826326.5
1544826326.56
1544826326.62
1544826326.68
1544826326.74
1544826326.8
1544826326.87
1544826326.92
1544826326.96
1544826327.0
1544826327.04
1544826327.08
1544826327.14
1544826327.19
1544826327.24
1544826327.28
1544826327.34
1544826327.38
1544826327.43
1544826327.48
1544826327.53
1544826327.57
1544826327.62
1544826327.66
1544826327.7
1544826327.75
1544826327.8
1544826327.85
1544826327.89
1544826327.92
1544826327.97
1544826328.02
1544826328.06
1544826328.1
1544826328.18
1544826328.23
1544826328.28
1544826328.35
1544826328.41
1544826328.45
1544826328.49
1544826328.54
1544826328.6
1544826328.63
1544826328.68
1544826328.73
1544826328.81
1544826328.86
1544826328.9
1544826328.98
1544826329.03
1544826329.07
1544826329.12
1544826329.16
1544826329.21
1544826329.25
1544826329.3
1544826329.36
1544826329.42
1544826329.46
1544826329.52
1544826329.58
1544826329.62
1544826329.67
1544826329.73
1544826329.77
1544826329.84
1544826329.87
1544826329.95
1544826330.0
1544826330.03
1544826330.07
1544826330.13
1544826330.18
1544826330.23
1544826330.26
1544826330.31
1544826330.35
1544826330.41
1544826330.46
1544826330.51
1544826330.57
1544826330.61
1544826330.65
1544826330.71
1544826330.76
1544826330.81
1544826330.86
1544826330.91
1544826330.97
1544826331.01
1544826331.05
1544826331.12
1544826331.17
1544826331.22
1544826331.26
1544826331.33
1544826331.39
1544826331.44
1544826331.49
1544826331.6
1544826331.65
1544826331.69
1544826331.74
1544826331.78
1544826331.82
1544826331.87
1544826331.96
1544826332.01
1544826332.06
1544826332.11
1544826332.15
1544826332.21
1544826332.25
1544826332.31
1544826332.36
1544826332.41
1544826332.46
1544826332.52
1544826332.58
1544826332.64
1544826332.73
1544826332.78
1544826332.83
1544826332.9
1544826332.93
1544826332.96
1544826333.01
1544826333.07
1544826333.11
1544826333.16
1544826333.24
1544826333.31
1544826333.36
1544826333.42
1544826333.48
1544826333.53
1544826333.56
1544826333.64
1544826333.7
1544826333.75
1544826333.81
1544826333.88
1544826333.93
1544826333.99
1544826334.06
1544826334.11
1544826334.15
1544826334.22
1544826334.28
1544826334.32
1544826334.35
1544826334.42
1544826334.48
1544826334.53
1544826334.59
1544826334.66
1544826334.71
1544826334.75
1544826334.81
1544826334.87
1544826334.93
1544826334.99
1544826335.03
1544826335.08
1544826335.13
1544826335.16
1544826335.21
1544826335.27
1544826335.31
1544826335.36
1544826335.41
1544826335.5
1544826335.53
1544826335.58
1544826335.65
1544826335.7
1544826335.74
1544826335.8
1544826335.87
1544826335.92
1544826335.96
1544826336.03
1544826336.1
1544826336.14
1544826336.18
1544826336.27
1544826336.33
1544826336.37
1544826336.43
1544826336.48
1544826336.52
1544826336.57
1544826336.63
1544826336.69
1544826336.74
1544826336.78
1544826336.83
1544826336.88
1544826336.91
1544826336.95
1544826336.98
1544826337.03
1544826337.07
1544826337.12
1544826337.18
1544826337.24
1544826337.29
1544826337.32
1544826337.36
1544826337.42
1544826337.48
1544826337.52
1544826337.55
1544826337.63
1544826337.68
1544826337.75
1544826337.82
1544826337.87
1544826337.92
1544826337.98
1544826338.03
1544826338.09
1544826338.14
1544826338.18
1544826338.26
1544826338.35
1544826338.44
1544826338.52
1544826338.64
1544826338.76
1544826338.85
1544826338.93
1544826339.02
1544826339.12
1544826339.21
1544826339.29
1544826339.39
1544826339.48
1544826339.53
1544826339.58
1544826339.67
1544826339.79
1544826339.88
1544826339.96
1544826340.01
1544826340.05
1544826340.09
1544826340.18
1544826340.23
1544826340.27
1544826340.31
1544826340.37
1544826340.41
1544826340.45
1544826340.51
1544826340.57
1544826340.62
1544826340.66
1544826340.75
1544826340.81
1544826340.84
1544826340.88
1544826340.92
1544826340.97
1544826341.01
1544826341.05
1544826341.09
1544826341.15
1544826341.19
1544826341.25
1544826341.3
1544826341.4
1544826341.45
1544826341.52
1544826341.6
1544826341.64
1544826341.68
1544826341.75
1544826341.81
1544826341.84
1544826341.87
1544826341.92
1544826341.97
1544826342.02
1544826342.07
1544826342.14
1544826342.19
1544826342.24
1544826342.29
1544826342.36
1544826342.44
1544826342.54
1544826342.63
1544826342.73
1544826342.8
1544826342.9
1544826342.97
1544826343.05
1544826343.14
1544826343.22
1544826343.31
1544826343.38
1544826343.44
1544826343.5
1544826343.55
1544826343.63
1544826343.69
1544826343.75
1544826343.83
1544826343.91
1544826343.99
1544826344.06
1544826344.1
1544826344.18
1544826344.23
1544826344.3
1544826344.36
1544826344.44
1544826344.5
1544826344.56
1544826344.62
1544826344.66
1544826344.74
1544826344.79
1544826344.84
1544826344.88
1544826344.92
1544826344.96
1544826345.0
1544826345.05
1544826345.11
1544826345.14
1544826345.17
1544826345.21
1544826345.25
1544826345.31
1544826345.36
1544826345.43
1544826345.48
1544826345.53
1544826345.56
1544826345.62
1544826345.7
1544826345.74
1544826345.79
1544826345.84
1544826345.9
1544826345.95
1544826346.01
1544826346.11
1544826346.15
1544826346.19
1544826346.25
1544826346.31
1544826346.36
1544826346.41
1544826346.51
1544826346.56
1544826346.63
1544826346.72
1544826346.77
1544826346.82
1544826346.91
1544826346.96
1544826347.02
1544826347.08
1544826347.12
1544826347.17
1544826347.22
1544826347.29
1544826347.34
1544826347.39
1544826347.46
1544826347.52
1544826347.57
1544826347.62
1544826347.7
1544826347.75
1544826347.8
1544826347.84
1544826347.89
1544826347.95
1544826347.99
1544826348.04
1544826348.1
1544826348.13
1544826348.17
1544826348.23
1544826348.3
1544826348.34
1544826348.37
1544826348.4
1544826348.44
1544826348.51
1544826348.55
1544826348.61
1544826348.67
1544826348.73
1544826348.77
1544826348.83
1544826348.9
1544826348.94
1544826348.99
1544826349.03
1544826349.09
1544826349.15
1544826349.2
1544826349.26
1544826349.32
1544826349.36
1544826349.41
1544826349.46
1544826349.52
1544826349.55
1544826349.6
1544826349.64
1544826349.71
1544826349.76
1544826349.82
1544826349.9
1544826349.95
1544826349.98
1544826350.02
1544826350.06
1544826350.11
1544826350.16
1544826350.21
1544826350.28
1544826350.32
1544826350.36
1544826350.39
1544826350.44
1544826350.48
1544826350.52
1544826350.56
1544826350.62
1544826350.65
1544826350.73
1544826350.77
1544826350.81
1544826350.88
1544826350.93
1544826350.97
1544826351.01
1544826351.04
1544826351.11
1544826351.14
1544826351.19
1544826351.26
1544826351.31
1544826351.35
1544826351.38
1544826351.45
1544826351.51
1544826351.54
1544826351.58
1544826351.62
1544826351.69
1544826351.73
1544826351.77
1544826351.82
1544826351.88
1544826351.92
1544826351.95
1544826352.0
1544826352.04
1544826352.09
1544826352.14
1544826352.18
1544826352.24
1544826352.3
1544826352.35
1544826352.39
1544826352.44
1544826352.48
1544826352.53
1544826352.56
1544826352.63
1544826352.67
1544826352.74
1544826352.79
1544826352.85
1544826352.93
1544826353.02
1544826353.1
1544826353.19
1544826353.26
1544826353.34
1544826353.43
1544826353.5
1544826353.55
1544826353.59
1544826353.63
1544826353.68
1544826353.73
1544826353.8
1544826353.85
1544826353.93
1544826353.99
1544826354.05
1544826354.12
1544826354.19
1544826354.26
1544826354.32
1544826354.39
1544826354.44
1544826354.48
1544826354.53
1544826354.58
1544826354.63
1544826354.67
1544826354.73
1544826354.76
1544826354.82
1544826354.87
1544826354.93
1544826354.98
1544826355.03
1544826355.07
1544826355.12
1544826355.16
1544826355.21
1544826355.27
1544826355.33
1544826355.37
1544826355.45
1544826355.5
1544826355.54
1544826355.57
1544826355.61
1544826355.65
1544826355.71
1544826355.75
1544826355.8
1544826355.84
1544826355.92
1544826355.96
1544826356.01
1544826356.07
1544826356.11
1544826356.15
1544826356.2
1544826356.24
1544826356.3
1544826356.36
1544826356.41
1544826356.48
1544826356.54
1544826356.58
1544826356.63
1544826356.67
1544826356.74
1544826356.77
1544826356.82
1544826356.91
1544826356.95
1544826356.99
1544826357.03
1544826357.08
1544826357.13
1544826357.16
1544826357.22
1544826357.27
1544826357.35
1544826357.4
1544826357.5
1544826357.54
1544826357.59
1544826357.67
1544826357.72
1544826357.77
1544826357.83
1544826357.9
1544826357.95
1544826358.01
1544826358.06
1544826358.11
1544826358.17
1544826358.22
1544826358.27
1544826358.33
1544826358.4
1544826358.46
1544826358.54
1544826358.58
1544826358.63
1544826358.68
1544826358.73
1544826358.79
1544826358.85
1544826358.91
1544826358.97
1544826359.03
1544826359.08
1544826359.14
1544826359.22
1544826359.26
1544826359.32
1544826359.39
1544826359.46
1544826359.52
1544826359.57
1544826359.62
1544826359.66
1544826359.7
1544826359.75
1544826359.81
1544826359.88
1544826359.92
1544826359.95
1544826360.01
1544826360.05
1544826360.1
1544826360.15
1544826360.19
1544826360.23
1544826360.27
1544826360.32
1544826360.36
1544826360.4
1544826360.49
1544826360.54
1544826360.59
1544826360.63
1544826360.67
1544826360.72
1544826360.76
1544826360.8
1544826360.85
1544826360.92
1544826360.96
1544826361.01
1544826361.06
1544826361.1
1544826361.14
1544826361.17
1544826361.21
1544826361.29
1544826361.35
1544826361.39
1544826361.44
1544826361.49
1544826361.54
1544826361.57
1544826361.64
1544826361.72
1544826361.76
1544826361.83
1544826361.9
1544826361.96
1544826362.0
1544826362.05
1544826362.1
1544826362.15
1544826362.21
1544826362.28
1544826362.33
1544826362.37
1544826362.41
1544826362.46
1544826362.51
1544826362.55
1544826362.6
1544826362.66
1544826362.71
1544826362.75
1544826362.8
1544826362.86
1544826362.91
1544826362.95
1544826362.99
1544826363.06
1544826363.12
1544826363.16
1544826363.21
1544826363.25
1544826363.31
1544826363.35
1544826363.39
1544826363.44
1544826363.49
1544826363.55
1544826363.59
1544826363.67
1544826363.72
1544826363.78
1544826363.85
1544826363.92
1544826363.97
1544826364.06
1544826364.11
1544826364.15
1544826364.2
1544826364.27
1544826364.31
1544826364.36
1544826364.4
1544826364.45
1544826364.49
1544826364.53
1544826364.57
1544826364.65
1544826364.71
1544826364.74
1544826364.79
1544826364.88
1544826364.93
1544826364.98
1544826365.05
1544826365.1
1544826365.15
1544826365.2
1544826365.24
1544826365.31
1544826365.36
1544826365.42
1544826365.47
1544826365.53
1544826365.57
1544826365.61
1544826365.66
1544826365.72
1544826365.77
1544826365.83
1544826365.91
1544826365.97
1544826366.02
1544826366.07
1544826366.11
1544826366.16
1544826366.21
1544826366.25
1544826366.3
1544826366.36
1544826366.44
1544826366.5
1544826366.57
1544826366.63
1544826366.66
1544826366.73
1544826366.79
1544826366.88
1544826366.97
1544826367.03
1544826367.11
1544826367.21
1544826367.3
1544826367.38
1544826367.46
1544826367.53
1544826367.58
1544826367.65
1544826367.71
1544826367.77
1544826367.87
1544826367.93
1544826367.97
1544826368.04
1544826368.11
1544826368.14
1544826368.18
1544826368.23
1544826368.28
1544826368.32
1544826368.36
1544826368.4
1544826368.45
1544826368.52
1544826368.55
1544826368.59
1544826368.64
1544826368.69
1544826368.74
1544826368.8
1544826368.86
1544826368.91
1544826368.95
1544826368.99
1544826369.04
1544826369.11
1544826369.16
1544826369.22
1544826369.28
1544826369.32
1544826369.35
1544826369.41
1544826369.49
1544826369.56
1544826369.61
1544826369.66
1544826369.71
1544826369.77
1544826369.83
1544826369.89
1544826369.96
1544826370.04
1544826370.1
1544826370.16
1544826370.23
1544826370.3
1544826370.35
1544826370.43
1544826370.5
1544826370.56
1544826370.63
1544826370.72
1544826370.78
1544826370.84
1544826370.9
1544826370.97
1544826371.05
1544826371.14
1544826371.21
1544826371.29
1544826371.34
1544826371.4
1544826371.51
1544826371.6
1544826371.69
1544826371.78
1544826371.84
1544826371.89
1544826372.01
1544826372.11
1544826372.16
1544826372.22
1544826372.29
1544826372.4
1544826372.43
1544826372.47
1544826372.54
1544826372.62
1544826372.68
1544826372.76
1544826372.81
1544826372.84
1544826372.88
1544826372.93
1544826372.98
1544826373.03
1544826373.07
1544826373.12
1544826373.17
1544826373.22
1544826373.3
1544826373.38
1544826373.44
1544826373.48
1544826373.55
1544826373.61
1544826373.64
1544826373.69
1544826373.73
1544826373.78
1544826373.84
1544826373.88
1544826373.94
1544826374.02
1544826374.06
1544826374.1
1544826374.2
1544826374.25
1544826374.29
1544826374.34
1544826374.4
1544826374.45
1544826374.51
1544826374.59
1544826374.63
1544826374.66
1544826374.72
1544826374.76
1544826374.8
1544826374.84
1544826374.88
1544826374.95
1544826375.02
1544826375.05
1544826375.09
1544826375.15
1544826375.21
1544826375.24
1544826375.28
1544826375.32
1544826375.37
1544826375.42
1544826375.46
1544826375.51
1544826375.57
1544826375.62
1544826375.66
1544826375.71
1544826375.77
1544826375.83
1544826375.89
1544826375.94
1544826375.99
1544826376.02
1544826376.07
1544826376.16
1544826376.22
1544826376.26
1544826376.32
1544826376.37
1544826376.4
1544826376.44
1544826376.47
1544826376.51
1544826376.56
1544826376.61
1544826376.65
1544826376.7
1544826376.76
1544826376.82
1544826376.86
1544826376.92
1544826376.99
1544826377.05
1544826377.13
1544826377.2
1544826377.26
1544826377.32
1544826377.38
1544826377.46
1544826377.55
1544826377.61
1544826377.66
1544826377.71
1544826377.75
1544826377.81
1544826377.89
1544826377.97
1544826378.04
1544826378.11
1544826378.16
1544826378.22
1544826378.28
1544826378.31
1544826378.35
1544826378.39
1544826378.45
1544826378.51
1544826378.54
1544826378.58
1544826378.63
1544826378.69
1544826378.74
1544826378.78
1544826378.86
1544826378.92
1544826378.95
1544826378.98
1544826379.04
1544826379.08
1544826379.13
1544826379.18
1544826379.25
1544826379.31
1544826379.35
1544826379.39
1544826379.48
1544826379.53
1544826379.58
1544826379.63
1544826379.7
1544826379.74
1544826379.79
1544826379.83
1544826379.9
1544826379.94
1544826379.98
1544826380.08
1544826380.13
1544826380.17
1544826380.24
1544826380.3
1544826380.33
1544826380.38
1544826380.45
1544826380.51
1544826380.56
1544826380.61
1544826380.67
1544826380.72
1544826380.75
1544826380.8
1544826380.87
1544826380.91
1544826380.95
1544826381.02
1544826381.09
1544826381.12
1544826381.16
1544826381.21
1544826381.25
1544826381.31
1544826381.36
1544826381.43
1544826381.5
1544826381.56
1544826381.63
1544826381.7
1544826381.74
1544826381.79
1544826381.85
1544826381.93
1544826381.98
1544826382.02
1544826382.05
1544826382.12
1544826382.21
1544826382.28
1544826382.36
1544826382.45
1544826382.55
1544826382.65
1544826382.74
1544826382.8
1544826382.85
1544826382.91
1544826382.95
1544826382.99
1544826383.04
1544826383.07
1544826383.14
1544826383.21
1544826383.26
1544826383.31
1544826383.35
1544826383.39
1544826383.43
1544826383.47
1544826383.54
1544826383.6
1544826383.65
1544826383.7
1544826383.74
1544826383.8
1544826383.84
1544826383.9
1544826383.96
1544826384.0
1544826384.06
1544826384.12
1544826384.18
1544826384.22
1544826384.26
1544826384.32
1544826384.35
1544826384.39
1544826384.45
1544826384.5
1544826384.59
1544826384.63
1544826384.67
1544826384.73
1544826384.8
1544826384.84
1544826384.89
1544826384.95
1544826385.0
1544826385.04
1544826385.08
1544826385.16
1544826385.21
1544826385.25
1544826385.3
1544826385.34
1544826385.38
1544826385.43
1544826385.48
1544826385.55
1544826385.62
1544826385.66
1544826385.73
1544826385.79
1544826385.84
1544826385.88
1544826385.96
1544826386.01
1544826386.05
1544826386.11
1544826386.17
1544826386.23
1544826386.26
1544826386.33
1544826386.42
1544826386.47
1544826386.52
1544826386.6
1544826386.65
1544826386.71
1544826386.77
1544826386.83
1544826386.87
1544826386.93
1544826386.99
1544826387.04
1544826387.09
1544826387.14
1544826387.19
1544826387.23
1544826387.27
1544826387.35
1544826387.4
1544826387.43
1544826387.47
1544826387.55
1544826387.6
1544826387.64
1544826387.68
1544826387.72
1544826387.8
1544826387.83
1544826387.86
1544826387.91
1544826387.98
1544826388.02
1544826388.06
1544826388.13
1544826388.18
1544826388.23
1544826388.26
1544826388.31
1544826388.36
1544826388.42
1544826388.46
1544826388.53
1544826388.59
1544826388.63
1544826388.67
1544826388.73
1544826388.77
1544826388.82
1544826388.86
1544826388.94
1544826389.01
1544826389.05
1544826389.09
1544826389.17
1544826389.22
1544826389.26
1544826389.31
1544826389.35
1544826389.4
1544826389.44
1544826389.48
1544826389.54
1544826389.58
1544826389.62
1544826389.65
1544826389.69
1544826389.73
1544826389.78
1544826389.83
1544826389.91
1544826389.99
1544826390.07
1544826390.13
1544826390.19
1544826390.24
1544826390.27
1544826390.33
1544826390.39
1544826390.44
1544826390.51
1544826390.56
1544826390.63
1544826390.68
1544826390.73
1544826390.76
1544826390.81
1544826390.85
1544826390.91
1544826390.98
1544826391.05
1544826391.13
1544826391.2
1544826391.26
1544826391.34
1544826391.41
1544826391.47
1544826391.53
1544826391.57
1544826391.63
1544826391.69
1544826391.75
1544826391.82
1544826391.88
1544826391.93
1544826391.99
1544826392.03
1544826392.07
1544826392.13
1544826392.17
1544826392.23
1544826392.27
1544826392.33
1544826392.39
1544826392.45
1544826392.52
1544826392.59
1544826392.66
1544826392.73
1544826392.79
1544826392.86
1544826392.92
1544826392.99
1544826393.05
1544826393.11
1544826393.2
1544826393.24
1544826393.33
1544826393.41
1544826393.46
1544826393.51
1544826393.55
1544826393.63
1544826393.67
1544826393.74
1544826393.8
1544826393.83
1544826393.87
1544826393.93
1544826394.0
1544826394.04
1544826394.09
1544826394.15
1544826394.2
1544826394.25
1544826394.3
1544826394.35
1544826394.4
1544826394.45
1544826394.51
1544826394.59
1544826394.64
1544826394.68
1544826394.72
1544826394.79
1544826394.82
1544826394.85
1544826394.89
1544826394.93
1544826394.98
1544826395.03
1544826395.06
1544826395.15
1544826395.25
1544826395.35
1544826395.45
1544826395.55
1544826395.64
1544826395.74
1544826395.8
1544826395.86
1544826395.92
1544826395.98
1544826396.03
1544826396.09
1544826396.16
1544826396.23
1544826396.29
1544826396.36
1544826396.41
1544826396.5
1544826396.6
1544826396.71
1544826396.79
1544826396.87
1544826396.93
1544826396.99
1544826397.04
1544826397.08
1544826397.14
1544826397.19
1544826397.24
1544826397.28
1544826397.33
1544826397.37
1544826397.41
1544826397.45
1544826397.49
1544826397.53
1544826397.58
1544826397.62
1544826397.65
1544826397.71
1544826397.78
1544826397.83
1544826397.87
1544826397.93
1544826397.97
1544826398.01
1544826398.04
1544826398.08
1544826398.12
1544826398.16
1544826398.21
1544826398.25
1544826398.29
1544826398.34
1544826398.38
1544826398.42
1544826398.45
1544826398.51
1544826398.56
1544826398.6
1544826398.65
1544826398.7
1544826398.76
1544826398.81
1544826398.84
1544826398.88
1544826398.96
1544826399.03
1544826399.11
1544826399.18
1544826399.24
1544826399.32
1544826399.4
1544826399.46
1544826399.51
1544826399.56
1544826399.62
1544826399.67
1544826399.73
1544826399.78
1544826399.86
1544826399.92
1544826399.99
1544826400.06
1544826400.12
1544826400.16
1544826400.21
1544826400.25
1544826400.34
1544826400.43
1544826400.51
1544826400.58
1544826400.63
1544826400.66
1544826400.73
1544826400.78
1544826400.85
1544826400.92
1544826400.96
