1544827292.0
1544827292.61
1544827292.7
1544827292.82
1544827292.94
1544827293.02
1544827293.1
1544827293.15
1544827293.25
1544827293.33
1544827293.42
1544827293.49
1544827293.57
1544827293.66
1544827293.73
1544827293.81
1544827293.86
1544827293.92
1544827294.06
1544827294.16
1544827294.32
1544827294.42
1544827294.5
1544827294.57
1544827294.67
1544827294.76
1544827294.83
1544827294.93
1544827295.05
1544827295.15
1544827295.25
1544827295.34
1544827295.42
1544827295.49
1544827295.56
1544827295.64
1544827295.7
1544827295.77
1544827295.83
1544827295.95
1544827296.06
1544827296.18
1544827296.3
1544827296.4
1544827296.5
1544827296.61
1544827296.69
1544827296.81
1544827296.9
1544827296.98
1544827297.03
1544827297.11
1544827297.19
1544827297.29
1544827297.41
1544827297.53
1544827297.61
1544827297.69
1544827297.75
1544827297.86
1544827297.96
1544827298.03
1544827298.08
1544827298.15
1544827298.25
1544827298.34
1544827298.42
1544827298.5
1544827298.57
1544827298.65
1544827298.74
1544827298.8
1544827298.84
1544827298.92
1544827298.98
1544827299.03
1544827299.16
1544827299.23
1544827299.3
1544827299.42
1544827299.48
1544827299.6
1544827299.72
1544827299.81
1544827299.86
1544827299.93
1544827300.01
1544827300.06
1544827300.15
1544827300.21
1544827300.26
1544827300.34
1544827300.43
1544827300.53
1544827300.63
1544827300.7
1544827300.79
1544827300.85
1544827300.91
1544827300.98
1544827301.02
1544827301.06
1544827301.12
1544827301.18
1544827301.23
1544827301.28
1544827301.38
1544827301.48
1544827301.55
1544827301.62
1544827301.69
1544827301.77
1544827301.86
1544827301.95
1544827302.0
1544827302.08
1544827302.16
1544827302.22
1544827302.26
1544827302.36
1544827302.41
1544827302.49
1544827302.56
1544827302.63
1544827302.69
1544827302.79
1544827302.88
1544827302.98
1544827303.09
1544827303.18
1544827303.27
1544827303.38
1544827303.48
1544827303.59
1544827303.63
1544827303.72
1544827303.84
1544827303.92
1544827304.02
1544827304.1
1544827304.2
1544827304.29
1544827304.39
1544827304.46
1544827304.53
1544827304.61
1544827304.7
1544827304.79
1544827304.84
1544827304.91
1544827305.0
1544827305.06
1544827305.13
1544827305.21
1544827305.29
1544827305.38
1544827305.42
1544827305.47
1544827305.55
1544827305.62
1544827305.74
1544827305.85
1544827305.94
1544827306.02
1544827306.11
1544827306.21
1544827306.29
1544827306.35
1544827306.43
1544827306.5
1544827306.62
1544827306.71
1544827306.83
1544827306.92
1544827307.0
1544827307.08
1544827307.15
1544827307.23
1544827307.31
1544827307.38
1544827307.47
1544827307.54
1544827307.66
1544827307.77
1544827307.85
1544827307.93
1544827308.01
1544827308.09
1544827308.16
1544827308.23
1544827308.31
1544827308.39
1544827308.47
1544827308.54
1544827308.62
1544827308.7
1544827308.8
1544827308.88
1544827308.96
1544827309.03
1544827309.09
1544827309.16
1544827309.23
1544827309.29
1544827309.4
1544827309.49
1544827309.54
1544827309.64
1544827309.74
1544827309.85
1544827309.94
1544827310.05
1544827310.14
1544827310.24
1544827310.33
1544827310.39
1544827310.51
1544827310.64
1544827310.71
1544827310.8
1544827310.86
1544827310.96
1544827311.04
1544827311.13
1544827311.22
1544827311.29
1544827311.36
1544827311.44
1544827311.52
1544827311.59
1544827311.69
1544827311.78
1544827311.84
1544827311.93
1544827312.06
1544827312.13
1544827312.18
1544827312.24
1544827312.35
1544827312.41
1544827312.46
1544827312.55
1544827312.65
1544827312.76
1544827312.86
1544827312.95
1544827313.07
1544827313.15
1544827313.23
1544827313.29
1544827313.37
1544827313.46
1544827313.54
1544827313.62
1544827313.71
1544827313.8
1544827313.91
1544827314.02
1544827314.12
1544827314.21
1544827314.29
1544827314.4
1544827314.47
1544827314.53
1544827314.62
1544827314.71
1544827314.8
1544827314.9
1544827314.98
1544827315.07
1544827315.16
1544827315.24
1544827315.33
1544827315.44
1544827315.54
1544827315.65
1544827315.77
1544827315.88
1544827315.98
1544827316.03
1544827316.11
1544827316.16
1544827316.24
1544827316.34
1544827316.44
1544827316.54
1544827316.63
1544827316.75
1544827316.82
1544827316.95
1544827317.01
1544827317.12
1544827317.21
1544827317.35
1544827317.45
1544827317.54
1544827317.65
1544827317.76
1544827317.86
1544827317.96
1544827318.06
1544827318.16
1544827318.22
1544827318.32
1544827318.38
1544827318.47
1544827318.55
1544827318.66
1544827318.73
1544827318.83
1544827318.94
1544827319.05
1544827319.13
1544827319.21
1544827319.3
1544827319.39
1544827319.48
1544827319.55
1544827319.62
1544827319.69
1544827319.84
1544827319.98
1544827320.12
1544827320.25
1544827320.34
1544827320.46
1544827320.54
1544827320.63
1544827320.72
1544827320.8
1544827320.86
1544827320.94
1544827321.01
1544827321.07
1544827321.14
1544827321.22
1544827321.29
1544827321.37
1544827321.44
1544827321.5
1544827321.56
1544827321.61
1544827321.71
1544827321.8
1544827321.86
1544827321.94
1544827322.0
1544827322.05
1544827322.16
1544827322.22
1544827322.34
1544827322.43
1544827322.56
1544827322.63
1544827322.7
1544827322.78
1544827322.88
1544827323.0
1544827323.1
1544827323.23
1544827323.33
1544827323.38
1544827323.46
1544827323.57
1544827323.63
1544827323.72
1544827323.81
1544827323.92
1544827324.01
1544827324.14
1544827324.21
1544827324.34
1544827324.41
1544827324.51
1544827324.58
1544827324.63
1544827324.74
1544827324.8
1544827324.86
1544827324.93
1544827324.98
1544827325.06
1544827325.13
1544827325.19
1544827325.26
1544827325.32
1544827325.38
1544827325.43
1544827325.49
1544827325.56
1544827325.61
1544827325.68
1544827325.75
1544827325.79
1544827325.9
1544827325.98
1544827326.06
1544827326.16
1544827326.23
1544827326.33
1544827326.4
1544827326.52
1544827326.59
1544827326.7
1544827326.82
1544827326.93
1544827327.09
1544827327.25
1544827327.36
1544827327.44
1544827327.5
1544827327.59
1544827327.69
1544827327.77
1544827327.87
1544827327.97
1544827328.05
1544827328.14
1544827328.22
1544827328.32
1544827328.41
1544827328.52
1544827328.58
1544827328.67
1544827328.76
1544827328.82
1544827328.92
1544827328.96
1544827329.0
1544827329.05
1544827329.1
1544827329.16
1544827329.23
1544827329.34
1544827329.4
1544827329.5
1544827329.58
1544827329.66
1544827329.74
1544827329.82
1544827329.87
1544827329.91
1544827329.97
1544827330.02
1544827330.08
1544827330.15
1544827330.21
1544827330.29
1544827330.37
1544827330.44
1544827330.54
1544827330.63
1544827330.72
1544827330.8
1544827330.9
1544827330.99
1544827331.08
1544827331.14
1544827331.22
1544827331.31
1544827331.37
1544827331.45
1544827331.54
1544827331.62
1544827331.72
1544827331.81
1544827331.88
1544827331.96
1544827332.07
1544827332.15
1544827332.22
1544827332.3
1544827332.36
1544827332.43
1544827332.49
1544827332.57
1544827332.66
1544827332.74
1544827332.81
1544827332.9
1544827332.98
1544827333.08
1544827333.16
1544827333.25
1544827333.32
1544827333.39
1544827333.47
1544827333.53
1544827333.58
1544827333.63
1544827333.68
1544827333.74
1544827333.79
1544827333.88
1544827333.94
1544827334.03
1544827334.11
1544827334.24
1544827334.31
1544827334.41
1544827334.53
1544827334.63
1544827334.69
1544827334.79
1544827334.86
1544827334.94
1544827335.0
1544827335.08
1544827335.18
1544827335.25
1544827335.3
1544827335.39
1544827335.47
1544827335.56
1544827335.69
1544827335.83
1544827335.9
1544827336.0
1544827336.09
1544827336.23
1544827336.32
1544827336.38
1544827336.49
1544827336.59
1544827336.7
1544827336.78
1544827336.84
1544827336.93
1544827337.03
1544827337.12
1544827337.21
1544827337.31
1544827337.37
1544827337.46
1544827337.52
1544827337.61
1544827337.7
1544827337.81
1544827337.93
1544827338.02
1544827338.12
1544827338.24
1544827338.31
1544827338.37
1544827338.47
1544827338.55
1544827338.63
1544827338.71
1544827338.8
1544827338.89
1544827338.94
1544827339.03
1544827339.13
1544827339.25
1544827339.31
1544827339.36
1544827339.45
1544827339.53
1544827339.59
1544827339.69
1544827339.79
1544827339.88
1544827339.95
1544827340.02
1544827340.09
1544827340.16
1544827340.23
1544827340.31
1544827340.36
1544827340.43
1544827340.48
1544827340.55
1544827340.61
1544827340.68
1544827340.74
1544827340.79
1544827340.87
1544827340.94
1544827341.0
1544827341.07
1544827341.16
1544827341.24
1544827341.33
1544827341.4
1544827341.51
1544827341.57
1544827341.66
1544827341.73
1544827341.8
1544827341.91
1544827341.98
1544827342.06
1544827342.12
1544827342.25
1544827342.36
1544827342.48
1544827342.56
1544827342.66
1544827342.73
1544827342.82
1544827342.91
1544827342.97
1544827343.08
1544827343.13
1544827343.22
1544827343.31
1544827343.38
1544827343.47
1544827343.55
1544827343.65
1544827343.76
1544827343.86
1544827343.96
1544827344.06
1544827344.14
1544827344.23
1544827344.3
1544827344.36
1544827344.45
1544827344.53
1544827344.59
1544827344.65
1544827344.73
1544827344.81
1544827344.89
1544827344.96
1544827345.04
1544827345.13
1544827345.21
1544827345.28
1544827345.33
1544827345.42
1544827345.52
1544827345.6
1544827345.65
1544827345.72
1544827345.79
1544827345.88
1544827345.95
1544827346.01
1544827346.09
1544827346.18
1544827346.28
1544827346.38
1544827346.46
1544827346.52
1544827346.62
1544827346.7
1544827346.76
1544827346.82
1544827346.86
1544827346.99
1544827347.12
1544827347.21
1544827347.29
1544827347.38
1544827347.49
1544827347.57
1544827347.71
1544827347.78
1544827347.86
1544827347.93
1544827348.03
1544827348.12
1544827348.18
1544827348.26
1544827348.35
1544827348.44
1544827348.54
1544827348.62
1544827348.68
1544827348.78
1544827348.85
1544827348.92
1544827348.98
1544827349.03
1544827349.06
1544827349.15
1544827349.21
1544827349.27
1544827349.35
1544827349.41
1544827349.5
1544827349.55
1544827349.59
1544827349.66
1544827349.7
1544827349.77
1544827349.84
1544827349.93
1544827350.02
1544827350.11
1544827350.2
1544827350.29
1544827350.36
1544827350.46
1544827350.53
1544827350.59
1544827350.66
1544827350.73
1544827350.83
1544827350.91
1544827351.01
1544827351.13
1544827351.22
1544827351.33
1544827351.39
1544827351.46
1544827351.58
1544827351.68
1544827351.78
1544827351.9
1544827352.01
1544827352.13
1544827352.28
1544827352.35
1544827352.4
1544827352.46
1544827352.56
1544827352.61
1544827352.67
1544827352.78
1544827352.86
1544827352.98
1544827353.11
1544827353.17
1544827353.3
1544827353.36
1544827353.52
1544827353.66
1544827353.73
1544827353.8
1544827353.88
1544827353.94
1544827353.99
1544827354.09
1544827354.19
1544827354.24
1544827354.33
1544827354.43
1544827354.51
1544827354.58
1544827354.7
1544827354.77
1544827354.81
1544827354.89
1544827354.97
1544827355.08
1544827355.16
1544827355.25
1544827355.33
1544827355.42
1544827355.51
1544827355.59
1544827355.68
1544827355.76
1544827355.8
1544827355.85
1544827355.93
1544827356.01
1544827356.09
1544827356.17
1544827356.24
1544827356.3
1544827356.38
1544827356.46
1544827356.54
1544827356.64
1544827356.74
1544827356.83
1544827356.9
1544827357.0
1544827357.09
1544827357.21
1544827357.31
1544827357.4
1544827357.5
1544827357.61
1544827357.69
1544827357.79
1544827357.84
1544827357.93
1544827358.0
1544827358.08
1544827358.15
1544827358.25
1544827358.32
1544827358.41
1544827358.5
1544827358.66
1544827358.78
1544827358.89
1544827358.96
1544827359.06
1544827359.17
1544827359.27
1544827359.32
1544827359.39
1544827359.46
1544827359.54
1544827359.61
1544827359.7
1544827359.76
1544827359.84
1544827359.9
1544827360.02
1544827360.08
1544827360.17
1544827360.27
1544827360.38
1544827360.47
1544827360.52
1544827360.61
1544827360.7
1544827360.83
1544827360.92
1544827361.01
1544827361.07
1544827361.11
1544827361.22
1544827361.34
1544827361.41
1544827361.47
1544827361.58
1544827361.69
1544827361.81
1544827361.89
1544827361.98
1544827362.04
1544827362.13
1544827362.2
1544827362.27
1544827362.34
1544827362.39
1544827362.44
1544827362.5
1544827362.57
1544827362.65
1544827362.74
1544827362.82
1544827362.89
1544827362.96
1544827363.04
1544827363.12
1544827363.2
1544827363.27
1544827363.34
1544827363.39
1544827363.47
1544827363.54
1544827363.59
1544827363.69
1544827363.75
1544827363.84
1544827363.89
1544827364.0
1544827364.1
1544827364.25
1544827364.32
1544827364.39
1544827364.48
1544827364.58
1544827364.7
1544827364.82
1544827364.91
1544827365.02
1544827365.08
1544827365.2
1544827365.3
1544827365.4
1544827365.5
1544827365.55
1544827365.65
1544827365.74
1544827365.83
1544827365.93
1544827366.04
1544827366.11
1544827366.19
1544827366.29
1544827366.37
1544827366.45
1544827366.5
1544827366.59
1544827366.68
1544827366.8
1544827366.87
1544827366.94
1544827367.02
1544827367.09
1544827367.17
1544827367.26
1544827367.34
1544827367.46
1544827367.54
1544827367.63
1544827367.73
1544827367.85
1544827367.94
1544827368.08
1544827368.21
1544827368.29
1544827368.36
1544827368.45
1544827368.52
1544827368.6
1544827368.67
1544827368.73
1544827368.82
1544827368.9
1544827368.97
1544827369.08
1544827369.19
1544827369.29
1544827369.39
1544827369.5
1544827369.64
1544827369.72
1544827369.78
1544827369.88
1544827369.97
1544827370.04
1544827370.09
1544827370.14
1544827370.22
1544827370.29
1544827370.34
1544827370.44
1544827370.54
1544827370.64
1544827370.71
1544827370.83
1544827370.92
1544827371.04
1544827371.13
1544827371.24
1544827371.33
1544827371.44
1544827371.52
1544827371.61
1544827371.67
1544827371.75
1544827371.87
1544827371.97
1544827372.08
1544827372.19
1544827372.26
1544827372.34
1544827372.43
1544827372.52
1544827372.6
1544827372.68
1544827372.79
1544827372.87
1544827372.99
1544827373.08
1544827373.13
1544827373.27
1544827373.33
1544827373.42
1544827373.52
1544827373.59
1544827373.65
1544827373.72
1544827373.85
1544827373.95
1544827374.01
1544827374.06
1544827374.1
1544827374.14
1544827374.18
1544827374.26
1544827374.32
1544827374.36
1544827374.41
1544827374.46
1544827374.52
1544827374.59
1544827374.7
1544827374.81
1544827374.88
1544827374.92
1544827374.96
1544827375.04
1544827375.11
1544827375.2
1544827375.3
1544827375.38
1544827375.43
1544827375.52
1544827375.56
1544827375.63
1544827375.73
1544827375.81
1544827375.9
1544827375.97
1544827376.02
1544827376.09
1544827376.16
1544827376.24
1544827376.33
1544827376.39
1544827376.52
1544827376.59
1544827376.66
1544827376.82
1544827376.98
1544827377.12
1544827377.24
1544827377.34
1544827377.41
1544827377.5
1544827377.57
1544827377.67
1544827377.76
1544827377.83
1544827377.89
1544827377.96
1544827378.05
1544827378.12
1544827378.24
1544827378.34
1544827378.47
1544827378.58
1544827378.64
1544827378.71
1544827378.75
1544827378.8
1544827378.86
1544827378.95
1544827379.04
1544827379.1
1544827379.17
1544827379.3
1544827379.36
1544827379.46
1544827379.54
1544827379.64
1544827379.72
1544827379.8
1544827379.89
1544827379.96
1544827380.07
1544827380.14
1544827380.19
1544827380.29
1544827380.36
1544827380.44
1544827380.49
1544827380.56
1544827380.66
1544827380.72
1544827380.77
1544827380.86
1544827380.96
1544827381.09
1544827381.19
1544827381.32
1544827381.41
1544827381.5
1544827381.59
1544827381.69
1544827381.78
1544827381.88
1544827382.0
1544827382.1
1544827382.2
1544827382.31
1544827382.39
1544827382.52
1544827382.58
1544827382.67
1544827382.72
1544827382.84
1544827382.94
1544827383.07
1544827383.19
1544827383.28
1544827383.38
1544827383.48
1544827383.58
1544827383.7
1544827383.83
1544827383.93
1544827384.04
1544827384.13
1544827384.25
1544827384.33
1544827384.42
1544827384.5
1544827384.63
1544827384.72
1544827384.83
1544827384.93
1544827385.04
1544827385.13
1544827385.22
1544827385.3
1544827385.39
1544827385.49
1544827385.57
1544827385.67
1544827385.74
1544827385.83
1544827385.91
1544827385.99
1544827386.1
1544827386.2
1544827386.31
1544827386.42
1544827386.49
1544827386.54
1544827386.6
1544827386.69
1544827386.74
1544827386.83
1544827386.89
1544827386.96
1544827387.08
1544827387.18
1544827387.31
1544827387.41
1544827387.49
1544827387.54
1544827387.66
1544827387.75
1544827387.83
1544827387.95
1544827388.03
1544827388.13
1544827388.24
1544827388.36
1544827388.5
1544827388.59
1544827388.68
1544827388.82
1544827388.92
1544827389.0
1544827389.05
1544827389.1
1544827389.16
1544827389.23
1544827389.29
1544827389.36
1544827389.42
1544827389.49
1544827389.56
1544827389.6
1544827389.67
1544827389.76
1544827389.86
1544827389.91
1544827389.99
1544827390.09
1544827390.17
1544827390.25
1544827390.34
1544827390.48
1544827390.54
1544827390.59
1544827390.63
1544827390.71
1544827390.79
1544827390.93
1544827391.03
1544827391.12
1544827391.2
1544827391.27
1544827391.33
1544827391.37
1544827391.43
1544827391.49
1544827391.55
1544827391.64
1544827391.69
1544827391.78
1544827391.82
1544827391.93
1544827392.04
1544827392.09
1544827392.15
1544827392.21
1544827392.31
1544827392.37
1544827392.47
1544827392.56
1544827392.73
1544827392.84
1544827392.9
1544827392.97
1544827393.07
1544827393.14
1544827393.22
1544827393.29
1544827393.36
1544827393.47
1544827393.53
1544827393.62
1544827393.7
1544827393.77
1544827393.83
1544827393.91
1544827393.98
1544827394.04
1544827394.09
1544827394.16
1544827394.24
1544827394.31
1544827394.38
1544827394.46
1544827394.5
1544827394.54
1544827394.63
1544827394.72
1544827394.79
1544827394.88
1544827394.93
1544827395.01
1544827395.1
1544827395.16
1544827395.26
1544827395.34
1544827395.45
1544827395.53
1544827395.64
1544827395.73
1544827395.79
1544827395.85
1544827395.93
1544827396.01
1544827396.09
1544827396.15
1544827396.23
1544827396.28
1544827396.33
1544827396.41
1544827396.47
1544827396.52
1544827396.56
1544827396.63
1544827396.68
1544827396.75
1544827396.82
1544827396.89
1544827396.98
1544827397.06
1544827397.11
1544827397.2
1544827397.26
1544827397.33
1544827397.39
1544827397.48
1544827397.56
1544827397.64
1544827397.69
1544827397.81
1544827397.9
1544827398.03
1544827398.1
1544827398.24
1544827398.33
1544827398.41
1544827398.46
1544827398.56
1544827398.61
1544827398.67
1544827398.73
1544827398.82
1544827398.89
1544827398.99
1544827399.08
1544827399.17
1544827399.26
1544827399.36
1544827399.45
1544827399.52
1544827399.64
1544827399.69
1544827399.76
1544827399.85
1544827399.93
1544827400.02
1544827400.08
1544827400.13
1544827400.18
1544827400.24
1544827400.3
1544827400.36
1544827400.45
1544827400.51
1544827400.58
1544827400.66
1544827400.76
1544827400.85
1544827400.94
1544827401.05
1544827401.15
1544827401.25
1544827401.33
1544827401.41
1544827401.47
1544827401.55
1544827401.63
1544827401.69
1544827401.75
1544827401.83
1544827401.9
1544827402.0
1544827402.08
1544827402.15
1544827402.2
1544827402.28
1544827402.38
1544827402.44
1544827402.52
1544827402.58
1544827402.66
1544827402.73
1544827402.81
1544827402.88
1544827402.95
1544827403.03
1544827403.09
1544827403.15
1544827403.22
1544827403.29
1544827403.36
1544827403.43
1544827403.49
1544827403.55
1544827403.61
1544827403.68
1544827403.75
1544827403.81
1544827403.88
1544827403.97
1544827404.03
1544827404.09
1544827404.15
1544827404.25
1544827404.32
1544827404.44
1544827404.51
1544827404.6
1544827404.69
1544827404.75
1544827404.82
1544827404.87
1544827404.93
1544827405.03
1544827405.09
1544827405.18
1544827405.25
1544827405.33
1544827405.42
1544827405.5
1544827405.59
1544827405.66
1544827405.73
1544827405.81
1544827405.86
1544827405.91
1544827406.01
1544827406.12
1544827406.2
1544827406.3
1544827406.43
1544827406.5
1544827406.58
1544827406.67
1544827406.76
1544827406.85
1544827406.9
1544827406.97
1544827407.1
1544827407.21
1544827407.28
1544827407.38
1544827407.45
1544827407.54
1544827407.62
1544827407.69
1544827407.77
1544827407.84
1544827407.93
1544827408.02
1544827408.09
1544827408.21
1544827408.28
1544827408.34
1544827408.46
1544827408.52
1544827408.62
1544827408.69
1544827408.77
1544827408.85
1544827408.94
1544827409.04
1544827409.11
1544827409.22
1544827409.32
1544827409.4
1544827409.46
1544827409.53
1544827409.61
1544827409.66
1544827409.73
1544827409.81
1544827409.88
1544827409.98
1544827410.05
1544827410.11
1544827410.21
1544827410.27
1544827410.35
1544827410.44
1544827410.49
1544827410.55
1544827410.6
1544827410.67
1544827410.74
1544827410.84
1544827410.9
1544827410.96
1544827411.03
1544827411.08
1544827411.15
1544827411.21
1544827411.26
1544827411.32
1544827411.38
1544827411.47
1544827411.57
1544827411.65
1544827411.72
1544827411.79
1544827411.85
1544827411.92
1544827411.96
1544827412.01
1544827412.06
1544827412.12
1544827412.22
1544827412.28
1544827412.36
1544827412.44
1544827412.51
1544827412.58
1544827412.66
1544827412.73
1544827412.77
1544827412.82
1544827412.87
1544827412.93
1544827412.99
1544827413.08
1544827413.13
1544827413.19
1544827413.25
1544827413.34
1544827413.44
1544827413.53
1544827413.64
1544827413.75
1544827413.83
1544827413.91
1544827414.0
1544827414.11
1544827414.27
1544827414.43
1544827414.49
1544827414.6
1544827414.68
1544827414.76
1544827414.85
1544827414.94
1544827415.03
1544827415.11
1544827415.22
1544827415.28
1544827415.38
1544827415.48
1544827415.56
1544827415.63
1544827415.69
1544827415.75
1544827415.82
1544827415.88
1544827415.94
1544827416.0
1544827416.06
1544827416.12
1544827416.17
1544827416.23
1544827416.29
1544827416.35
1544827416.41
1544827416.47
1544827416.55
1544827416.62
1544827416.73
1544827416.81
1544827416.89
1544827416.97
1544827417.04
1544827417.09
1544827417.17
1544827417.25
1544827417.34
1544827417.45
1544827417.53
1544827417.62
1544827417.69
1544827417.78
1544827417.85
1544827417.94
1544827418.02
1544827418.1
1544827418.2
1544827418.28
1544827418.36
1544827418.47
1544827418.59
1544827418.69
1544827418.79
1544827418.86
1544827418.95
1544827419.05
1544827419.15
1544827419.25
1544827419.32
1544827419.42
1544827419.49
1544827419.57
1544827419.63
1544827419.7
1544827419.78
1544827419.87
1544827419.99
1544827420.08
1544827420.17
1544827420.26
1544827420.35
1544827420.44
1544827420.52
1544827420.6
1544827420.67
1544827420.75
1544827420.82
