1544727369.85
1544727370.4
1544727370.52
1544727370.6
1544727370.68
1544727370.76
1544727370.84
1544727370.93
1544727371.0
1544727371.09
1544727371.17
1544727371.24
1544727371.31
1544727371.38
1544727371.43
1544727371.5
1544727371.56
1544727371.63
1544727371.7
1544727371.76
1544727371.84
1544727371.9
1544727371.98
1544727372.05
1544727372.11
1544727372.18
1544727372.24
1544727372.31
1544727372.38
1544727372.45
1544727372.55
1544727372.62
1544727372.69
1544727372.76
1544727372.82
1544727372.88
1544727372.95
1544727373.02
1544727373.08
1544727373.15
1544727373.23
1544727373.33
1544727373.4
1544727373.52
1544727373.62
1544727373.69
1544727373.76
1544727373.84
1544727373.91
1544727373.99
1544727374.05
1544727374.13
1544727374.23
1544727374.33
1544727374.41
1544727374.49
1544727374.57
1544727374.64
1544727374.73
1544727374.79
1544727374.87
1544727374.95
1544727375.02
1544727375.12
1544727375.21
1544727375.32
1544727375.41
1544727375.49
1544727375.57
1544727375.65
1544727375.75
1544727375.83
1544727375.92
1544727376.01
1544727376.07
1544727376.15
1544727376.22
1544727376.32
1544727376.4
1544727376.47
1544727376.55
1544727376.63
1544727376.69
1544727376.76
1544727376.83
1544727376.89
1544727376.95
1544727377.03
1544727377.09
1544727377.16
1544727377.24
1544727377.31
1544727377.37
1544727377.45
1544727377.52
1544727377.58
1544727377.65
1544727377.72
1544727377.77
1544727377.84
1544727377.91
1544727377.97
1544727378.04
1544727378.11
1544727378.17
1544727378.24
1544727378.31
1544727378.41
1544727378.52
1544727378.61
1544727378.67
1544727378.76
1544727378.87
1544727378.97
1544727379.05
1544727379.14
1544727379.22
1544727379.29
1544727379.41
1544727379.51
1544727379.61
1544727379.69
1544727379.77
1544727379.85
1544727379.95
1544727380.05
1544727380.13
1544727380.2
1544727380.28
1544727380.35
1544727380.42
1544727380.49
1544727380.57
1544727380.66
1544727380.74
1544727380.82
1544727380.89
1544727380.95
1544727381.02
1544727381.08
1544727381.15
1544727381.22
1544727381.28
1544727381.35
1544727381.4
1544727381.47
1544727381.53
1544727381.59
1544727381.64
1544727381.74
1544727381.8
1544727381.87
1544727381.93
1544727381.99
1544727382.06
1544727382.16
1544727382.24
1544727382.29
1544727382.35
1544727382.42
1544727382.48
1544727382.55
1544727382.62
1544727382.69
1544727382.76
1544727382.82
1544727382.88
1544727382.93
1544727382.99
1544727383.06
1544727383.11
1544727383.18
1544727383.24
1544727383.31
1544727383.38
1544727383.44
1544727383.51
1544727383.58
1544727383.64
1544727383.71
1544727383.78
1544727383.89
1544727383.97
1544727384.07
1544727384.15
1544727384.25
1544727384.36
1544727384.46
1544727384.59
1544727384.69
1544727384.76
1544727384.82
1544727384.9
1544727384.96
1544727385.03
1544727385.1
1544727385.18
1544727385.24
1544727385.34
1544727385.45
1544727385.54
1544727385.61
1544727385.69
1544727385.76
1544727385.83
1544727385.89
1544727385.95
1544727386.03
1544727386.1
1544727386.18
1544727386.26
1544727386.34
1544727386.4
1544727386.49
1544727386.57
1544727386.64
1544727386.71
1544727386.77
1544727386.83
1544727386.9
1544727386.96
1544727387.02
1544727387.08
1544727387.16
1544727387.23
1544727387.29
1544727387.36
1544727387.43
1544727387.49
1544727387.56
1544727387.61
1544727387.68
1544727387.75
1544727387.84
1544727387.92
1544727387.98
1544727388.05
1544727388.14
1544727388.18
1544727388.27
1544727388.34
1544727388.39
1544727388.47
1544727388.55
1544727388.62
1544727388.74
1544727388.84
1544727388.92
1544727388.96
1544727389.0
1544727389.08
1544727389.14
1544727389.21
1544727389.27
1544727389.33
1544727389.39
1544727389.46
1544727389.53
1544727389.59
1544727389.69
1544727389.79
1544727389.9
1544727390.0
1544727390.09
1544727390.16
1544727390.23
1544727390.28
1544727390.35
1544727390.43
1544727390.52
1544727390.59
1544727390.67
1544727390.76
1544727390.85
1544727390.92
1544727391.01
1544727391.09
1544727391.17
1544727391.25
1544727391.34
1544727391.39
1544727391.45
1544727391.5
1544727391.57
1544727391.63
1544727391.68
1544727391.76
1544727391.85
1544727391.92
1544727391.99
1544727392.06
1544727392.15
1544727392.24
1544727392.39
1544727392.5
1544727392.59
1544727392.73
1544727392.78
1544727392.86
1544727392.94
1544727393.01
1544727393.08
1544727393.15
1544727393.26
1544727393.35
1544727393.44
1544727393.55
1544727393.66
1544727393.76
1544727393.84
1544727393.9
1544727394.02
1544727394.08
1544727394.18
1544727394.27
1544727394.39
1544727394.5
1544727394.56
1544727394.64
1544727394.75
1544727394.86
1544727394.95
1544727395.04
1544727395.11
1544727395.19
1544727395.26
1544727395.35
1544727395.42
1544727395.51
1544727395.61
1544727395.67
1544727395.74
1544727395.86
1544727395.98
1544727396.09
1544727396.15
1544727396.25
1544727396.35
1544727396.43
1544727396.49
1544727396.56
1544727396.66
1544727396.74
1544727396.83
1544727396.91
1544727397.01
1544727397.1
1544727397.17
1544727397.24
1544727397.32
1544727397.37
1544727397.44
1544727397.48
1544727397.56
1544727397.64
1544727397.74
1544727397.81
1544727397.87
1544727397.94
1544727398.01
1544727398.09
1544727398.16
1544727398.21
1544727398.27
1544727398.32
1544727398.43
1544727398.53
1544727398.58
1544727398.7
1544727398.8
1544727398.9
1544727398.97
1544727399.04
1544727399.12
1544727399.18
1544727399.28
1544727399.39
1544727399.45
1544727399.52
1544727399.57
1544727399.66
1544727399.75
1544727399.82
1544727399.94
1544727400.03
1544727400.14
1544727400.22
1544727400.32
1544727400.36
1544727400.41
1544727400.5
1544727400.55
1544727400.65
1544727400.74
1544727400.8
1544727400.88
1544727400.95
1544727401.03
1544727401.09
1544727401.14
1544727401.19
1544727401.27
1544727401.35
1544727401.43
1544727401.51
1544727401.59
1544727401.66
1544727401.75
1544727401.82
1544727401.89
1544727401.96
1544727402.02
1544727402.12
1544727402.18
1544727402.24
1544727402.32
1544727402.39
1544727402.46
1544727402.55
1544727402.64
1544727402.75
1544727402.82
1544727402.88
1544727402.93
1544727402.98
1544727403.04
1544727403.1
1544727403.17
1544727403.25
1544727403.39
1544727403.51
1544727403.59
1544727403.65
1544727403.73
1544727403.79
1544727403.88
1544727403.95
1544727404.0
1544727404.05
1544727404.1
1544727404.16
1544727404.24
1544727404.3
1544727404.37
1544727404.48
1544727404.56
1544727404.63
1544727404.71
1544727404.78
1544727404.86
1544727404.95
1544727405.03
1544727405.11
1544727405.17
1544727405.28
1544727405.39
1544727405.47
1544727405.57
1544727405.64
1544727405.74
1544727405.82
1544727405.91
1544727405.97
1544727406.07
1544727406.16
1544727406.23
1544727406.33
1544727406.42
1544727406.51
1544727406.59
1544727406.65
1544727406.77
1544727406.87
1544727406.93
1544727406.99
1544727407.07
1544727407.14
1544727407.18
1544727407.25
1544727407.34
1544727407.39
1544727407.5
1544727407.6
1544727407.69
1544727407.78
1544727407.85
1544727407.92
1544727408.02
1544727408.09
1544727408.17
1544727408.25
1544727408.32
1544727408.36
1544727408.44
1544727408.52
1544727408.61
1544727408.69
1544727408.76
1544727408.82
1544727408.88
1544727408.95
1544727409.03
1544727409.12
1544727409.18
1544727409.25
1544727409.33
1544727409.39
1544727409.47
1544727409.59
1544727409.68
1544727409.74
1544727409.84
1544727409.91
1544727409.98
1544727410.06
1544727410.13
1544727410.2
1544727410.33
1544727410.38
1544727410.46
1544727410.52
1544727410.58
1544727410.65
1544727410.71
1544727410.77
1544727410.83
1544727410.89
1544727410.95
1544727411.0
1544727411.06
1544727411.11
1544727411.19
1544727411.28
1544727411.38
1544727411.48
1544727411.55
1544727411.63
1544727411.7
1544727411.79
1544727411.88
1544727411.98
1544727412.07
1544727412.15
1544727412.23
1544727412.3
1544727412.36
1544727412.43
1544727412.49
1544727412.55
1544727412.6
1544727412.67
1544727412.73
1544727412.79
1544727412.87
1544727412.94
1544727413.02
1544727413.09
1544727413.16
1544727413.23
1544727413.3
1544727413.37
1544727413.44
1544727413.51
1544727413.55
1544727413.6
1544727413.66
1544727413.72
1544727413.78
1544727413.85
1544727413.91
1544727413.97
1544727414.03
1544727414.14
1544727414.24
1544727414.32
1544727414.39
1544727414.47
1544727414.54
1544727414.6
1544727414.68
1544727414.75
1544727414.83
1544727414.89
1544727414.98
1544727415.05
1544727415.12
1544727415.19
1544727415.27
1544727415.34
1544727415.42
1544727415.48
1544727415.56
1544727415.62
1544727415.7
1544727415.76
1544727415.83
1544727415.91
1544727415.98
1544727416.07
1544727416.15
1544727416.23
1544727416.32
1544727416.4
1544727416.47
1544727416.53
1544727416.6
1544727416.66
1544727416.73
1544727416.79
1544727416.86
1544727416.94
1544727417.0
1544727417.07
1544727417.15
1544727417.21
1544727417.3
1544727417.37
1544727417.43
1544727417.5
1544727417.59
1544727417.69
1544727417.78
1544727417.88
1544727417.96
1544727418.05
1544727418.11
1544727418.17
1544727418.25
1544727418.34
1544727418.42
1544727418.49
1544727418.59
1544727418.74
1544727418.84
1544727418.94
1544727419.02
1544727419.14
1544727419.26
1544727419.36
1544727419.44
1544727419.56
1544727419.66
1544727419.74
1544727419.79
1544727419.89
1544727419.98
1544727420.06
1544727420.16
1544727420.23
1544727420.29
1544727420.37
1544727420.45
1544727420.53
1544727420.59
1544727420.69
1544727420.76
1544727420.81
1544727420.9
1544727420.97
1544727421.04
1544727421.13
1544727421.19
1544727421.26
1544727421.35
1544727421.41
1544727421.48
1544727421.58
1544727421.64
1544727421.7
1544727421.75
1544727421.79
1544727421.88
1544727421.95
1544727422.01
1544727422.08
1544727422.16
1544727422.25
1544727422.32
1544727422.38
1544727422.47
1544727422.56
1544727422.64
1544727422.72
1544727422.85
1544727422.92
1544727422.99
1544727423.05
1544727423.12
1544727423.17
1544727423.29
1544727423.38
1544727423.44
1544727423.52
1544727423.59
1544727423.66
1544727423.73
1544727423.79
1544727423.87
1544727423.94
1544727424.01
1544727424.11
1544727424.19
1544727424.27
1544727424.36
1544727424.44
1544727424.54
1544727424.61
1544727424.71
1544727424.8
1544727424.9
1544727424.96
1544727425.03
1544727425.12
1544727425.2
1544727425.27
1544727425.36
1544727425.48
1544727425.56
1544727425.65
1544727425.72
1544727425.8
1544727425.88
1544727425.94
1544727426.01
1544727426.08
1544727426.17
1544727426.26
1544727426.35
1544727426.43
1544727426.51
1544727426.57
1544727426.65
1544727426.7
1544727426.78
1544727426.85
1544727426.92
1544727426.99
1544727427.07
1544727427.14
1544727427.21
1544727427.28
1544727427.36
1544727427.43
1544727427.5
1544727427.64
1544727427.72
1544727427.78
1544727427.85
1544727427.93
1544727428.0
1544727428.07
1544727428.13
1544727428.19
1544727428.28
1544727428.38
1544727428.51
1544727428.6
1544727428.68
1544727428.75
1544727428.82
1544727428.89
1544727428.98
1544727429.05
1544727429.13
1544727429.2
1544727429.28
1544727429.36
1544727429.44
1544727429.51
1544727429.6
1544727429.68
1544727429.77
1544727429.85
1544727429.93
1544727430.01
1544727430.07
1544727430.19
1544727430.31
1544727430.41
1544727430.49
1544727430.56
1544727430.65
1544727430.74
1544727430.82
1544727430.91
1544727430.99
1544727431.06
1544727431.14
1544727431.21
1544727431.29
1544727431.37
1544727431.46
1544727431.53
1544727431.6
1544727431.66
1544727431.73
1544727431.8
1544727431.86
1544727431.92
1544727432.0
1544727432.07
1544727432.14
1544727432.2
1544727432.34
1544727432.46
1544727432.55
1544727432.64
1544727432.74
1544727432.85
1544727432.95
1544727433.04
1544727433.11
1544727433.18
1544727433.3
1544727433.39
1544727433.51
1544727433.61
1544727433.67
1544727433.72
1544727433.78
1544727433.84
1544727433.89
1544727433.95
1544727434.01
1544727434.08
1544727434.15
1544727434.2
1544727434.26
1544727434.32
1544727434.37
1544727434.43
1544727434.5
1544727434.57
1544727434.62
1544727434.69
1544727434.75
1544727434.8
1544727434.87
1544727434.93
1544727435.0
1544727435.07
1544727435.13
1544727435.18
1544727435.25
1544727435.34
1544727435.4
1544727435.47
1544727435.53
1544727435.58
1544727435.65
1544727435.71
1544727435.78
1544727435.84
1544727435.9
1544727435.94
1544727435.99
1544727436.07
1544727436.14
1544727436.17
1544727436.27
1544727436.37
1544727436.45
1544727436.52
1544727436.58
1544727436.67
1544727436.79
1544727436.87
1544727436.95
1544727437.01
1544727437.1
1544727437.18
1544727437.27
1544727437.34
1544727437.43
1544727437.5
1544727437.58
1544727437.68
1544727437.82
1544727437.88
1544727437.95
1544727437.99
1544727438.08
1544727438.15
1544727438.24
1544727438.33
1544727438.37
1544727438.43
1544727438.5
1544727438.57
1544727438.7
1544727438.78
1544727438.95
1544727439.08
1544727439.19
1544727439.28
1544727439.36
1544727439.49
1544727439.61
1544727439.68
1544727439.76
1544727439.83
1544727439.91
1544727439.98
1544727440.12
1544727440.23
1544727440.31
1544727440.42
1544727440.52
1544727440.56
1544727440.6
1544727440.68
1544727440.76
1544727440.84
1544727440.92
1544727440.98
1544727441.05
1544727441.13
1544727441.21
1544727441.38
1544727441.47
1544727441.56
1544727441.65
1544727441.71
1544727441.78
1544727441.85
1544727441.92
1544727441.98
1544727442.05
1544727442.13
1544727442.18
1544727442.26
1544727442.39
1544727442.55
1544727442.67
1544727442.76
1544727442.87
1544727442.98
1544727443.09
1544727443.16
1544727443.28
1544727443.38
1544727443.48
1544727443.6
1544727443.73
1544727443.85
1544727443.94
1544727444.02
1544727444.09
1544727444.2
1544727444.29
1544727444.36
1544727444.44
1544727444.49
1544727444.56
1544727444.65
1544727444.72
1544727444.8
1544727444.88
1544727444.93
1544727444.98
1544727445.05
1544727445.14
1544727445.2
1544727445.29
1544727445.36
1544727445.45
1544727445.54
1544727445.65
1544727445.79
1544727445.95
1544727446.02
1544727446.1
1544727446.18
1544727446.28
1544727446.38
1544727446.56
1544727446.69
1544727446.83
1544727446.95
1544727447.05
1544727447.17
1544727447.25
1544727447.32
1544727447.39
1544727447.46
1544727447.51
1544727447.58
1544727447.65
1544727447.76
1544727447.86
1544727447.92
1544727447.99
1544727448.06
1544727448.13
1544727448.19
1544727448.26
1544727448.33
1544727448.4
1544727448.46
1544727448.54
1544727448.6
1544727448.68
1544727448.75
1544727448.82
1544727448.89
1544727448.97
1544727449.03
1544727449.09
1544727449.15
1544727449.22
1544727449.26
1544727449.32
1544727449.38
1544727449.5
1544727449.6
1544727449.72
1544727449.82
1544727449.91
1544727450.03
1544727450.08
1544727450.19
1544727450.29
1544727450.38
1544727450.48
1544727450.56
1544727450.64
1544727450.71
1544727450.79
1544727450.87
1544727450.95
1544727451.08
1544727451.19
1544727451.29
1544727451.4
1544727451.48
1544727451.57
1544727451.66
1544727451.76
1544727451.85
1544727451.94
1544727452.04
1544727452.13
1544727452.21
1544727452.29
1544727452.37
1544727452.44
1544727452.5
1544727452.57
1544727452.63
1544727452.7
1544727452.76
1544727452.83
1544727452.9
1544727452.97
1544727453.04
1544727453.1
1544727453.17
1544727453.25
1544727453.3
1544727453.39
1544727453.46
1544727453.52
1544727453.61
1544727453.69
1544727453.76
1544727453.84
1544727453.9
1544727453.97
1544727454.04
1544727454.1
1544727454.16
1544727454.22
1544727454.29
1544727454.35
1544727454.41
1544727454.47
1544727454.51
1544727454.57
1544727454.62
1544727454.68
1544727454.75
1544727454.83
1544727454.89
1544727455.05
1544727455.17
1544727455.25
1544727455.37
1544727455.48
1544727455.57
1544727455.66
1544727455.73
1544727455.77
1544727455.82
1544727455.89
1544727455.98
1544727456.06
1544727456.16
1544727456.26
1544727456.33
1544727456.41
1544727456.46
1544727456.51
1544727456.56
1544727456.64
1544727456.68
1544727456.74
1544727456.79
1544727456.86
1544727456.93
1544727456.99
1544727457.04
1544727457.08
1544727457.14
1544727457.23
1544727457.28
1544727457.42
1544727457.47
1544727457.54
1544727457.62
1544727457.72
1544727457.82
1544727457.89
1544727457.96
1544727458.14
1544727458.25
1544727458.34
1544727458.48
1544727458.57
1544727458.65
1544727458.74
1544727458.81
1544727458.91
1544727458.99
1544727459.08
1544727459.16
1544727459.26
1544727459.36
1544727459.44
1544727459.53
1544727459.65
1544727459.78
1544727459.87
1544727459.94
1544727460.01
1544727460.07
1544727460.16
1544727460.26
1544727460.36
1544727460.46
1544727460.54
1544727460.64
1544727460.73
1544727460.81
1544727460.87
1544727460.94
1544727461.02
1544727461.09
1544727461.16
1544727461.24
1544727461.33
1544727461.39
1544727461.47
1544727461.54
1544727461.62
1544727461.69
1544727461.76
1544727461.84
1544727461.92
1544727462.0
1544727462.08
1544727462.19
1544727462.26
1544727462.37
1544727462.45
1544727462.51
1544727462.66
1544727462.77
1544727462.91
1544727463.0
1544727463.09
1544727463.15
1544727463.21
1544727463.3
1544727463.4
1544727463.48
1544727463.58
1544727463.66
1544727463.73
1544727463.81
1544727463.88
1544727463.95
1544727464.02
1544727464.09
1544727464.16
1544727464.22
1544727464.29
1544727464.35
1544727464.43
1544727464.53
1544727464.61
1544727464.67
1544727464.8
1544727464.87
1544727464.96
1544727465.05
1544727465.14
1544727465.22
1544727465.28
1544727465.36
1544727465.43
1544727465.5
1544727465.57
1544727465.64
1544727465.71
1544727465.76
1544727465.83
1544727465.89
1544727465.95
1544727466.0
1544727466.07
1544727466.16
1544727466.25
1544727466.33
1544727466.4
1544727466.48
1544727466.55
1544727466.61
1544727466.68
1544727466.75
1544727466.82
1544727466.88
1544727466.96
1544727467.03
1544727467.11
1544727467.18
1544727467.23
1544727467.29
1544727467.37
1544727467.43
1544727467.49
1544727467.57
1544727467.62
1544727467.69
1544727467.75
1544727467.8
1544727467.85
1544727467.92
1544727467.99
1544727468.06
1544727468.14
1544727468.2
1544727468.28
1544727468.35
1544727468.43
1544727468.5
1544727468.58
1544727468.65
1544727468.73
1544727468.81
1544727468.87
1544727468.94
1544727469.01
1544727469.08
1544727469.15
1544727469.23
1544727469.3
1544727469.37
1544727469.44
1544727469.51
1544727469.55
1544727469.6
1544727469.65
1544727469.72
1544727469.78
1544727469.84
1544727469.94
1544727470.05
1544727470.13
1544727470.19
1544727470.29
1544727470.34
1544727470.42
1544727470.49
1544727470.59
1544727470.74
1544727470.84
1544727470.9
1544727470.98
1544727471.05
1544727471.13
1544727471.21
1544727471.29
1544727471.37
1544727471.45
1544727471.52
1544727471.6
1544727471.68
1544727471.73
1544727471.77
1544727471.82
1544727471.87
1544727471.95
1544727472.02
1544727472.08
1544727472.15
1544727472.21
1544727472.27
1544727472.33
1544727472.4
1544727472.45
1544727472.48
1544727472.54
1544727472.59
1544727472.66
1544727472.72
1544727472.78
1544727472.84
1544727472.9
1544727472.95
1544727473.02
1544727473.07
1544727473.12
1544727473.16
1544727473.21
1544727473.28
1544727473.35
1544727473.42
1544727473.49
1544727473.57
1544727473.64
1544727473.7
1544727473.79
1544727473.85
1544727473.91
1544727473.96
1544727474.0
1544727474.1
1544727474.19
1544727474.28
1544727474.34
1544727474.41
1544727474.54
1544727474.62
1544727474.72
1544727474.83
1544727474.96
1544727475.04
1544727475.16
1544727475.25
1544727475.36
1544727475.46
1544727475.56
1544727475.65
1544727475.78
1544727475.92
1544727476.04
1544727476.13
1544727476.21
1544727476.28
1544727476.36
1544727476.44
1544727476.53
1544727476.62
1544727476.68
1544727476.82
1544727476.91
1544727476.99
1544727477.07
1544727477.14
1544727477.22
1544727477.31
1544727477.4
1544727477.49
1544727477.58
1544727477.71
1544727477.85
1544727477.92
1544727478.01
1544727478.17
1544727478.26
1544727478.35
1544727478.42
1544727478.48
1544727478.56
1544727478.66
1544727478.79
1544727478.94
1544727479.04
1544727479.11
1544727479.3
1544727479.38
1544727479.49
1544727479.64
1544727479.73
1544727479.79
1544727479.86
1544727479.97
1544727480.06
1544727480.16
1544727480.26
1544727480.39
1544727480.54
1544727480.63
1544727480.69
1544727480.77
1544727480.84
1544727480.89
1544727480.99
1544727481.05
1544727481.09
1544727481.16
1544727481.23
1544727481.27
1544727481.36
1544727481.44
1544727481.52
1544727481.64
1544727481.73
1544727481.83
1544727481.9
1544727481.96
1544727482.03
1544727482.09
1544727482.15
1544727482.22
1544727482.28
1544727482.37
1544727482.46
1544727482.55
1544727482.63
1544727482.7
1544727482.77
1544727482.87
1544727482.94
1544727483.01
1544727483.08
1544727483.15
1544727483.21
1544727483.29
1544727483.36
1544727483.44
1544727483.51
1544727483.57
1544727483.65
1544727483.72
1544727483.83
1544727483.91
1544727484.01
1544727484.08
1544727484.16
1544727484.25
1544727484.33
1544727484.42
1544727484.49
1544727484.56
1544727484.63
1544727484.72
1544727484.78
1544727484.85
1544727484.95
1544727485.03
1544727485.13
1544727485.21
1544727485.29
1544727485.39
1544727485.46
1544727485.56
1544727485.65
1544727485.74
1544727485.84
1544727485.91
1544727486.03
1544727486.11
1544727486.2
1544727486.28
1544727486.38
1544727486.47
1544727486.56
1544727486.63
1544727486.72
1544727486.8
1544727486.86
1544727486.96
1544727487.04
1544727487.09
1544727487.19
1544727487.26
1544727487.34
1544727487.42
1544727487.52
1544727487.64
1544727487.72
1544727487.79
1544727487.86
1544727487.95
1544727488.06
1544727488.13
1544727488.24
1544727488.29
1544727488.35
1544727488.41
1544727488.44
1544727488.48
1544727488.55
1544727488.63
1544727488.71
1544727488.77
1544727488.85
1544727488.93
1544727488.99
1544727489.06
1544727489.12
1544727489.2
1544727489.28
1544727489.33
1544727489.41
1544727489.48
1544727489.55
1544727489.63
1544727489.71
1544727489.78
1544727489.85
1544727489.91
1544727489.99
1544727490.06
1544727490.13
1544727490.19
1544727490.26
1544727490.33
1544727490.4
1544727490.46
1544727490.54
1544727490.64
1544727490.7
1544727490.77
1544727490.85
1544727490.91
1544727490.98
1544727491.04
1544727491.12
1544727491.18
1544727491.25
1544727491.33
1544727491.39
1544727491.47
1544727491.54
1544727491.6
1544727491.72
1544727491.8
1544727491.89
1544727491.95
1544727492.03
1544727492.11
1544727492.18
1544727492.25
1544727492.33
1544727492.41
1544727492.5
1544727492.58
1544727492.64
1544727492.68
1544727492.75
1544727492.81
1544727492.87
1544727492.93
1544727492.99
1544727493.05
1544727493.11
1544727493.17
1544727493.23
1544727493.28
1544727493.34
1544727493.4
1544727493.47
1544727493.54
1544727493.64
1544727493.73
1544727493.8
1544727493.91
1544727493.98
1544727494.1
1544727494.17
1544727494.26
1544727494.39
1544727494.53
1544727494.62
1544727494.67
1544727494.74
1544727494.82
1544727494.89
1544727494.98
1544727495.03
1544727495.07
1544727495.13
1544727495.19
1544727495.28
1544727495.35
1544727495.41
1544727495.48
1544727495.54
1544727495.59
1544727495.66
1544727495.74
1544727495.8
1544727495.86
1544727495.95
1544727496.01
1544727496.08
1544727496.16
1544727496.25
1544727496.33
1544727496.44
1544727496.51
1544727496.59
1544727496.68
1544727496.76
1544727496.83
1544727496.91
1544727496.97
1544727497.03
1544727497.16
1544727497.25
1544727497.35
1544727497.46
1544727497.54
1544727497.61
1544727497.68
1544727497.75
1544727497.81
1544727497.9
1544727497.96
1544727498.02
1544727498.08
1544727498.14
1544727498.19
1544727498.26
1544727498.32
1544727498.4
1544727498.47
1544727498.54
1544727498.61
1544727498.67
1544727498.74
1544727498.8
1544727498.87
1544727498.93
1544727498.99
1544727499.06
1544727499.12
1544727499.21
1544727499.3
1544727499.36
1544727499.41
1544727499.47
1544727499.53
1544727499.58
1544727499.63
1544727499.7
1544727499.75
1544727499.81
1544727499.89
1544727499.96
1544727500.03
1544727500.09
1544727500.17
1544727500.26
1544727500.32
1544727500.4
1544727500.48
1544727500.55
1544727500.62
1544727500.7
1544727500.77
1544727500.84
1544727500.9
1544727500.97
1544727501.05
1544727501.12
1544727501.2
1544727501.27
1544727501.37
1544727501.45
1544727501.51
1544727501.59
1544727501.68
1544727501.76
1544727501.84
1544727501.96
1544727502.08
1544727502.19
1544727502.26
1544727502.35
1544727502.44
1544727502.5
1544727502.57
1544727502.64
1544727502.72
1544727502.79
1544727502.86
1544727502.95
1544727503.02
1544727503.1
1544727503.17
1544727503.23
1544727503.28
1544727503.36
1544727503.41
1544727503.52
1544727503.63
1544727503.71
1544727503.79
1544727503.86
1544727503.93
1544727504.04
1544727504.09
1544727504.18
1544727504.25
1544727504.34
1544727504.39
1544727504.47
1544727504.54
1544727504.61
1544727504.69
1544727504.77
1544727504.83
1544727504.95
1544727505.03
1544727505.1
1544727505.17
1544727505.28
1544727505.37
1544727505.46
1544727505.54
1544727505.59
1544727505.68
1544727505.76
1544727505.84
1544727505.91
1544727505.98
1544727506.04
1544727506.11
1544727506.18
1544727506.24
1544727506.31
1544727506.39
1544727506.46
1544727506.53
1544727506.59
1544727506.67
1544727506.76
1544727506.84
1544727506.91
1544727506.98
1544727507.04
1544727507.11
1544727507.18
1544727507.25
1544727507.32
1544727507.39
1544727507.46
1544727507.53
1544727507.59
1544727507.66
1544727507.73
1544727507.79
1544727507.88
1544727507.94
1544727508.02
1544727508.11
1544727508.19
1544727508.3
1544727508.41
1544727508.51
1544727508.62
1544727508.72
1544727508.8
1544727508.89
1544727508.98
1544727509.06
1544727509.12
1544727509.18
1544727509.25
1544727509.32
1544727509.39
1544727509.47
1544727509.58
1544727509.67
1544727509.74
1544727509.83
1544727509.9
1544727509.97
1544727510.04
1544727510.11
1544727510.18
1544727510.25
1544727510.32
1544727510.39
1544727510.47
1544727510.54
1544727510.59
1544727510.73
1544727510.82
1544727510.85
1544727510.94
1544727511.01
1544727511.1
1544727511.18
1544727511.25
1544727511.34
1544727511.41
1544727511.48
1544727511.56
1544727511.63
1544727511.74
1544727511.81
1544727511.88
1544727511.93
1544727511.98
1544727512.04
1544727512.12
1544727512.18
1544727512.28
1544727512.4
1544727512.48
1544727512.54
1544727512.62
1544727512.69
1544727512.77
1544727512.82
1544727512.9
1544727512.97
1544727513.05
1544727513.15
1544727513.25
1544727513.34
1544727513.41
1544727513.52
1544727513.62
1544727513.7
1544727513.78
1544727513.89
1544727513.96
1544727514.05
1544727514.14
1544727514.26
1544727514.37
1544727514.46
1544727514.54
1544727514.6
1544727514.66
1544727514.72
1544727514.78
1544727514.83
1544727514.89
1544727514.94
1544727515.0
1544727515.06
1544727515.11
1544727515.17
1544727515.23
1544727515.32
1544727515.38
1544727515.43
1544727515.49
1544727515.55
1544727515.62
1544727515.68
1544727515.74
1544727515.82
1544727515.91
1544727516.02
1544727516.1
1544727516.17
1544727516.25
1544727516.31
1544727516.38
1544727516.44
1544727516.51
1544727516.61
1544727516.67
1544727516.76
1544727516.83
1544727516.91
1544727516.99
1544727517.06
1544727517.11
1544727517.16
1544727517.27
1544727517.38
1544727517.48
1544727517.55
1544727517.64
1544727517.73
1544727517.85
1544727517.95
1544727518.03
1544727518.1
1544727518.18
1544727518.24
1544727518.34
1544727518.42
1544727518.5
1544727518.63
1544727518.74
1544727518.81
1544727518.89
1544727518.96
1544727519.03
1544727519.09
1544727519.15
1544727519.2
1544727519.26
1544727519.36
1544727519.47
1544727519.56
1544727519.69
1544727519.74
1544727519.86
1544727519.94
1544727520.01
1544727520.12
1544727520.2
1544727520.26
1544727520.34
1544727520.41
1544727520.47
1544727520.54
1544727520.6
1544727520.69
1544727520.75
1544727520.82
1544727520.92
1544727520.99
1544727521.06
1544727521.14
1544727521.2
1544727521.28
1544727521.36
1544727521.43
1544727521.5
1544727521.58
1544727521.66
1544727521.73
1544727521.81
1544727521.88
1544727521.96
1544727522.03
1544727522.12
1544727522.2
1544727522.28
1544727522.38
1544727522.46
1544727522.53
1544727522.63
1544727522.71
1544727522.79
1544727522.88
1544727522.96
1544727523.03
1544727523.11
1544727523.17
1544727523.25
1544727523.35
1544727523.42
1544727523.5
1544727523.56
1544727523.62
1544727523.68
1544727523.74
1544727523.8
1544727523.84
1544727523.94
1544727524.01
1544727524.08
1544727524.15
1544727524.22
1544727524.29
1544727524.36
1544727524.4
1544727524.47
1544727524.54
1544727524.6
1544727524.66
1544727524.72
1544727524.76
1544727524.84
1544727524.9
1544727525.01
1544727525.1
1544727525.18
1544727525.29
1544727525.38
1544727525.44
1544727525.54
1544727525.62
1544727525.68
1544727525.73
1544727525.78
1544727525.82
1544727525.91
1544727526.03
1544727526.13
1544727526.24
1544727526.3
1544727526.38
1544727526.51
1544727526.56
1544727526.66
1544727526.75
1544727526.84
1544727526.91
1544727526.99
1544727527.08
1544727527.17
1544727527.24
1544727527.3
1544727527.37
1544727527.44
1544727527.5
1544727527.57
1544727527.63
1544727527.69
1544727527.75
1544727527.82
1544727527.87
1544727527.94
1544727528.0
1544727528.07
1544727528.13
1544727528.2
1544727528.26
1544727528.34
1544727528.41
1544727528.48
1544727528.56
1544727528.64
1544727528.71
1544727528.78
1544727528.85
1544727528.93
1544727529.01
1544727529.08
1544727529.15
1544727529.23
1544727529.32
1544727529.4
1544727529.48
1544727529.56
1544727529.65
1544727529.72
1544727529.8
1544727529.87
1544727529.95
1544727530.03
1544727530.1
1544727530.17
1544727530.25
1544727530.33
1544727530.42
1544727530.49
1544727530.57
1544727530.65
1544727530.71
1544727530.78
1544727530.85
1544727530.9
1544727530.98
1544727531.06
1544727531.15
1544727531.23
1544727531.34
1544727531.43
1544727531.5
1544727531.56
1544727531.62
1544727531.69
1544727531.77
1544727531.83
1544727531.92
1544727531.99
1544727532.08
1544727532.16
1544727532.24
1544727532.36
1544727532.44
1544727532.52
1544727532.58
1544727532.66
1544727532.72
1544727532.79
1544727532.84
1544727532.92
1544727532.98
1544727533.06
1544727533.13
1544727533.19
1544727533.25
1544727533.32
1544727533.38
1544727533.43
1544727533.47
1544727533.57
1544727533.62
1544727533.71
1544727533.79
1544727533.87
1544727533.94
1544727534.02
1544727534.12
1544727534.17
1544727534.22
1544727534.31
1544727534.39
1544727534.49
1544727534.53
1544727534.62
1544727534.69
1544727534.76
1544727534.86
1544727534.97
1544727535.04
1544727535.11
1544727535.18
1544727535.26
1544727535.33
1544727535.39
1544727535.47
1544727535.55
1544727535.63
1544727535.7
1544727535.76
1544727535.82
1544727535.88
1544727535.94
1544727536.04
1544727536.13
1544727536.22
1544727536.29
1544727536.37
1544727536.46
1544727536.54
1544727536.63
1544727536.72
1544727536.81
1544727536.89
1544727536.96
1544727537.04
1544727537.16
1544727537.22
1544727537.28
1544727537.33
1544727537.39
1544727537.49
1544727537.57
1544727537.68
1544727537.76
1544727537.84
1544727537.95
1544727538.04
1544727538.14
1544727538.26
1544727538.4
1544727538.53
1544727538.61
1544727538.69
1544727538.78
1544727538.87
1544727538.94
1544727539.05
1544727539.13
1544727539.22
1544727539.3
1544727539.4
1544727539.49
1544727539.57
1544727539.66
1544727539.74
1544727539.82
1544727539.89
1544727539.97
1544727540.05
1544727540.13
1544727540.2
1544727540.27
1544727540.34
1544727540.41
1544727540.48
1544727540.56
1544727540.63
1544727540.72
1544727540.78
1544727540.85
1544727540.92
1544727540.98
1544727541.03
1544727541.12
1544727541.2
1544727541.29
1544727541.36
1544727541.46
1544727541.55
1544727541.63
1544727541.71
1544727541.79
1544727541.87
1544727541.95
1544727542.04
1544727542.13
1544727542.21
1544727542.28
1544727542.35
1544727542.44
1544727542.54
1544727542.61
1544727542.67
1544727542.74
1544727542.82
1544727542.89
1544727542.96
1544727543.04
1544727543.09
1544727543.14
1544727543.18
1544727543.26
1544727543.35
1544727543.43
1544727543.51
1544727543.57
1544727543.64
1544727543.71
1544727543.83
1544727543.91
1544727544.01
1544727544.07
1544727544.15
1544727544.23
1544727544.29
1544727544.36
1544727544.47
1544727544.57
1544727544.66
1544727544.75
1544727544.84
1544727544.94
1544727545.03
1544727545.1
1544727545.17
1544727545.24
1544727545.31
1544727545.38
1544727545.45
1544727545.52
1544727545.59
1544727545.65
1544727545.76
1544727545.84
1544727545.93
1544727546.02
1544727546.1
1544727546.19
1544727546.27
1544727546.35
1544727546.44
1544727546.56
1544727546.67
1544727546.77
1544727546.82
1544727546.88
1544727546.98
1544727547.05
1544727547.15
1544727547.25
1544727547.33
1544727547.42
1544727547.51
1544727547.59
1544727547.7
1544727547.81
1544727547.92
1544727548.02
1544727548.08
1544727548.19
1544727548.28
1544727548.38
1544727548.48
1544727548.57
1544727548.67
1544727548.77
1544727548.87
1544727548.96
1544727549.08
1544727549.16
1544727549.21
1544727549.29
1544727549.37
1544727549.45
1544727549.52
1544727549.57
1544727549.65
1544727549.74
1544727549.81
1544727549.86
1544727549.91
1544727549.96
1544727550.08
1544727550.14
1544727550.18
1544727550.26
1544727550.32
1544727550.37
1544727550.47
1544727550.56
1544727550.68
1544727550.78
1544727550.88
1544727550.95
1544727551.02
1544727551.09
1544727551.15
1544727551.23
1544727551.32
1544727551.4
1544727551.48
1544727551.58
1544727551.7
1544727551.77
1544727551.85
1544727551.94
1544727552.02
1544727552.12
1544727552.2
1544727552.35
1544727552.44
1544727552.49
1544727552.56
1544727552.63
1544727552.69
1544727552.76
1544727552.85
1544727552.97
1544727553.07
1544727553.17
1544727553.25
1544727553.35
1544727553.44
1544727553.52
1544727553.59
1544727553.66
1544727553.73
1544727553.8
1544727553.87
1544727553.94
1544727554.02
1544727554.09
1544727554.16
1544727554.23
1544727554.31
1544727554.39
1544727554.45
1544727554.53
1544727554.59
1544727554.66
1544727554.72
1544727554.81
1544727554.88
1544727554.95
1544727555.01
1544727555.08
1544727555.17
1544727555.3
1544727555.42
1544727555.52
1544727555.61
1544727555.69
1544727555.76
1544727555.85
1544727555.92
1544727555.99
1544727556.06
1544727556.13
1544727556.19
1544727556.26
1544727556.33
1544727556.41
1544727556.48
1544727556.56
1544727556.68
1544727556.77
1544727556.92
1544727556.98
1544727557.09
1544727557.16
1544727557.26
1544727557.35
1544727557.44
1544727557.53
1544727557.59
1544727557.69
1544727557.78
1544727557.88
1544727557.96
1544727558.04
1544727558.11
1544727558.22
1544727558.32
1544727558.39
1544727558.51
1544727558.58
1544727558.65
1544727558.7
1544727558.81
1544727558.89
1544727558.96
1544727559.04
1544727559.12
1544727559.2
1544727559.31
1544727559.39
1544727559.47
1544727559.53
1544727559.59
1544727559.66
1544727559.72
1544727559.79
1544727559.87
1544727559.99
1544727560.1
1544727560.21
1544727560.29
1544727560.37
1544727560.46
1544727560.55
1544727560.64
1544727560.75
1544727560.85
1544727560.95
1544727561.05
1544727561.17
1544727561.27
1544727561.37
1544727561.46
1544727561.54
1544727561.62
1544727561.74
1544727561.84
1544727561.95
1544727562.04
1544727562.11
1544727562.19
1544727562.27
1544727562.34
1544727562.42
1544727562.49
1544727562.56
1544727562.64
1544727562.72
1544727562.79
1544727562.86
1544727562.93
1544727563.01
1544727563.11
1544727563.19
1544727563.27
1544727563.35
1544727563.43
1544727563.51
1544727563.58
1544727563.64
1544727563.71
1544727563.78
1544727563.85
1544727563.92
1544727563.99
1544727564.06
1544727564.12
1544727564.19
1544727564.26
1544727564.33
1544727564.39
1544727564.45
1544727564.52
1544727564.59
1544727564.66
1544727564.73
1544727564.83
1544727564.94
1544727565.04
1544727565.14
1544727565.26
1544727565.36
1544727565.46
1544727565.59
1544727565.73
1544727565.83
1544727565.91
1544727565.99
1544727566.07
1544727566.12
1544727566.2
1544727566.32
1544727566.4
1544727566.46
1544727566.54
1544727566.61
1544727566.71
1544727566.79
1544727566.87
1544727566.96
1544727567.02
1544727567.08
1544727567.13
1544727567.22
1544727567.29
1544727567.34
1544727567.38
1544727567.43
1544727567.48
1544727567.55
1544727567.62
1544727567.7
1544727567.83
1544727567.95
1544727568.03
1544727568.09
1544727568.19
1544727568.28
1544727568.42
1544727568.53
1544727568.59
1544727568.71
1544727568.79
1544727568.91
1544727568.99
1544727569.09
1544727569.17
1544727569.27
1544727569.34
1544727569.38
1544727569.43
1544727569.49
1544727569.56
1544727569.63
1544727569.69
1544727569.78
1544727569.86
1544727569.95
1544727570.02
1544727570.1
1544727570.16
1544727570.26
1544727570.35
1544727570.46
1544727570.58
1544727570.65
1544727570.75
1544727570.85
1544727570.94
1544727571.0
1544727571.06
1544727571.11
1544727571.18
1544727571.24
1544727571.29
1544727571.37
1544727571.42
1544727571.49
1544727571.56
1544727571.62
1544727571.68
1544727571.75
1544727571.8
1544727571.86
1544727571.95
1544727572.03
1544727572.13
1544727572.22
1544727572.32
1544727572.4
1544727572.45
1544727572.5
1544727572.58
1544727572.68
1544727572.78
1544727572.88
1544727572.98
1544727573.07
1544727573.18
1544727573.26
1544727573.34
1544727573.42
1544727573.49
1544727573.57
1544727573.65
1544727573.74
1544727573.82
1544727573.89
1544727573.97
1544727574.04
1544727574.1
1544727574.18
1544727574.26
1544727574.32
1544727574.41
1544727574.5
1544727574.55
1544727574.62
1544727574.69
1544727574.77
1544727574.84
1544727574.92
1544727574.96
1544727575.03
1544727575.12
1544727575.19
1544727575.28
1544727575.35
1544727575.45
1544727575.54
1544727575.62
1544727575.7
1544727575.8
1544727575.87
1544727575.94
1544727576.03
1544727576.12
1544727576.21
1544727576.27
1544727576.35
1544727576.42
1544727576.49
1544727576.56
1544727576.63
1544727576.69
1544727576.77
1544727576.83
1544727576.9
1544727576.97
1544727577.04
1544727577.11
1544727577.17
1544727577.24
1544727577.32
1544727577.38
1544727577.45
1544727577.52
1544727577.61
1544727577.68
1544727577.75
1544727577.82
1544727577.9
1544727577.97
1544727578.03
1544727578.09
1544727578.18
1544727578.28
1544727578.39
1544727578.49
1544727578.61
1544727578.7
1544727578.8
1544727578.91
1544727579.02
1544727579.14
1544727579.24
1544727579.3
1544727579.4
1544727579.49
1544727579.56
1544727579.64
1544727579.72
1544727579.83
1544727579.9
1544727580.01
1544727580.11
1544727580.2
1544727580.29
1544727580.37
1544727580.49
1544727580.55
1544727580.64
1544727580.76
1544727580.85
1544727580.92
1544727581.04
1544727581.14
1544727581.22
1544727581.3
1544727581.38
1544727581.46
1544727581.54
1544727581.61
1544727581.69
1544727581.78
1544727581.87
1544727581.96
1544727582.06
1544727582.15
1544727582.24
1544727582.32
1544727582.4
1544727582.46
1544727582.54
1544727582.61
1544727582.69
1544727582.78
1544727582.86
1544727582.95
1544727583.04
1544727583.12
1544727583.19
1544727583.28
1544727583.39
1544727583.49
1544727583.57
1544727583.64
1544727583.71
1544727583.76
1544727583.89
1544727583.96
1544727584.08
1544727584.17
1544727584.29
1544727584.39
1544727584.5
1544727584.59
1544727584.69
1544727584.77
1544727584.86
1544727584.96
1544727585.06
1544727585.14
1544727585.23
1544727585.33
1544727585.4
1544727585.54
1544727585.66
1544727585.75
1544727585.87
1544727585.93
1544727586.02
1544727586.11
1544727586.16
1544727586.28
1544727586.39
1544727586.49
1544727586.56
1544727586.66
1544727586.75
1544727586.83
1544727586.92
1544727587.0
1544727587.09
1544727587.17
1544727587.23
1544727587.31
1544727587.38
1544727587.46
1544727587.54
1544727587.6
1544727587.71
1544727587.79
1544727587.85
1544727587.9
1544727587.95
1544727588.04
1544727588.11
1544727588.19
1544727588.26
1544727588.33
1544727588.39
1544727588.47
1544727588.53
1544727588.6
1544727588.66
1544727588.75
1544727588.82
1544727588.91
1544727588.99
1544727589.08
1544727589.18
1544727589.25
1544727589.34
1544727589.39
1544727589.53
1544727589.62
1544727589.68
1544727589.74
1544727589.83
1544727589.92
1544727590.02
1544727590.1
1544727590.18
1544727590.27
1544727590.32
1544727590.41
1544727590.49
1544727590.56
1544727590.63
1544727590.69
1544727590.76
1544727590.82
1544727590.93
1544727590.98
1544727591.07
1544727591.13
1544727591.18
1544727591.25
1544727591.35
1544727591.44
1544727591.51
1544727591.58
1544727591.66
1544727591.73
1544727591.81
1544727591.88
1544727591.96
1544727592.05
1544727592.13
1544727592.23
1544727592.32
1544727592.4
1544727592.48
1544727592.53
1544727592.59
1544727592.65
1544727592.72
1544727592.79
1544727592.85
1544727592.93
1544727593.0
1544727593.08
1544727593.16
1544727593.23
1544727593.28
1544727593.34
1544727593.42
1544727593.51
1544727593.59
1544727593.68
1544727593.75
1544727593.84
1544727593.91
1544727593.98
1544727594.06
1544727594.19
1544727594.28
1544727594.37
1544727594.45
1544727594.53
1544727594.61
1544727594.66
1544727594.73
1544727594.81
1544727594.87
1544727594.93
1544727594.98
1544727595.08
1544727595.15
1544727595.25
1544727595.35
1544727595.44
1544727595.52
1544727595.59
1544727595.7
1544727595.81
1544727595.91
1544727595.98
1544727596.04
1544727596.11
1544727596.17
1544727596.24
1544727596.32
1544727596.4
1544727596.45
1544727596.54
1544727596.63
1544727596.7
1544727596.79
1544727596.86
1544727596.94
1544727597.02
1544727597.08
1544727597.13
1544727597.21
1544727597.28
1544727597.36
1544727597.41
1544727597.47
1544727597.54
1544727597.59
1544727597.74
1544727597.81
1544727597.92
1544727597.98
1544727598.07
1544727598.14
1544727598.19
1544727598.26
1544727598.33
1544727598.43
1544727598.52
1544727598.58
1544727598.64
1544727598.71
1544727598.81
1544727598.89
1544727598.96
1544727599.06
1544727599.16
1544727599.25
1544727599.33
1544727599.43
1544727599.51
1544727599.62
1544727599.7
1544727599.77
1544727599.85
1544727599.9
1544727599.98
1544727600.06
1544727600.14
1544727600.22
1544727600.29
1544727600.37
1544727600.48
1544727600.64
1544727600.77
1544727600.85
1544727600.93
1544727601.01
1544727601.08
1544727601.16
1544727601.23
1544727601.31
1544727601.38
1544727601.45
1544727601.52
1544727601.61
1544727601.69
1544727601.77
1544727601.85
1544727601.93
1544727602.0
1544727602.08
1544727602.15
1544727602.23
1544727602.3
1544727602.38
1544727602.45
1544727602.54
1544727602.62
1544727602.69
1544727602.76
1544727602.83
1544727602.9
1544727602.97
1544727603.03
1544727603.1
1544727603.18
1544727603.24
1544727603.34
1544727603.41
1544727603.49
1544727603.62
1544727603.68
1544727603.77
1544727603.84
1544727603.92
1544727604.02
1544727604.12
1544727604.19
1544727604.27
1544727604.36
1544727604.52
1544727604.63
1544727604.71
1544727604.78
1544727604.84
1544727604.88
1544727604.97
1544727605.04
1544727605.13
1544727605.21
1544727605.29
1544727605.39
1544727605.45
1544727605.52
1544727605.58
1544727605.66
1544727605.78
1544727605.84
1544727605.89
1544727606.02
1544727606.11
1544727606.22
1544727606.32
1544727606.46
1544727606.58
1544727606.68
1544727606.81
1544727606.9
1544727607.04
1544727607.12
1544727607.26
1544727607.38
1544727607.48
1544727607.61
1544727607.69
1544727607.79
1544727607.87
1544727607.99
1544727608.09
1544727608.16
1544727608.26
1544727608.36
1544727608.43
1544727608.53
1544727608.63
1544727608.7
1544727608.75
1544727608.82
1544727608.89
1544727608.97
1544727609.03
1544727609.11
1544727609.18
1544727609.25
1544727609.36
1544727609.42
1544727609.5
1544727609.59
1544727609.67
1544727609.74
1544727609.82
1544727609.9
1544727610.0
1544727610.09
1544727610.17
1544727610.22
1544727610.28
1544727610.38
1544727610.47
1544727610.53
1544727610.6
1544727610.68
1544727610.77
1544727610.86
1544727610.93
1544727610.99
1544727611.05
1544727611.09
1544727611.17
1544727611.25
1544727611.31
1544727611.42
1544727611.5
1544727611.62
1544727611.67
1544727611.76
1544727611.83
1544727611.9
1544727611.99
1544727612.07
1544727612.15
1544727612.2
1544727612.26
1544727612.37
1544727612.46
1544727612.52
1544727612.6
1544727612.67
1544727612.74
1544727612.81
1544727612.87
1544727612.93
1544727612.99
1544727613.05
1544727613.11
1544727613.16
1544727613.25
1544727613.35
1544727613.44
1544727613.53
1544727613.64
1544727613.68
1544727613.81
1544727613.88
1544727613.97
1544727614.05
1544727614.14
1544727614.23
1544727614.28
1544727614.39
1544727614.5
1544727614.58
1544727614.72
1544727614.84
1544727614.91
1544727615.02
1544727615.1
1544727615.21
1544727615.29
1544727615.37
1544727615.45
1544727615.54
1544727615.62
1544727615.7
1544727615.8
1544727615.88
1544727615.97
1544727616.05
1544727616.13
1544727616.25
1544727616.33
1544727616.4
1544727616.49
1544727616.59
1544727616.68
1544727616.78
1544727616.86
1544727616.92
1544727617.04
1544727617.11
1544727617.21
1544727617.32
1544727617.43
1544727617.51
1544727617.61
1544727617.71
1544727617.81
1544727617.87
1544727617.93
1544727618.02
1544727618.12
1544727618.22
1544727618.31
1544727618.39
1544727618.48
1544727618.53
1544727618.59
1544727618.67
1544727618.75
1544727618.82
1544727618.9
1544727618.99
1544727619.1
1544727619.16
1544727619.23
1544727619.36
1544727619.48
1544727619.58
1544727619.75
1544727619.82
1544727619.9
1544727619.97
1544727620.02
1544727620.08
1544727620.17
1544727620.25
1544727620.33
1544727620.39
1544727620.48
1544727620.56
1544727620.65
1544727620.7
1544727620.77
1544727620.84
1544727620.93
1544727621.0
1544727621.09
1544727621.16
1544727621.23
1544727621.29
1544727621.36
1544727621.44
1544727621.53
1544727621.59
1544727621.7
1544727621.79
1544727621.88
1544727621.95
1544727621.99
1544727622.05
1544727622.14
1544727622.23
1544727622.32
1544727622.4
1544727622.52
1544727622.59
1544727622.74
1544727622.86
1544727622.92
1544727623.0
1544727623.07
1544727623.14
1544727623.21
1544727623.31
1544727623.39
1544727623.48
1544727623.55
1544727623.64
1544727623.73
1544727623.81
1544727623.87
1544727623.93
1544727623.98
1544727624.07
1544727624.15
1544727624.28
1544727624.38
1544727624.48
1544727624.55
1544727624.64
1544727624.73
1544727624.8
1544727624.87
1544727624.95
1544727625.01
1544727625.06
1544727625.15
1544727625.23
1544727625.3
1544727625.38
1544727625.44
1544727625.49
1544727625.53
1544727625.61
1544727625.69
1544727625.73
1544727625.77
1544727625.82
1544727625.92
1544727625.97
1544727626.03
1544727626.09
1544727626.16
1544727626.26
1544727626.38
1544727626.48
1544727626.55
1544727626.6
1544727626.69
1544727626.8
1544727626.89
1544727627.0
1544727627.1
1544727627.16
1544727627.25
1544727627.33
1544727627.39
1544727627.45
1544727627.51
1544727627.56
1544727627.64
1544727627.74
1544727627.85
1544727627.93
1544727628.03
1544727628.13
1544727628.19
1544727628.3
1544727628.41
1544727628.45
1544727628.53
1544727628.61
1544727628.68
1544727628.76
1544727628.83
1544727628.87
1544727628.94
1544727629.02
1544727629.08
1544727629.14
1544727629.2
1544727629.27
1544727629.34
1544727629.41
1544727629.52
1544727629.58
1544727629.66
1544727629.74
1544727629.85
1544727629.94
1544727629.99
1544727630.07
1544727630.14
1544727630.21
1544727630.32
1544727630.39
1544727630.47
1544727630.54
1544727630.59
1544727630.66
1544727630.72
1544727630.78
1544727630.85
1544727630.91
1544727631.0
1544727631.07
1544727631.15
1544727631.22
1544727631.28
1544727631.33
1544727631.41
1544727631.48
1544727631.54
1544727631.62
1544727631.74
1544727631.82
1544727631.95
1544727632.02
1544727632.12
1544727632.21
1544727632.29
1544727632.37
1544727632.46
1544727632.54
1544727632.58
1544727632.63
1544727632.71
1544727632.79
1544727632.86
1544727632.94
1544727633.0
1544727633.08
1544727633.16
1544727633.24
1544727633.31
1544727633.37
1544727633.44
1544727633.52
1544727633.59
1544727633.67
1544727633.74
1544727633.82
1544727633.89
1544727634.02
1544727634.14
1544727634.24
1544727634.36
1544727634.43
1544727634.51
1544727634.57
1544727634.66
1544727634.75
1544727634.84
1544727634.94
1544727635.03
1544727635.13
1544727635.2
1544727635.29
1544727635.37
1544727635.45
1544727635.52
1544727635.59
1544727635.67
1544727635.74
1544727635.83
1544727635.91
1544727635.99
1544727636.06
1544727636.15
1544727636.21
1544727636.31
1544727636.38
1544727636.46
1544727636.54
1544727636.62
1544727636.71
1544727636.8
1544727636.9
1544727636.99
1544727637.08
1544727637.18
1544727637.23
1544727637.31
1544727637.39
1544727637.47
1544727637.54
1544727637.61
1544727637.68
1544727637.76
1544727637.82
1544727637.91
1544727637.98
1544727638.06
1544727638.12
1544727638.19
1544727638.27
1544727638.34
1544727638.41
1544727638.48
1544727638.53
1544727638.6
1544727638.67
1544727638.74
1544727638.81
1544727638.89
1544727638.94
1544727639.01
1544727639.08
1544727639.16
1544727639.26
1544727639.32
1544727639.41
1544727639.48
1544727639.59
1544727639.66
1544727639.72
1544727639.79
1544727639.84
1544727639.92
1544727639.99
1544727640.06
1544727640.12
1544727640.21
1544727640.28
1544727640.36
1544727640.42
1544727640.5
1544727640.62
1544727640.74
1544727640.83
1544727640.94
1544727641.02
1544727641.11
1544727641.18
1544727641.25
1544727641.32
1544727641.42
1544727641.52
1544727641.59
1544727641.68
1544727641.77
1544727641.86
1544727641.94
1544727642.04
1544727642.13
1544727642.21
1544727642.29
1544727642.37
1544727642.44
1544727642.52
1544727642.59
1544727642.66
1544727642.74
1544727642.81
1544727642.91
1544727642.99
1544727643.07
1544727643.19
1544727643.29
1544727643.4
1544727643.49
1544727643.56
1544727643.64
1544727643.73
1544727643.83
1544727643.93
1544727644.01
1544727644.09
1544727644.17
1544727644.29
1544727644.37
1544727644.46
1544727644.53
1544727644.6
1544727644.67
1544727644.75
1544727644.82
1544727644.88
1544727644.94
1544727645.0
1544727645.07
1544727645.14
1544727645.23
1544727645.29
1544727645.37
1544727645.44
1544727645.5
1544727645.57
1544727645.64
1544727645.69
1544727645.76
1544727645.83
1544727645.87
1544727645.95
1544727646.05
1544727646.13
1544727646.2
1544727646.26
1544727646.33
1544727646.42
1544727646.52
1544727646.56
1544727646.63
1544727646.69
1544727646.79
1544727646.89
1544727646.96
1544727647.04
1544727647.11
1544727647.18
1544727647.25
1544727647.33
1544727647.4
1544727647.46
1544727647.53
1544727647.6
1544727647.7
1544727647.78
1544727647.87
1544727647.96
1544727648.08
1544727648.14
1544727648.27
1544727648.37
1544727648.47
1544727648.57
1544727648.69
1544727648.78
1544727648.87
1544727648.96
1544727649.05
1544727649.19
1544727649.26
1544727649.34
1544727649.42
1544727649.49
1544727649.59
1544727649.66
1544727649.74
1544727649.85
1544727649.95
1544727650.04
1544727650.12
1544727650.23
1544727650.33
1544727650.44
1544727650.54
1544727650.63
1544727650.73
1544727650.81
1544727650.87
1544727650.97
1544727651.04
1544727651.11
1544727651.19
1544727651.25
1544727651.31
1544727651.45
1544727651.52
1544727651.59
1544727651.66
1544727651.7
1544727651.78
1544727651.86
1544727651.92
1544727652.04
1544727652.12
1544727652.19
1544727652.26
1544727652.33
1544727652.39
1544727652.46
1544727652.52
1544727652.57
1544727652.64
1544727652.7
1544727652.76
1544727652.84
1544727652.92
1544727652.96
1544727653.03
1544727653.07
1544727653.14
1544727653.2
1544727653.26
1544727653.31
1544727653.37
1544727653.43
1544727653.49
1544727653.55
1544727653.62
1544727653.71
1544727653.8
1544727653.89
1544727653.96
1544727654.02
1544727654.11
1544727654.27
1544727654.36
1544727654.5
1544727654.63
1544727654.71
1544727654.8
1544727654.89
1544727654.98
1544727655.11
1544727655.24
1544727655.33
1544727655.44
1544727655.54
1544727655.64
1544727655.73
1544727655.84
1544727655.95
1544727656.03
1544727656.16
1544727656.25
1544727656.35
1544727656.44
1544727656.52
1544727656.61
1544727656.67
1544727656.76
1544727656.83
1544727656.89
1544727656.95
1544727657.02
1544727657.08
1544727657.19
1544727657.27
1544727657.36
1544727657.44
1544727657.52
1544727657.58
1544727657.66
1544727657.74
1544727657.82
1544727657.89
1544727657.97
1544727658.04
1544727658.12
1544727658.17
1544727658.21
1544727658.27
1544727658.36
1544727658.41
1544727658.53
1544727658.6
1544727658.68
1544727658.8
1544727658.94
1544727659.05
1544727659.17
1544727659.24
1544727659.32
1544727659.39
1544727659.44
1544727659.49
1544727659.59
1544727659.67
1544727659.81
1544727659.9
1544727659.99
1544727660.1
1544727660.17
1544727660.25
1544727660.33
1544727660.4
1544727660.49
1544727660.55
1544727660.62
1544727660.69
1544727660.77
1544727660.85
1544727660.92
1544727661.03
1544727661.11
1544727661.2
1544727661.27
1544727661.33
1544727661.41
1544727661.46
1544727661.52
1544727661.58
1544727661.66
1544727661.72
