1544727835.27
1544727835.55
1544727835.66
1544727835.73
1544727835.81
1544727835.87
1544727835.95
1544727836.03
1544727836.09
1544727836.21
1544727836.31
1544727836.42
1544727836.51
1544727836.59
1544727836.67
1544727836.74
1544727836.81
1544727836.88
1544727836.95
1544727837.01
1544727837.08
1544727837.15
1544727837.22
1544727837.29
1544727837.36
1544727837.42
1544727837.47
1544727837.55
1544727837.61
1544727837.67
1544727837.74
1544727837.79
1544727837.86
1544727837.92
1544727837.98
1544727838.05
1544727838.1
1544727838.16
1544727838.22
1544727838.29
1544727838.41
1544727838.51
1544727838.59
1544727838.68
1544727838.77
1544727838.83
1544727838.92
1544727839.02
1544727839.11
1544727839.18
1544727839.27
1544727839.34
1544727839.44
1544727839.52
1544727839.62
1544727839.71
1544727839.79
1544727839.86
1544727839.94
1544727840.01
1544727840.11
1544727840.17
1544727840.23
1544727840.29
1544727840.37
1544727840.45
1544727840.51
1544727840.6
1544727840.69
1544727840.76
1544727840.84
1544727840.92
1544727840.99
1544727841.06
1544727841.13
1544727841.19
1544727841.26
1544727841.34
1544727841.4
1544727841.46
1544727841.52
1544727841.62
1544727841.69
1544727841.77
1544727841.85
1544727841.92
1544727841.99
1544727842.06
1544727842.17
1544727842.26
1544727842.33
1544727842.41
1544727842.48
1544727842.56
1544727842.68
1544727842.76
1544727842.86
1544727842.93
1544727843.0
1544727843.08
1544727843.16
1544727843.31
1544727843.37
1544727843.48
1544727843.54
1544727843.61
1544727843.68
1544727843.73
1544727843.81
1544727843.88
1544727843.96
1544727844.03
1544727844.11
1544727844.19
1544727844.27
1544727844.33
1544727844.4
1544727844.45
1544727844.54
1544727844.61
1544727844.68
1544727844.73
1544727844.81
1544727844.89
1544727844.97
1544727845.05
1544727845.12
1544727845.2
1544727845.28
1544727845.32
1544727845.43
1544727845.52
1544727845.58
1544727845.68
1544727845.78
1544727845.87
1544727845.96
1544727846.05
1544727846.14
1544727846.24
1544727846.32
1544727846.39
1544727846.49
1544727846.59
1544727846.67
1544727846.79
1544727846.85
1544727846.92
1544727847.01
1544727847.07
1544727847.19
1544727847.26
1544727847.35
1544727847.42
1544727847.49
1544727847.56
1544727847.62
1544727847.69
1544727847.79
1544727847.85
1544727847.89
1544727848.0
1544727848.09
1544727848.16
1544727848.24
1544727848.29
1544727848.38
1544727848.46
1544727848.55
1544727848.63
1544727848.7
1544727848.81
1544727848.88
1544727848.97
1544727849.06
1544727849.14
1544727849.24
1544727849.33
1544727849.42
1544727849.49
1544727849.56
1544727849.62
1544727849.68
1544727849.75
1544727849.84
1544727849.89
1544727849.97
1544727850.04
1544727850.11
1544727850.17
1544727850.25
1544727850.31
1544727850.37
1544727850.43
1544727850.5
1544727850.56
1544727850.63
1544727850.68
1544727850.75
1544727850.82
1544727850.89
1544727850.99
1544727851.07
1544727851.14
1544727851.22
1544727851.28
1544727851.36
1544727851.43
1544727851.52
1544727851.65
1544727851.74
1544727851.81
1544727851.85
1544727851.88
1544727851.93
1544727852.01
1544727852.08
1544727852.16
1544727852.23
1544727852.3
1544727852.37
1544727852.44
1544727852.51
1544727852.56
1544727852.6
1544727852.67
1544727852.72
1544727852.77
1544727852.84
1544727852.91
1544727853.03
1544727853.12
1544727853.21
1544727853.3
1544727853.39
1544727853.49
1544727853.57
1544727853.66
1544727853.73
1544727853.82
1544727853.89
1544727853.96
1544727854.05
1544727854.14
1544727854.22
1544727854.3
1544727854.41
1544727854.49
1544727854.57
1544727854.65
1544727854.73
1544727854.79
1544727854.87
1544727854.93
1544727854.99
1544727855.05
1544727855.11
1544727855.19
1544727855.26
1544727855.31
1544727855.36
1544727855.41
1544727855.48
1544727855.56
1544727855.63
1544727855.69
1544727855.85
1544727855.96
1544727856.07
1544727856.14
1544727856.21
1544727856.27
1544727856.35
1544727856.41
1544727856.49
1544727856.54
1544727856.61
1544727856.67
1544727856.76
1544727856.87
1544727856.98
1544727857.09
1544727857.19
1544727857.26
1544727857.37
1544727857.43
1544727857.5
1544727857.57
1544727857.62
1544727857.67
1544727857.74
1544727857.79
1544727857.86
1544727857.95
1544727858.04
1544727858.1
1544727858.15
1544727858.19
1544727858.27
1544727858.34
1544727858.4
1544727858.45
1544727858.53
1544727858.64
1544727858.73
1544727858.81
1544727858.87
1544727858.95
1544727859.02
1544727859.1
1544727859.17
1544727859.25
1544727859.32
1544727859.37
1544727859.44
1544727859.51
1544727859.56
1544727859.65
1544727859.72
1544727859.78
1544727859.85
1544727859.92
1544727860.02
1544727860.12
1544727860.19
1544727860.28
1544727860.36
1544727860.47
1544727860.54
1544727860.6
1544727860.66
1544727860.72
1544727860.81
1544727860.87
1544727860.96
1544727861.03
1544727861.09
1544727861.14
1544727861.23
1544727861.3
1544727861.39
1544727861.51
1544727861.62
1544727861.69
1544727861.77
1544727861.84
1544727861.92
1544727862.02
1544727862.11
1544727862.17
1544727862.26
1544727862.32
1544727862.39
1544727862.46
1544727862.52
1544727862.59
1544727862.64
1544727862.71
1544727862.77
1544727862.86
1544727862.93
1544727863.0
1544727863.09
1544727863.17
1544727863.24
1544727863.31
1544727863.39
1544727863.44
1544727863.48
1544727863.52
1544727863.58
1544727863.68
1544727863.77
1544727863.81
1544727863.9
1544727863.98
1544727864.05
1544727864.12
1544727864.19
1544727864.29
1544727864.37
1544727864.43
1544727864.53
1544727864.59
1544727864.68
1544727864.73
1544727864.8
1544727864.88
1544727864.94
1544727865.04
1544727865.1
1544727865.17
1544727865.25
1544727865.33
1544727865.47
1544727865.59
1544727865.71
1544727865.77
1544727865.84
1544727865.89
1544727865.99
1544727866.08
1544727866.15
1544727866.23
1544727866.29
1544727866.35
1544727866.42
1544727866.52
1544727866.6
1544727866.68
1544727866.76
1544727866.83
1544727866.9
1544727866.97
1544727867.04
1544727867.12
1544727867.19
1544727867.27
1544727867.33
1544727867.42
1544727867.52
1544727867.58
1544727867.65
1544727867.73
1544727867.82
1544727867.89
1544727867.97
1544727868.05
1544727868.14
1544727868.22
1544727868.29
1544727868.36
1544727868.43
1544727868.5
1544727868.58
1544727868.71
1544727868.82
1544727868.9
1544727868.97
1544727869.05
1544727869.13
1544727869.21
1544727869.27
1544727869.35
1544727869.43
1544727869.5
1544727869.61
1544727869.66
1544727869.74
1544727869.83
1544727869.91
1544727869.97
1544727870.05
1544727870.11
1544727870.18
1544727870.25
1544727870.32
1544727870.4
1544727870.48
1544727870.55
1544727870.62
1544727870.69
1544727870.77
1544727870.84
1544727870.92
1544727871.02
1544727871.07
1544727871.16
1544727871.28
1544727871.38
1544727871.47
1544727871.56
1544727871.63
1544727871.69
1544727871.78
1544727871.84
1544727871.92
1544727872.01
1544727872.08
1544727872.18
1544727872.25
1544727872.36
1544727872.45
1544727872.57
1544727872.69
1544727872.78
1544727872.85
1544727872.93
1544727873.01
1544727873.09
1544727873.16
1544727873.25
1544727873.31
1544727873.38
1544727873.46
1544727873.53
1544727873.6
1544727873.69
1544727873.77
1544727873.85
1544727873.93
1544727874.0
1544727874.08
1544727874.16
1544727874.23
1544727874.29
1544727874.39
1544727874.47
1544727874.55
1544727874.63
1544727874.71
1544727874.79
1544727874.87
1544727874.92
1544727875.01
1544727875.07
1544727875.15
1544727875.21
1544727875.26
1544727875.38
1544727875.46
1544727875.53
1544727875.63
1544727875.71
1544727875.77
1544727875.83
1544727875.89
1544727875.95
1544727876.01
1544727876.06
1544727876.19
1544727876.28
1544727876.36
1544727876.44
1544727876.52
1544727876.59
1544727876.67
1544727876.74
1544727876.82
1544727876.89
1544727877.0
1544727877.08
1544727877.17
1544727877.23
1544727877.3
1544727877.37
1544727877.46
1544727877.55
1544727877.64
1544727877.72
1544727877.78
1544727877.85
1544727877.9
1544727877.96
1544727878.04
1544727878.12
1544727878.21
1544727878.27
1544727878.39
1544727878.46
1544727878.54
1544727878.61
1544727878.66
1544727878.72
1544727878.84
1544727878.92
1544727879.01
1544727879.12
1544727879.2
1544727879.28
1544727879.36
1544727879.43
1544727879.5
1544727879.61
1544727879.7
1544727879.81
1544727879.87
1544727879.93
1544727880.02
1544727880.09
1544727880.18
1544727880.27
1544727880.36
1544727880.45
1544727880.51
1544727880.61
1544727880.67
1544727880.74
1544727880.81
1544727880.88
1544727880.95
1544727881.01
1544727881.06
1544727881.17
1544727881.25
1544727881.34
1544727881.42
1544727881.5
1544727881.58
1544727881.65
1544727881.77
1544727881.86
1544727881.94
1544727882.01
1544727882.09
1544727882.17
1544727882.24
1544727882.39
1544727882.47
1544727882.57
1544727882.65
1544727882.73
1544727882.8
1544727882.89
1544727883.02
1544727883.1
1544727883.21
1544727883.28
1544727883.37
1544727883.44
1544727883.51
1544727883.6
1544727883.69
1544727883.76
1544727883.83
1544727883.87
1544727883.93
1544727884.01
1544727884.09
1544727884.17
1544727884.29
1544727884.39
1544727884.44
1544727884.5
1544727884.57
1544727884.63
1544727884.67
1544727884.75
1544727884.82
1544727884.88
1544727884.96
1544727885.01
1544727885.05
1544727885.15
1544727885.23
1544727885.32
1544727885.38
1544727885.47
1544727885.57
1544727885.63
1544727885.75
1544727885.84
1544727885.95
1544727886.06
1544727886.15
1544727886.22
1544727886.29
1544727886.36
1544727886.43
1544727886.49
1544727886.56
1544727886.62
1544727886.69
1544727886.74
1544727886.81
1544727886.86
1544727886.93
1544727886.99
1544727887.06
1544727887.13
1544727887.22
1544727887.27
1544727887.34
1544727887.38
1544727887.44
1544727887.49
1544727887.57
1544727887.64
1544727887.72
1544727887.79
1544727887.86
1544727887.92
1544727887.99
1544727888.04
1544727888.12
1544727888.17
1544727888.24
1544727888.35
1544727888.47
1544727888.57
1544727888.66
1544727888.74
1544727888.82
1544727888.9
1544727888.98
1544727889.06
1544727889.15
1544727889.21
1544727889.29
1544727889.38
1544727889.47
1544727889.54
1544727889.62
1544727889.7
1544727889.77
1544727889.85
1544727889.92
1544727889.98
1544727890.05
1544727890.12
1544727890.2
1544727890.28
1544727890.35
1544727890.42
1544727890.52
1544727890.58
1544727890.66
1544727890.75
1544727890.81
1544727890.88
1544727890.96
1544727891.05
1544727891.11
1544727891.19
1544727891.27
1544727891.34
1544727891.41
1544727891.48
1544727891.54
1544727891.59
1544727891.72
1544727891.85
1544727891.91
1544727891.97
1544727892.05
1544727892.15
1544727892.23
1544727892.31
1544727892.42
1544727892.5
1544727892.62
1544727892.68
1544727892.77
1544727892.83
1544727892.89
1544727892.94
1544727893.01
1544727893.07
1544727893.14
1544727893.19
1544727893.26
1544727893.33
1544727893.39
1544727893.47
1544727893.58
1544727893.68
1544727893.75
1544727893.81
1544727893.89
1544727893.97
1544727894.05
1544727894.12
1544727894.17
1544727894.26
1544727894.35
1544727894.41
1544727894.49
1544727894.56
1544727894.62
1544727894.68
1544727894.75
1544727894.82
1544727894.88
1544727894.96
1544727895.04
1544727895.1
1544727895.18
1544727895.27
1544727895.34
1544727895.41
1544727895.48
1544727895.54
1544727895.61
1544727895.68
1544727895.76
1544727895.84
1544727895.9
1544727895.98
1544727896.06
1544727896.13
1544727896.22
1544727896.31
1544727896.37
1544727896.44
1544727896.51
1544727896.58
1544727896.65
1544727896.71
1544727896.78
1544727896.85
1544727896.93
1544727897.0
1544727897.07
1544727897.15
1544727897.21
1544727897.28
1544727897.43
1544727897.52
1544727897.58
1544727897.65
1544727897.71
1544727897.77
1544727897.84
1544727897.91
1544727897.98
1544727898.06
1544727898.12
1544727898.17
1544727898.23
1544727898.31
1544727898.39
1544727898.47
1544727898.57
1544727898.66
1544727898.74
1544727898.83
1544727898.91
1544727898.98
1544727899.06
1544727899.13
1544727899.2
1544727899.28
1544727899.36
1544727899.44
1544727899.51
1544727899.58
1544727899.66
1544727899.73
1544727899.79
1544727899.87
1544727899.96
1544727900.03
1544727900.12
1544727900.23
1544727900.31
1544727900.38
1544727900.45
1544727900.54
1544727900.63
1544727900.73
1544727900.8
1544727900.89
1544727900.94
1544727900.97
1544727901.03
1544727901.09
1544727901.16
1544727901.26
1544727901.33
1544727901.43
1544727901.51
1544727901.58
1544727901.72
1544727901.8
1544727901.88
1544727901.95
1544727902.03
1544727902.09
1544727902.19
1544727902.28
1544727902.36
1544727902.43
1544727902.5
1544727902.56
1544727902.62
1544727902.7
1544727902.77
1544727902.84
1544727902.9
1544727902.98
1544727903.04
1544727903.09
1544727903.17
1544727903.24
1544727903.29
1544727903.39
1544727903.46
1544727903.53
1544727903.61
1544727903.65
1544727903.73
1544727903.81
1544727903.87
1544727903.91
1544727903.98
1544727904.04
1544727904.12
1544727904.2
1544727904.27
1544727904.34
1544727904.41
1544727904.52
1544727904.63
1544727904.71
1544727904.81
1544727904.88
1544727904.94
1544727905.04
1544727905.13
1544727905.22
1544727905.3
1544727905.38
1544727905.47
1544727905.54
1544727905.63
1544727905.71
1544727905.76
1544727905.85
1544727905.95
1544727906.02
1544727906.11
1544727906.18
1544727906.3
1544727906.39
1544727906.49
1544727906.56
1544727906.68
1544727906.76
1544727906.86
1544727906.94
1544727907.03
1544727907.11
1544727907.16
1544727907.23
1544727907.3
1544727907.38
1544727907.46
1544727907.52
1544727907.61
1544727907.67
1544727907.76
1544727907.9
1544727907.98
1544727908.07
1544727908.19
1544727908.27
1544727908.37
1544727908.47
1544727908.54
1544727908.6
1544727908.72
1544727908.85
1544727908.93
1544727909.02
1544727909.12
1544727909.21
1544727909.29
1544727909.34
1544727909.41
1544727909.54
1544727909.64
1544727909.71
1544727909.83
1544727909.93
1544727910.06
1544727910.15
1544727910.24
1544727910.34
1544727910.39
1544727910.52
1544727910.63
1544727910.71
1544727910.84
1544727910.92
1544727911.04
1544727911.12
1544727911.18
1544727911.25
1544727911.29
1544727911.35
1544727911.4
1544727911.45
1544727911.5
1544727911.55
1544727911.6
1544727911.65
1544727911.7
1544727911.76
1544727911.81
1544727911.86
1544727911.92
1544727911.97
1544727912.05
1544727912.12
1544727912.21
1544727912.29
1544727912.36
1544727912.44
1544727912.52
1544727912.6
1544727912.67
1544727912.73
1544727912.78
1544727912.88
1544727912.97
1544727913.07
1544727913.15
1544727913.23
1544727913.3
1544727913.35
1544727913.45
1544727913.51
1544727913.59
1544727913.67
1544727913.75
1544727913.85
1544727913.94
1544727914.01
1544727914.09
1544727914.17
1544727914.26
1544727914.31
1544727914.42
1544727914.52
1544727914.6
1544727914.69
1544727914.78
1544727914.86
1544727914.94
1544727915.04
1544727915.12
1544727915.21
1544727915.27
1544727915.37
1544727915.48
1544727915.56
1544727915.7
1544727915.81
1544727915.89
1544727915.95
1544727916.03
1544727916.11
1544727916.19
1544727916.28
1544727916.36
1544727916.42
1544727916.48
1544727916.57
1544727916.65
1544727916.71
1544727916.78
1544727916.85
1544727916.92
1544727917.02
1544727917.08
1544727917.18
1544727917.25
1544727917.32
1544727917.4
1544727917.47
1544727917.57
1544727917.64
1544727917.72
1544727917.79
1544727917.85
1544727917.94
1544727918.02
1544727918.15
1544727918.26
1544727918.38
1544727918.48
1544727918.58
1544727918.68
1544727918.76
1544727918.85
1544727918.92
1544727919.0
1544727919.08
1544727919.18
1544727919.23
1544727919.32
1544727919.38
1544727919.47
1544727919.54
1544727919.62
1544727919.73
1544727919.82
1544727919.87
1544727919.99
1544727920.07
1544727920.14
1544727920.23
1544727920.31
1544727920.39
1544727920.46
1544727920.58
1544727920.66
1544727920.75
1544727920.81
1544727920.91
1544727920.99
1544727921.07
1544727921.16
1544727921.27
1544727921.35
1544727921.44
1544727921.52
1544727921.61
1544727921.69
1544727921.78
1544727921.87
1544727921.95
1544727922.04
1544727922.11
1544727922.2
1544727922.28
1544727922.36
1544727922.44
1544727922.51
1544727922.59
1544727922.66
1544727922.74
1544727922.88
1544727922.97
1544727923.06
1544727923.14
1544727923.22
1544727923.29
1544727923.37
1544727923.44
1544727923.54
1544727923.61
1544727923.71
1544727923.79
1544727923.86
1544727923.94
1544727924.0
1544727924.05
1544727924.13
1544727924.18
1544727924.27
1544727924.34
1544727924.43
1544727924.52
1544727924.6
1544727924.67
1544727924.76
1544727924.84
1544727924.93
1544727925.0
1544727925.09
1544727925.17
1544727925.26
1544727925.33
1544727925.4
1544727925.48
1544727925.55
1544727925.62
1544727925.71
1544727925.74
1544727925.78
1544727925.85
1544727925.91
1544727925.99
1544727926.11
1544727926.17
1544727926.23
1544727926.31
1544727926.4
1544727926.48
1544727926.56
1544727926.65
1544727926.69
1544727926.78
1544727926.85
1544727926.91
1544727926.97
1544727927.01
1544727927.09
1544727927.19
1544727927.3
1544727927.41
1544727927.49
1544727927.57
1544727927.69
1544727927.8
1544727927.89
1544727927.96
1544727928.02
1544727928.09
1544727928.16
1544727928.23
1544727928.33
1544727928.39
1544727928.49
1544727928.55
1544727928.61
1544727928.71
1544727928.78
1544727928.86
1544727928.95
1544727929.06
1544727929.16
1544727929.24
1544727929.35
1544727929.46
1544727929.55
1544727929.65
1544727929.73
1544727929.82
1544727929.92
1544727930.01
1544727930.05
1544727930.08
1544727930.17
1544727930.24
1544727930.31
1544727930.37
1544727930.42
1544727930.5
1544727930.56
1544727930.62
1544727930.67
1544727930.72
1544727930.77
1544727930.83
1544727930.88
1544727930.94
1544727931.05
1544727931.16
1544727931.28
1544727931.36
1544727931.43
1544727931.56
1544727931.63
1544727931.69
1544727931.81
1544727931.87
1544727931.94
1544727932.01
1544727932.08
1544727932.14
1544727932.21
1544727932.28
1544727932.34
1544727932.41
1544727932.48
1544727932.6
1544727932.68
1544727932.77
1544727932.88
1544727932.95
1544727933.05
1544727933.13
1544727933.19
1544727933.31
1544727933.39
1544727933.48
1544727933.56
1544727933.62
1544727933.71
1544727933.77
1544727933.84
1544727933.94
1544727934.02
1544727934.1
1544727934.17
1544727934.25
1544727934.33
1544727934.39
1544727934.48
1544727934.57
1544727934.69
1544727934.78
1544727934.88
1544727934.96
1544727935.02
1544727935.08
1544727935.17
1544727935.24
1544727935.31
1544727935.39
1544727935.46
1544727935.51
1544727935.59
1544727935.66
1544727935.75
1544727935.86
1544727935.94
1544727936.02
1544727936.09
1544727936.13
1544727936.18
1544727936.28
1544727936.35
1544727936.44
1544727936.52
1544727936.58
1544727936.72
1544727936.79
1544727936.87
1544727936.94
1544727936.99
1544727937.06
1544727937.12
1544727937.19
1544727937.27
1544727937.33
1544727937.4
1544727937.48
1544727937.55
1544727937.62
1544727937.72
1544727937.79
1544727937.87
1544727937.93
1544727938.02
1544727938.1
1544727938.19
1544727938.27
1544727938.35
1544727938.41
1544727938.53
1544727938.64
1544727938.73
1544727938.81
1544727938.87
1544727938.94
1544727938.99
1544727939.09
1544727939.16
1544727939.27
1544727939.35
1544727939.42
1544727939.51
1544727939.62
1544727939.7
1544727939.77
1544727939.85
1544727939.92
1544727939.97
1544727940.03
1544727940.07
1544727940.12
1544727940.16
1544727940.23
1544727940.31
1544727940.37
1544727940.44
1544727940.52
1544727940.58
1544727940.65
1544727940.71
1544727940.77
1544727940.85
1544727940.92
1544727940.96
1544727941.0
1544727941.04
1544727941.13
1544727941.19
1544727941.27
1544727941.33
1544727941.39
1544727941.48
1544727941.56
1544727941.65
1544727941.73
1544727941.84
1544727941.89
1544727941.97
1544727942.01
1544727942.08
1544727942.15
1544727942.24
1544727942.31
1544727942.38
1544727942.45
1544727942.53
1544727942.61
1544727942.69
1544727942.78
1544727942.87
1544727942.95
1544727943.03
1544727943.1
1544727943.17
1544727943.25
1544727943.31
1544727943.38
1544727943.45
1544727943.53
1544727943.59
1544727943.67
1544727943.75
1544727943.84
1544727943.93
1544727944.02
1544727944.09
1544727944.18
1544727944.27
1544727944.36
1544727944.44
1544727944.52
1544727944.59
1544727944.67
1544727944.75
1544727944.84
1544727944.93
1544727945.01
1544727945.1
1544727945.17
1544727945.26
1544727945.34
1544727945.42
1544727945.51
1544727945.56
1544727945.62
1544727945.69
1544727945.75
1544727945.85
1544727945.94
1544727946.03
1544727946.12
1544727946.19
1544727946.27
1544727946.34
1544727946.39
1544727946.45
1544727946.52
1544727946.61
1544727946.71
1544727946.8
1544727946.88
1544727946.97
1544727947.05
1544727947.15
1544727947.24
1544727947.33
1544727947.41
1544727947.49
1544727947.59
1544727947.69
1544727947.78
1544727947.86
1544727947.96
1544727948.04
1544727948.12
1544727948.21
1544727948.29
1544727948.39
1544727948.47
1544727948.54
1544727948.61
1544727948.68
1544727948.75
1544727948.83
1544727948.91
1544727948.97
1544727949.05
1544727949.15
1544727949.21
1544727949.26
1544727949.31
1544727949.38
1544727949.44
1544727949.53
1544727949.59
1544727949.66
1544727949.71
1544727949.78
1544727949.82
1544727949.9
1544727949.95
1544727950.01
1544727950.05
1544727950.09
1544727950.16
1544727950.23
1544727950.29
1544727950.36
1544727950.42
1544727950.48
1544727950.54
1544727950.61
1544727950.68
1544727950.75
1544727950.82
1544727950.9
1544727950.98
1544727951.06
1544727951.14
1544727951.2
1544727951.28
1544727951.36
1544727951.42
1544727951.53
1544727951.6
1544727951.67
1544727951.74
1544727951.8
1544727951.87
1544727951.96
1544727952.05
1544727952.13
1544727952.19
1544727952.26
1544727952.34
1544727952.41
1544727952.53
1544727952.61
1544727952.68
1544727952.75
1544727952.82
1544727952.9
1544727952.98
1544727953.06
1544727953.12
1544727953.2
1544727953.25
1544727953.36
1544727953.44
1544727953.54
1544727953.62
1544727953.72
1544727953.8
1544727953.88
1544727953.98
1544727954.06
1544727954.16
1544727954.23
1544727954.32
1544727954.43
1544727954.49
1544727954.56
1544727954.61
1544727954.7
1544727954.8
1544727954.88
1544727954.96
1544727955.03
1544727955.11
1544727955.23
1544727955.31
1544727955.39
1544727955.44
1544727955.56
1544727955.65
1544727955.7
1544727955.84
1544727955.94
1544727956.04
1544727956.11
1544727956.17
1544727956.24
1544727956.32
1544727956.4
1544727956.47
1544727956.55
1544727956.63
1544727956.72
1544727956.82
1544727956.91
1544727956.99
1544727957.07
1544727957.14
1544727957.21
1544727957.28
1544727957.35
1544727957.41
1544727957.47
1544727957.54
1544727957.6
1544727957.65
1544727957.71
1544727957.78
1544727957.85
1544727957.93
1544727958.02
1544727958.12
1544727958.21
1544727958.29
1544727958.38
1544727958.48
1544727958.57
1544727958.63
1544727958.72
1544727958.81
1544727958.9
1544727958.99
1544727959.08
1544727959.15
1544727959.24
1544727959.33
1544727959.41
1544727959.49
1544727959.57
1544727959.62
1544727959.68
1544727959.76
1544727959.86
1544727959.94
1544727960.01
1544727960.08
1544727960.16
1544727960.29
1544727960.38
1544727960.46
1544727960.54
1544727960.61
1544727960.68
1544727960.76
1544727960.83
1544727960.91
1544727960.98
1544727961.09
1544727961.19
1544727961.29
1544727961.35
1544727961.42
1544727961.48
1544727961.54
1544727961.61
1544727961.69
1544727961.76
1544727961.83
1544727961.89
1544727961.97
1544727962.05
1544727962.12
1544727962.19
1544727962.27
1544727962.34
1544727962.39
1544727962.49
1544727962.56
1544727962.62
1544727962.69
1544727962.75
1544727962.81
1544727962.87
1544727962.92
1544727962.99
1544727963.07
1544727963.15
1544727963.22
1544727963.31
1544727963.37
1544727963.44
1544727963.52
1544727963.63
1544727963.75
1544727963.84
1544727963.94
1544727964.01
1544727964.09
1544727964.16
1544727964.21
1544727964.28
1544727964.34
1544727964.4
1544727964.53
1544727964.61
1544727964.69
1544727964.77
1544727964.83
1544727964.91
1544727964.98
1544727965.07
1544727965.12
1544727965.19
1544727965.26
1544727965.32
1544727965.39
1544727965.45
1544727965.51
1544727965.58
1544727965.65
1544727965.73
1544727965.8
1544727965.87
1544727965.93
1544727966.0
1544727966.07
1544727966.15
1544727966.22
1544727966.28
1544727966.34
1544727966.4
1544727966.47
1544727966.52
1544727966.59
1544727966.65
1544727966.7
1544727966.78
1544727966.84
1544727966.9
1544727966.97
1544727967.03
1544727967.08
1544727967.17
1544727967.24
1544727967.3
1544727967.37
1544727967.44
1544727967.49
1544727967.57
1544727967.64
1544727967.71
1544727967.78
1544727967.84
1544727967.91
1544727967.98
1544727968.04
1544727968.12
1544727968.18
1544727968.25
1544727968.3
1544727968.38
1544727968.47
1544727968.55
1544727968.61
1544727968.71
1544727968.78
1544727968.88
1544727968.96
1544727969.03
1544727969.1
1544727969.16
1544727969.23
1544727969.3
1544727969.37
1544727969.45
1544727969.5
1544727969.55
1544727969.59
1544727969.67
1544727969.73
1544727969.8
1544727969.88
1544727969.93
1544727970.0
1544727970.13
1544727970.21
1544727970.27
1544727970.35
1544727970.44
1544727970.53
1544727970.59
1544727970.67
1544727970.74
1544727970.8
1544727970.89
1544727970.94
1544727971.0
1544727971.08
1544727971.12
1544727971.16
1544727971.22
1544727971.28
1544727971.34
1544727971.46
1544727971.53
1544727971.59
1544727971.67
1544727971.73
1544727971.8
1544727971.86
1544727971.91
1544727971.95
1544727971.99
1544727972.06
1544727972.16
1544727972.24
1544727972.31
1544727972.38
1544727972.44
1544727972.5
1544727972.6
1544727972.69
1544727972.76
1544727972.81
1544727972.87
1544727972.96
1544727973.03
1544727973.11
1544727973.19
1544727973.26
1544727973.33
1544727973.39
1544727973.47
1544727973.55
1544727973.62
1544727973.69
1544727973.79
1544727973.87
1544727973.97
1544727974.06
1544727974.15
1544727974.23
1544727974.32
1544727974.38
1544727974.47
1544727974.55
1544727974.63
1544727974.72
1544727974.82
1544727974.89
1544727974.97
1544727975.07
1544727975.14
1544727975.25
1544727975.35
1544727975.43
1544727975.5
1544727975.55
1544727975.63
1544727975.7
1544727975.76
1544727975.82
1544727975.88
1544727975.94
1544727976.0
1544727976.12
1544727976.19
1544727976.27
1544727976.34
1544727976.43
1544727976.52
1544727976.61
1544727976.73
1544727976.83
1544727976.92
1544727977.01
1544727977.09
1544727977.18
1544727977.26
1544727977.33
1544727977.41
1544727977.47
1544727977.57
1544727977.69
1544727977.76
1544727977.87
1544727977.96
1544727978.11
1544727978.24
1544727978.3
1544727978.36
1544727978.42
1544727978.48
1544727978.57
1544727978.65
1544727978.71
1544727978.79
1544727978.85
1544727978.91
1544727978.99
1544727979.06
1544727979.13
1544727979.2
1544727979.26
1544727979.34
1544727979.41
1544727979.49
1544727979.54
1544727979.6
1544727979.7
1544727979.77
1544727979.88
1544727979.97
1544727980.06
1544727980.16
1544727980.25
1544727980.34
1544727980.43
1544727980.52
1544727980.6
1544727980.69
1544727980.77
1544727980.87
1544727980.96
1544727981.04
1544727981.13
1544727981.2
1544727981.27
1544727981.35
1544727981.43
1544727981.5
1544727981.56
1544727981.63
1544727981.72
1544727981.79
1544727981.84
1544727981.92
1544727981.99
1544727982.06
1544727982.12
1544727982.2
1544727982.27
1544727982.35
1544727982.4
1544727982.47
1544727982.56
1544727982.64
1544727982.72
1544727982.79
1544727982.88
1544727982.94
1544727982.98
1544727983.03
1544727983.07
1544727983.18
1544727983.28
1544727983.37
1544727983.46
1544727983.54
1544727983.64
1544727983.76
1544727983.86
1544727983.97
1544727984.05
1544727984.14
1544727984.24
1544727984.32
1544727984.4
1544727984.49
1544727984.58
1544727984.67
1544727984.75
1544727984.82
1544727984.89
1544727984.97
1544727985.04
1544727985.13
1544727985.2
1544727985.28
1544727985.34
1544727985.41
1544727985.48
1544727985.56
1544727985.65
1544727985.72
1544727985.79
1544727985.87
1544727985.93
1544727986.01
1544727986.08
1544727986.16
1544727986.23
1544727986.3
1544727986.38
1544727986.45
1544727986.54
1544727986.61
1544727986.68
1544727986.75
1544727986.82
1544727986.89
1544727986.97
1544727987.06
1544727987.13
1544727987.2
1544727987.28
1544727987.36
1544727987.43
1544727987.49
1544727987.56
1544727987.62
1544727987.68
1544727987.74
1544727987.85
1544727987.97
1544727988.05
1544727988.12
1544727988.19
1544727988.27
1544727988.35
1544727988.43
1544727988.5
1544727988.58
1544727988.66
1544727988.73
1544727988.81
1544727988.88
1544727988.93
1544727989.03
1544727989.14
1544727989.24
1544727989.33
1544727989.41
1544727989.52
1544727989.58
1544727989.65
1544727989.71
1544727989.78
1544727989.84
1544727989.88
1544727989.96
1544727990.05
1544727990.13
1544727990.2
1544727990.27
1544727990.34
1544727990.41
1544727990.47
1544727990.55
1544727990.66
1544727990.75
1544727990.86
1544727990.94
1544727991.01
1544727991.09
1544727991.17
1544727991.25
1544727991.31
1544727991.38
1544727991.44
1544727991.51
1544727991.57
1544727991.64
1544727991.72
1544727991.78
1544727991.87
1544727991.91
1544727991.97
1544727992.04
1544727992.11
1544727992.18
1544727992.31
1544727992.37
1544727992.45
1544727992.51
1544727992.58
1544727992.67
1544727992.74
1544727992.8
1544727992.86
1544727992.94
1544727993.06
1544727993.15
1544727993.24
1544727993.32
1544727993.45
1544727993.55
1544727993.59
1544727993.65
1544727993.7
1544727993.79
1544727993.87
1544727993.98
1544727994.07
1544727994.14
1544727994.25
1544727994.32
1544727994.38
1544727994.49
1544727994.57
1544727994.64
1544727994.71
1544727994.81
1544727994.89
1544727994.97
1544727995.04
1544727995.1
1544727995.21
1544727995.27
1544727995.36
1544727995.43
1544727995.49
1544727995.57
1544727995.64
1544727995.7
1544727995.78
1544727995.88
1544727995.94
1544727995.99
1544727996.04
1544727996.12
1544727996.21
1544727996.29
1544727996.36
1544727996.44
1544727996.49
1544727996.55
1544727996.61
1544727996.67
1544727996.75
1544727996.81
1544727996.85
1544727996.93
1544727997.03
1544727997.11
1544727997.15
1544727997.24
1544727997.29
1544727997.38
1544727997.52
1544727997.61
1544727997.69
1544727997.77
1544727997.84
1544727997.96
1544727998.05
1544727998.13
1544727998.24
1544727998.37
1544727998.51
1544727998.58
1544727998.73
1544727998.83
1544727998.89
1544727998.98
1544727999.07
1544727999.17
1544727999.26
1544727999.36
1544727999.43
1544727999.49
1544727999.57
1544727999.66
1544727999.76
1544727999.85
1544727999.91
1544727999.99
1544728000.06
1544728000.14
1544728000.19
1544728000.25
1544728000.31
1544728000.38
1544728000.42
1544728000.48
1544728000.53
1544728000.59
1544728000.65
1544728000.72
1544728000.78
1544728000.84
1544728000.89
1544728000.94
1544728001.01
1544728001.08
1544728001.16
1544728001.22
1544728001.33
1544728001.4
1544728001.47
1544728001.52
1544728001.58
1544728001.64
1544728001.71
1544728001.79
1544728001.89
1544728001.99
1544728002.09
1544728002.2
1544728002.27
1544728002.32
1544728002.41
1544728002.49
1544728002.58
1544728002.69
1544728002.76
1544728002.83
1544728002.93
1544728002.98
1544728003.06
1544728003.12
1544728003.21
1544728003.26
1544728003.36
1544728003.48
1544728003.54
1544728003.63
1544728003.7
1544728003.77
1544728003.84
1544728003.9
1544728003.96
1544728004.04
1544728004.12
1544728004.18
1544728004.26
1544728004.32
1544728004.37
1544728004.45
1544728004.53
1544728004.59
1544728004.68
1544728004.79
1544728004.88
1544728004.96
1544728005.02
1544728005.08
1544728005.15
1544728005.21
1544728005.27
1544728005.33
1544728005.41
1544728005.49
1544728005.56
1544728005.63
1544728005.71
1544728005.83
1544728005.9
1544728005.97
1544728006.06
1544728006.15
1544728006.24
1544728006.32
1544728006.4
1544728006.48
1544728006.55
1544728006.64
1544728006.71
1544728006.79
1544728006.89
1544728007.01
1544728007.08
1544728007.15
1544728007.21
1544728007.3
1544728007.39
1544728007.48
1544728007.56
1544728007.66
1544728007.77
1544728007.84
1544728007.92
1544728008.0
1544728008.09
1544728008.17
1544728008.23
1544728008.31
1544728008.42
1544728008.52
1544728008.62
1544728008.7
1544728008.78
1544728008.84
1544728008.91
1544728008.98
1544728009.06
1544728009.14
1544728009.2
1544728009.27
1544728009.35
1544728009.43
1544728009.51
1544728009.62
1544728009.71
1544728009.79
1544728009.87
1544728009.94
1544728010.01
1544728010.09
1544728010.19
1544728010.29
1544728010.36
1544728010.43
1544728010.5
1544728010.57
1544728010.65
1544728010.72
1544728010.8
1544728010.91
1544728010.96
1544728011.01
1544728011.08
1544728011.16
1544728011.21
1544728011.29
1544728011.38
1544728011.46
1544728011.52
1544728011.59
1544728011.65
1544728011.72
1544728011.78
1544728011.88
1544728011.94
1544728012.01
1544728012.09
1544728012.17
1544728012.24
1544728012.31
1544728012.38
1544728012.43
1544728012.53
1544728012.58
1544728012.67
1544728012.73
1544728012.78
1544728012.86
1544728012.96
1544728013.04
1544728013.11
1544728013.19
1544728013.29
1544728013.39
1544728013.47
1544728013.56
1544728013.64
1544728013.71
1544728013.78
1544728013.84
1544728013.9
1544728013.96
1544728014.0
1544728014.08
1544728014.15
1544728014.22
1544728014.28
1544728014.35
1544728014.41
1544728014.49
1544728014.61
1544728014.68
1544728014.77
1544728014.86
1544728014.96
1544728015.04
1544728015.13
1544728015.16
1544728015.24
1544728015.33
1544728015.43
1544728015.51
1544728015.56
1544728015.62
1544728015.68
1544728015.76
1544728015.82
1544728015.89
1544728015.95
1544728016.02
1544728016.09
1544728016.13
1544728016.2
1544728016.25
1544728016.3
1544728016.39
1544728016.46
1544728016.57
1544728016.67
1544728016.75
1544728016.81
1544728016.89
1544728016.97
1544728017.06
1544728017.14
1544728017.23
1544728017.35
1544728017.46
1544728017.56
1544728017.67
1544728017.74
1544728017.83
1544728017.92
1544728017.99
1544728018.06
1544728018.13
1544728018.19
1544728018.27
1544728018.38
1544728018.5
1544728018.63
1544728018.73
1544728018.84
1544728018.94
1544728019.03
1544728019.11
1544728019.21
1544728019.28
1544728019.37
1544728019.45
1544728019.51
1544728019.58
1544728019.65
1544728019.71
1544728019.79
1544728019.87
1544728019.96
1544728020.08
1544728020.18
1544728020.26
1544728020.32
1544728020.4
1544728020.47
1544728020.57
1544728020.68
1544728020.77
1544728020.83
1544728020.92
1544728021.01
1544728021.08
1544728021.15
1544728021.23
1544728021.29
1544728021.36
1544728021.43
1544728021.53
1544728021.59
1544728021.66
1544728021.73
1544728021.79
1544728021.86
1544728021.92
1544728021.98
1544728022.04
1544728022.12
1544728022.17
1544728022.22
1544728022.28
1544728022.35
1544728022.42
1544728022.47
1544728022.55
1544728022.62
1544728022.67
1544728022.75
1544728022.83
1544728022.9
1544728022.98
1544728023.04
1544728023.12
1544728023.21
1544728023.27
1544728023.34
1544728023.42
1544728023.48
1544728023.54
1544728023.61
1544728023.67
1544728023.74
1544728023.79
1544728023.87
1544728023.94
1544728024.0
1544728024.05
1544728024.11
1544728024.2
1544728024.27
1544728024.36
1544728024.43
1544728024.51
1544728024.59
1544728024.66
1544728024.72
1544728024.76
1544728024.81
1544728024.86
1544728024.96
1544728025.04
1544728025.11
1544728025.17
1544728025.26
1544728025.36
1544728025.47
1544728025.59
1544728025.72
1544728025.81
1544728025.89
1544728025.97
1544728026.06
1544728026.13
1544728026.2
1544728026.28
1544728026.41
1544728026.49
1544728026.57
1544728026.67
1544728026.74
1544728026.82
1544728026.92
1544728026.99
1544728027.07
1544728027.14
1544728027.21
1544728027.29
1544728027.35
1544728027.43
1544728027.49
1544728027.57
1544728027.64
1544728027.72
1544728027.79
1544728027.86
1544728027.94
1544728028.01
1544728028.08
1544728028.12
1544728028.18
1544728028.24
1544728028.29
1544728028.38
1544728028.46
1544728028.54
1544728028.63
1544728028.7
1544728028.79
1544728028.86
1544728028.94
1544728029.02
1544728029.12
1544728029.19
1544728029.27
1544728029.35
1544728029.43
1544728029.51
1544728029.6
1544728029.68
1544728029.82
1544728029.93
1544728030.03
1544728030.1
1544728030.18
1544728030.27
1544728030.37
1544728030.44
1544728030.51
1544728030.59
1544728030.66
1544728030.75
1544728030.82
1544728030.87
1544728030.94
1544728031.0
1544728031.06
1544728031.11
1544728031.17
1544728031.23
1544728031.28
1544728031.33
1544728031.39
1544728031.44
1544728031.52
1544728031.64
1544728031.72
1544728031.82
1544728031.95
1544728032.05
1544728032.14
1544728032.21
1544728032.26
1544728032.34
1544728032.42
1544728032.5
1544728032.57
1544728032.65
1544728032.72
1544728032.78
1544728032.85
1544728032.91
1544728032.99
1544728033.06
1544728033.17
1544728033.27
1544728033.34
1544728033.4
1544728033.47
1544728033.54
1544728033.6
1544728033.66
1544728033.73
1544728033.79
1544728033.85
1544728033.91
1544728033.96
1544728034.04
1544728034.15
1544728034.34
1544728034.44
1544728034.56
1544728034.68
1544728034.78
1544728034.92
1544728035.08
1544728035.23
1544728035.32
1544728035.38
1544728035.47
1544728035.53
1544728035.68
1544728035.74
1544728035.78
1544728035.88
1544728035.95
1544728036.04
1544728036.11
1544728036.16
1544728036.24
1544728036.32
1544728036.39
1544728036.51
1544728036.58
1544728036.68
1544728036.76
1544728036.87
1544728036.94
1544728037.04
1544728037.12
1544728037.18
1544728037.3
1544728037.37
1544728037.47
1544728037.54
1544728037.67
1544728037.75
1544728037.82
1544728037.92
1544728038.01
1544728038.09
1544728038.16
1544728038.23
1544728038.31
1544728038.37
1544728038.44
1544728038.51
1544728038.58
1544728038.64
1544728038.71
1544728038.78
1544728038.85
1544728038.92
1544728039.0
1544728039.06
1544728039.14
1544728039.2
1544728039.28
1544728039.35
1544728039.41
1544728039.48
1544728039.56
1544728039.63
1544728039.7
1544728039.79
1544728039.89
1544728039.98
1544728040.06
1544728040.14
1544728040.21
1544728040.29
1544728040.41
1544728040.47
1544728040.56
1544728040.65
1544728040.75
1544728040.84
1544728040.92
1544728041.0
1544728041.09
1544728041.18
1544728041.24
1544728041.31
1544728041.38
1544728041.45
1544728041.52
1544728041.58
1544728041.63
1544728041.71
1544728041.78
1544728041.83
1544728041.87
1544728041.96
1544728042.08
1544728042.22
1544728042.26
1544728042.31
1544728042.36
1544728042.43
1544728042.49
1544728042.55
1544728042.62
1544728042.69
1544728042.78
1544728042.84
1544728042.92
1544728043.01
1544728043.11
1544728043.21
1544728043.32
1544728043.41
1544728043.53
1544728043.62
1544728043.71
1544728043.82
1544728043.94
1544728044.04
1544728044.14
1544728044.21
1544728044.29
1544728044.35
1544728044.42
1544728044.46
1544728044.54
1544728044.61
1544728044.73
1544728044.83
1544728044.94
1544728045.05
1544728045.17
1544728045.32
1544728045.44
1544728045.54
1544728045.61
1544728045.72
1544728045.84
1544728045.91
1544728045.99
1544728046.07
1544728046.16
1544728046.22
1544728046.3
1544728046.37
1544728046.43
1544728046.51
1544728046.64
1544728046.75
1544728046.85
1544728046.96
1544728047.08
1544728047.16
1544728047.23
1544728047.35
1544728047.46
1544728047.51
1544728047.56
1544728047.64
1544728047.71
1544728047.8
1544728047.89
1544728047.96
1544728048.03
1544728048.16
1544728048.25
1544728048.33
1544728048.42
1544728048.49
1544728048.56
1544728048.64
1544728048.72
1544728048.79
1544728048.87
1544728048.95
1544728049.01
1544728049.07
1544728049.14
1544728049.21
1544728049.27
1544728049.35
1544728049.41
1544728049.44
1544728049.51
1544728049.58
1544728049.63
1544728049.67
1544728049.72
1544728049.81
1544728049.91
1544728049.97
1544728050.05
1544728050.12
1544728050.18
1544728050.25
1544728050.32
1544728050.38
1544728050.45
1544728050.51
1544728050.56
1544728050.66
1544728050.76
1544728050.82
1544728050.89
1544728050.95
1544728051.04
1544728051.16
1544728051.26
1544728051.35
1544728051.43
1544728051.52
1544728051.61
1544728051.68
1544728051.76
1544728051.82
1544728051.91
1544728052.04
1544728052.13
1544728052.21
1544728052.26
1544728052.39
1544728052.48
1544728052.55
1544728052.63
1544728052.71
1544728052.8
1544728052.89
1544728052.97
1544728053.04
1544728053.14
1544728053.23
1544728053.3
1544728053.37
1544728053.44
1544728053.5
1544728053.56
1544728053.67
1544728053.76
1544728053.88
1544728053.97
1544728054.14
1544728054.23
1544728054.29
1544728054.37
1544728054.43
1544728054.5
1544728054.56
1544728054.63
1544728054.72
1544728054.8
1544728054.87
1544728054.94
1544728055.0
1544728055.1
1544728055.18
1544728055.27
1544728055.36
1544728055.46
1544728055.54
1544728055.61
1544728055.67
1544728055.76
1544728055.86
1544728055.97
1544728056.04
1544728056.07
1544728056.13
1544728056.18
1544728056.28
1544728056.36
1544728056.43
1544728056.49
1544728056.56
1544728056.64
1544728056.7
1544728056.77
1544728056.84
1544728056.91
1544728056.98
1544728057.06
1544728057.11
1544728057.16
1544728057.23
1544728057.31
1544728057.41
1544728057.5
1544728057.57
1544728057.65
1544728057.73
1544728057.8
1544728057.87
1544728057.95
1544728058.05
1544728058.13
1544728058.21
1544728058.29
1544728058.37
1544728058.42
1544728058.47
1544728058.54
1544728058.6
1544728058.66
1544728058.72
1544728058.79
1544728058.86
1544728058.98
1544728059.07
1544728059.18
1544728059.26
1544728059.33
1544728059.41
1544728059.48
1544728059.58
1544728059.67
1544728059.8
1544728059.91
1544728060.01
1544728060.1
1544728060.17
1544728060.26
1544728060.35
1544728060.42
1544728060.48
1544728060.56
1544728060.63
1544728060.71
1544728060.77
1544728060.86
1544728060.94
1544728061.01
1544728061.08
1544728061.16
1544728061.23
1544728061.3
1544728061.36
1544728061.44
1544728061.51
1544728061.58
1544728061.66
1544728061.72
1544728061.79
1544728061.87
1544728061.98
1544728062.06
1544728062.13
1544728062.21
1544728062.26
1544728062.33
1544728062.38
1544728062.47
1544728062.54
1544728062.61
1544728062.67
1544728062.74
1544728062.82
1544728062.88
1544728062.94
1544728063.0
1544728063.05
1544728063.11
1544728063.16
1544728063.2
1544728063.28
1544728063.34
1544728063.4
1544728063.45
1544728063.51
1544728063.57
1544728063.62
1544728063.68
1544728063.72
1544728063.76
1544728063.82
1544728063.92
1544728063.99
1544728064.08
1544728064.16
1544728064.26
1544728064.35
1544728064.44
1544728064.53
1544728064.61
1544728064.67
1544728064.75
1544728064.81
1544728064.87
1544728064.93
1544728065.0
1544728065.08
1544728065.18
1544728065.28
1544728065.38
1544728065.46
1544728065.54
1544728065.62
1544728065.68
1544728065.76
1544728065.89
1544728065.97
1544728066.08
1544728066.16
1544728066.24
1544728066.31
1544728066.37
1544728066.49
1544728066.57
1544728066.65
1544728066.75
1544728066.83
1544728066.93
1544728067.02
1544728067.11
1544728067.21
1544728067.33
1544728067.43
1544728067.58
1544728067.66
1544728067.74
1544728067.79
1544728067.91
1544728068.01
1544728068.08
1544728068.15
1544728068.23
1544728068.3
1544728068.41
1544728068.48
1544728068.59
1544728068.66
1544728068.73
1544728068.8
1544728068.91
1544728069.0
1544728069.09
1544728069.16
1544728069.28
1544728069.35
1544728069.43
1544728069.51
1544728069.62
1544728069.68
1544728069.8
1544728069.87
1544728069.94
1544728070.01
1544728070.07
1544728070.15
1544728070.21
1544728070.27
1544728070.33
1544728070.39
1544728070.45
1544728070.5
1544728070.56
1544728070.6
1544728070.69
1544728070.75
1544728070.84
1544728070.91
1544728070.97
1544728071.04
1544728071.11
1544728071.18
1544728071.26
1544728071.31
1544728071.4
1544728071.46
1544728071.54
1544728071.61
1544728071.71
1544728071.77
1544728071.83
1544728071.95
1544728072.04
1544728072.13
1544728072.19
1544728072.27
1544728072.36
1544728072.43
1544728072.49
1544728072.57
1544728072.66
1544728072.72
1544728072.79
1544728072.84
1544728072.93
1544728073.0
1544728073.07
1544728073.14
1544728073.22
1544728073.28
1544728073.35
1544728073.43
1544728073.49
1544728073.57
1544728073.62
1544728073.66
1544728073.7
1544728073.78
1544728073.83
1544728073.88
1544728073.96
1544728074.03
1544728074.1
1544728074.18
1544728074.25
1544728074.31
1544728074.37
1544728074.45
1544728074.54
1544728074.63
1544728074.69
1544728074.77
1544728074.83
1544728074.89
1544728074.97
1544728075.05
1544728075.14
1544728075.21
1544728075.29
1544728075.37
1544728075.45
1544728075.52
1544728075.59
1544728075.66
1544728075.74
1544728075.79
1544728075.87
1544728075.96
1544728076.04
1544728076.11
1544728076.17
1544728076.23
1544728076.3
1544728076.36
1544728076.42
1544728076.49
1544728076.56
1544728076.63
1544728076.7
1544728076.77
1544728076.84
1544728076.9
1544728076.97
1544728077.02
1544728077.07
1544728077.11
1544728077.19
1544728077.24
1544728077.32
1544728077.39
1544728077.47
1544728077.54
1544728077.61
1544728077.67
1544728077.71
1544728077.76
1544728077.8
1544728077.88
1544728077.96
1544728078.04
1544728078.11
1544728078.18
1544728078.25
1544728078.32
1544728078.36
1544728078.43
1544728078.56
1544728078.72
1544728078.81
1544728078.92
1544728078.99
1544728079.09
1544728079.18
1544728079.24
1544728079.31
1544728079.37
1544728079.46
1544728079.53
1544728079.59
1544728079.75
1544728079.88
1544728079.98
1544728080.06
1544728080.13
1544728080.22
1544728080.29
1544728080.34
1544728080.38
1544728080.45
1544728080.52
1544728080.56
1544728080.6
1544728080.67
1544728080.73
1544728080.8
1544728080.88
1544728080.95
1544728081.0
1544728081.06
1544728081.14
1544728081.22
1544728081.29
1544728081.35
1544728081.44
1544728081.54
1544728081.61
1544728081.69
1544728081.77
1544728081.86
1544728081.93
1544728082.02
1544728082.09
1544728082.17
1544728082.21
1544728082.26
1544728082.38
1544728082.48
1544728082.59
1544728082.69
1544728082.79
1544728082.89
1544728082.96
1544728083.05
1544728083.13
1544728083.21
1544728083.29
1544728083.37
1544728083.45
1544728083.53
1544728083.61
1544728083.7
1544728083.78
1544728083.85
1544728083.92
1544728083.99
1544728084.07
1544728084.16
1544728084.22
1544728084.3
1544728084.35
1544728084.42
1544728084.48
1544728084.56
1544728084.62
1544728084.69
1544728084.76
1544728084.86
1544728084.98
1544728085.09
1544728085.2
1544728085.29
1544728085.39
1544728085.49
1544728085.58
1544728085.67
1544728085.75
1544728085.85
1544728085.93
1544728086.01
1544728086.09
1544728086.16
1544728086.24
1544728086.32
1544728086.4
1544728086.47
1544728086.55
1544728086.61
1544728086.67
1544728086.76
1544728086.84
1544728086.91
1544728086.98
1544728087.06
1544728087.11
1544728087.18
1544728087.25
1544728087.35
1544728087.44
1544728087.51
1544728087.61
1544728087.68
1544728087.76
1544728087.85
1544728087.92
1544728088.04
1544728088.1
1544728088.21
1544728088.29
1544728088.38
1544728088.46
1544728088.5
1544728088.57
1544728088.66
1544728088.75
1544728088.83
1544728088.9
1544728088.98
1544728089.06
1544728089.16
1544728089.23
1544728089.3
1544728089.36
1544728089.42
1544728089.49
1544728089.55
1544728089.59
1544728089.66
1544728089.74
1544728089.82
1544728089.89
1544728089.96
1544728090.02
1544728090.09
1544728090.16
1544728090.23
1544728090.31
1544728090.38
1544728090.44
1544728090.52
1544728090.58
1544728090.66
1544728090.73
1544728090.79
1544728090.85
1544728090.92
1544728090.98
1544728091.06
1544728091.16
1544728091.24
1544728091.3
1544728091.38
1544728091.48
1544728091.56
1544728091.65
1544728091.74
1544728091.82
1544728091.9
1544728091.97
1544728092.04
1544728092.13
1544728092.22
1544728092.28
