1544726821.79
1544726822.75
1544726822.91
1544726823.02
1544726823.14
1544726823.25
1544726823.36
1544726823.46
1544726823.6
1544726823.73
1544726823.86
1544726823.99
1544726824.12
1544726824.25
1544726824.33
1544726824.48
1544726824.61
1544726824.73
1544726824.84
1544726824.95
1544726825.06
1544726825.16
1544726825.28
1544726825.41
1544726825.55
1544726825.68
1544726825.79
1544726825.94
1544726826.07
1544726826.18
1544726826.3
1544726826.43
1544726826.58
1544726826.73
1544726826.84
1544726826.96
1544726827.05
1544726827.15
1544726827.27
1544726827.42
1544726827.56
1544726827.7
1544726827.83
1544726827.94
1544726828.06
1544726828.16
1544726828.29
1544726828.45
1544726828.6
1544726828.76
1544726828.86
1544726828.99
1544726829.12
1544726829.25
1544726829.37
1544726829.47
1544726829.58
1544726829.72
1544726829.83
1544726829.96
1544726830.12
1544726830.26
1544726830.37
1544726830.45
1544726830.56
1544726830.72
1544726830.83
1544726830.91
1544726830.99
1544726831.07
1544726831.14
1544726831.21
1544726831.27
1544726831.36
1544726831.43
1544726831.5
1544726831.57
1544726831.65
1544726831.71
1544726831.78
1544726831.86
1544726831.93
1544726832.0
1544726832.07
1544726832.14
1544726832.21
1544726832.28
1544726832.35
1544726832.41
1544726832.48
1544726832.54
1544726832.6
1544726832.68
1544726832.76
1544726832.83
1544726832.9
1544726832.96
1544726833.04
1544726833.09
1544726833.18
1544726833.28
1544726833.41
1544726833.5
1544726833.62
1544726833.72
1544726833.83
1544726833.92
1544726834.03
1544726834.14
1544726834.26
1544726834.34
1544726834.43
1544726834.52
1544726834.59
1544726834.67
1544726834.77
1544726834.87
1544726834.96
1544726835.04
1544726835.11
1544726835.18
1544726835.26
1544726835.32
1544726835.39
1544726835.47
1544726835.55
1544726835.62
1544726835.7
1544726835.75
1544726835.79
1544726835.86
1544726835.96
1544726836.06
1544726836.15
1544726836.21
1544726836.3
1544726836.38
1544726836.48
1544726836.57
1544726836.67
1544726836.76
1544726836.84
1544726836.92
1544726837.01
1544726837.09
1544726837.19
1544726837.25
1544726837.34
1544726837.44
1544726837.54
1544726837.62
1544726837.7
1544726837.79
1544726837.88
1544726837.99
1544726838.08
1544726838.17
1544726838.29
1544726838.37
1544726838.48
1544726838.58
1544726838.68
1544726838.78
1544726838.89
1544726838.94
1544726839.05
1544726839.14
1544726839.2
1544726839.3
1544726839.4
1544726839.47
1544726839.54
1544726839.61
1544726839.69
1544726839.77
1544726839.85
1544726839.93
1544726840.03
1544726840.13
1544726840.2
1544726840.28
1544726840.36
1544726840.43
1544726840.51
1544726840.59
1544726840.68
1544726840.77
1544726840.87
1544726840.96
1544726841.02
1544726841.1
1544726841.19
1544726841.26
1544726841.34
1544726841.43
1544726841.53
1544726841.61
1544726841.69
1544726841.77
1544726841.84
1544726841.92
1544726842.0
1544726842.09
1544726842.16
1544726842.24
1544726842.33
1544726842.44
1544726842.54
1544726842.62
1544726842.7
1544726842.82
1544726842.9
1544726843.0
1544726843.1
1544726843.2
1544726843.29
1544726843.37
1544726843.45
1544726843.52
1544726843.58
1544726843.65
1544726843.74
1544726843.83
1544726843.93
1544726844.02
1544726844.1
1544726844.19
1544726844.27
1544726844.35
1544726844.45
1544726844.53
1544726844.63
1544726844.71
1544726844.8
1544726844.89
1544726844.99
1544726845.08
1544726845.17
1544726845.24
1544726845.33
1544726845.4
1544726845.48
1544726845.56
1544726845.64
1544726845.72
1544726845.81
1544726845.9
1544726845.99
1544726846.07
1544726846.15
1544726846.22
1544726846.31
1544726846.38
1544726846.46
1544726846.52
1544726846.6
1544726846.69
1544726846.77
1544726846.85
1544726846.94
1544726847.01
1544726847.08
1544726847.13
1544726847.2
1544726847.28
1544726847.35
1544726847.41
1544726847.49
1544726847.57
1544726847.64
1544726847.69
1544726847.74
1544726847.79
1544726847.84
1544726847.9
1544726847.96
1544726848.01
1544726848.09
1544726848.18
1544726848.27
1544726848.35
1544726848.43
1544726848.52
1544726848.62
1544726848.75
1544726848.82
1544726848.93
1544726849.02
1544726849.09
1544726849.15
1544726849.22
1544726849.3
1544726849.41
1544726849.55
1544726849.65
1544726849.75
1544726849.85
1544726849.94
1544726850.03
1544726850.12
1544726850.22
1544726850.29
1544726850.35
1544726850.44
1544726850.5
1544726850.58
1544726850.65
1544726850.71
1544726850.8
1544726850.87
1544726850.94
1544726851.02
1544726851.09
1544726851.16
1544726851.22
1544726851.3
1544726851.39
1544726851.49
1544726851.56
1544726851.63
1544726851.7
1544726851.78
1544726851.85
1544726851.91
1544726851.98
1544726852.09
1544726852.19
1544726852.28
1544726852.34
1544726852.44
1544726852.53
1544726852.62
1544726852.72
1544726852.81
1544726852.88
1544726852.96
1544726853.03
1544726853.11
1544726853.17
1544726853.24
1544726853.32
1544726853.41
1544726853.49
1544726853.56
1544726853.63
1544726853.74
1544726853.84
1544726853.92
1544726854.02
1544726854.1
1544726854.16
1544726854.22
1544726854.29
1544726854.37
1544726854.44
1544726854.51
1544726854.57
1544726854.65
1544726854.72
1544726854.79
1544726854.87
1544726854.95
1544726855.01
1544726855.09
1544726855.16
1544726855.27
1544726855.36
1544726855.44
1544726855.52
1544726855.6
1544726855.67
1544726855.79
1544726855.88
1544726855.97
1544726856.05
1544726856.15
1544726856.23
1544726856.29
1544726856.38
1544726856.46
1544726856.53
1544726856.63
1544726856.69
1544726856.76
1544726856.84
1544726856.94
1544726857.03
1544726857.1
1544726857.2
1544726857.27
1544726857.35
1544726857.46
1544726857.57
1544726857.66
1544726857.73
1544726857.82
1544726857.9
1544726857.98
1544726858.06
1544726858.12
1544726858.2
1544726858.3
1544726858.39
1544726858.47
1544726858.54
1544726858.63
1544726858.69
1544726858.76
1544726858.85
1544726858.93
1544726859.0
1544726859.07
1544726859.12
1544726859.18
1544726859.24
1544726859.3
1544726859.37
1544726859.46
1544726859.56
1544726859.66
1544726859.75
1544726859.89
1544726860.01
1544726860.13
1544726860.28
1544726860.4
1544726860.47
1544726860.53
1544726860.6
1544726860.66
1544726860.73
1544726860.8
1544726860.89
1544726861.03
1544726861.1
1544726861.2
1544726861.35
1544726861.48
1544726861.62
1544726861.7
1544726861.76
1544726861.85
1544726861.91
1544726862.0
1544726862.06
1544726862.12
1544726862.18
1544726862.27
1544726862.34
1544726862.39
1544726862.45
1544726862.51
1544726862.59
1544726862.67
1544726862.76
1544726862.84
1544726862.89
1544726862.94
1544726863.03
1544726863.1
1544726863.17
1544726863.25
1544726863.32
1544726863.43
1544726863.51
1544726863.6
1544726863.69
1544726863.79
1544726863.88
1544726863.96
1544726864.04
1544726864.13
1544726864.22
1544726864.3
1544726864.38
1544726864.46
1544726864.53
1544726864.58
1544726864.65
1544726864.71
1544726864.76
1544726864.81
1544726864.86
1544726864.92
1544726864.97
1544726865.06
1544726865.15
1544726865.25
1544726865.33
1544726865.42
1544726865.49
1544726865.61
1544726865.71
1544726865.8
1544726865.88
1544726865.98
1544726866.07
1544726866.17
1544726866.26
1544726866.37
1544726866.46
1544726866.56
1544726866.66
1544726866.76
1544726866.86
1544726866.95
1544726867.05
1544726867.16
1544726867.25
1544726867.32
1544726867.43
1544726867.51
1544726867.6
1544726867.74
1544726867.82
1544726867.92
1544726867.99
1544726868.14
1544726868.24
1544726868.32
1544726868.4
1544726868.49
1544726868.57
1544726868.66
1544726868.75
1544726868.82
1544726868.88
1544726868.96
1544726869.03
1544726869.1
1544726869.24
1544726869.33
1544726869.44
1544726869.53
1544726869.64
1544726869.71
1544726869.83
1544726869.9
1544726869.99
1544726870.07
1544726870.16
1544726870.27
1544726870.33
1544726870.45
1544726870.52
1544726870.63
1544726870.71
1544726870.83
1544726870.9
1544726871.01
1544726871.09
1544726871.17
1544726871.26
1544726871.35
1544726871.42
1544726871.5
1544726871.58
1544726871.66
1544726871.73
1544726871.83
1544726871.91
1544726872.01
1544726872.09
1544726872.18
1544726872.24
1544726872.33
1544726872.4
1544726872.49
1544726872.58
1544726872.66
1544726872.73
1544726872.8
1544726872.88
1544726872.96
1544726873.03
1544726873.1
1544726873.17
1544726873.24
1544726873.3
1544726873.37
1544726873.44
1544726873.52
1544726873.6
1544726873.68
1544726873.74
1544726873.81
1544726873.89
1544726873.98
1544726874.06
1544726874.14
1544726874.21
1544726874.31
1544726874.39
1544726874.48
1544726874.59
1544726874.69
1544726874.78
1544726874.87
1544726874.97
1544726875.06
1544726875.14
1544726875.28
1544726875.37
1544726875.49
1544726875.6
1544726875.69
1544726875.77
1544726875.86
1544726875.96
1544726876.06
1544726876.16
1544726876.24
1544726876.33
1544726876.43
1544726876.51
1544726876.58
1544726876.65
1544726876.71
1544726876.79
1544726876.86
1544726876.95
1544726877.04
1544726877.1
1544726877.17
1544726877.23
1544726877.3
1544726877.36
1544726877.43
1544726877.5
1544726877.57
1544726877.63
1544726877.7
1544726877.77
1544726877.84
1544726877.9
1544726877.97
1544726878.03
1544726878.09
1544726878.16
1544726878.28
1544726878.41
1544726878.5
1544726878.61
1544726878.71
1544726878.78
1544726878.87
1544726878.93
1544726878.99
1544726879.05
1544726879.1
1544726879.16
1544726879.23
1544726879.29
1544726879.36
1544726879.43
1544726879.5
1544726879.57
1544726879.64
1544726879.7
1544726879.82
1544726879.92
1544726880.0
1544726880.06
1544726880.12
1544726880.2
1544726880.27
1544726880.32
1544726880.4
1544726880.46
1544726880.53
1544726880.6
1544726880.66
1544726880.72
1544726880.79
1544726880.85
1544726880.91
1544726880.96
1544726881.03
1544726881.08
1544726881.13
1544726881.19
1544726881.24
1544726881.3
1544726881.35
1544726881.39
1544726881.43
1544726881.5
1544726881.58
1544726881.64
1544726881.69
1544726881.78
1544726881.85
1544726881.9
1544726881.97
1544726882.03
1544726882.08
1544726882.14
1544726882.21
1544726882.29
1544726882.36
1544726882.42
1544726882.5
1544726882.57
1544726882.64
1544726882.71
1544726882.77
1544726882.83
1544726882.88
1544726882.93
1544726882.98
1544726883.03
1544726883.07
1544726883.12
1544726883.19
1544726883.25
1544726883.31
1544726883.38
1544726883.45
1544726883.52
1544726883.58
1544726883.64
1544726883.7
1544726883.76
1544726883.82
1544726883.9
1544726883.98
1544726884.04
1544726884.1
1544726884.17
1544726884.23
1544726884.28
1544726884.35
1544726884.4
1544726884.46
1544726884.51
1544726884.57
1544726884.63
1544726884.68
1544726884.73
1544726884.79
1544726884.86
1544726884.94
1544726885.0
1544726885.07
1544726885.13
1544726885.22
1544726885.29
1544726885.36
1544726885.44
1544726885.52
1544726885.58
1544726885.66
1544726885.73
1544726885.79
1544726885.86
1544726885.92
1544726885.97
1544726886.04
1544726886.1
1544726886.18
1544726886.24
1544726886.3
1544726886.39
1544726886.48
1544726886.57
1544726886.64
1544726886.71
1544726886.78
1544726886.84
1544726886.91
1544726886.97
1544726887.03
1544726887.09
1544726887.15
1544726887.21
1544726887.27
1544726887.33
1544726887.4
1544726887.47
1544726887.54
1544726887.6
1544726887.67
1544726887.73
1544726887.8
1544726887.87
1544726887.94
1544726888.0
1544726888.06
1544726888.13
1544726888.2
1544726888.27
1544726888.33
1544726888.43
1544726888.49
1544726888.55
1544726888.62
1544726888.68
1544726888.79
1544726888.85
1544726888.94
1544726889.01
1544726889.07
1544726889.14
1544726889.24
1544726889.32
1544726889.4
1544726889.47
1544726889.55
1544726889.61
1544726889.68
1544726889.75
1544726889.81
1544726889.87
1544726889.94
1544726890.0
1544726890.07
1544726890.13
1544726890.23
1544726890.31
1544726890.4
1544726890.51
1544726890.59
1544726890.66
1544726890.72
1544726890.79
1544726890.85
1544726890.91
1544726890.97
1544726891.02
1544726891.1
1544726891.18
1544726891.27
1544726891.35
1544726891.42
1544726891.5
1544726891.59
1544726891.65
1544726891.71
1544726891.77
1544726891.82
1544726891.87
1544726891.93
1544726891.99
1544726892.04
1544726892.08
1544726892.16
1544726892.23
1544726892.3
1544726892.37
1544726892.42
1544726892.49
1544726892.55
1544726892.62
1544726892.68
1544726892.73
1544726892.79
1544726892.85
1544726892.9
1544726892.97
1544726893.03
1544726893.1
1544726893.18
1544726893.24
1544726893.28
1544726893.36
1544726893.45
1544726893.5
1544726893.56
1544726893.63
1544726893.7
1544726893.76
1544726893.82
1544726893.91
1544726893.98
1544726894.02
1544726894.11
1544726894.18
1544726894.26
1544726894.33
1544726894.4
1544726894.47
1544726894.55
1544726894.63
1544726894.69
1544726894.76
1544726894.84
1544726894.91
1544726894.97
1544726895.03
1544726895.09
1544726895.17
1544726895.25
1544726895.31
1544726895.39
1544726895.44
1544726895.49
1544726895.56
1544726895.64
1544726895.73
1544726895.79
1544726895.86
1544726895.92
1544726895.98
1544726896.06
1544726896.12
1544726896.17
1544726896.26
1544726896.36
1544726896.44
1544726896.5
1544726896.57
1544726896.65
1544726896.73
1544726896.82
1544726896.89
1544726896.96
1544726897.02
1544726897.08
1544726897.15
1544726897.22
1544726897.27
1544726897.36
1544726897.45
1544726897.5
1544726897.58
1544726897.65
1544726897.69
1544726897.78
1544726897.87
1544726897.95
1544726898.02
1544726898.06
1544726898.12
1544726898.19
1544726898.25
1544726898.35
1544726898.46
1544726898.57
1544726898.65
1544726898.72
1544726898.78
1544726898.86
1544726898.92
1544726899.0
1544726899.07
1544726899.16
1544726899.25
1544726899.31
1544726899.4
1544726899.49
1544726899.54
1544726899.59
1544726899.66
1544726899.78
1544726899.87
1544726899.96
1544726900.04
1544726900.11
1544726900.19
1544726900.26
1544726900.33
1544726900.42
1544726900.49
1544726900.57
1544726900.64
1544726900.72
1544726900.8
1544726900.88
1544726900.96
1544726901.05
1544726901.11
1544726901.22
1544726901.29
1544726901.35
1544726901.43
1544726901.49
1544726901.57
1544726901.65
1544726901.71
1544726901.79
1544726901.87
1544726901.95
1544726902.05
1544726902.13
1544726902.22
1544726902.26
1544726902.3
1544726902.37
1544726902.46
1544726902.53
1544726902.58
1544726902.65
1544726902.74
1544726902.81
1544726902.88
1544726902.96
1544726903.03
1544726903.11
1544726903.17
1544726903.27
1544726903.35
1544726903.42
1544726903.51
1544726903.57
1544726903.64
1544726903.73
1544726903.8
1544726903.87
1544726903.93
1544726904.01
1544726904.07
1544726904.16
1544726904.23
1544726904.3
1544726904.37
1544726904.45
1544726904.5
1544726904.57
1544726904.64
1544726904.71
1544726904.78
1544726904.84
1544726904.9
1544726904.99
1544726905.08
1544726905.17
1544726905.25
1544726905.33
1544726905.4
1544726905.48
1544726905.56
1544726905.65
1544726905.72
1544726905.8
1544726905.85
1544726905.93
1544726906.0
1544726906.07
1544726906.13
1544726906.2
1544726906.26
1544726906.32
1544726906.38
1544726906.44
1544726906.56
1544726906.66
1544726906.74
1544726906.83
1544726906.92
1544726907.0
1544726907.07
1544726907.15
1544726907.23
1544726907.3
1544726907.38
1544726907.46
1544726907.55
1544726907.63
1544726907.76
1544726907.85
1544726907.96
1544726908.05
1544726908.13
1544726908.23
1544726908.29
1544726908.38
1544726908.46
1544726908.52
1544726908.59
1544726908.67
1544726908.75
1544726908.81
1544726908.9
1544726908.97
1544726909.05
1544726909.14
1544726909.21
1544726909.27
1544726909.34
1544726909.42
1544726909.51
1544726909.57
1544726909.63
1544726909.74
1544726909.85
1544726909.95
1544726910.05
1544726910.13
1544726910.21
1544726910.32
1544726910.42
1544726910.5
1544726910.59
1544726910.67
1544726910.73
1544726910.8
1544726910.87
1544726910.94
1544726911.01
1544726911.07
1544726911.14
1544726911.2
1544726911.28
1544726911.37
1544726911.44
1544726911.51
1544726911.59
1544726911.66
1544726911.73
1544726911.79
1544726911.86
1544726911.9
1544726911.95
1544726912.0
1544726912.08
1544726912.16
1544726912.26
1544726912.35
1544726912.41
1544726912.48
1544726912.55
1544726912.63
1544726912.71
1544726912.78
1544726912.84
1544726912.91
1544726912.99
1544726913.05
1544726913.12
1544726913.18
1544726913.24
1544726913.3
1544726913.36
1544726913.44
1544726913.48
1544726913.57
1544726913.65
1544726913.72
1544726913.81
1544726913.89
1544726913.97
1544726914.08
1544726914.16
1544726914.24
1544726914.32
1544726914.4
1544726914.48
1544726914.55
1544726914.61
1544726914.69
1544726914.77
1544726914.84
1544726914.9
1544726914.97
1544726915.03
1544726915.1
1544726915.17
1544726915.24
1544726915.31
1544726915.38
1544726915.48
1544726915.56
1544726915.63
1544726915.7
1544726915.77
1544726915.84
1544726915.89
1544726915.96
1544726916.03
1544726916.16
1544726916.26
1544726916.36
1544726916.45
1544726916.55
1544726916.67
1544726916.77
1544726916.84
1544726916.9
1544726916.96
1544726917.02
1544726917.09
1544726917.17
1544726917.24
1544726917.31
1544726917.38
1544726917.44
1544726917.5
1544726917.56
1544726917.63
1544726917.71
1544726917.78
1544726917.86
1544726917.93
1544726918.0
1544726918.08
1544726918.15
1544726918.24
1544726918.29
1544726918.38
1544726918.46
1544726918.54
1544726918.62
1544726918.69
1544726918.76
1544726918.84
1544726918.91
1544726918.99
1544726919.05
1544726919.12
1544726919.18
1544726919.25
1544726919.31
1544726919.37
1544726919.48
1544726919.54
1544726919.63
1544726919.7
1544726919.78
1544726919.85
1544726919.92
1544726920.0
1544726920.06
1544726920.12
1544726920.17
1544726920.23
1544726920.29
1544726920.34
1544726920.39
1544726920.44
1544726920.5
1544726920.55
1544726920.63
1544726920.69
1544726920.77
1544726920.87
1544726920.97
1544726921.07
1544726921.16
1544726921.26
1544726921.33
1544726921.4
1544726921.46
1544726921.5
1544726921.59
1544726921.66
1544726921.73
1544726921.79
1544726921.87
1544726921.93
1544726921.97
1544726922.04
1544726922.14
1544726922.22
1544726922.27
1544726922.31
1544726922.4
1544726922.48
1544726922.55
1544726922.62
1544726922.68
1544726922.75
1544726922.8
1544726922.86
1544726922.91
1544726923.02
1544726923.1
1544726923.15
1544726923.2
1544726923.26
1544726923.32
1544726923.37
1544726923.46
1544726923.56
1544726923.63
1544726923.68
1544726923.76
1544726923.85
1544726923.92
1544726924.0
1544726924.07
1544726924.15
1544726924.24
1544726924.32
1544726924.39
1544726924.45
1544726924.51
1544726924.56
1544726924.62
1544726924.67
1544726924.73
1544726924.8
1544726924.85
1544726924.92
1544726924.98
1544726925.03
1544726925.07
1544726925.12
1544726925.21
1544726925.28
1544726925.37
1544726925.44
1544726925.51
1544726925.59
1544726925.65
1544726925.71
1544726925.81
1544726925.87
1544726925.93
1544726926.05
1544726926.12
1544726926.19
1544726926.3
1544726926.38
1544726926.47
1544726926.55
1544726926.61
1544726926.67
1544726926.74
1544726926.8
1544726926.87
1544726926.93
1544726927.01
1544726927.06
1544726927.13
1544726927.21
1544726927.27
1544726927.36
1544726927.44
1544726927.54
1544726927.64
1544726927.71
1544726927.78
1544726927.85
1544726927.93
1544726927.98
1544726928.05
1544726928.13
1544726928.19
1544726928.25
1544726928.32
1544726928.38
1544726928.45
1544726928.53
1544726928.6
1544726928.67
1544726928.73
1544726928.78
1544726928.84
1544726928.9
1544726928.95
1544726929.01
1544726929.07
1544726929.13
1544726929.19
1544726929.24
1544726929.3
1544726929.35
1544726929.41
1544726929.46
1544726929.54
1544726929.62
1544726929.69
1544726929.78
1544726929.88
1544726929.97
1544726930.03
1544726930.1
1544726930.18
1544726930.24
1544726930.32
1544726930.37
1544726930.44
1544726930.49
1544726930.56
1544726930.62
1544726930.7
1544726930.77
1544726930.83
1544726930.88
1544726930.95
1544726930.99
1544726931.07
1544726931.11
1544726931.18
1544726931.25
1544726931.32
1544726931.39
1544726931.51
1544726931.62
1544726931.66
1544726931.74
1544726931.81
1544726931.9
1544726931.98
1544726932.04
1544726932.11
1544726932.19
1544726932.29
1544726932.35
1544726932.42
1544726932.58
1544726932.72
1544726932.81
1544726932.9
1544726932.99
1544726933.06
1544726933.13
1544726933.2
1544726933.26
1544726933.32
1544726933.38
1544726933.43
1544726933.48
1544726933.54
1544726933.61
1544726933.68
1544726933.76
1544726933.85
1544726933.92
1544726934.05
1544726934.14
1544726934.22
1544726934.32
1544726934.4
1544726934.49
1544726934.57
1544726934.67
1544726934.76
1544726934.84
1544726934.93
1544726934.99
1544726935.06
1544726935.16
1544726935.26
1544726935.38
1544726935.48
1544726935.54
1544726935.66
1544726935.74
1544726935.8
1544726935.95
1544726936.03
1544726936.12
1544726936.2
1544726936.28
1544726936.37
1544726936.45
1544726936.54
1544726936.59
1544726936.65
1544726936.69
1544726936.76
1544726936.81
1544726936.88
1544726936.93
1544726937.0
1544726937.07
1544726937.15
1544726937.23
1544726937.31
1544726937.39
1544726937.49
1544726937.55
1544726937.62
1544726937.7
1544726937.76
1544726937.81
1544726937.89
1544726937.96
1544726938.03
1544726938.09
1544726938.17
1544726938.22
1544726938.27
1544726938.33
1544726938.42
1544726938.5
1544726938.58
1544726938.65
1544726938.71
1544726938.78
1544726938.85
1544726938.92
1544726938.98
1544726939.05
1544726939.16
1544726939.24
1544726939.33
1544726939.41
1544726939.5
1544726939.56
1544726939.65
1544726939.71
1544726939.79
1544726939.86
1544726939.93
1544726940.03
1544726940.08
1544726940.16
1544726940.23
1544726940.3
1544726940.37
1544726940.43
1544726940.49
1544726940.56
1544726940.62
1544726940.69
1544726940.76
1544726940.82
1544726940.88
1544726940.94
1544726941.0
1544726941.07
1544726941.14
1544726941.19
1544726941.26
1544726941.32
1544726941.38
1544726941.44
1544726941.5
1544726941.58
1544726941.64
1544726941.72
1544726941.78
1544726941.81
1544726941.87
1544726941.93
1544726941.99
1544726942.06
1544726942.13
1544726942.21
1544726942.26
1544726942.31
1544726942.38
1544726942.45
1544726942.54
1544726942.62
1544726942.7
1544726942.79
1544726942.86
1544726942.92
1544726942.99
1544726943.07
1544726943.14
1544726943.19
1544726943.27
1544726943.33
1544726943.4
1544726943.49
1544726943.57
1544726943.65
1544726943.74
1544726943.82
1544726943.89
1544726943.96
1544726944.04
1544726944.11
1544726944.17
1544726944.26
1544726944.32
1544726944.4
1544726944.49
1544726944.56
1544726944.65
1544726944.73
1544726944.83
1544726944.9
1544726944.98
1544726945.06
1544726945.14
1544726945.22
1544726945.29
1544726945.36
1544726945.45
1544726945.53
1544726945.62
1544726945.67
1544726945.76
1544726945.85
1544726945.93
1544726946.01
1544726946.07
1544726946.16
1544726946.24
1544726946.32
1544726946.41
1544726946.47
1544726946.55
1544726946.64
1544726946.71
1544726946.81
1544726946.88
1544726946.96
1544726947.04
1544726947.1
1544726947.17
1544726947.22
1544726947.28
1544726947.33
1544726947.4
1544726947.47
1544726947.55
1544726947.61
1544726947.67
1544726947.74
1544726947.81
1544726947.86
1544726947.94
1544726948.01
1544726948.09
1544726948.15
1544726948.22
1544726948.29
1544726948.36
1544726948.42
1544726948.5
1544726948.56
1544726948.64
1544726948.72
1544726948.77
1544726948.83
1544726948.91
1544726948.99
1544726949.07
1544726949.15
1544726949.22
1544726949.27
1544726949.34
1544726949.4
1544726949.48
1544726949.55
1544726949.62
1544726949.68
1544726949.75
1544726949.8
1544726949.89
1544726949.96
1544726950.03
1544726950.09
1544726950.16
1544726950.22
1544726950.29
1544726950.36
1544726950.43
1544726950.49
1544726950.55
1544726950.62
1544726950.68
1544726950.74
1544726950.8
1544726950.86
1544726950.93
1544726950.99
1544726951.05
1544726951.11
1544726951.17
1544726951.22
1544726951.27
1544726951.32
1544726951.39
1544726951.45
1544726951.52
1544726951.59
1544726951.65
1544726951.71
1544726951.77
1544726951.82
1544726951.88
1544726951.94
1544726952.02
1544726952.07
1544726952.13
1544726952.22
1544726952.3
1544726952.37
1544726952.44
1544726952.5
1544726952.57
1544726952.65
1544726952.71
1544726952.77
1544726952.84
1544726952.88
1544726952.96
1544726953.03
1544726953.09
1544726953.17
1544726953.24
1544726953.34
1544726953.41
1544726953.47
1544726953.55
1544726953.63
1544726953.7
1544726953.8
1544726953.91
1544726953.99
1544726954.08
1544726954.15
1544726954.21
1544726954.27
1544726954.34
1544726954.4
1544726954.49
1544726954.57
1544726954.63
1544726954.68
1544726954.77
1544726954.86
1544726954.95
1544726955.04
1544726955.09
1544726955.16
1544726955.22
1544726955.29
1544726955.35
1544726955.41
1544726955.48
1544726955.6
1544726955.65
1544726955.75
1544726955.83
1544726955.88
1544726955.94
1544726956.04
1544726956.1
1544726956.21
1544726956.28
1544726956.38
1544726956.48
1544726956.55
1544726956.61
1544726956.67
1544726956.73
1544726956.82
1544726956.87
1544726956.92
1544726956.99
1544726957.05
1544726957.1
1544726957.19
1544726957.25
1544726957.32
1544726957.4
1544726957.46
1544726957.51
1544726957.57
1544726957.65
1544726957.7
1544726957.77
1544726957.85
1544726957.93
1544726958.01
1544726958.08
1544726958.14
1544726958.26
1544726958.36
1544726958.47
1544726958.56
1544726958.64
1544726958.71
1544726958.79
1544726958.87
1544726958.95
1544726959.02
1544726959.09
1544726959.15
1544726959.23
1544726959.29
1544726959.38
1544726959.47
1544726959.53
1544726959.6
1544726959.67
1544726959.74
1544726959.83
1544726959.9
1544726959.98
1544726960.06
1544726960.15
1544726960.22
1544726960.3
1544726960.37
1544726960.47
1544726960.57
1544726960.68
1544726960.77
1544726960.87
1544726960.95
1544726961.04
1544726961.13
1544726961.2
1544726961.27
1544726961.39
1544726961.48
1544726961.55
1544726961.61
1544726961.69
1544726961.74
1544726961.81
1544726961.88
1544726961.95
1544726962.01
1544726962.08
1544726962.16
1544726962.25
1544726962.33
1544726962.41
1544726962.5
1544726962.58
1544726962.65
1544726962.7
1544726962.77
1544726962.87
1544726962.95
1544726963.05
1544726963.11
1544726963.21
1544726963.25
1544726963.3
1544726963.4
1544726963.49
1544726963.56
1544726963.62
1544726963.68
1544726963.74
1544726963.79
1544726963.85
1544726963.92
1544726963.98
1544726964.05
1544726964.11
1544726964.18
1544726964.23
1544726964.29
1544726964.34
1544726964.42
1544726964.46
1544726964.51
1544726964.61
1544726964.71
1544726964.79
1544726964.85
1544726964.91
1544726964.99
1544726965.11
1544726965.23
1544726965.32
1544726965.41
1544726965.46
1544726965.51
1544726965.58
1544726965.66
1544726965.74
1544726965.82
1544726965.9
1544726965.97
1544726966.04
1544726966.09
1544726966.18
1544726966.25
1544726966.33
1544726966.38
1544726966.43
1544726966.51
1544726966.57
1544726966.63
1544726966.68
1544726966.77
1544726966.85
1544726966.94
1544726967.02
1544726967.1
1544726967.17
1544726967.21
1544726967.27
1544726967.35
1544726967.44
1544726967.51
1544726967.58
1544726967.64
1544726967.69
1544726967.76
1544726967.84
1544726967.91
1544726967.99
1544726968.03
1544726968.07
1544726968.12
1544726968.22
1544726968.27
1544726968.36
1544726968.43
1544726968.49
1544726968.56
1544726968.62
1544726968.66
1544726968.74
1544726968.8
1544726968.87
1544726968.97
1544726969.05
1544726969.18
1544726969.27
1544726969.34
1544726969.4
1544726969.48
1544726969.57
1544726969.66
1544726969.73
1544726969.78
1544726969.89
1544726969.98
1544726970.05
1544726970.09
1544726970.16
1544726970.22
1544726970.33
1544726970.43
1544726970.52
1544726970.59
1544726970.66
1544726970.75
1544726970.83
1544726970.94
1544726971.04
1544726971.14
1544726971.22
1544726971.27
1544726971.35
1544726971.48
1544726971.58
1544726971.66
1544726971.75
1544726971.82
1544726971.89
1544726972.01
1544726972.06
1544726972.12
1544726972.22
1544726972.26
1544726972.35
1544726972.43
1544726972.53
1544726972.63
1544726972.78
1544726972.85
1544726973.0
1544726973.15
1544726973.28
1544726973.4
1544726973.51
1544726973.64
1544726973.7
1544726973.79
1544726973.87
1544726973.95
1544726974.03
1544726974.14
1544726974.23
1544726974.33
1544726974.42
1544726974.49
1544726974.55
1544726974.62
1544726974.7
1544726974.77
1544726974.85
1544726974.91
1544726975.0
1544726975.08
1544726975.16
1544726975.23
1544726975.31
1544726975.39
1544726975.47
1544726975.55
1544726975.63
1544726975.7
1544726975.77
1544726975.84
1544726975.9
1544726975.96
1544726976.04
1544726976.11
1544726976.17
1544726976.23
1544726976.3
1544726976.36
1544726976.43
1544726976.49
1544726976.56
1544726976.63
1544726976.72
1544726976.79
1544726976.87
1544726976.95
1544726977.03
1544726977.11
1544726977.22
1544726977.3
1544726977.38
1544726977.45
1544726977.51
1544726977.61
1544726977.68
1544726977.74
1544726977.82
1544726977.9
1544726977.98
1544726978.04
1544726978.12
1544726978.16
1544726978.2
1544726978.29
1544726978.39
1544726978.47
1544726978.56
1544726978.64
1544726978.71
1544726978.87
1544726978.94
1544726979.03
1544726979.11
1544726979.19
1544726979.29
1544726979.39
1544726979.49
1544726979.63
1544726979.76
1544726979.85
1544726979.93
1544726980.06
1544726980.18
1544726980.26
1544726980.36
1544726980.45
1544726980.52
1544726980.59
1544726980.65
1544726980.73
1544726980.83
1544726980.87
1544726980.93
1544726981.0
1544726981.09
1544726981.24
1544726981.33
1544726981.47
1544726981.57
1544726981.66
1544726981.77
1544726981.85
1544726981.96
1544726982.06
1544726982.14
1544726982.24
1544726982.35
1544726982.44
1544726982.55
1544726982.64
1544726982.73
1544726982.82
1544726982.92
1544726983.0
1544726983.08
1544726983.15
1544726983.22
1544726983.3
1544726983.38
1544726983.44
1544726983.49
1544726983.62
1544726983.72
1544726983.85
1544726983.9
1544726984.0
1544726984.09
1544726984.15
1544726984.21
1544726984.27
1544726984.36
1544726984.43
1544726984.51
1544726984.59
1544726984.66
1544726984.75
1544726984.86
1544726984.94
1544726985.01
1544726985.07
1544726985.13
1544726985.21
1544726985.27
1544726985.35
1544726985.41
1544726985.49
1544726985.55
1544726985.62
1544726985.69
1544726985.76
1544726985.82
1544726985.89
1544726985.96
1544726986.01
1544726986.07
1544726986.13
1544726986.2
1544726986.27
1544726986.33
1544726986.39
1544726986.46
1544726986.52
1544726986.59
1544726986.65
1544726986.7
1544726986.76
1544726986.82
1544726986.88
1544726986.94
1544726987.02
1544726987.12
1544726987.21
1544726987.28
1544726987.35
1544726987.45
1544726987.57
1544726987.66
1544726987.74
1544726987.81
1544726987.86
1544726987.93
1544726988.0
1544726988.08
1544726988.15
1544726988.21
1544726988.26
1544726988.32
1544726988.39
1544726988.48
1544726988.56
1544726988.66
1544726988.74
1544726988.8
1544726988.89
1544726988.96
1544726989.04
1544726989.09
1544726989.2
1544726989.29
1544726989.38
1544726989.48
1544726989.58
1544726989.63
1544726989.71
1544726989.8
1544726989.9
1544726989.96
1544726990.03
1544726990.07
1544726990.13
1544726990.22
1544726990.26
1544726990.36
1544726990.46
1544726990.56
1544726990.64
1544726990.73
1544726990.82
1544726990.89
1544726990.98
1544726991.07
1544726991.14
1544726991.23
1544726991.28
1544726991.36
1544726991.4
1544726991.45
1544726991.49
1544726991.58
1544726991.63
1544726991.69
1544726991.77
1544726991.87
1544726991.96
1544726992.06
1544726992.13
1544726992.21
1544726992.28
1544726992.36
1544726992.45
1544726992.51
1544726992.59
1544726992.66
1544726992.72
1544726992.78
1544726992.87
1544726992.93
1544726993.0
1544726993.06
1544726993.11
1544726993.16
1544726993.22
1544726993.27
1544726993.32
1544726993.38
1544726993.43
1544726993.48
1544726993.52
1544726993.58
1544726993.61
1544726993.68
1544726993.76
1544726993.84
1544726993.89
1544726993.97
1544726994.06
1544726994.14
1544726994.21
1544726994.28
1544726994.36
1544726994.41
1544726994.46
1544726994.53
1544726994.64
1544726994.7
1544726994.78
1544726994.85
1544726994.9
1544726994.98
1544726995.06
1544726995.13
1544726995.2
1544726995.29
1544726995.36
1544726995.4
1544726995.45
1544726995.54
1544726995.6
1544726995.69
1544726995.77
1544726995.84
1544726995.9
1544726995.95
1544726996.02
1544726996.07
1544726996.13
1544726996.21
1544726996.29
1544726996.36
1544726996.44
1544726996.5
1544726996.6
1544726996.68
1544726996.76
1544726996.83
1544726996.89
1544726996.97
1544726997.03
1544726997.11
1544726997.18
1544726997.25
1544726997.29
1544726997.38
1544726997.43
1544726997.54
1544726997.63
1544726997.69
1544726997.76
1544726997.82
1544726997.86
1544726997.93
1544726998.01
1544726998.08
1544726998.14
1544726998.2
1544726998.28
1544726998.34
1544726998.4
1544726998.47
1544726998.56
1544726998.63
1544726998.68
1544726998.74
1544726998.8
1544726998.86
1544726998.93
1544726999.02
1544726999.07
1544726999.16
1544726999.26
1544726999.35
1544726999.45
1544726999.53
1544726999.6
1544726999.67
1544726999.73
1544726999.8
1544726999.86
1544726999.93
1544726999.99
1544727000.06
1544727000.12
1544727000.19
1544727000.25
1544727000.31
1544727000.37
1544727000.43
1544727000.5
1544727000.57
1544727000.62
1544727000.68
1544727000.74
1544727000.8
1544727000.86
1544727000.91
1544727000.99
1544727001.08
1544727001.15
1544727001.25
1544727001.34
1544727001.41
1544727001.47
1544727001.58
1544727001.68
1544727001.78
1544727001.86
1544727001.93
1544727002.03
1544727002.15
1544727002.25
1544727002.38
1544727002.46
1544727002.55
1544727002.64
1544727002.69
1544727002.78
1544727002.84
1544727002.89
1544727002.97
1544727003.07
1544727003.18
1544727003.24
1544727003.32
1544727003.41
1544727003.49
1544727003.57
1544727003.65
1544727003.73
1544727003.82
1544727003.89
1544727003.97
1544727004.04
1544727004.11
1544727004.18
1544727004.26
1544727004.35
1544727004.42
1544727004.5
1544727004.57
1544727004.65
1544727004.73
1544727004.8
1544727004.88
1544727004.95
1544727005.03
1544727005.09
1544727005.17
1544727005.24
1544727005.32
1544727005.39
1544727005.46
1544727005.53
1544727005.64
1544727005.71
1544727005.78
1544727005.85
1544727005.91
1544727005.99
1544727006.07
1544727006.16
1544727006.22
1544727006.28
1544727006.36
1544727006.45
1544727006.53
1544727006.63
1544727006.7
1544727006.79
1544727006.89
1544727006.99
1544727007.12
1544727007.2
1544727007.28
1544727007.35
1544727007.42
1544727007.51
1544727007.59
1544727007.65
1544727007.7
1544727007.75
1544727007.81
1544727007.88
1544727007.95
1544727008.02
1544727008.09
1544727008.15
1544727008.2
1544727008.27
1544727008.33
1544727008.39
1544727008.46
1544727008.53
1544727008.59
1544727008.63
1544727008.7
1544727008.75
1544727008.79
1544727008.86
1544727008.96
1544727009.04
1544727009.09
1544727009.17
1544727009.25
1544727009.34
1544727009.42
1544727009.49
1544727009.56
1544727009.63
1544727009.7
1544727009.77
1544727009.85
1544727009.91
1544727009.99
1544727010.07
1544727010.13
1544727010.18
1544727010.3
1544727010.38
1544727010.51
1544727010.58
1544727010.67
1544727010.75
1544727010.85
1544727010.95
1544727011.04
1544727011.13
1544727011.23
1544727011.38
1544727011.46
1544727011.55
1544727011.62
1544727011.69
1544727011.75
1544727011.79
1544727011.85
1544727011.95
1544727012.07
1544727012.21
1544727012.29
1544727012.36
1544727012.42
1544727012.48
1544727012.54
1544727012.6
1544727012.65
1544727012.71
1544727012.77
1544727012.82
1544727012.88
1544727012.95
1544727013.01
1544727013.08
1544727013.14
1544727013.19
1544727013.26
1544727013.32
1544727013.38
1544727013.44
1544727013.5
1544727013.56
1544727013.6
1544727013.66
1544727013.72
1544727013.77
1544727013.81
1544727013.89
1544727013.95
1544727014.04
1544727014.12
1544727014.19
1544727014.29
1544727014.38
1544727014.46
1544727014.53
1544727014.58
1544727014.64
1544727014.69
1544727014.81
1544727014.91
1544727014.98
1544727015.03
1544727015.14
1544727015.2
1544727015.29
1544727015.42
1544727015.52
1544727015.63
1544727015.74
1544727015.87
1544727015.94
1544727016.03
1544727016.09
1544727016.16
1544727016.21
1544727016.29
1544727016.35
1544727016.41
1544727016.47
1544727016.53
1544727016.59
1544727016.64
1544727016.69
1544727016.74
1544727016.78
1544727016.84
1544727016.93
1544727016.99
1544727017.03
1544727017.08
1544727017.14
1544727017.2
1544727017.27
1544727017.33
1544727017.4
1544727017.48
1544727017.56
1544727017.62
1544727017.66
1544727017.72
1544727017.79
1544727017.85
1544727017.92
1544727017.98
1544727018.05
1544727018.13
1544727018.19
1544727018.26
1544727018.32
1544727018.43
1544727018.51
1544727018.55
1544727018.63
1544727018.7
1544727018.76
1544727018.83
1544727018.9
1544727018.96
1544727019.02
1544727019.09
1544727019.16
1544727019.23
1544727019.27
1544727019.34
1544727019.4
1544727019.48
1544727019.55
1544727019.6
1544727019.69
1544727019.78
1544727019.86
1544727019.96
1544727020.04
1544727020.12
1544727020.22
1544727020.3
1544727020.36
1544727020.44
1544727020.49
1544727020.56
1544727020.65
1544727020.73
1544727020.78
1544727020.87
1544727020.97
1544727021.04
1544727021.11
1544727021.18
1544727021.25
1544727021.33
1544727021.42
1544727021.5
1544727021.57
1544727021.66
1544727021.72
1544727021.8
1544727021.87
1544727021.93
1544727022.0
1544727022.09
1544727022.16
1544727022.22
1544727022.28
1544727022.36
1544727022.43
1544727022.49
1544727022.55
1544727022.62
1544727022.69
1544727022.76
1544727022.82
1544727022.89
1544727022.95
1544727023.02
1544727023.1
1544727023.17
1544727023.26
1544727023.34
1544727023.4
1544727023.45
1544727023.5
1544727023.6
1544727023.68
1544727023.76
1544727023.83
1544727023.91
1544727023.99
1544727024.07
1544727024.14
1544727024.23
1544727024.29
1544727024.37
1544727024.45
1544727024.52
1544727024.6
1544727024.66
1544727024.74
1544727024.82
1544727024.89
1544727024.96
1544727025.01
1544727025.07
1544727025.13
1544727025.19
1544727025.28
1544727025.36
1544727025.42
1544727025.51
1544727025.58
1544727025.65
1544727025.73
1544727025.81
1544727025.88
1544727025.96
1544727026.03
1544727026.1
1544727026.19
1544727026.25
1544727026.34
1544727026.47
1544727026.55
1544727026.6
1544727026.7
1544727026.78
1544727026.85
1544727026.92
1544727026.98
1544727027.06
1544727027.14
1544727027.22
1544727027.3
1544727027.38
1544727027.45
1544727027.53
1544727027.63
1544727027.67
1544727027.77
1544727027.84
1544727027.89
1544727027.96
1544727028.06
1544727028.13
1544727028.2
1544727028.28
1544727028.35
1544727028.43
1544727028.5
1544727028.57
1544727028.63
1544727028.71
1544727028.79
1544727028.87
1544727028.94
1544727029.01
1544727029.08
1544727029.15
1544727029.22
1544727029.28
1544727029.38
1544727029.48
1544727029.58
1544727029.67
1544727029.75
1544727029.83
1544727029.89
1544727029.96
1544727030.01
1544727030.08
1544727030.13
1544727030.19
1544727030.26
1544727030.34
1544727030.4
1544727030.47
1544727030.53
1544727030.59
1544727030.65
1544727030.73
1544727030.8
1544727030.87
1544727030.94
1544727031.01
1544727031.07
1544727031.13
1544727031.2
1544727031.28
1544727031.35
1544727031.41
1544727031.48
1544727031.53
1544727031.6
1544727031.66
1544727031.7
1544727031.77
1544727031.84
1544727031.94
1544727031.98
1544727032.04
1544727032.12
1544727032.18
1544727032.25
1544727032.33
1544727032.39
1544727032.45
1544727032.5
1544727032.59
1544727032.65
1544727032.72
1544727032.77
1544727032.83
1544727032.87
1544727032.91
1544727032.99
1544727033.06
1544727033.13
1544727033.18
1544727033.23
1544727033.31
1544727033.36
1544727033.42
1544727033.49
1544727033.55
1544727033.58
1544727033.7
1544727033.77
1544727033.87
1544727033.95
1544727034.03
1544727034.16
1544727034.21
1544727034.29
1544727034.36
1544727034.43
1544727034.53
1544727034.58
1544727034.66
1544727034.73
1544727034.79
1544727034.86
1544727034.94
1544727035.0
1544727035.07
1544727035.14
1544727035.21
1544727035.28
1544727035.35
1544727035.41
1544727035.49
1544727035.56
1544727035.63
1544727035.71
1544727035.79
1544727035.86
1544727035.93
1544727035.98
1544727036.1
1544727036.22
1544727036.3
1544727036.38
1544727036.45
1544727036.51
1544727036.64
1544727036.7
1544727036.78
1544727036.84
1544727036.9
1544727036.98
1544727037.06
1544727037.14
1544727037.19
1544727037.29
1544727037.39
1544727037.47
1544727037.55
1544727037.62
1544727037.69
1544727037.75
1544727037.81
1544727037.87
1544727037.93
1544727038.07
1544727038.18
1544727038.27
1544727038.34
1544727038.48
1544727038.58
1544727038.74
1544727038.89
1544727038.95
1544727039.01
1544727039.07
1544727039.12
1544727039.19
1544727039.28
1544727039.36
1544727039.41
1544727039.48
1544727039.54
1544727039.61
1544727039.71
1544727039.76
1544727039.81
1544727039.94
1544727040.01
1544727040.11
1544727040.18
1544727040.25
1544727040.35
1544727040.41
1544727040.48
1544727040.55
1544727040.62
1544727040.66
1544727040.7
1544727040.84
1544727040.9
1544727040.98
1544727041.05
1544727041.12
1544727041.2
1544727041.27
1544727041.34
1544727041.4
1544727041.48
1544727041.55
1544727041.62
1544727041.73
1544727041.84
1544727041.9
1544727041.98
1544727042.05
1544727042.12
1544727042.2
1544727042.28
1544727042.36
1544727042.44
1544727042.52
1544727042.6
1544727042.67
1544727042.73
1544727042.8
1544727042.87
1544727042.93
1544727043.05
1544727043.12
1544727043.17
1544727043.25
1544727043.32
1544727043.38
1544727043.45
1544727043.52
1544727043.59
1544727043.65
1544727043.73
1544727043.79
1544727043.88
1544727043.94
1544727044.05
1544727044.12
1544727044.2
1544727044.3
1544727044.37
1544727044.44
1544727044.52
1544727044.6
1544727044.67
1544727044.74
1544727044.82
1544727044.89
1544727044.97
1544727045.04
1544727045.16
1544727045.26
1544727045.34
1544727045.42
1544727045.5
1544727045.56
1544727045.64
1544727045.73
1544727045.8
1544727045.89
1544727045.97
1544727046.05
1544727046.12
1544727046.2
1544727046.28
1544727046.36
1544727046.43
1544727046.5
1544727046.57
1544727046.62
1544727046.69
1544727046.75
1544727046.82
1544727046.88
1544727046.95
1544727047.03
1544727047.13
1544727047.2
1544727047.33
1544727047.41
1544727047.48
1544727047.53
1544727047.59
1544727047.67
1544727047.74
1544727047.85
1544727047.95
1544727048.04
1544727048.11
1544727048.18
1544727048.26
1544727048.33
1544727048.41
1544727048.47
1544727048.54
1544727048.6
1544727048.67
1544727048.74
1544727048.82
1544727048.91
1544727048.99
1544727049.06
1544727049.13
1544727049.21
1544727049.27
1544727049.33
1544727049.4
1544727049.45
1544727049.54
1544727049.61
1544727049.69
1544727049.77
1544727049.85
1544727049.9
1544727049.96
1544727050.01
1544727050.12
1544727050.2
1544727050.26
1544727050.32
1544727050.39
1544727050.47
1544727050.54
1544727050.63
1544727050.71
1544727050.79
1544727050.86
1544727050.93
1544727051.0
1544727051.09
1544727051.16
1544727051.23
1544727051.3
1544727051.37
1544727051.47
1544727051.55
1544727051.65
1544727051.74
1544727051.82
1544727051.9
1544727051.98
1544727052.06
1544727052.14
1544727052.22
1544727052.28
1544727052.35
1544727052.43
1544727052.49
1544727052.55
1544727052.64
1544727052.74
1544727052.82
1544727052.89
1544727052.97
1544727053.04
1544727053.12
1544727053.18
1544727053.23
1544727053.29
1544727053.38
1544727053.46
1544727053.55
1544727053.62
1544727053.69
1544727053.75
1544727053.83
1544727053.9
1544727053.98
1544727054.04
1544727054.11
1544727054.19
1544727054.26
1544727054.33
1544727054.41
1544727054.48
1544727054.55
1544727054.62
1544727054.68
1544727054.75
1544727054.79
1544727054.87
1544727054.94
1544727055.0
1544727055.06
1544727055.13
1544727055.19
1544727055.25
1544727055.31
1544727055.37
1544727055.43
1544727055.47
1544727055.51
1544727055.56
1544727055.6
1544727055.69
1544727055.75
1544727055.8
1544727055.87
1544727055.96
1544727056.06
1544727056.12
1544727056.21
1544727056.29
1544727056.39
1544727056.47
1544727056.54
1544727056.61
1544727056.65
1544727056.69
1544727056.75
1544727056.82
1544727056.88
1544727056.99
1544727057.09
1544727057.17
1544727057.23
1544727057.32
1544727057.41
1544727057.49
1544727057.57
1544727057.64
1544727057.72
1544727057.79
1544727057.86
1544727057.93
1544727057.99
1544727058.05
1544727058.14
1544727058.25
1544727058.31
1544727058.4
1544727058.49
1544727058.54
1544727058.58
1544727058.66
1544727058.76
1544727058.91
1544727059.03
1544727059.15
1544727059.26
1544727059.36
1544727059.45
1544727059.54
1544727059.62
1544727059.7
1544727059.78
1544727059.85
1544727059.92
1544727060.0
1544727060.07
1544727060.19
1544727060.26
1544727060.36
1544727060.47
1544727060.57
1544727060.64
1544727060.7
1544727060.81
1544727060.89
1544727060.95
1544727061.05
1544727061.13
1544727061.22
1544727061.3
1544727061.37
1544727061.47
1544727061.54
1544727061.61
1544727061.68
1544727061.75
1544727061.82
1544727061.9
1544727062.07
1544727062.16
1544727062.24
1544727062.3
1544727062.36
1544727062.43
1544727062.54
1544727062.64
1544727062.69
1544727062.76
1544727062.83
1544727062.89
1544727062.98
1544727063.04
1544727063.1
1544727063.2
1544727063.27
1544727063.36
1544727063.46
1544727063.55
1544727063.61
1544727063.68
1544727063.74
1544727063.8
1544727063.87
1544727063.93
1544727063.99
1544727064.05
1544727064.1
1544727064.17
1544727064.23
1544727064.32
1544727064.46
1544727064.57
1544727064.66
1544727064.73
1544727064.83
1544727064.9
1544727065.0
1544727065.07
1544727065.18
1544727065.26
1544727065.37
1544727065.47
1544727065.56
1544727065.64
1544727065.7
1544727065.77
1544727065.84
1544727065.9
1544727066.0
1544727066.1
1544727066.22
1544727066.3
1544727066.4
1544727066.47
1544727066.66
1544727066.8
1544727066.9
1544727067.03
1544727067.12
1544727067.18
1544727067.24
1544727067.32
1544727067.46
1544727067.56
1544727067.66
1544727067.73
1544727067.83
1544727067.95
1544727068.05
1544727068.14
1544727068.24
1544727068.33
1544727068.42
1544727068.49
1544727068.57
1544727068.64
1544727068.7
1544727068.77
1544727068.84
1544727068.93
1544727069.0
1544727069.08
1544727069.16
1544727069.21
1544727069.28
1544727069.35
1544727069.41
1544727069.47
1544727069.56
1544727069.64
1544727069.72
1544727069.79
1544727069.86
1544727069.93
1544727070.0
1544727070.06
1544727070.13
1544727070.2
1544727070.27
1544727070.34
1544727070.4
1544727070.47
1544727070.54
1544727070.62
1544727070.68
1544727070.75
1544727070.82
1544727070.89
1544727070.97
1544727071.04
1544727071.12
1544727071.21
1544727071.28
1544727071.36
1544727071.44
1544727071.5
1544727071.58
1544727071.67
1544727071.76
1544727071.83
1544727071.9
1544727071.97
1544727072.05
1544727072.12
1544727072.2
1544727072.28
1544727072.35
1544727072.41
1544727072.49
1544727072.57
1544727072.63
1544727072.7
1544727072.77
1544727072.84
1544727072.91
1544727072.97
1544727073.04
1544727073.09
1544727073.16
1544727073.22
1544727073.28
1544727073.35
1544727073.41
1544727073.47
1544727073.54
1544727073.6
1544727073.67
1544727073.73
1544727073.79
1544727073.85
1544727073.93
1544727074.01
1544727074.08
1544727074.15
1544727074.21
1544727074.28
1544727074.37
1544727074.44
1544727074.51
1544727074.58
1544727074.67
1544727074.74
1544727074.81
1544727074.9
1544727074.99
1544727075.06
1544727075.15
1544727075.22
1544727075.3
1544727075.36
1544727075.43
1544727075.48
1544727075.57
1544727075.64
1544727075.7
1544727075.8
1544727075.87
1544727075.94
1544727076.03
1544727076.08
1544727076.16
1544727076.24
1544727076.31
1544727076.39
1544727076.46
1544727076.54
1544727076.61
1544727076.72
1544727076.8
1544727076.88
1544727076.97
1544727077.07
1544727077.13
1544727077.2
1544727077.26
1544727077.33
1544727077.42
1544727077.46
1544727077.52
1544727077.58
1544727077.64
1544727077.7
1544727077.75
1544727077.81
1544727077.86
1544727077.92
1544727077.99
1544727078.04
1544727078.1
1544727078.15
1544727078.21
1544727078.26
1544727078.32
1544727078.37
1544727078.43
1544727078.47
1544727078.53
1544727078.58
1544727078.63
1544727078.68
1544727078.74
1544727078.79
1544727078.84
1544727078.89
1544727078.94
1544727078.99
1544727079.04
1544727079.07
1544727079.11
1544727079.19
1544727079.28
1544727079.35
1544727079.43
1544727079.51
1544727079.58
1544727079.64
1544727079.69
1544727079.75
1544727079.84
1544727079.91
1544727080.0
1544727080.08
1544727080.16
1544727080.23
1544727080.29
1544727080.42
1544727080.49
1544727080.64
1544727080.76
1544727080.86
1544727080.97
1544727081.04
1544727081.15
1544727081.24
1544727081.3
1544727081.38
1544727081.45
1544727081.51
1544727081.58
1544727081.68
1544727081.75
1544727081.84
1544727081.92
1544727081.99
1544727082.05
1544727082.12
1544727082.25
1544727082.34
1544727082.47
1544727082.57
1544727082.7
1544727082.79
1544727082.89
1544727082.97
1544727083.04
1544727083.09
1544727083.18
1544727083.27
1544727083.4
1544727083.51
1544727083.6
1544727083.67
1544727083.74
1544727083.81
1544727083.88
1544727083.98
1544727084.05
1544727084.15
1544727084.27
1544727084.36
1544727084.45
1544727084.53
1544727084.64
1544727084.73
1544727084.82
1544727084.9
1544727085.0
1544727085.07
1544727085.14
1544727085.23
1544727085.32
1544727085.42
1544727085.53
1544727085.61
1544727085.71
1544727085.79
1544727085.86
1544727085.91
1544727086.03
1544727086.08
1544727086.16
1544727086.24
1544727086.32
1544727086.41
1544727086.49
1544727086.59
1544727086.69
1544727086.78
1544727086.85
1544727086.92
1544727087.0
1544727087.07
1544727087.14
1544727087.2
1544727087.27
1544727087.33
1544727087.41
1544727087.49
1544727087.55
1544727087.65
1544727087.78
1544727087.9
1544727088.03
1544727088.13
1544727088.2
1544727088.26
1544727088.34
1544727088.4
1544727088.48
1544727088.55
1544727088.61
1544727088.68
1544727088.75
1544727088.82
1544727088.9
1544727088.95
1544727089.05
1544727089.16
1544727089.25
1544727089.33
1544727089.49
1544727089.57
1544727089.65
1544727089.74
1544727089.83
1544727089.93
1544727090.01
1544727090.09
1544727090.17
1544727090.24
1544727090.31
1544727090.38
1544727090.48
1544727090.58
1544727090.68
1544727090.73
1544727090.78
1544727090.85
1544727090.94
1544727091.01
1544727091.12
1544727091.17
1544727091.26
1544727091.35
1544727091.45
1544727091.55
1544727091.64
1544727091.72
1544727091.8
1544727091.88
1544727091.96
1544727092.03
1544727092.11
1544727092.19
1544727092.26
1544727092.36
1544727092.45
1544727092.52
1544727092.62
1544727092.69
1544727092.8
1544727092.89
1544727093.06
1544727093.19
1544727093.26
1544727093.32
1544727093.41
1544727093.48
1544727093.57
1544727093.64
1544727093.7
1544727093.79
1544727093.87
1544727093.96
1544727094.05
1544727094.12
1544727094.19
1544727094.26
1544727094.35
1544727094.43
1544727094.53
1544727094.62
1544727094.72
1544727094.89
1544727094.99
1544727095.07
1544727095.15
1544727095.2
1544727095.32
1544727095.4
1544727095.47
1544727095.54
1544727095.59
1544727095.68
1544727095.82
1544727095.93
1544727096.06
1544727096.16
1544727096.29
1544727096.36
1544727096.46
1544727096.52
1544727096.61
1544727096.7
1544727096.77
1544727096.87
1544727096.95
1544727097.04
1544727097.12
1544727097.19
1544727097.26
1544727097.32
1544727097.43
1544727097.49
1544727097.62
1544727097.76
1544727097.86
1544727097.97
1544727098.05
1544727098.13
1544727098.22
1544727098.27
1544727098.36
1544727098.43
1544727098.48
1544727098.59
1544727098.69
1544727098.78
1544727098.86
1544727098.95
1544727099.02
1544727099.11
1544727099.16
1544727099.23
1544727099.3
1544727099.36
1544727099.43
1544727099.5
1544727099.59
1544727099.65
1544727099.76
1544727099.84
1544727099.93
1544727100.0
1544727100.07
1544727100.14
1544727100.2
1544727100.26
1544727100.32
1544727100.37
1544727100.42
1544727100.49
1544727100.53
1544727100.61
1544727100.69
1544727100.8
1544727100.86
1544727100.95
1544727101.07
1544727101.14
1544727101.2
1544727101.27
1544727101.33
1544727101.4
1544727101.46
1544727101.52
1544727101.6
1544727101.66
1544727101.72
1544727101.79
1544727101.86
1544727101.94
1544727102.0
1544727102.06
1544727102.12
1544727102.19
1544727102.26
1544727102.32
1544727102.39
1544727102.47
1544727102.52
1544727102.59
1544727102.66
1544727102.72
1544727102.79
1544727102.85
1544727102.91
1544727102.98
1544727103.04
1544727103.11
1544727103.15
1544727103.19
1544727103.28
1544727103.36
1544727103.44
1544727103.52
1544727103.59
1544727103.66
1544727103.74
1544727103.81
1544727103.94
1544727104.05
1544727104.13
1544727104.24
1544727104.34
1544727104.46
