1544826221.97
1544826222.18
1544826222.27
1544826222.37
1544826222.43
1544826222.48
1544826222.54
1544826222.59
1544826222.64
1544826222.7
1544826222.78
1544826222.85
1544826222.93
1544826222.99
1544826223.05
1544826223.12
1544826223.2
1544826223.27
1544826223.35
1544826223.45
1544826223.55
1544826223.63
1544826223.71
1544826223.78
1544826223.85
1544826223.93
1544826224.0
1544826224.07
1544826224.14
1544826224.22
1544826224.29
1544826224.34
1544826224.38
1544826224.46
1544826224.52
1544826224.59
1544826224.65
1544826224.72
1544826224.8
1544826224.88
1544826224.94
1544826225.0
1544826225.06
1544826225.13
1544826225.22
1544826225.3
1544826225.35
1544826225.43
1544826225.51
1544826225.56
1544826225.64
1544826225.72
1544826225.79
1544826225.87
1544826225.93
1544826226.0
1544826226.04
1544826226.08
1544826226.13
1544826226.18
1544826226.23
1544826226.26
1544826226.3
1544826226.37
1544826226.43
1544826226.48
1544826226.54
1544826226.58
1544826226.62
1544826226.66
1544826226.71
1544826226.76
1544826226.82
1544826226.86
1544826226.91
1544826226.96
1544826227.02
1544826227.05
1544826227.11
1544826227.16
1544826227.24
1544826227.28
1544826227.34
1544826227.4
1544826227.44
1544826227.48
1544826227.53
1544826227.58
1544826227.62
1544826227.66
1544826227.7
1544826227.76
1544826227.82
1544826227.85
1544826227.9
1544826227.95
1544826228.01
1544826228.05
1544826228.09
1544826228.12
1544826228.19
1544826228.25
1544826228.28
1544826228.33
1544826228.38
1544826228.44
1544826228.47
1544826228.52
1544826228.59
1544826228.63
1544826228.67
1544826228.72
1544826228.8
1544826228.85
1544826228.88
1544826228.92
1544826228.97
1544826229.02
1544826229.06
1544826229.09
1544826229.15
1544826229.2
1544826229.25
1544826229.28
1544826229.33
1544826229.41
1544826229.45
1544826229.48
1544826229.55
1544826229.61
1544826229.65
1544826229.69
1544826229.73
1544826229.78
1544826229.83
1544826229.87
1544826229.91
1544826229.95
1544826230.01
1544826230.05
1544826230.09
1544826230.15
1544826230.19
1544826230.23
1544826230.28
1544826230.33
1544826230.4
1544826230.46
1544826230.52
1544826230.59
1544826230.64
1544826230.68
1544826230.72
1544826230.77
1544826230.82
1544826230.87
1544826230.9
1544826230.96
1544826231.01
1544826231.05
1544826231.09
1544826231.13
1544826231.17
1544826231.22
1544826231.26
1544826231.31
1544826231.38
1544826231.43
1544826231.46
1544826231.5
1544826231.54
1544826231.59
1544826231.64
1544826231.69
1544826231.73
1544826231.79
1544826231.84
1544826231.87
1544826231.91
1544826231.96
1544826232.03
1544826232.06
1544826232.1
1544826232.15
1544826232.22
1544826232.26
1544826232.29
1544826232.33
1544826232.37
1544826232.42
1544826232.47
1544826232.53
1544826232.6
1544826232.66
1544826232.76
1544826232.85
1544826232.92
1544826232.99
1544826233.06
1544826233.12
1544826233.18
1544826233.24
1544826233.3
1544826233.37
1544826233.43
1544826233.49
1544826233.53
1544826233.56
1544826233.63
1544826233.71
1544826233.79
1544826233.89
1544826233.93
1544826234.02
1544826234.08
1544826234.15
1544826234.23
1544826234.28
1544826234.34
1544826234.39
1544826234.45
1544826234.51
1544826234.58
1544826234.66
1544826234.74
1544826234.79
1544826234.85
1544826234.92
1544826234.95
1544826234.99
1544826235.07
1544826235.13
1544826235.16
1544826235.21
1544826235.29
1544826235.35
1544826235.41
1544826235.47
1544826235.52
1544826235.56
1544826235.64
1544826235.73
1544826235.81
1544826235.86
1544826235.92
1544826235.98
1544826236.04
1544826236.1
1544826236.17
1544826236.23
1544826236.28
1544826236.33
1544826236.38
1544826236.43
1544826236.47
1544826236.52
1544826236.57
1544826236.61
1544826236.65
1544826236.7
1544826236.74
1544826236.78
1544826236.83
1544826236.87
1544826236.93
1544826236.97
1544826237.03
1544826237.07
1544826237.12
1544826237.16
1544826237.21
1544826237.25
1544826237.29
1544826237.35
1544826237.41
1544826237.47
1544826237.52
1544826237.56
1544826237.61
1544826237.65
1544826237.72
1544826237.77
1544826237.83
1544826237.89
1544826237.95
1544826237.98
1544826238.03
1544826238.07
1544826238.15
1544826238.21
1544826238.29
1544826238.36
1544826238.43
1544826238.5
1544826238.57
1544826238.66
1544826238.74
1544826238.83
1544826238.91
1544826238.97
1544826239.05
1544826239.12
1544826239.2
1544826239.24
1544826239.29
1544826239.33
1544826239.4
1544826239.44
1544826239.48
1544826239.53
1544826239.6
1544826239.65
1544826239.69
1544826239.73
1544826239.78
1544826239.82
1544826239.87
1544826239.92
1544826239.96
1544826240.0
1544826240.07
1544826240.12
1544826240.16
1544826240.22
1544826240.29
1544826240.33
1544826240.37
1544826240.41
1544826240.5
1544826240.56
1544826240.63
1544826240.69
1544826240.74
1544826240.77
1544826240.83
1544826240.88
1544826240.93
1544826240.97
1544826241.02
1544826241.07
1544826241.11
1544826241.16
1544826241.2
1544826241.25
1544826241.3
1544826241.34
1544826241.38
1544826241.44
1544826241.5
1544826241.53
1544826241.58
1544826241.63
1544826241.71
1544826241.75
1544826241.8
1544826241.85
1544826241.9
1544826241.94
1544826241.98
1544826242.04
1544826242.09
1544826242.13
1544826242.17
1544826242.22
1544826242.27
1544826242.32
1544826242.37
1544826242.42
1544826242.47
1544826242.53
1544826242.57
1544826242.64
1544826242.71
1544826242.75
1544826242.79
1544826242.85
1544826242.91
1544826242.94
1544826242.99
1544826243.08
1544826243.13
1544826243.17
1544826243.22
1544826243.28
1544826243.33
1544826243.37
1544826243.43
1544826243.5
1544826243.55
1544826243.6
1544826243.63
1544826243.67
1544826243.73
1544826243.76
1544826243.81
1544826243.85
1544826243.91
1544826243.94
1544826243.98
1544826244.03
1544826244.1
1544826244.14
1544826244.18
1544826244.23
1544826244.31
1544826244.35
1544826244.4
1544826244.46
1544826244.53
1544826244.57
1544826244.62
1544826244.67
1544826244.72
1544826244.76
1544826244.79
1544826244.83
1544826244.9
1544826244.95
1544826245.0
1544826245.06
1544826245.13
1544826245.16
1544826245.22
1544826245.29
1544826245.34
1544826245.39
1544826245.46
1544826245.53
1544826245.56
1544826245.6
1544826245.64
1544826245.68
1544826245.72
1544826245.75
1544826245.79
1544826245.83
1544826245.87
1544826245.92
1544826245.96
1544826246.02
1544826246.1
1544826246.14
1544826246.19
1544826246.25
1544826246.3
1544826246.34
1544826246.38
1544826246.43
1544826246.48
1544826246.54
1544826246.58
1544826246.64
1544826246.7
1544826246.74
1544826246.78
1544826246.82
1544826246.86
1544826246.9
1544826246.95
1544826246.99
1544826247.06
1544826247.11
1544826247.15
1544826247.18
1544826247.25
1544826247.31
1544826247.35
1544826247.41
1544826247.46
1544826247.52
1544826247.56
1544826247.6
1544826247.69
1544826247.73
1544826247.78
1544826247.85
1544826247.92
1544826247.98
1544826248.05
1544826248.13
1544826248.19
1544826248.25
1544826248.32
1544826248.38
1544826248.46
1544826248.53
1544826248.61
1544826248.67
1544826248.74
1544826248.82
1544826248.89
1544826248.96
1544826249.01
1544826249.06
1544826249.11
1544826249.15
1544826249.19
1544826249.25
1544826249.32
1544826249.36
1544826249.4
1544826249.44
1544826249.49
1544826249.57
1544826249.64
1544826249.7
1544826249.78
1544826249.86
1544826249.94
1544826250.02
1544826250.08
1544826250.15
1544826250.2
1544826250.24
1544826250.31
1544826250.37
1544826250.44
1544826250.5
1544826250.57
1544826250.65
1544826250.73
1544826250.79
1544826250.86
1544826250.93
1544826250.97
1544826251.02
1544826251.08
1544826251.15
1544826251.22
1544826251.26
1544826251.33
1544826251.37
1544826251.43
1544826251.47
1544826251.53
1544826251.57
1544826251.62
1544826251.66
1544826251.72
1544826251.77
1544826251.82
1544826251.86
1544826251.91
1544826251.95
1544826251.99
1544826252.05
1544826252.13
1544826252.18
1544826252.21
1544826252.27
1544826252.32
1544826252.37
1544826252.42
1544826252.45
1544826252.49
1544826252.53
1544826252.57
1544826252.65
1544826252.71
1544826252.78
1544826252.85
1544826252.91
1544826252.96
1544826253.01
1544826253.04
1544826253.08
1544826253.12
1544826253.16
1544826253.19
1544826253.27
1544826253.32
1544826253.36
1544826253.43
1544826253.46
1544826253.51
1544826253.55
1544826253.64
1544826253.69
1544826253.75
1544826253.8
1544826253.89
1544826253.94
1544826253.99
1544826254.05
1544826254.11
1544826254.15
1544826254.19
1544826254.24
1544826254.3
1544826254.34
1544826254.39
1544826254.45
1544826254.5
1544826254.54
1544826254.57
1544826254.62
1544826254.68
1544826254.74
1544826254.78
1544826254.85
1544826254.91
1544826254.94
1544826254.98
1544826255.03
1544826255.09
1544826255.14
1544826255.19
1544826255.28
1544826255.32
1544826255.37
1544826255.42
1544826255.45
1544826255.5
1544826255.53
1544826255.57
1544826255.63
1544826255.68
1544826255.72
1544826255.76
1544826255.85
1544826255.9
1544826255.94
1544826256.0
1544826256.06
1544826256.11
1544826256.15
1544826256.2
1544826256.27
1544826256.33
1544826256.36
1544826256.43
1544826256.49
1544826256.53
1544826256.56
1544826256.61
1544826256.68
1544826256.73
1544826256.76
1544826256.83
1544826256.91
1544826256.95
1544826257.0
1544826257.05
1544826257.1
1544826257.14
1544826257.18
1544826257.25
1544826257.3
1544826257.35
1544826257.39
1544826257.45
1544826257.52
1544826257.57
1544826257.63
1544826257.69
1544826257.73
1544826257.76
1544826257.82
1544826257.87
1544826257.92
1544826257.97
1544826258.04
1544826258.11
1544826258.15
1544826258.19
1544826258.24
1544826258.28
1544826258.33
1544826258.36
1544826258.43
1544826258.47
1544826258.51
1544826258.55
1544826258.58
1544826258.68
1544826258.75
1544826258.82
1544826258.89
1544826258.96
1544826259.04
1544826259.11
1544826259.16
1544826259.22
1544826259.29
1544826259.34
1544826259.39
1544826259.45
1544826259.53
1544826259.61
1544826259.71
1544826259.77
1544826259.83
1544826259.88
1544826259.95
1544826260.04
1544826260.08
1544826260.14
1544826260.2
1544826260.27
1544826260.34
1544826260.41
1544826260.46
1544826260.52
1544826260.59
1544826260.66
1544826260.74
1544826260.82
1544826260.88
1544826260.95
1544826261.0
1544826261.05
1544826261.1
1544826261.14
1544826261.19
1544826261.24
1544826261.29
1544826261.34
1544826261.39
1544826261.45
1544826261.49
1544826261.53
1544826261.56
1544826261.61
1544826261.66
1544826261.73
1544826261.77
1544826261.83
1544826261.88
1544826261.94
1544826261.99
1544826262.07
1544826262.13
1544826262.17
1544826262.22
1544826262.28
1544826262.33
1544826262.37
1544826262.47
1544826262.52
1544826262.56
1544826262.62
1544826262.68
1544826262.72
1544826262.75
1544826262.79
1544826262.84
1544826262.88
1544826262.93
1544826262.96
1544826263.03
1544826263.1
1544826263.14
1544826263.19
1544826263.25
1544826263.32
1544826263.37
1544826263.41
1544826263.48
1544826263.56
1544826263.64
1544826263.72
1544826263.76
1544826263.81
1544826263.85
1544826263.91
1544826263.96
1544826264.06
1544826264.13
1544826264.16
1544826264.2
1544826264.28
1544826264.36
1544826264.44
1544826264.52
1544826264.56
1544826264.63
1544826264.7
1544826264.75
1544826264.84
1544826264.92
1544826264.99
1544826265.06
1544826265.13
1544826265.2
1544826265.28
1544826265.35
1544826265.42
1544826265.48
1544826265.55
1544826265.61
1544826265.65
1544826265.69
1544826265.74
1544826265.78
1544826265.83
1544826265.88
1544826265.92
1544826265.96
1544826266.03
1544826266.1
1544826266.15
1544826266.18
1544826266.25
1544826266.31
1544826266.34
1544826266.38
1544826266.47
1544826266.54
1544826266.59
1544826266.65
1544826266.7
1544826266.76
1544826266.8
1544826266.9
1544826266.96
1544826267.0
1544826267.1
1544826267.13
1544826267.17
1544826267.22
1544826267.28
1544826267.32
1544826267.37
1544826267.44
1544826267.49
1544826267.54
1544826267.59
1544826267.64
1544826267.72
1544826267.76
1544826267.84
1544826267.88
1544826267.92
1544826267.96
1544826268.0
1544826268.05
1544826268.1
1544826268.13
1544826268.17
1544826268.23
1544826268.3
1544826268.34
1544826268.39
1544826268.45
1544826268.49
1544826268.53
1544826268.57
1544826268.61
1544826268.66
1544826268.7
1544826268.74
1544826268.79
1544826268.86
1544826268.92
1544826268.98
1544826269.02
1544826269.07
1544826269.13
1544826269.16
1544826269.22
1544826269.28
1544826269.33
1544826269.37
1544826269.44
1544826269.48
1544826269.53
1544826269.58
1544826269.63
1544826269.7
1544826269.75
1544826269.81
1544826269.87
1544826269.92
1544826269.96
1544826270.0
1544826270.07
1544826270.13
1544826270.16
1544826270.21
1544826270.28
1544826270.32
1544826270.37
1544826270.45
1544826270.51
1544826270.55
1544826270.58
1544826270.63
1544826270.69
1544826270.73
1544826270.77
1544826270.82
1544826270.88
1544826270.94
1544826270.98
1544826271.06
1544826271.12
1544826271.16
1544826271.21
1544826271.25
1544826271.31
1544826271.35
1544826271.41
1544826271.45
1544826271.49
1544826271.53
1544826271.58
1544826271.63
1544826271.68
1544826271.71
1544826271.75
1544826271.78
1544826271.82
1544826271.86
1544826271.91
1544826271.95
1544826272.02
1544826272.06
1544826272.13
1544826272.17
1544826272.23
1544826272.28
1544826272.33
1544826272.37
1544826272.41
1544826272.45
1544826272.49
1544826272.54
1544826272.57
1544826272.63
1544826272.67
1544826272.72
1544826272.76
1544826272.81
1544826272.87
1544826272.92
1544826272.95
1544826272.99
1544826273.04
1544826273.09
1544826273.13
1544826273.18
1544826273.22
1544826273.27
1544826273.32
1544826273.36
1544826273.41
1544826273.48
1544826273.54
1544826273.58
1544826273.66
1544826273.71
1544826273.76
1544826273.8
1544826273.84
1544826273.89
1544826273.94
1544826273.98
1544826274.02
1544826274.09
1544826274.14
1544826274.18
1544826274.23
1544826274.3
1544826274.35
1544826274.39
1544826274.42
1544826274.46
1544826274.51
1544826274.54
1544826274.57
1544826274.61
1544826274.66
1544826274.71
1544826274.75
1544826274.79
1544826274.83
1544826274.88
1544826274.92
1544826274.96
1544826275.0
1544826275.06
1544826275.11
1544826275.16
1544826275.19
1544826275.26
1544826275.31
1544826275.35
1544826275.39
1544826275.44
1544826275.51
1544826275.56
1544826275.61
1544826275.66
1544826275.71
1544826275.75
1544826275.78
1544826275.83
1544826275.89
1544826275.93
1544826275.97
1544826276.03
1544826276.08
1544826276.13
1544826276.17
1544826276.22
1544826276.28
1544826276.33
1544826276.36
1544826276.43
1544826276.47
1544826276.51
1544826276.55
1544826276.6
1544826276.65
1544826276.7
1544826276.76
1544826276.83
1544826276.89
1544826276.96
1544826277.03
1544826277.09
1544826277.13
1544826277.21
1544826277.27
1544826277.31
1544826277.35
1544826277.41
1544826277.46
1544826277.53
1544826277.6
1544826277.65
1544826277.69
1544826277.74
1544826277.78
1544826277.84
1544826277.89
1544826277.94
1544826277.99
1544826278.05
1544826278.11
1544826278.16
1544826278.23
1544826278.28
1544826278.35
1544826278.41
1544826278.45
1544826278.5
1544826278.55
1544826278.6
1544826278.67
1544826278.74
1544826278.82
1544826278.86
1544826278.91
1544826278.96
1544826279.03
1544826279.1
1544826279.14
1544826279.17
1544826279.23
1544826279.29
1544826279.33
1544826279.38
1544826279.44
1544826279.5
1544826279.53
1544826279.57
1544826279.61
1544826279.65
1544826279.71
1544826279.76
1544826279.81
1544826279.84
1544826279.9
1544826279.95
1544826279.99
1544826280.04
1544826280.08
1544826280.12
1544826280.16
1544826280.2
1544826280.24
1544826280.28
1544826280.33
1544826280.36
1544826280.41
1544826280.45
1544826280.49
1544826280.53
1544826280.57
1544826280.6
1544826280.67
1544826280.71
1544826280.75
1544826280.78
1544826280.85
1544826280.9
1544826280.94
1544826280.97
1544826281.01
1544826281.07
1544826281.13
1544826281.16
1544826281.2
1544826281.25
1544826281.31
1544826281.35
1544826281.4
1544826281.45
1544826281.5
1544826281.54
1544826281.57
1544826281.61
1544826281.67
1544826281.71
1544826281.75
1544826281.78
1544826281.82
1544826281.86
1544826281.91
1544826281.95
1544826282.0
1544826282.05
1544826282.11
1544826282.16
1544826282.21
1544826282.27
1544826282.31
1544826282.36
1544826282.4
1544826282.45
1544826282.5
1544826282.54
1544826282.58
1544826282.62
1544826282.65
1544826282.7
1544826282.73
1544826282.77
1544826282.82
1544826282.86
1544826282.91
1544826282.94
1544826282.98
1544826283.02
1544826283.07
1544826283.11
1544826283.14
1544826283.2
1544826283.25
1544826283.29
1544826283.32
1544826283.36
1544826283.4
1544826283.45
1544826283.5
1544826283.54
1544826283.57
1544826283.61
1544826283.67
1544826283.72
1544826283.75
1544826283.8
1544826283.84
1544826283.88
1544826283.93
1544826283.96
1544826284.01
1544826284.05
1544826284.09
1544826284.13
1544826284.16
1544826284.2
1544826284.24
1544826284.28
1544826284.32
1544826284.35
1544826284.38
1544826284.44
1544826284.5
1544826284.53
1544826284.56
1544826284.6
1544826284.67
1544826284.72
1544826284.75
1544826284.79
1544826284.83
1544826284.87
1544826284.92
1544826284.95
1544826284.99
1544826285.04
1544826285.09
1544826285.13
1544826285.16
1544826285.2
1544826285.24
1544826285.29
1544826285.33
1544826285.36
1544826285.39
1544826285.45
1544826285.51
1544826285.54
1544826285.58
1544826285.62
1544826285.66
1544826285.71
1544826285.74
1544826285.78
1544826285.83
1544826285.86
1544826285.9
1544826285.93
1544826285.96
1544826285.99
1544826286.03
1544826286.06
1544826286.11
1544826286.14
1544826286.17
1544826286.22
1544826286.25
1544826286.29
1544826286.32
1544826286.36
1544826286.39
1544826286.45
1544826286.51
1544826286.55
1544826286.58
1544826286.63
1544826286.67
1544826286.72
1544826286.75
1544826286.79
1544826286.83
1544826286.87
1544826286.92
1544826286.96
1544826287.01
1544826287.07
1544826287.11
1544826287.15
1544826287.19
1544826287.24
1544826287.28
1544826287.33
1544826287.36
1544826287.4
1544826287.46
1544826287.52
1544826287.56
1544826287.59
1544826287.64
1544826287.68
1544826287.71
1544826287.75
1544826287.78
1544826287.84
1544826287.89
1544826287.93
1544826287.96
1544826288.0
1544826288.03
1544826288.06
1544826288.1
1544826288.13
1544826288.16
1544826288.2
1544826288.26
1544826288.32
1544826288.35
1544826288.38
1544826288.43
1544826288.47
1544826288.52
1544826288.55
1544826288.59
1544826288.63
1544826288.69
1544826288.72
1544826288.75
1544826288.79
1544826288.85
1544826288.91
1544826288.94
1544826288.98
1544826289.03
1544826289.08
1544826289.12
1544826289.15
1544826289.2
1544826289.26
1544826289.32
1544826289.37
1544826289.43
1544826289.47
1544826289.52
1544826289.58
1544826289.63
1544826289.68
1544826289.73
1544826289.79
1544826289.84
1544826289.9
1544826289.95
1544826290.0
1544826290.04
1544826290.1
1544826290.15
1544826290.2
1544826290.25
1544826290.31
1544826290.36
1544826290.41
1544826290.47
1544826290.53
1544826290.6
1544826290.65
1544826290.7
1544826290.76
1544826290.82
1544826290.86
1544826290.93
1544826290.98
1544826291.02
1544826291.06
1544826291.12
1544826291.16
1544826291.24
1544826291.33
1544826291.41
1544826291.51
1544826291.58
1544826291.67
1544826291.77
1544826291.85
1544826291.91
1544826291.95
1544826292.01
1544826292.06
1544826292.12
1544826292.16
1544826292.21
1544826292.27
1544826292.31
1544826292.36
1544826292.4
1544826292.46
1544826292.5
1544826292.54
1544826292.58
1544826292.66
1544826292.7
1544826292.73
1544826292.76
1544826292.82
1544826292.87
1544826292.91
1544826292.95
1544826292.99
1544826293.05
1544826293.09
1544826293.13
1544826293.17
1544826293.23
1544826293.28
1544826293.33
1544826293.37
1544826293.44
1544826293.51
1544826293.56
1544826293.6
1544826293.65
1544826293.7
1544826293.74
1544826293.78
1544826293.83
1544826293.92
1544826293.99
1544826294.05
1544826294.11
1544826294.17
1544826294.23
1544826294.3
1544826294.35
1544826294.43
1544826294.49
1544826294.55
1544826294.62
1544826294.68
1544826294.72
1544826294.76
1544826294.82
1544826294.87
1544826294.94
1544826294.99
1544826295.04
1544826295.09
1544826295.16
1544826295.24
1544826295.3
1544826295.34
1544826295.38
1544826295.43
1544826295.49
1544826295.55
1544826295.61
1544826295.66
1544826295.71
1544826295.74
1544826295.78
1544826295.85
1544826295.89
1544826295.94
1544826295.99
1544826296.07
1544826296.11
1544826296.16
1544826296.24
1544826296.29
1544826296.34
1544826296.38
1544826296.43
1544826296.47
1544826296.51
1544826296.56
1544826296.62
1544826296.68
1544826296.72
1544826296.76
1544826296.81
1544826296.85
1544826296.9
1544826296.93
1544826296.97
1544826297.02
1544826297.06
1544826297.11
1544826297.14
1544826297.19
1544826297.25
1544826297.31
1544826297.35
1544826297.39
1544826297.47
1544826297.52
1544826297.56
1544826297.6
1544826297.65
1544826297.7
1544826297.74
1544826297.79
1544826297.87
1544826297.91
1544826297.96
1544826298.03
1544826298.09
1544826298.12
1544826298.17
1544826298.25
1544826298.31
1544826298.34
1544826298.39
1544826298.44
1544826298.49
1544826298.53
1544826298.56
1544826298.62
1544826298.66
1544826298.71
1544826298.75
1544826298.79
1544826298.83
1544826298.88
1544826298.91
1544826298.95
1544826299.01
1544826299.1
1544826299.17
1544826299.25
1544826299.33
1544826299.38
1544826299.44
1544826299.52
1544826299.59
1544826299.65
1544826299.72
1544826299.79
1544826299.85
1544826299.91
1544826299.97
1544826300.02
1544826300.07
1544826300.16
1544826300.23
1544826300.31
1544826300.39
1544826300.45
1544826300.51
1544826300.56
1544826300.61
1544826300.65
1544826300.71
1544826300.76
1544826300.82
1544826300.89
1544826300.98
1544826301.05
1544826301.11
1544826301.21
1544826301.29
1544826301.36
1544826301.43
1544826301.49
1544826301.55
1544826301.62
1544826301.68
1544826301.75
1544826301.81
1544826301.84
1544826301.88
1544826301.92
1544826301.96
1544826302.0
1544826302.04
1544826302.11
1544826302.15
1544826302.22
1544826302.27
1544826302.32
1544826302.36
1544826302.41
1544826302.47
1544826302.52
1544826302.55
1544826302.61
1544826302.66
1544826302.71
1544826302.76
1544826302.84
1544826302.91
1544826302.96
1544826303.0
1544826303.06
1544826303.12
1544826303.16
1544826303.2
1544826303.24
1544826303.29
1544826303.34
1544826303.38
1544826303.45
1544826303.5
1544826303.53
1544826303.57
1544826303.6
1544826303.66
1544826303.72
1544826303.76
1544826303.83
1544826303.89
1544826303.93
1544826303.96
1544826304.0
1544826304.07
1544826304.12
1544826304.16
1544826304.2
1544826304.24
1544826304.31
1544826304.34
1544826304.37
1544826304.44
1544826304.49
1544826304.54
1544826304.58
1544826304.66
1544826304.7
1544826304.74
1544826304.77
1544826304.85
1544826304.9
1544826304.94
1544826304.98
1544826305.04
1544826305.08
1544826305.12
1544826305.17
1544826305.24
1544826305.29
1544826305.33
1544826305.37
1544826305.43
1544826305.48
1544826305.53
1544826305.58
1544826305.65
1544826305.72
1544826305.76
1544826305.88
1544826305.93
1544826305.97
1544826306.05
1544826306.12
1544826306.15
1544826306.18
1544826306.23
1544826306.29
1544826306.34
1544826306.38
1544826306.43
1544826306.51
1544826306.56
1544826306.6
1544826306.64
1544826306.7
1544826306.74
1544826306.81
1544826306.88
1544826306.93
1544826306.97
1544826307.06
1544826307.14
1544826307.19
1544826307.28
1544826307.32
1544826307.36
1544826307.41
1544826307.48
1544826307.53
1544826307.56
1544826307.64
1544826307.7
1544826307.73
1544826307.77
1544826307.83
1544826307.89
1544826307.98
1544826308.07
1544826308.12
1544826308.15
1544826308.2
1544826308.24
1544826308.28
1544826308.32
1544826308.37
1544826308.45
1544826308.52
1544826308.56
1544826308.6
1544826308.64
1544826308.69
1544826308.74
1544826308.78
1544826308.84
1544826308.89
1544826308.94
1544826308.99
1544826309.06
1544826309.13
1544826309.18
1544826309.24
1544826309.28
1544826309.33
1544826309.38
1544826309.48
1544826309.52
1544826309.56
1544826309.61
1544826309.67
1544826309.73
1544826309.77
1544826309.85
1544826309.92
1544826309.96
1544826310.03
1544826310.09
1544826310.14
1544826310.18
1544826310.24
1544826310.29
1544826310.34
1544826310.39
1544826310.43
1544826310.49
1544826310.53
1544826310.57
1544826310.63
1544826310.7
1544826310.75
1544826310.81
1544826310.88
1544826310.93
1544826310.97
1544826311.02
1544826311.08
1544826311.12
1544826311.16
1544826311.2
1544826311.26
1544826311.32
1544826311.36
1544826311.41
1544826311.47
1544826311.54
1544826311.6
1544826311.67
1544826311.74
1544826311.78
1544826311.85
1544826311.89
1544826311.94
1544826311.98
1544826312.04
1544826312.09
1544826312.13
1544826312.18
1544826312.23
1544826312.28
1544826312.32
1544826312.38
1544826312.46
1544826312.51
1544826312.55
1544826312.62
1544826312.68
1544826312.72
1544826312.75
1544826312.81
1544826312.89
1544826312.94
1544826312.98
1544826313.04
1544826313.12
1544826313.17
1544826313.21
1544826313.25
1544826313.32
1544826313.35
1544826313.43
1544826313.5
1544826313.56
1544826313.61
1544826313.66
1544826313.71
1544826313.75
1544826313.81
1544826313.85
1544826313.9
1544826313.95
1544826314.0
1544826314.06
1544826314.14
1544826314.23
1544826314.32
1544826314.41
1544826314.49
1544826314.54
1544826314.58
1544826314.65
1544826314.73
1544826314.8
1544826314.86
1544826314.95
1544826315.02
1544826315.1
1544826315.17
1544826315.25
1544826315.33
1544826315.38
1544826315.45
1544826315.52
1544826315.58
1544826315.65
1544826315.73
1544826315.82
1544826315.88
1544826315.95
1544826316.02
1544826316.08
1544826316.14
1544826316.21
1544826316.28
1544826316.35
1544826316.42
1544826316.49
1544826316.55
1544826316.63
1544826316.69
1544826316.76
1544826316.83
1544826316.9
1544826316.95
1544826317.02
1544826317.07
1544826317.13
1544826317.2
1544826317.27
1544826317.32
1544826317.36
1544826317.41
1544826317.47
1544826317.55
1544826317.62
1544826317.69
1544826317.75
1544826317.82
1544826317.89
1544826317.96
1544826318.01
1544826318.05
1544826318.11
1544826318.19
1544826318.28
1544826318.36
1544826318.45
1544826318.52
1544826318.61
1544826318.69
1544826318.76
1544826318.84
1544826318.91
1544826318.95
1544826319.01
1544826319.07
1544826319.12
1544826319.17
1544826319.24
1544826319.29
1544826319.36
1544826319.42
1544826319.46
1544826319.51
1544826319.55
1544826319.62
1544826319.69
1544826319.76
1544826319.82
1544826319.85
1544826319.9
1544826319.96
1544826320.01
1544826320.05
1544826320.11
1544826320.2
1544826320.24
1544826320.29
1544826320.36
1544826320.41
1544826320.45
1544826320.48
1544826320.53
1544826320.57
1544826320.62
1544826320.66
1544826320.72
1544826320.79
1544826320.84
1544826320.89
1544826320.97
1544826321.03
1544826321.06
1544826321.12
1544826321.19
1544826321.23
1544826321.27
1544826321.32
1544826321.37
1544826321.43
1544826321.47
1544826321.53
1544826321.59
1544826321.64
1544826321.7
1544826321.75
1544826321.8
1544826321.84
1544826321.88
1544826321.95
1544826322.0
1544826322.03
1544826322.06
1544826322.1
1544826322.14
1544826322.25
1544826322.34
1544826322.41
1544826322.46
1544826322.51
1544826322.58
1544826322.64
1544826322.67
1544826322.72
1544826322.77
1544826322.81
1544826322.86
1544826322.9
1544826322.95
1544826322.99
1544826323.03
1544826323.06
1544826323.1
1544826323.15
1544826323.2
1544826323.23
1544826323.27
1544826323.31
1544826323.35
1544826323.43
1544826323.46
1544826323.5
1544826323.57
1544826323.62
1544826323.67
1544826323.73
1544826323.78
1544826323.82
1544826323.87
1544826323.92
1544826323.99
1544826324.05
1544826324.13
1544826324.2
1544826324.26
1544826324.31
1544826324.35
1544826324.39
1544826324.44
1544826324.48
1544826324.53
1544826324.57
1544826324.63
1544826324.7
1544826324.76
1544826324.83
1544826324.89
1544826324.93
1544826325.0
1544826325.07
1544826325.15
1544826325.21
1544826325.26
1544826325.34
1544826325.43
1544826325.47
1544826325.53
1544826325.57
1544826325.62
1544826325.66
1544826325.71
1544826325.81
1544826325.87
1544826325.95
1544826326.0
1544826326.04
1544826326.09
1544826326.16
1544826326.24
1544826326.3
1544826326.36
1544826326.42
1544826326.48
1544826326.54
1544826326.6
1544826326.65
1544826326.72
1544826326.78
1544826326.84
1544826326.91
1544826326.95
1544826326.98
1544826327.02
1544826327.06
1544826327.12
1544826327.18
1544826327.22
1544826327.26
1544826327.32
1544826327.37
1544826327.42
1544826327.47
1544826327.51
1544826327.56
1544826327.6
1544826327.64
1544826327.68
1544826327.73
1544826327.77
1544826327.83
1544826327.87
1544826327.91
1544826327.96
1544826328.01
1544826328.05
1544826328.09
1544826328.15
1544826328.21
1544826328.25
1544826328.33
1544826328.38
1544826328.43
1544826328.48
1544826328.53
1544826328.58
1544826328.62
1544826328.66
1544826328.71
1544826328.79
1544826328.84
1544826328.88
1544826328.95
1544826329.01
1544826329.05
1544826329.1
1544826329.14
1544826329.19
1544826329.24
1544826329.28
1544826329.35
1544826329.4
1544826329.45
1544826329.49
1544826329.56
1544826329.61
1544826329.65
1544826329.71
1544826329.75
1544826329.82
1544826329.86
1544826329.93
1544826329.98
1544826330.02
1544826330.06
1544826330.11
1544826330.15
1544826330.21
1544826330.25
1544826330.29
1544826330.33
1544826330.38
1544826330.44
1544826330.49
1544826330.55
1544826330.59
1544826330.63
1544826330.68
1544826330.73
1544826330.79
1544826330.84
1544826330.89
1544826330.95
1544826331.0
1544826331.04
1544826331.1
1544826331.15
1544826331.21
1544826331.25
1544826331.3
1544826331.37
1544826331.43
1544826331.48
1544826331.57
1544826331.63
1544826331.68
1544826331.73
1544826331.77
1544826331.81
1544826331.85
1544826331.93
1544826331.99
1544826332.04
1544826332.09
1544826332.14
1544826332.19
1544826332.23
1544826332.3
1544826332.34
1544826332.39
1544826332.45
1544826332.5
1544826332.55
1544826332.61
1544826332.7
1544826332.77
1544826332.82
1544826332.87
1544826332.92
1544826332.95
1544826332.99
1544826333.05
1544826333.1
1544826333.14
1544826333.2
1544826333.29
1544826333.34
1544826333.4
1544826333.45
1544826333.51
1544826333.55
1544826333.61
1544826333.68
1544826333.73
1544826333.78
1544826333.85
1544826333.91
1544826333.96
1544826334.04
1544826334.09
1544826334.13
1544826334.19
1544826334.25
1544826334.31
1544826334.34
1544826334.38
1544826334.47
1544826334.52
1544826334.57
1544826334.65
1544826334.7
1544826334.74
1544826334.79
1544826334.85
1544826334.9
1544826334.97
1544826335.02
1544826335.07
1544826335.11
1544826335.15
1544826335.19
1544826335.25
1544826335.3
1544826335.34
1544826335.39
1544826335.48
1544826335.52
1544826335.56
1544826335.63
1544826335.69
1544826335.73
1544826335.78
1544826335.85
1544826335.91
1544826335.94
1544826336.0
1544826336.07
1544826336.12
1544826336.16
1544826336.24
1544826336.31
1544826336.36
1544826336.41
1544826336.47
1544826336.51
1544826336.55
1544826336.61
1544826336.68
1544826336.72
1544826336.76
1544826336.81
1544826336.86
1544826336.9
1544826336.94
1544826336.97
1544826337.02
1544826337.06
1544826337.11
1544826337.15
1544826337.23
1544826337.28
1544826337.31
1544826337.35
1544826337.41
1544826337.46
1544826337.51
1544826337.54
1544826337.61
1544826337.66
1544826337.72
1544826337.79
1544826337.85
1544826337.9
1544826337.95
1544826338.01
1544826338.06
1544826338.12
1544826338.16
1544826338.23
1544826338.32
1544826338.41
1544826338.49
1544826338.59
1544826338.71
1544826338.83
1544826338.89
1544826338.98
1544826339.08
1544826339.17
1544826339.25
1544826339.35
1544826339.45
1544826339.52
1544826339.56
1544826339.63
1544826339.75
1544826339.84
1544826339.94
1544826339.99
1544826340.03
1544826340.07
1544826340.15
1544826340.22
1544826340.26
1544826340.29
1544826340.34
1544826340.4
1544826340.44
1544826340.49
1544826340.55
1544826340.59
1544826340.64
1544826340.7
1544826340.79
1544826340.83
1544826340.87
1544826340.91
1544826340.95
1544826341.0
1544826341.04
1544826341.08
1544826341.14
1544826341.18
1544826341.23
1544826341.28
1544826341.37
1544826341.43
1544826341.48
1544826341.58
1544826341.63
1544826341.66
1544826341.73
1544826341.79
1544826341.83
1544826341.86
1544826341.9
1544826341.95
1544826342.01
1544826342.05
1544826342.12
1544826342.18
1544826342.22
1544826342.27
1544826342.34
1544826342.42
1544826342.52
1544826342.59
1544826342.68
1544826342.77
1544826342.85
1544826342.94
1544826343.02
1544826343.11
1544826343.2
1544826343.26
1544826343.35
1544826343.42
1544826343.48
1544826343.53
1544826343.61
1544826343.67
1544826343.72
1544826343.79
1544826343.88
1544826343.95
1544826344.04
1544826344.08
1544826344.15
1544826344.22
1544826344.28
1544826344.34
1544826344.43
1544826344.48
1544826344.55
1544826344.61
1544826344.65
1544826344.72
1544826344.78
1544826344.83
1544826344.87
1544826344.91
1544826344.95
1544826344.98
1544826345.04
1544826345.08
1544826345.13
1544826345.15
1544826345.2
1544826345.24
1544826345.28
1544826345.35
1544826345.4
1544826345.46
1544826345.51
1544826345.55
1544826345.59
1544826345.68
1544826345.73
1544826345.77
1544826345.82
1544826345.89
1544826345.93
1544826345.98
1544826346.08
1544826346.14
1544826346.17
1544826346.23
1544826346.29
1544826346.34
1544826346.38
1544826346.47
1544826346.55
1544826346.6
1544826346.7
1544826346.75
1544826346.8
1544826346.89
1544826346.95
1544826347.0
1544826347.06
1544826347.11
1544826347.15
1544826347.2
1544826347.27
1544826347.32
1544826347.37
1544826347.45
1544826347.51
1544826347.56
1544826347.61
1544826347.67
1544826347.73
1544826347.78
1544826347.83
1544826347.87
1544826347.93
1544826347.97
1544826348.03
1544826348.08
1544826348.12
1544826348.16
1544826348.22
1544826348.28
1544826348.33
1544826348.36
1544826348.39
1544826348.43
1544826348.5
1544826348.54
1544826348.59
1544826348.65
1544826348.71
1544826348.76
1544826348.81
1544826348.86
1544826348.93
1544826348.97
1544826349.02
1544826349.07
1544826349.13
1544826349.19
1544826349.25
1544826349.3
1544826349.35
1544826349.39
1544826349.44
1544826349.49
1544826349.54
1544826349.58
1544826349.62
1544826349.68
1544826349.75
1544826349.79
1544826349.87
1544826349.93
1544826349.97
1544826350.01
1544826350.05
1544826350.09
1544826350.15
1544826350.19
1544826350.25
1544826350.31
1544826350.35
1544826350.38
1544826350.42
1544826350.46
1544826350.51
1544826350.54
1544826350.6
1544826350.63
1544826350.71
1544826350.75
1544826350.79
1544826350.86
1544826350.92
1544826350.95
1544826350.99
1544826351.03
1544826351.09
1544826351.13
1544826351.17
1544826351.25
1544826351.29
1544826351.33
1544826351.37
1544826351.43
1544826351.49
1544826351.53
1544826351.56
1544826351.6
1544826351.66
1544826351.72
1544826351.76
1544826351.8
1544826351.85
1544826351.91
1544826351.94
1544826351.98
1544826352.03
1544826352.07
1544826352.13
1544826352.17
1544826352.22
1544826352.28
1544826352.33
1544826352.38
1544826352.43
1544826352.46
1544826352.52
1544826352.55
1544826352.59
1544826352.65
1544826352.72
1544826352.77
1544826352.84
1544826352.9
1544826352.97
1544826353.06
1544826353.16
1544826353.23
1544826353.31
1544826353.39
1544826353.48
1544826353.53
1544826353.58
1544826353.62
1544826353.66
1544826353.71
1544826353.77
1544826353.83
1544826353.9
1544826353.96
1544826354.02
1544826354.1
1544826354.16
1544826354.23
1544826354.3
1544826354.36
1544826354.42
1544826354.46
1544826354.52
1544826354.56
1544826354.62
1544826354.66
1544826354.71
1544826354.75
1544826354.8
1544826354.85
1544826354.92
1544826354.97
1544826355.01
1544826355.06
1544826355.1
1544826355.15
1544826355.19
1544826355.25
1544826355.32
1544826355.35
1544826355.43
1544826355.49
1544826355.53
1544826355.56
1544826355.6
1544826355.63
1544826355.68
1544826355.74
1544826355.78
1544826355.83
1544826355.9
1544826355.95
1544826355.99
1544826356.05
1544826356.1
1544826356.14
1544826356.18
1544826356.23
1544826356.28
1544826356.34
1544826356.39
1544826356.46
1544826356.52
1544826356.56
1544826356.61
1544826356.65
1544826356.73
1544826356.76
1544826356.8
1544826356.89
1544826356.93
1544826356.97
1544826357.02
1544826357.06
1544826357.11
1544826357.15
1544826357.19
1544826357.25
1544826357.33
1544826357.37
1544826357.45
1544826357.52
1544826357.57
1544826357.65
1544826357.71
1544826357.75
1544826357.81
1544826357.88
1544826357.93
1544826357.99
1544826358.04
1544826358.1
1544826358.15
1544826358.21
1544826358.26
1544826358.29
1544826358.37
1544826358.43
1544826358.51
1544826358.57
1544826358.62
1544826358.66
1544826358.71
1544826358.77
1544826358.83
1544826358.88
1544826358.95
1544826359.01
1544826359.06
1544826359.11
1544826359.19
1544826359.25
1544826359.3
1544826359.36
1544826359.44
1544826359.49
1544826359.55
1544826359.6
1544826359.64
1544826359.68
1544826359.73
1544826359.78
1544826359.85
1544826359.91
1544826359.94
1544826359.99
1544826360.04
1544826360.09
1544826360.14
1544826360.18
1544826360.22
1544826360.26
1544826360.31
1544826360.35
1544826360.38
1544826360.46
1544826360.53
1544826360.57
1544826360.61
1544826360.65
1544826360.7
1544826360.74
1544826360.79
1544826360.84
1544826360.9
1544826360.95
1544826361.0
1544826361.03
1544826361.09
1544826361.13
1544826361.16
1544826361.2
1544826361.27
1544826361.33
1544826361.37
1544826361.43
1544826361.47
1544826361.52
1544826361.56
1544826361.63
1544826361.7
1544826361.75
1544826361.81
1544826361.87
1544826361.95
1544826362.0
1544826362.03
1544826362.08
1544826362.13
1544826362.18
1544826362.27
1544826362.32
1544826362.36
1544826362.39
1544826362.44
1544826362.5
1544826362.54
1544826362.58
1544826362.63
1544826362.7
1544826362.73
1544826362.77
1544826362.84
1544826362.89
1544826362.93
1544826362.98
1544826363.03
1544826363.11
1544826363.14
1544826363.19
1544826363.24
1544826363.3
1544826363.33
1544826363.37
1544826363.43
1544826363.47
1544826363.53
1544826363.57
1544826363.64
1544826363.71
1544826363.76
1544826363.83
1544826363.9
1544826363.95
1544826364.03
1544826364.1
1544826364.14
1544826364.18
1544826364.24
1544826364.29
1544826364.35
1544826364.38
1544826364.43
1544826364.48
1544826364.52
1544826364.55
1544826364.63
1544826364.69
1544826364.73
1544826364.76
1544826364.85
1544826364.92
1544826364.96
1544826365.03
1544826365.09
1544826365.13
1544826365.18
1544826365.22
1544826365.28
1544826365.34
1544826365.4
1544826365.45
1544826365.51
1544826365.55
1544826365.6
1544826365.64
1544826365.69
1544826365.75
1544826365.8
1544826365.89
1544826365.96
1544826366.0
1544826366.05
1544826366.1
1544826366.14
1544826366.2
1544826366.24
1544826366.29
1544826366.34
1544826366.41
1544826366.47
1544826366.55
1544826366.62
1544826366.65
1544826366.7
1544826366.77
1544826366.86
1544826366.92
1544826367.01
1544826367.08
1544826367.18
1544826367.26
1544826367.36
1544826367.44
1544826367.5
1544826367.56
1544826367.63
1544826367.7
1544826367.75
1544826367.84
1544826367.91
1544826367.95
1544826368.03
1544826368.09
1544826368.13
1544826368.17
1544826368.22
1544826368.26
1544826368.31
1544826368.35
1544826368.39
1544826368.43
1544826368.5
1544826368.54
1544826368.58
1544826368.62
1544826368.67
1544826368.72
1544826368.78
1544826368.84
1544826368.9
1544826368.94
1544826368.98
1544826369.02
1544826369.08
1544826369.15
1544826369.2
1544826369.25
1544826369.31
1544826369.34
1544826369.38
1544826369.46
1544826369.54
1544826369.6
1544826369.64
1544826369.7
1544826369.75
1544826369.81
1544826369.86
1544826369.94
1544826370.01
1544826370.07
1544826370.14
1544826370.2
1544826370.27
1544826370.34
1544826370.41
1544826370.48
1544826370.53
1544826370.6
1544826370.68
1544826370.75
1544826370.82
1544826370.86
1544826370.94
1544826371.03
1544826371.11
1544826371.19
1544826371.27
1544826371.33
1544826371.38
1544826371.47
1544826371.56
1544826371.66
1544826371.75
1544826371.82
1544826371.87
1544826371.97
1544826372.09
1544826372.14
1544826372.2
1544826372.26
1544826372.36
1544826372.42
1544826372.46
1544826372.5
1544826372.6
1544826372.65
1544826372.74
1544826372.79
1544826372.83
1544826372.86
1544826372.91
1544826372.96
1544826373.02
1544826373.06
1544826373.1
1544826373.16
1544826373.2
1544826373.27
1544826373.35
1544826373.42
1544826373.47
1544826373.53
1544826373.59
1544826373.63
1544826373.67
1544826373.72
1544826373.76
1544826373.82
1544826373.87
1544826373.91
1544826373.99
1544826374.05
1544826374.09
1544826374.16
1544826374.23
1544826374.28
1544826374.32
1544826374.38
1544826374.44
1544826374.48
1544826374.57
1544826374.62
1544826374.65
1544826374.7
1544826374.74
1544826374.79
1544826374.83
1544826374.86
1544826374.93
1544826375.0
1544826375.04
1544826375.08
1544826375.14
1544826375.18
1544826375.23
1544826375.27
1544826375.31
1544826375.35
1544826375.4
1544826375.45
1544826375.5
1544826375.55
1544826375.61
1544826375.65
1544826375.69
1544826375.75
1544826375.82
1544826375.86
1544826375.92
1544826375.98
1544826376.01
1544826376.05
1544826376.13
1544826376.2
1544826376.24
1544826376.31
1544826376.36
1544826376.39
1544826376.43
1544826376.46
1544826376.49
1544826376.54
1544826376.59
1544826376.64
1544826376.68
1544826376.74
1544826376.8
1544826376.85
1544826376.91
1544826376.97
1544826377.03
1544826377.11
1544826377.17
1544826377.24
1544826377.3
1544826377.35
1544826377.43
1544826377.51
1544826377.59
1544826377.65
1544826377.7
1544826377.74
1544826377.79
1544826377.85
1544826377.94
1544826378.01
1544826378.08
1544826378.14
1544826378.2
1544826378.27
1544826378.3
1544826378.34
1544826378.37
1544826378.44
1544826378.49
1544826378.53
1544826378.57
1544826378.62
1544826378.67
1544826378.72
1544826378.77
1544826378.83
1544826378.9
1544826378.94
1544826378.97
1544826379.01
1544826379.07
1544826379.11
1544826379.16
1544826379.23
1544826379.29
1544826379.33
1544826379.38
1544826379.45
1544826379.51
1544826379.56
1544826379.61
1544826379.67
1544826379.73
1544826379.77
1544826379.82
1544826379.87
1544826379.93
1544826379.97
1544826380.05
1544826380.12
1544826380.15
1544826380.23
1544826380.28
1544826380.32
1544826380.37
1544826380.43
1544826380.49
1544826380.54
1544826380.59
1544826380.65
1544826380.71
1544826380.74
1544826380.78
1544826380.85
1544826380.9
1544826380.94
1544826380.99
1544826381.07
1544826381.11
1544826381.15
1544826381.19
1544826381.24
1544826381.29
1544826381.34
1544826381.41
1544826381.48
1544826381.55
1544826381.6
1544826381.68
1544826381.73
1544826381.78
1544826381.83
1544826381.9
1544826381.96
1544826382.01
1544826382.04
1544826382.09
1544826382.17
1544826382.24
1544826382.34
1544826382.41
1544826382.52
1544826382.62
1544826382.71
1544826382.77
1544826382.83
1544826382.88
1544826382.94
1544826382.98
1544826383.02
1544826383.06
1544826383.11
1544826383.2
1544826383.25
1544826383.29
1544826383.33
1544826383.38
1544826383.42
1544826383.45
1544826383.52
1544826383.59
1544826383.63
1544826383.68
1544826383.73
1544826383.78
1544826383.83
1544826383.87
1544826383.94
1544826383.99
1544826384.04
1544826384.1
1544826384.16
1544826384.21
1544826384.25
1544826384.3
1544826384.34
1544826384.38
1544826384.43
1544826384.48
1544826384.56
1544826384.62
1544826384.66
1544826384.72
1544826384.77
1544826384.83
1544826384.86
1544826384.92
1544826384.98
1544826385.02
1544826385.06
1544826385.12
1544826385.2
1544826385.24
1544826385.28
1544826385.33
1544826385.37
1544826385.41
1544826385.46
1544826385.53
1544826385.61
1544826385.65
1544826385.71
1544826385.76
1544826385.82
1544826385.86
1544826385.94
1544826385.99
1544826386.04
1544826386.08
1544826386.15
1544826386.21
1544826386.25
1544826386.29
1544826386.38
1544826386.45
1544826386.5
1544826386.56
1544826386.63
1544826386.67
1544826386.75
1544826386.81
1544826386.86
1544826386.91
1544826386.96
1544826387.03
1544826387.08
1544826387.12
1544826387.17
1544826387.21
1544826387.26
1544826387.32
1544826387.38
1544826387.43
1544826387.46
1544826387.51
1544826387.58
1544826387.63
1544826387.66
1544826387.71
1544826387.76
1544826387.82
1544826387.85
1544826387.89
1544826387.95
1544826388.01
1544826388.05
1544826388.11
1544826388.16
1544826388.21
1544826388.25
1544826388.29
1544826388.35
1544826388.4
1544826388.45
1544826388.51
1544826388.57
1544826388.61
1544826388.66
1544826388.71
1544826388.75
1544826388.8
1544826388.85
1544826388.92
1544826388.99
1544826389.03
1544826389.08
1544826389.15
1544826389.2
1544826389.25
1544826389.29
1544826389.34
1544826389.38
1544826389.42
1544826389.46
1544826389.53
1544826389.57
1544826389.61
1544826389.64
1544826389.67
1544826389.72
1544826389.76
1544826389.82
1544826389.86
1544826389.95
1544826390.05
1544826390.12
1544826390.16
1544826390.23
1544826390.26
1544826390.31
1544826390.35
1544826390.42
1544826390.48
1544826390.55
1544826390.61
1544826390.66
1544826390.72
1544826390.75
1544826390.79
1544826390.84
1544826390.88
1544826390.95
1544826391.03
1544826391.11
1544826391.18
1544826391.25
1544826391.32
1544826391.37
1544826391.45
1544826391.51
1544826391.56
1544826391.61
1544826391.66
1544826391.73
1544826391.8
1544826391.85
1544826391.92
1544826391.97
1544826392.02
1544826392.06
1544826392.11
1544826392.15
1544826392.21
1544826392.25
1544826392.31
1544826392.36
1544826392.43
1544826392.49
1544826392.56
1544826392.64
1544826392.71
1544826392.77
1544826392.84
1544826392.89
1544826392.95
1544826393.03
1544826393.08
1544826393.17
1544826393.23
1544826393.28
1544826393.38
1544826393.44
1544826393.49
1544826393.54
1544826393.61
1544826393.66
1544826393.72
1544826393.78
1544826393.82
1544826393.86
1544826393.9
1544826393.98
1544826394.03
1544826394.07
1544826394.12
1544826394.19
1544826394.23
1544826394.28
1544826394.33
1544826394.38
1544826394.44
1544826394.49
1544826394.58
1544826394.63
1544826394.66
1544826394.7
1544826394.76
1544826394.81
1544826394.85
1544826394.88
1544826394.92
1544826394.96
1544826395.01
1544826395.05
1544826395.12
1544826395.2
1544826395.31
1544826395.41
1544826395.52
1544826395.61
1544826395.7
1544826395.78
1544826395.84
1544826395.9
1544826395.95
1544826396.01
1544826396.06
1544826396.12
1544826396.2
1544826396.27
1544826396.33
1544826396.4
1544826396.46
1544826396.57
1544826396.67
1544826396.76
1544826396.84
1544826396.91
1544826396.97
1544826397.02
1544826397.06
1544826397.13
1544826397.18
1544826397.23
1544826397.27
1544826397.32
1544826397.36
1544826397.4
1544826397.43
1544826397.47
1544826397.52
1544826397.57
1544826397.61
1544826397.64
1544826397.69
1544826397.77
1544826397.82
1544826397.85
1544826397.91
1544826397.96
1544826398.0
1544826398.03
1544826398.07
1544826398.11
1544826398.15
1544826398.2
1544826398.24
1544826398.28
1544826398.33
1544826398.37
1544826398.4
1544826398.44
1544826398.49
1544826398.55
1544826398.59
1544826398.63
1544826398.68
1544826398.75
1544826398.79
1544826398.83
1544826398.86
1544826398.93
1544826399.01
1544826399.08
1544826399.15
1544826399.22
1544826399.3
1544826399.37
1544826399.45
1544826399.5
1544826399.55
1544826399.59
1544826399.65
1544826399.7
1544826399.76
1544826399.83
1544826399.91
1544826399.97
1544826400.04
1544826400.1
1544826400.15
1544826400.19
1544826400.24
1544826400.31
1544826400.4
1544826400.48
1544826400.55
1544826400.62
1544826400.65
1544826400.69
1544826400.76
1544826400.83
1544826400.91
1544826400.95
