1544726822.65
1544726822.88
1544726822.99
1544726823.12
1544726823.22
1544726823.33
1544726823.45
1544726823.56
1544726823.68
1544726823.83
1544726823.95
1544726824.08
1544726824.21
1544726824.3
1544726824.43
1544726824.56
1544726824.69
1544726824.8
1544726824.91
1544726825.02
1544726825.13
1544726825.23
1544726825.37
1544726825.49
1544726825.64
1544726825.76
1544726825.9
1544726826.03
1544726826.14
1544726826.25
1544726826.4
1544726826.53
1544726826.68
1544726826.8
1544726826.91
1544726827.02
1544726827.1
1544726827.22
1544726827.37
1544726827.51
1544726827.65
1544726827.79
1544726827.9
1544726828.02
1544726828.12
1544726828.25
1544726828.41
1544726828.55
1544726828.7
1544726828.81
1544726828.95
1544726829.08
1544726829.21
1544726829.35
1544726829.44
1544726829.55
1544726829.66
1544726829.8
1544726829.92
1544726830.08
1544726830.22
1544726830.33
1544726830.43
1544726830.53
1544726830.68
1544726830.79
1544726830.89
1544726830.97
1544726831.05
1544726831.11
1544726831.18
1544726831.26
1544726831.34
1544726831.4
1544726831.48
1544726831.55
1544726831.63
1544726831.69
1544726831.76
1544726831.84
1544726831.9
1544726831.98
1544726832.03
1544726832.12
1544726832.19
1544726832.26
1544726832.33
1544726832.39
1544726832.46
1544726832.52
1544726832.58
1544726832.66
1544726832.74
1544726832.8
1544726832.88
1544726832.93
1544726833.01
1544726833.06
1544726833.16
1544726833.25
1544726833.37
1544726833.48
1544726833.58
1544726833.69
1544726833.79
1544726833.88
1544726834.0
1544726834.1
1544726834.22
1544726834.32
1544726834.39
1544726834.48
1544726834.57
1544726834.64
1544726834.73
1544726834.82
1544726834.93
1544726835.01
1544726835.08
1544726835.16
1544726835.23
1544726835.29
1544726835.37
1544726835.44
1544726835.52
1544726835.6
1544726835.67
1544726835.73
1544726835.78
1544726835.83
1544726835.93
1544726836.02
1544726836.11
1544726836.19
1544726836.28
1544726836.36
1544726836.46
1544726836.56
1544726836.64
1544726836.74
1544726836.82
1544726836.89
1544726836.98
1544726837.07
1544726837.15
1544726837.24
1544726837.32
1544726837.41
1544726837.5
1544726837.59
1544726837.68
1544726837.77
1544726837.85
1544726837.95
1544726838.05
1544726838.14
1544726838.27
1544726838.35
1544726838.46
1544726838.55
1544726838.65
1544726838.76
1544726838.86
1544726838.93
1544726839.01
1544726839.11
1544726839.18
1544726839.28
1544726839.38
1544726839.45
1544726839.52
1544726839.59
1544726839.67
1544726839.75
1544726839.82
1544726839.91
1544726840.0
1544726840.11
1544726840.18
1544726840.26
1544726840.34
1544726840.4
1544726840.49
1544726840.56
1544726840.65
1544726840.74
1544726840.83
1544726840.94
1544726841.0
1544726841.08
1544726841.16
1544726841.24
1544726841.32
1544726841.39
1544726841.5
1544726841.58
1544726841.67
1544726841.74
1544726841.82
1544726841.89
1544726841.98
1544726842.06
1544726842.14
1544726842.21
1544726842.29
1544726842.4
1544726842.51
1544726842.59
1544726842.68
1544726842.77
1544726842.87
1544726842.97
1544726843.08
1544726843.17
1544726843.26
1544726843.34
1544726843.42
1544726843.49
1544726843.55
1544726843.63
1544726843.69
1544726843.8
1544726843.9
1544726843.99
1544726844.09
1544726844.17
1544726844.24
1544726844.33
1544726844.42
1544726844.5
1544726844.6
1544726844.68
1544726844.78
1544726844.88
1544726844.97
1544726845.06
1544726845.15
1544726845.22
1544726845.31
1544726845.38
1544726845.45
1544726845.54
1544726845.61
1544726845.7
1544726845.79
1544726845.88
1544726845.97
1544726846.04
1544726846.12
1544726846.2
1544726846.28
1544726846.35
1544726846.44
1544726846.5
1544726846.59
1544726846.67
1544726846.75
1544726846.83
1544726846.91
1544726846.99
1544726847.06
1544726847.11
1544726847.18
1544726847.25
1544726847.32
1544726847.39
1544726847.47
1544726847.55
1544726847.62
1544726847.68
1544726847.72
1544726847.77
1544726847.82
1544726847.88
1544726847.94
1544726847.99
1544726848.07
1544726848.16
1544726848.24
1544726848.32
1544726848.4
1544726848.49
1544726848.58
1544726848.69
1544726848.79
1544726848.9
1544726848.99
1544726849.07
1544726849.14
1544726849.19
1544726849.28
1544726849.36
1544726849.5
1544726849.62
1544726849.72
1544726849.81
1544726849.91
1544726850.01
1544726850.09
1544726850.2
1544726850.27
1544726850.33
1544726850.42
1544726850.48
1544726850.55
1544726850.63
1544726850.7
1544726850.78
1544726850.85
1544726850.92
1544726850.99
1544726851.06
1544726851.14
1544726851.18
1544726851.27
1544726851.35
1544726851.47
1544726851.54
1544726851.6
1544726851.68
1544726851.74
1544726851.82
1544726851.89
1544726851.97
1544726852.06
1544726852.15
1544726852.25
1544726852.32
1544726852.41
1544726852.5
1544726852.6
1544726852.69
1544726852.78
1544726852.86
1544726852.94
1544726853.01
1544726853.08
1544726853.15
1544726853.22
1544726853.29
1544726853.39
1544726853.47
1544726853.54
1544726853.62
1544726853.71
1544726853.83
1544726853.9
1544726853.98
1544726854.08
1544726854.14
1544726854.2
1544726854.27
1544726854.35
1544726854.41
1544726854.49
1544726854.55
1544726854.62
1544726854.69
1544726854.78
1544726854.85
1544726854.92
1544726854.99
1544726855.07
1544726855.15
1544726855.25
1544726855.34
1544726855.42
1544726855.49
1544726855.57
1544726855.65
1544726855.76
1544726855.85
1544726855.94
1544726856.03
1544726856.11
1544726856.21
1544726856.28
1544726856.36
1544726856.44
1544726856.51
1544726856.59
1544726856.67
1544726856.74
1544726856.82
1544726856.9
1544726857.0
1544726857.08
1544726857.17
1544726857.25
1544726857.31
1544726857.42
1544726857.54
1544726857.63
1544726857.7
1544726857.8
1544726857.88
1544726857.95
1544726858.03
1544726858.1
1544726858.18
1544726858.23
1544726858.36
1544726858.46
1544726858.51
1544726858.6
1544726858.67
1544726858.74
1544726858.83
1544726858.9
1544726858.97
1544726859.05
1544726859.1
1544726859.16
1544726859.22
1544726859.28
1544726859.35
1544726859.43
1544726859.53
1544726859.62
1544726859.71
1544726859.84
1544726859.98
1544726860.1
1544726860.23
1544726860.37
1544726860.45
1544726860.51
1544726860.58
1544726860.64
1544726860.71
1544726860.78
1544726860.85
1544726860.98
1544726861.07
1544726861.18
1544726861.31
1544726861.45
1544726861.57
1544726861.68
1544726861.75
1544726861.82
1544726861.89
1544726861.96
1544726862.05
1544726862.1
1544726862.16
1544726862.25
1544726862.32
1544726862.38
1544726862.43
1544726862.49
1544726862.55
1544726862.65
1544726862.74
1544726862.81
1544726862.87
1544726862.92
1544726863.0
1544726863.08
1544726863.15
1544726863.22
1544726863.29
1544726863.39
1544726863.48
1544726863.57
1544726863.67
1544726863.77
1544726863.84
1544726863.94
1544726864.0
1544726864.11
1544726864.18
1544726864.28
1544726864.36
1544726864.43
1544726864.5
1544726864.57
1544726864.63
1544726864.69
1544726864.75
1544726864.79
1544726864.84
1544726864.9
1544726864.95
1544726865.04
1544726865.12
1544726865.21
1544726865.3
1544726865.38
1544726865.47
1544726865.57
1544726865.67
1544726865.78
1544726865.86
1544726865.93
1544726866.04
1544726866.12
1544726866.23
1544726866.32
1544726866.43
1544726866.5
1544726866.63
1544726866.71
1544726866.82
1544726866.91
1544726867.02
1544726867.12
1544726867.22
1544726867.3
1544726867.39
1544726867.48
1544726867.58
1544726867.71
1544726867.79
1544726867.89
1544726867.95
1544726868.08
1544726868.21
1544726868.29
1544726868.38
1544726868.46
1544726868.54
1544726868.63
1544726868.7
1544726868.79
1544726868.86
1544726868.93
1544726869.0
1544726869.09
1544726869.2
1544726869.31
1544726869.42
1544726869.5
1544726869.61
1544726869.69
1544726869.8
1544726869.87
1544726869.96
1544726870.05
1544726870.12
1544726870.24
1544726870.3
1544726870.41
1544726870.49
1544726870.59
1544726870.68
1544726870.79
1544726870.88
1544726870.97
1544726871.07
1544726871.13
1544726871.23
1544726871.31
1544726871.39
1544726871.47
1544726871.55
1544726871.63
1544726871.71
1544726871.81
1544726871.88
1544726871.98
1544726872.06
1544726872.14
1544726872.22
1544726872.3
1544726872.38
1544726872.46
1544726872.55
1544726872.63
1544726872.7
1544726872.78
1544726872.85
1544726872.93
1544726873.0
1544726873.07
1544726873.15
1544726873.22
1544726873.27
1544726873.35
1544726873.42
1544726873.5
1544726873.57
1544726873.65
1544726873.71
1544726873.78
1544726873.86
1544726873.95
1544726874.02
1544726874.11
1544726874.18
1544726874.28
1544726874.36
1544726874.46
1544726874.55
1544726874.67
1544726874.75
1544726874.84
1544726874.93
1544726875.03
1544726875.11
1544726875.24
1544726875.34
1544726875.46
1544726875.56
1544726875.67
1544726875.75
1544726875.83
1544726875.93
1544726876.04
1544726876.14
1544726876.23
1544726876.3
1544726876.39
1544726876.49
1544726876.55
1544726876.63
1544726876.69
1544726876.76
1544726876.84
1544726876.92
1544726877.01
1544726877.08
1544726877.15
1544726877.21
1544726877.28
1544726877.34
1544726877.41
1544726877.48
1544726877.55
1544726877.61
1544726877.69
1544726877.75
1544726877.81
1544726877.88
1544726877.95
1544726878.01
1544726878.08
1544726878.14
1544726878.25
1544726878.38
1544726878.47
1544726878.58
1544726878.69
1544726878.77
1544726878.85
1544726878.91
1544726878.97
1544726879.03
1544726879.08
1544726879.14
1544726879.21
1544726879.27
1544726879.34
1544726879.4
1544726879.48
1544726879.55
1544726879.62
1544726879.68
1544726879.79
1544726879.89
1544726879.96
1544726880.03
1544726880.1
1544726880.16
1544726880.24
1544726880.29
1544726880.37
1544726880.45
1544726880.5
1544726880.57
1544726880.63
1544726880.69
1544726880.76
1544726880.82
1544726880.88
1544726880.94
1544726881.01
1544726881.06
1544726881.1
1544726881.17
1544726881.21
1544726881.27
1544726881.34
1544726881.38
1544726881.42
1544726881.48
1544726881.56
1544726881.62
1544726881.68
1544726881.75
1544726881.83
1544726881.88
1544726881.94
1544726882.01
1544726882.06
1544726882.11
1544726882.18
1544726882.27
1544726882.33
1544726882.41
1544726882.48
1544726882.55
1544726882.62
1544726882.7
1544726882.75
1544726882.81
1544726882.87
1544726882.92
1544726882.97
1544726883.01
1544726883.05
1544726883.1
1544726883.17
1544726883.24
1544726883.29
1544726883.36
1544726883.43
1544726883.5
1544726883.56
1544726883.63
1544726883.68
1544726883.73
1544726883.8
1544726883.89
1544726883.96
1544726884.02
1544726884.08
1544726884.15
1544726884.2
1544726884.27
1544726884.32
1544726884.39
1544726884.45
1544726884.5
1544726884.55
1544726884.61
1544726884.67
1544726884.72
1544726884.78
1544726884.84
1544726884.9
1544726884.99
1544726885.04
1544726885.11
1544726885.19
1544726885.27
1544726885.34
1544726885.41
1544726885.49
1544726885.56
1544726885.64
1544726885.7
1544726885.77
1544726885.84
1544726885.91
1544726885.95
1544726886.01
1544726886.08
1544726886.16
1544726886.22
1544726886.28
1544726886.38
1544726886.45
1544726886.54
1544726886.61
1544726886.69
1544726886.76
1544726886.82
1544726886.89
1544726886.94
1544726887.01
1544726887.07
1544726887.13
1544726887.19
1544726887.25
1544726887.32
1544726887.38
1544726887.44
1544726887.52
1544726887.58
1544726887.64
1544726887.71
1544726887.78
1544726887.84
1544726887.91
1544726887.98
1544726888.04
1544726888.1
1544726888.17
1544726888.24
1544726888.31
1544726888.4
1544726888.46
1544726888.53
1544726888.59
1544726888.66
1544726888.74
1544726888.82
1544726888.91
1544726888.99
1544726889.05
1544726889.11
1544726889.21
1544726889.29
1544726889.38
1544726889.45
1544726889.52
1544726889.59
1544726889.66
1544726889.73
1544726889.78
1544726889.85
1544726889.91
1544726889.98
1544726890.05
1544726890.1
1544726890.2
1544726890.29
1544726890.38
1544726890.48
1544726890.57
1544726890.65
1544726890.7
1544726890.77
1544726890.83
1544726890.9
1544726890.95
1544726891.01
1544726891.09
1544726891.16
1544726891.25
1544726891.32
1544726891.4
1544726891.48
1544726891.57
1544726891.64
1544726891.69
1544726891.75
1544726891.8
1544726891.84
1544726891.91
1544726891.97
1544726892.02
1544726892.06
1544726892.13
1544726892.21
1544726892.27
1544726892.34
1544726892.4
1544726892.47
1544726892.52
1544726892.59
1544726892.65
1544726892.71
1544726892.78
1544726892.83
1544726892.88
1544726892.95
1544726893.01
1544726893.08
1544726893.16
1544726893.22
1544726893.26
1544726893.31
1544726893.42
1544726893.48
1544726893.54
1544726893.61
1544726893.68
1544726893.73
1544726893.8
1544726893.88
1544726893.95
1544726894.0
1544726894.08
1544726894.16
1544726894.24
1544726894.31
1544726894.38
1544726894.45
1544726894.53
1544726894.6
1544726894.67
1544726894.74
1544726894.82
1544726894.89
1544726894.96
1544726895.01
1544726895.06
1544726895.14
1544726895.23
1544726895.27
1544726895.37
1544726895.43
1544726895.48
1544726895.53
1544726895.59
1544726895.7
1544726895.77
1544726895.84
1544726895.9
1544726895.96
1544726896.03
1544726896.1
1544726896.15
1544726896.25
1544726896.32
1544726896.42
1544726896.49
1544726896.54
1544726896.63
1544726896.7
1544726896.79
1544726896.86
1544726896.94
1544726897.0
1544726897.07
1544726897.13
1544726897.19
1544726897.26
1544726897.31
1544726897.42
1544726897.48
1544726897.56
1544726897.63
1544726897.67
1544726897.76
1544726897.85
1544726897.92
1544726897.99
1544726898.05
1544726898.09
1544726898.16
1544726898.23
1544726898.33
1544726898.43
1544726898.49
1544726898.63
1544726898.69
1544726898.76
1544726898.82
1544726898.89
1544726898.97
1544726899.04
1544726899.15
1544726899.22
1544726899.28
1544726899.38
1544726899.46
1544726899.52
1544726899.57
1544726899.63
1544726899.75
1544726899.85
1544726899.93
1544726900.01
1544726900.08
1544726900.16
1544726900.24
1544726900.31
1544726900.38
1544726900.46
1544726900.54
1544726900.63
1544726900.69
1544726900.77
1544726900.85
1544726900.93
1544726901.03
1544726901.1
1544726901.19
1544726901.26
1544726901.32
1544726901.39
1544726901.47
1544726901.55
1544726901.63
1544726901.69
1544726901.77
1544726901.85
1544726901.91
1544726902.02
1544726902.12
1544726902.19
1544726902.24
1544726902.29
1544726902.35
1544726902.44
1544726902.51
1544726902.56
1544726902.62
1544726902.72
1544726902.79
1544726902.86
1544726902.94
1544726903.0
1544726903.08
1544726903.14
1544726903.25
1544726903.32
1544726903.4
1544726903.48
1544726903.55
1544726903.62
1544726903.69
1544726903.76
1544726903.85
1544726903.91
1544726903.99
1544726904.05
1544726904.13
1544726904.22
1544726904.28
1544726904.35
1544726904.43
1544726904.48
1544726904.55
1544726904.62
1544726904.68
1544726904.75
1544726904.83
1544726904.87
1544726904.96
1544726905.05
1544726905.13
1544726905.23
1544726905.31
1544726905.38
1544726905.46
1544726905.53
1544726905.62
1544726905.7
1544726905.78
1544726905.84
1544726905.9
1544726905.98
1544726906.04
1544726906.11
1544726906.18
1544726906.23
1544726906.3
1544726906.35
1544726906.42
1544726906.52
1544726906.63
1544726906.71
1544726906.8
1544726906.89
1544726906.99
1544726907.05
1544726907.13
1544726907.2
1544726907.28
1544726907.36
1544726907.43
1544726907.52
1544726907.59
1544726907.71
1544726907.82
1544726907.91
1544726908.03
1544726908.11
1544726908.2
1544726908.27
1544726908.35
1544726908.43
1544726908.5
1544726908.57
1544726908.65
1544726908.72
1544726908.79
1544726908.87
1544726908.95
1544726909.03
1544726909.11
1544726909.19
1544726909.25
1544726909.31
1544726909.39
1544726909.49
1544726909.55
1544726909.6
1544726909.7
1544726909.8
1544726909.92
1544726910.01
1544726910.1
1544726910.19
1544726910.29
1544726910.39
1544726910.47
1544726910.56
1544726910.64
1544726910.72
1544726910.78
1544726910.84
1544726910.92
1544726910.98
1544726911.05
1544726911.1
1544726911.18
1544726911.25
1544726911.35
1544726911.42
1544726911.49
1544726911.56
1544726911.63
1544726911.7
1544726911.78
1544726911.84
1544726911.89
1544726911.93
1544726911.98
1544726912.04
1544726912.14
1544726912.23
1544726912.32
1544726912.38
1544726912.45
1544726912.53
1544726912.61
1544726912.68
1544726912.76
1544726912.82
1544726912.89
1544726912.95
1544726913.03
1544726913.09
1544726913.16
1544726913.22
1544726913.27
1544726913.32
1544726913.41
1544726913.46
1544726913.54
1544726913.63
1544726913.7
1544726913.78
1544726913.86
1544726913.95
1544726914.06
1544726914.13
1544726914.22
1544726914.29
1544726914.37
1544726914.46
1544726914.53
1544726914.59
1544726914.67
1544726914.75
1544726914.81
1544726914.88
1544726914.94
1544726915.01
1544726915.08
1544726915.15
1544726915.22
1544726915.29
1544726915.36
1544726915.46
1544726915.53
1544726915.61
1544726915.68
1544726915.75
1544726915.82
1544726915.88
1544726915.93
1544726916.0
1544726916.11
1544726916.22
1544726916.34
1544726916.43
1544726916.53
1544726916.63
1544726916.74
1544726916.82
1544726916.88
1544726916.93
1544726917.0
1544726917.07
1544726917.14
1544726917.22
1544726917.29
1544726917.35
1544726917.42
1544726917.48
1544726917.54
1544726917.61
1544726917.68
1544726917.76
1544726917.84
1544726917.9
1544726917.98
1544726918.06
1544726918.13
1544726918.21
1544726918.27
1544726918.35
1544726918.44
1544726918.51
1544726918.59
1544726918.66
1544726918.74
1544726918.81
1544726918.89
1544726918.96
1544726919.04
1544726919.1
1544726919.16
1544726919.23
1544726919.28
1544726919.36
1544726919.46
1544726919.52
1544726919.59
1544726919.68
1544726919.76
1544726919.83
1544726919.9
1544726919.98
1544726920.04
1544726920.09
1544726920.16
1544726920.22
1544726920.27
1544726920.32
1544726920.37
1544726920.42
1544726920.48
1544726920.54
1544726920.6
1544726920.68
1544726920.75
1544726920.85
1544726920.94
1544726921.03
1544726921.14
1544726921.23
1544726921.29
1544726921.38
1544726921.44
1544726921.48
1544726921.56
1544726921.65
1544726921.7
1544726921.76
1544726921.85
1544726921.91
1544726921.95
1544726922.02
1544726922.11
1544726922.18
1544726922.25
1544726922.29
1544726922.38
1544726922.47
1544726922.53
1544726922.6
1544726922.66
1544726922.71
1544726922.78
1544726922.84
1544726922.89
1544726922.99
1544726923.07
1544726923.13
1544726923.17
1544726923.24
1544726923.29
1544726923.36
1544726923.41
1544726923.52
1544726923.61
1544726923.66
1544726923.74
1544726923.81
1544726923.89
1544726923.97
1544726924.05
1544726924.12
1544726924.2
1544726924.3
1544726924.38
1544726924.42
1544726924.5
1544726924.55
1544726924.6
1544726924.65
1544726924.71
1544726924.78
1544726924.84
1544726924.9
1544726924.96
1544726925.01
1544726925.05
1544726925.1
1544726925.17
1544726925.25
1544726925.34
1544726925.41
1544726925.48
1544726925.56
1544726925.62
1544726925.68
1544726925.78
1544726925.85
1544726925.91
1544726926.01
1544726926.09
1544726926.16
1544726926.27
1544726926.35
1544726926.44
1544726926.52
1544726926.59
1544726926.64
1544726926.71
1544726926.77
1544726926.85
1544726926.9
1544726926.98
1544726927.04
1544726927.1
1544726927.19
1544726927.25
1544726927.34
1544726927.42
1544726927.49
1544726927.58
1544726927.68
1544726927.76
1544726927.83
1544726927.9
1544726927.96
1544726928.04
1544726928.11
1544726928.17
1544726928.23
1544726928.29
1544726928.36
1544726928.42
1544726928.5
1544726928.58
1544726928.66
1544726928.71
1544726928.76
1544726928.82
1544726928.88
1544726928.94
1544726928.99
1544726929.05
1544726929.11
1544726929.17
1544726929.22
1544726929.28
1544726929.34
1544726929.39
1544726929.44
1544726929.52
1544726929.58
1544726929.66
1544726929.74
1544726929.85
1544726929.94
1544726930.01
1544726930.09
1544726930.15
1544726930.22
1544726930.3
1544726930.35
1544726930.42
1544726930.48
1544726930.53
1544726930.59
1544726930.68
1544726930.75
1544726930.8
1544726930.86
1544726930.93
1544726930.98
1544726931.05
1544726931.1
1544726931.16
1544726931.23
1544726931.3
1544726931.36
1544726931.48
1544726931.59
1544726931.64
1544726931.69
1544726931.79
1544726931.87
1544726931.95
1544726932.01
1544726932.09
1544726932.17
1544726932.26
1544726932.32
1544726932.39
1544726932.53
1544726932.69
1544726932.78
1544726932.87
1544726932.96
1544726933.04
1544726933.11
1544726933.18
1544726933.24
1544726933.29
1544726933.36
1544726933.41
1544726933.47
1544726933.52
1544726933.58
1544726933.66
1544726933.74
1544726933.8
1544726933.89
1544726934.02
1544726934.11
1544726934.19
1544726934.29
1544726934.38
1544726934.47
1544726934.54
1544726934.65
1544726934.73
1544726934.82
1544726934.91
1544726934.97
1544726935.03
1544726935.13
1544726935.22
1544726935.32
1544726935.46
1544726935.51
1544726935.63
1544726935.72
1544726935.78
1544726935.89
1544726936.01
1544726936.1
1544726936.18
1544726936.27
1544726936.33
1544726936.42
1544726936.52
1544726936.58
1544726936.63
1544726936.68
1544726936.74
1544726936.79
1544726936.87
1544726936.91
1544726936.98
1544726937.05
1544726937.13
1544726937.2
1544726937.28
1544726937.36
1544726937.47
1544726937.53
1544726937.6
1544726937.68
1544726937.74
1544726937.79
1544726937.87
1544726937.93
1544726938.0
1544726938.07
1544726938.14
1544726938.2
1544726938.25
1544726938.29
1544726938.4
1544726938.47
1544726938.55
1544726938.62
1544726938.69
1544726938.76
1544726938.83
1544726938.9
1544726938.96
1544726939.03
1544726939.14
1544726939.22
1544726939.29
1544726939.38
1544726939.46
1544726939.54
1544726939.62
1544726939.69
1544726939.76
1544726939.83
1544726939.9
1544726939.99
1544726940.07
1544726940.14
1544726940.21
1544726940.28
1544726940.35
1544726940.4
1544726940.47
1544726940.54
1544726940.6
1544726940.66
1544726940.73
1544726940.8
1544726940.86
1544726940.91
1544726940.98
1544726941.04
1544726941.11
1544726941.17
1544726941.23
1544726941.3
1544726941.36
1544726941.42
1544726941.49
1544726941.54
1544726941.62
1544726941.68
1544726941.77
1544726941.8
1544726941.84
1544726941.9
1544726941.98
1544726942.03
1544726942.11
1544726942.18
1544726942.25
1544726942.29
1544726942.34
1544726942.42
1544726942.5
1544726942.59
1544726942.67
1544726942.76
1544726942.83
1544726942.89
1544726942.97
1544726943.05
1544726943.12
1544726943.18
1544726943.25
1544726943.32
1544726943.38
1544726943.46
1544726943.54
1544726943.63
1544726943.7
1544726943.79
1544726943.87
1544726943.95
1544726944.01
1544726944.08
1544726944.14
1544726944.23
1544726944.29
1544726944.38
1544726944.46
1544726944.53
1544726944.62
1544726944.7
1544726944.79
1544726944.87
1544726944.96
1544726945.03
1544726945.11
1544726945.19
1544726945.27
1544726945.34
1544726945.42
1544726945.5
1544726945.59
1544726945.65
1544726945.73
1544726945.81
1544726945.9
1544726945.98
1544726946.04
1544726946.12
1544726946.21
1544726946.29
1544726946.38
1544726946.45
1544726946.52
1544726946.62
1544726946.68
1544726946.78
1544726946.86
1544726946.95
1544726947.0
1544726947.08
1544726947.14
1544726947.2
1544726947.25
1544726947.31
1544726947.38
1544726947.44
1544726947.53
1544726947.59
1544726947.66
1544726947.71
1544726947.79
1544726947.84
1544726947.92
1544726947.99
1544726948.06
1544726948.13
1544726948.2
1544726948.27
1544726948.33
1544726948.4
1544726948.47
1544726948.54
1544726948.6
1544726948.69
1544726948.76
1544726948.8
1544726948.89
1544726948.96
1544726949.05
1544726949.12
1544726949.2
1544726949.25
1544726949.32
1544726949.38
1544726949.45
1544726949.53
1544726949.6
1544726949.66
1544726949.73
1544726949.79
1544726949.85
1544726949.93
1544726950.0
1544726950.08
1544726950.15
1544726950.2
1544726950.27
1544726950.34
1544726950.41
1544726950.47
1544726950.53
1544726950.59
1544726950.66
1544726950.72
1544726950.78
1544726950.85
1544726950.9
1544726950.96
1544726951.03
1544726951.09
1544726951.15
1544726951.2
1544726951.26
1544726951.31
1544726951.37
1544726951.43
1544726951.5
1544726951.57
1544726951.62
1544726951.69
1544726951.76
1544726951.8
1544726951.86
1544726951.91
1544726952.0
1544726952.06
1544726952.1
1544726952.18
1544726952.27
1544726952.35
1544726952.42
1544726952.48
1544726952.56
1544726952.62
1544726952.69
1544726952.75
1544726952.82
1544726952.86
1544726952.93
1544726952.99
1544726953.07
1544726953.14
1544726953.22
1544726953.3
1544726953.39
1544726953.44
1544726953.5
1544726953.6
1544726953.68
1544726953.77
1544726953.86
1544726953.97
1544726954.06
1544726954.12
1544726954.19
1544726954.25
1544726954.32
1544726954.38
1544726954.46
1544726954.55
1544726954.61
1544726954.66
1544726954.74
1544726954.81
1544726954.91
1544726955.01
1544726955.08
1544726955.13
1544726955.2
1544726955.26
1544726955.33
1544726955.39
1544726955.46
1544726955.57
1544726955.63
1544726955.7
1544726955.8
1544726955.87
1544726955.93
1544726956.02
1544726956.08
1544726956.18
1544726956.25
1544726956.35
1544726956.44
1544726956.53
1544726956.59
1544726956.66
1544726956.72
1544726956.79
1544726956.84
1544726956.9
1544726956.97
1544726957.04
1544726957.08
1544726957.16
1544726957.24
1544726957.29
1544726957.38
1544726957.44
1544726957.49
1544726957.56
1544726957.61
1544726957.68
1544726957.75
1544726957.82
1544726957.9
1544726957.98
1544726958.05
1544726958.12
1544726958.23
1544726958.34
1544726958.44
1544726958.53
1544726958.61
1544726958.69
1544726958.77
1544726958.84
1544726958.92
1544726958.99
1544726959.06
1544726959.13
1544726959.2
1544726959.27
1544726959.36
1544726959.44
1544726959.51
1544726959.58
1544726959.65
1544726959.72
1544726959.8
1544726959.88
1544726959.96
1544726960.04
1544726960.12
1544726960.2
1544726960.27
1544726960.35
1544726960.42
1544726960.54
1544726960.65
1544726960.74
1544726960.84
1544726960.92
1544726961.01
1544726961.09
1544726961.17
1544726961.25
1544726961.37
1544726961.46
1544726961.53
1544726961.59
1544726961.66
1544726961.73
1544726961.79
1544726961.86
1544726961.93
1544726961.99
1544726962.06
1544726962.14
1544726962.23
1544726962.3
1544726962.38
1544726962.47
1544726962.56
1544726962.62
1544726962.69
1544726962.75
1544726962.83
1544726962.91
1544726963.02
1544726963.07
1544726963.19
1544726963.24
1544726963.28
1544726963.38
1544726963.46
1544726963.54
1544726963.6
1544726963.66
1544726963.72
1544726963.77
1544726963.83
1544726963.89
1544726963.96
1544726964.02
1544726964.09
1544726964.16
1544726964.22
1544726964.28
1544726964.33
1544726964.39
1544726964.44
1544726964.49
1544726964.58
1544726964.68
1544726964.77
1544726964.83
1544726964.89
1544726964.96
1544726965.08
1544726965.2
1544726965.29
1544726965.39
1544726965.44
1544726965.49
1544726965.56
1544726965.64
1544726965.72
1544726965.8
1544726965.87
1544726965.95
1544726966.02
1544726966.07
1544726966.15
1544726966.23
1544726966.31
1544726966.37
1544726966.41
1544726966.48
1544726966.56
1544726966.61
1544726966.67
1544726966.74
1544726966.83
1544726966.91
1544726966.99
1544726967.09
1544726967.15
1544726967.19
1544726967.25
1544726967.3
1544726967.4
1544726967.49
1544726967.56
1544726967.62
1544726967.67
1544726967.73
1544726967.82
1544726967.9
1544726967.97
1544726968.02
1544726968.06
1544726968.1
1544726968.19
1544726968.26
1544726968.32
1544726968.42
1544726968.47
1544726968.54
1544726968.59
1544726968.65
1544726968.69
1544726968.78
1544726968.85
1544726968.92
1544726969.03
1544726969.15
1544726969.24
1544726969.31
1544726969.38
1544726969.45
1544726969.55
1544726969.63
1544726969.71
1544726969.76
1544726969.86
1544726969.95
1544726970.03
1544726970.07
1544726970.14
1544726970.18
1544726970.29
1544726970.39
1544726970.49
1544726970.56
1544726970.64
1544726970.72
1544726970.79
1544726970.91
1544726971.02
1544726971.11
1544726971.19
1544726971.25
1544726971.32
1544726971.44
1544726971.54
1544726971.63
1544726971.73
1544726971.79
1544726971.87
1544726971.99
1544726972.04
1544726972.09
1544726972.2
1544726972.25
1544726972.29
1544726972.4
1544726972.48
1544726972.58
1544726972.7
1544726972.82
1544726972.95
1544726973.1
1544726973.24
1544726973.36
1544726973.48
1544726973.59
1544726973.69
1544726973.75
1544726973.84
1544726973.92
1544726974.0
1544726974.1
1544726974.21
1544726974.3
1544726974.4
1544726974.47
1544726974.53
1544726974.6
1544726974.68
1544726974.76
1544726974.82
1544726974.88
1544726974.98
1544726975.05
1544726975.14
1544726975.19
1544726975.28
1544726975.37
1544726975.44
1544726975.53
1544726975.6
1544726975.69
1544726975.74
1544726975.81
1544726975.89
1544726975.94
1544726976.01
1544726976.08
1544726976.15
1544726976.2
1544726976.28
1544726976.35
1544726976.39
1544726976.46
1544726976.52
1544726976.6
1544726976.7
1544726976.76
1544726976.83
1544726976.92
1544726977.0
1544726977.09
1544726977.19
1544726977.27
1544726977.36
1544726977.42
1544726977.49
1544726977.58
1544726977.66
1544726977.71
1544726977.8
1544726977.88
1544726977.97
1544726978.01
1544726978.09
1544726978.15
1544726978.18
1544726978.24
1544726978.36
1544726978.44
1544726978.53
1544726978.61
1544726978.7
1544726978.79
1544726978.92
1544726979.01
1544726979.09
1544726979.16
1544726979.24
1544726979.33
1544726979.46
1544726979.55
1544726979.7
1544726979.83
1544726979.89
1544726980.0
1544726980.13
1544726980.24
1544726980.3
1544726980.43
1544726980.49
1544726980.58
1544726980.63
1544726980.68
1544726980.8
1544726980.85
1544726980.91
1544726980.97
1544726981.06
1544726981.19
1544726981.3
1544726981.43
1544726981.54
1544726981.6
1544726981.74
1544726981.83
1544726981.9
1544726982.01
1544726982.1
1544726982.21
1544726982.28
1544726982.4
1544726982.51
1544726982.61
1544726982.7
1544726982.79
1544726982.89
1544726982.97
1544726983.05
1544726983.13
1544726983.2
1544726983.28
1544726983.36
1544726983.41
1544726983.47
1544726983.58
1544726983.68
1544726983.8
1544726983.88
1544726983.96
1544726984.07
1544726984.12
1544726984.19
1544726984.25
1544726984.32
1544726984.41
1544726984.49
1544726984.55
1544726984.64
1544726984.69
1544726984.83
1544726984.91
1544726984.99
1544726985.05
1544726985.11
1544726985.19
1544726985.26
1544726985.32
1544726985.39
1544726985.46
1544726985.53
1544726985.6
1544726985.67
1544726985.74
1544726985.8
1544726985.87
1544726985.93
1544726986.0
1544726986.05
1544726986.12
1544726986.18
1544726986.25
1544726986.31
1544726986.37
1544726986.44
1544726986.5
1544726986.57
1544726986.63
1544726986.68
1544726986.75
1544726986.8
1544726986.86
1544726986.92
1544726986.99
1544726987.09
1544726987.18
1544726987.26
1544726987.33
1544726987.43
1544726987.5
1544726987.63
1544726987.72
1544726987.79
1544726987.83
1544726987.9
1544726987.97
1544726988.04
1544726988.12
1544726988.19
1544726988.24
1544726988.29
1544726988.37
1544726988.46
1544726988.53
1544726988.63
1544726988.72
1544726988.78
1544726988.86
1544726988.93
1544726989.02
1544726989.07
1544726989.16
1544726989.26
1544726989.36
1544726989.45
1544726989.56
1544726989.61
1544726989.69
1544726989.78
1544726989.87
1544726989.94
1544726990.01
1544726990.06
1544726990.1
1544726990.2
1544726990.25
1544726990.3
1544726990.43
1544726990.53
1544726990.6
1544726990.68
1544726990.79
1544726990.87
1544726990.95
1544726991.03
1544726991.11
1544726991.2
1544726991.27
1544726991.32
1544726991.39
1544726991.44
1544726991.48
1544726991.56
1544726991.62
1544726991.67
1544726991.74
1544726991.83
1544726991.93
1544726992.02
1544726992.1
1544726992.19
1544726992.27
1544726992.34
1544726992.41
1544726992.49
1544726992.57
1544726992.63
1544726992.7
1544726992.77
1544726992.85
1544726992.91
1544726992.98
1544726993.04
1544726993.09
1544726993.14
1544726993.19
1544726993.25
1544726993.3
1544726993.36
1544726993.4
1544726993.47
1544726993.51
1544726993.56
1544726993.6
1544726993.67
1544726993.74
1544726993.82
1544726993.87
1544726993.95
1544726994.03
1544726994.11
1544726994.17
1544726994.26
1544726994.33
1544726994.39
1544726994.44
1544726994.5
1544726994.62
1544726994.68
1544726994.75
1544726994.82
1544726994.88
1544726994.96
1544726995.04
1544726995.11
1544726995.18
1544726995.26
1544726995.33
1544726995.38
1544726995.44
1544726995.52
1544726995.57
1544726995.67
1544726995.75
1544726995.82
1544726995.88
1544726995.93
1544726996.0
1544726996.04
1544726996.11
1544726996.19
1544726996.26
1544726996.33
1544726996.42
1544726996.47
1544726996.59
1544726996.66
1544726996.74
1544726996.8
1544726996.87
1544726996.94
1544726997.01
1544726997.09
1544726997.16
1544726997.23
1544726997.28
1544726997.36
1544726997.42
1544726997.51
1544726997.59
1544726997.67
1544726997.74
1544726997.8
1544726997.85
1544726997.89
1544726997.99
1544726998.06
1544726998.1
1544726998.17
1544726998.26
1544726998.33
1544726998.38
1544726998.45
1544726998.53
1544726998.61
1544726998.66
1544726998.72
1544726998.78
1544726998.84
1544726998.89
1544726998.99
1544726999.06
1544726999.1
1544726999.23
1544726999.31
1544726999.42
1544726999.5
1544726999.58
1544726999.65
1544726999.7
1544726999.77
1544726999.83
1544726999.89
1544726999.97
1544727000.03
1544727000.09
1544727000.16
1544727000.22
1544727000.29
1544727000.34
1544727000.4
1544727000.47
1544727000.54
1544727000.6
1544727000.67
1544727000.72
1544727000.78
1544727000.85
1544727000.89
1544727000.97
1544727001.06
1544727001.13
1544727001.23
1544727001.29
1544727001.39
1544727001.45
1544727001.55
1544727001.63
1544727001.76
1544727001.84
1544727001.9
1544727002.0
1544727002.11
1544727002.2
1544727002.33
1544727002.44
1544727002.51
1544727002.6
1544727002.68
1544727002.76
1544727002.83
1544727002.87
1544727002.94
1544727003.03
1544727003.15
1544727003.21
1544727003.29
1544727003.39
1544727003.47
1544727003.54
1544727003.63
1544727003.71
1544727003.79
1544727003.86
1544727003.95
1544727004.02
1544727004.1
1544727004.16
1544727004.24
1544727004.32
1544727004.4
1544727004.48
1544727004.55
1544727004.63
1544727004.7
1544727004.77
1544727004.86
1544727004.93
1544727005.0
1544727005.07
1544727005.16
1544727005.22
1544727005.3
1544727005.37
1544727005.45
1544727005.51
1544727005.61
1544727005.68
1544727005.76
1544727005.83
1544727005.89
1544727005.97
1544727006.05
1544727006.14
1544727006.2
1544727006.27
1544727006.32
1544727006.41
1544727006.49
1544727006.58
1544727006.67
1544727006.76
1544727006.86
1544727006.95
1544727007.1
1544727007.18
1544727007.25
1544727007.33
1544727007.4
1544727007.49
1544727007.56
1544727007.63
1544727007.69
1544727007.74
1544727007.78
1544727007.85
1544727007.93
1544727007.99
1544727008.07
1544727008.13
1544727008.19
1544727008.25
1544727008.31
1544727008.37
1544727008.43
1544727008.52
1544727008.57
1544727008.61
1544727008.68
1544727008.73
1544727008.77
1544727008.84
1544727008.93
1544727009.02
1544727009.07
1544727009.14
1544727009.21
1544727009.3
1544727009.4
1544727009.46
1544727009.53
1544727009.61
1544727009.68
1544727009.75
1544727009.82
1544727009.88
1544727009.97
1544727010.03
1544727010.11
1544727010.16
1544727010.27
1544727010.36
1544727010.49
1544727010.56
1544727010.66
1544727010.72
1544727010.79
1544727010.92
1544727011.0
1544727011.1
1544727011.18
1544727011.33
1544727011.44
1544727011.54
1544727011.59
1544727011.66
1544727011.73
1544727011.77
1544727011.82
1544727011.88
1544727012.03
1544727012.16
1544727012.27
1544727012.34
1544727012.41
1544727012.46
1544727012.52
1544727012.57
1544727012.63
1544727012.69
1544727012.75
1544727012.8
1544727012.86
1544727012.93
1544727012.99
1544727013.06
1544727013.12
1544727013.17
1544727013.23
1544727013.3
1544727013.36
1544727013.42
1544727013.48
1544727013.54
1544727013.59
1544727013.63
1544727013.7
1544727013.75
1544727013.79
1544727013.88
1544727013.94
1544727014.02
1544727014.09
1544727014.17
1544727014.26
1544727014.35
1544727014.45
1544727014.51
1544727014.57
1544727014.63
1544727014.67
1544727014.77
1544727014.88
1544727014.96
1544727015.01
1544727015.12
1544727015.18
1544727015.27
1544727015.39
1544727015.49
1544727015.6
1544727015.72
1544727015.83
1544727015.91
1544727016.0
1544727016.07
1544727016.14
1544727016.19
1544727016.26
1544727016.33
1544727016.39
1544727016.45
1544727016.51
1544727016.57
1544727016.62
1544727016.67
1544727016.73
1544727016.77
1544727016.82
1544727016.91
1544727016.97
1544727017.02
1544727017.06
1544727017.11
1544727017.18
1544727017.25
1544727017.32
1544727017.38
1544727017.45
1544727017.53
1544727017.59
1544727017.65
1544727017.7
1544727017.76
1544727017.84
1544727017.88
1544727017.96
1544727018.03
1544727018.11
1544727018.17
1544727018.23
1544727018.29
1544727018.39
1544727018.49
1544727018.54
1544727018.61
1544727018.68
1544727018.75
1544727018.8
1544727018.88
1544727018.94
1544727019.0
1544727019.07
1544727019.13
1544727019.2
1544727019.26
1544727019.29
1544727019.38
1544727019.46
1544727019.53
1544727019.59
1544727019.66
1544727019.76
1544727019.83
1544727019.92
1544727020.0
1544727020.09
1544727020.18
1544727020.27
1544727020.33
1544727020.41
1544727020.47
1544727020.52
1544727020.61
1544727020.7
1544727020.77
1544727020.84
1544727020.93
1544727021.01
1544727021.09
1544727021.16
1544727021.23
1544727021.31
1544727021.39
1544727021.46
1544727021.56
1544727021.64
1544727021.69
1544727021.77
1544727021.86
1544727021.92
1544727021.99
1544727022.07
1544727022.13
1544727022.2
1544727022.27
1544727022.33
1544727022.42
1544727022.47
1544727022.54
1544727022.59
1544727022.66
1544727022.74
1544727022.8
1544727022.86
1544727022.94
1544727022.99
1544727023.06
1544727023.15
1544727023.23
1544727023.31
1544727023.38
1544727023.43
1544727023.48
1544727023.58
1544727023.66
1544727023.73
1544727023.81
1544727023.89
1544727023.97
1544727024.05
1544727024.11
1544727024.2
1544727024.27
1544727024.35
1544727024.42
1544727024.5
1544727024.57
1544727024.65
1544727024.71
1544727024.79
1544727024.86
1544727024.95
1544727024.99
1544727025.04
1544727025.1
1544727025.17
1544727025.25
1544727025.34
1544727025.39
1544727025.49
1544727025.56
1544727025.63
1544727025.7
1544727025.78
1544727025.85
1544727025.94
1544727025.99
1544727026.08
1544727026.16
1544727026.23
1544727026.33
1544727026.42
1544727026.54
1544727026.58
1544727026.67
1544727026.76
1544727026.83
1544727026.9
1544727026.97
1544727027.03
1544727027.11
1544727027.19
1544727027.28
1544727027.35
1544727027.42
1544727027.5
1544727027.59
1544727027.66
1544727027.71
1544727027.82
1544727027.87
1544727027.94
1544727028.01
1544727028.11
1544727028.18
1544727028.25
1544727028.32
1544727028.4
1544727028.48
1544727028.54
1544727028.61
1544727028.69
1544727028.76
1544727028.84
1544727028.92
1544727028.99
1544727029.06
1544727029.14
1544727029.19
1544727029.26
1544727029.36
1544727029.45
1544727029.54
1544727029.65
1544727029.73
1544727029.8
1544727029.87
1544727029.94
1544727030.0
1544727030.07
1544727030.12
1544727030.17
1544727030.24
1544727030.32
1544727030.39
1544727030.45
1544727030.51
1544727030.57
1544727030.63
1544727030.71
1544727030.78
1544727030.85
1544727030.91
1544727030.98
1544727031.05
1544727031.11
1544727031.18
1544727031.25
1544727031.32
1544727031.38
1544727031.46
1544727031.52
1544727031.58
1544727031.64
1544727031.68
1544727031.76
1544727031.81
1544727031.91
1544727031.96
1544727032.0
1544727032.08
1544727032.16
1544727032.21
1544727032.3
1544727032.37
1544727032.43
1544727032.48
1544727032.56
1544727032.63
1544727032.69
1544727032.75
1544727032.8
1544727032.85
1544727032.89
1544727032.97
1544727033.03
1544727033.11
1544727033.17
1544727033.21
1544727033.28
1544727033.35
1544727033.39
1544727033.47
1544727033.53
1544727033.57
1544727033.66
1544727033.75
1544727033.83
1544727033.93
1544727034.0
1544727034.13
1544727034.19
1544727034.27
1544727034.34
1544727034.41
1544727034.5
1544727034.57
1544727034.63
1544727034.71
1544727034.77
1544727034.84
1544727034.92
1544727034.98
1544727035.06
1544727035.12
1544727035.18
1544727035.26
1544727035.33
1544727035.39
1544727035.47
1544727035.54
1544727035.6
1544727035.68
1544727035.76
1544727035.83
1544727035.92
1544727035.97
1544727036.06
1544727036.18
1544727036.28
1544727036.35
1544727036.43
1544727036.5
1544727036.6
1544727036.69
1544727036.76
1544727036.82
1544727036.88
1544727036.96
1544727037.03
1544727037.1
1544727037.17
1544727037.25
1544727037.35
1544727037.45
1544727037.52
1544727037.6
1544727037.67
1544727037.73
1544727037.79
1544727037.85
1544727037.91
1544727037.99
1544727038.15
1544727038.23
1544727038.3
1544727038.39
1544727038.55
1544727038.66
1544727038.79
1544727038.93
1544727038.99
1544727039.05
1544727039.1
1544727039.17
1544727039.26
1544727039.33
1544727039.4
1544727039.45
1544727039.52
1544727039.59
1544727039.68
1544727039.74
1544727039.8
1544727039.91
1544727039.98
1544727040.08
1544727040.16
1544727040.22
1544727040.31
1544727040.39
1544727040.46
1544727040.53
1544727040.59
1544727040.64
1544727040.68
1544727040.8
1544727040.88
1544727040.96
1544727041.04
1544727041.09
1544727041.18
1544727041.25
1544727041.32
1544727041.38
1544727041.46
1544727041.53
1544727041.59
1544727041.68
1544727041.8
1544727041.87
1544727041.96
1544727042.02
1544727042.1
1544727042.17
1544727042.26
1544727042.34
1544727042.42
1544727042.5
1544727042.57
1544727042.64
1544727042.71
1544727042.77
1544727042.85
1544727042.9
1544727043.03
1544727043.1
1544727043.15
1544727043.22
1544727043.29
1544727043.35
1544727043.42
1544727043.5
1544727043.56
1544727043.63
1544727043.7
1544727043.77
1544727043.85
1544727043.92
1544727044.02
1544727044.09
1544727044.16
1544727044.27
1544727044.35
1544727044.43
1544727044.49
1544727044.57
1544727044.64
1544727044.72
1544727044.8
1544727044.87
1544727044.94
1544727045.02
1544727045.13
1544727045.23
1544727045.31
1544727045.39
1544727045.47
1544727045.54
1544727045.62
1544727045.71
1544727045.78
1544727045.87
1544727045.93
1544727046.03
1544727046.1
1544727046.18
1544727046.25
1544727046.33
1544727046.39
1544727046.48
1544727046.55
1544727046.6
1544727046.67
1544727046.73
1544727046.8
1544727046.86
1544727046.92
1544727046.99
1544727047.1
1544727047.18
1544727047.31
1544727047.39
1544727047.46
1544727047.52
1544727047.57
1544727047.64
1544727047.72
1544727047.78
1544727047.92
1544727047.99
1544727048.09
1544727048.15
1544727048.23
1544727048.31
1544727048.39
1544727048.45
1544727048.52
1544727048.58
1544727048.65
1544727048.72
1544727048.79
1544727048.88
1544727048.96
1544727049.03
1544727049.11
1544727049.19
1544727049.25
1544727049.31
1544727049.38
1544727049.43
1544727049.52
1544727049.59
1544727049.67
1544727049.75
1544727049.82
1544727049.88
1544727049.94
1544727049.99
1544727050.08
1544727050.16
1544727050.24
1544727050.28
1544727050.36
1544727050.45
1544727050.52
1544727050.6
1544727050.68
1544727050.77
1544727050.84
1544727050.91
1544727050.97
1544727051.07
1544727051.14
1544727051.21
1544727051.28
1544727051.34
1544727051.44
1544727051.53
1544727051.61
1544727051.71
1544727051.78
1544727051.87
1544727051.95
1544727052.03
1544727052.11
1544727052.19
1544727052.26
1544727052.34
1544727052.41
1544727052.47
1544727052.54
1544727052.59
1544727052.72
1544727052.79
1544727052.87
1544727052.94
1544727053.01
1544727053.09
1544727053.17
1544727053.2
1544727053.27
1544727053.37
1544727053.44
1544727053.51
1544727053.59
1544727053.67
1544727053.74
1544727053.79
1544727053.88
1544727053.96
1544727054.02
1544727054.09
1544727054.17
1544727054.24
1544727054.32
1544727054.38
1544727054.46
1544727054.53
1544727054.59
1544727054.66
1544727054.73
1544727054.78
1544727054.85
1544727054.92
1544727054.98
1544727055.04
1544727055.1
1544727055.17
1544727055.23
1544727055.29
1544727055.34
1544727055.41
1544727055.46
1544727055.5
1544727055.54
1544727055.58
1544727055.66
1544727055.73
1544727055.79
1544727055.85
1544727055.91
1544727056.01
1544727056.09
1544727056.18
1544727056.26
1544727056.37
1544727056.45
1544727056.52
1544727056.58
1544727056.64
1544727056.67
1544727056.72
1544727056.8
1544727056.86
1544727056.95
1544727057.04
1544727057.14
1544727057.2
1544727057.27
1544727057.38
1544727057.46
1544727057.54
1544727057.62
1544727057.69
1544727057.77
1544727057.84
1544727057.9
1544727057.97
1544727058.03
1544727058.1
1544727058.2
1544727058.3
1544727058.39
1544727058.46
1544727058.53
1544727058.57
1544727058.62
1544727058.73
1544727058.87
1544727058.96
1544727059.11
1544727059.22
1544727059.32
1544727059.42
1544727059.51
1544727059.6
1544727059.67
1544727059.76
1544727059.83
1544727059.9
1544727059.98
1544727060.04
1544727060.16
1544727060.23
1544727060.31
1544727060.44
1544727060.54
1544727060.62
1544727060.68
1544727060.77
1544727060.86
1544727060.93
1544727061.0
1544727061.11
1544727061.2
1544727061.27
1544727061.34
1544727061.43
1544727061.52
1544727061.59
1544727061.66
1544727061.74
1544727061.8
1544727061.87
1544727062.03
1544727062.14
1544727062.22
1544727062.28
1544727062.34
1544727062.4
1544727062.51
1544727062.61
1544727062.67
1544727062.74
1544727062.8
1544727062.87
1544727062.95
1544727063.02
1544727063.08
1544727063.17
1544727063.25
1544727063.32
1544727063.44
1544727063.52
1544727063.59
1544727063.66
1544727063.72
1544727063.79
1544727063.84
1544727063.9
1544727063.97
1544727064.04
1544727064.08
1544727064.15
1544727064.21
1544727064.29
1544727064.42
1544727064.52
1544727064.63
1544727064.7
1544727064.8
1544727064.87
1544727064.96
1544727065.04
1544727065.13
1544727065.24
1544727065.31
1544727065.45
1544727065.52
1544727065.62
1544727065.68
1544727065.74
1544727065.82
1544727065.89
1544727065.97
1544727066.07
1544727066.19
1544727066.28
1544727066.38
1544727066.44
1544727066.6
1544727066.75
1544727066.87
1544727067.0
1544727067.09
1544727067.16
1544727067.23
1544727067.29
1544727067.42
1544727067.53
1544727067.61
1544727067.69
1544727067.78
1544727067.88
1544727068.01
1544727068.12
1544727068.21
1544727068.3
1544727068.4
1544727068.47
1544727068.55
1544727068.62
1544727068.67
1544727068.74
1544727068.83
1544727068.89
1544727068.98
1544727069.06
1544727069.13
1544727069.19
1544727069.26
1544727069.32
1544727069.39
1544727069.44
1544727069.53
1544727069.62
1544727069.69
1544727069.77
1544727069.85
1544727069.9
1544727069.98
1544727070.04
1544727070.1
1544727070.18
1544727070.25
1544727070.31
1544727070.38
1544727070.45
1544727070.52
1544727070.59
1544727070.67
1544727070.73
1544727070.8
1544727070.86
1544727070.95
1544727071.02
1544727071.1
1544727071.19
1544727071.26
1544727071.33
1544727071.42
1544727071.48
1544727071.55
1544727071.64
1544727071.73
1544727071.81
1544727071.88
1544727071.94
1544727072.03
1544727072.1
1544727072.17
1544727072.25
1544727072.32
1544727072.4
1544727072.46
1544727072.55
1544727072.61
1544727072.67
1544727072.76
1544727072.82
1544727072.9
1544727072.96
1544727073.01
1544727073.07
1544727073.13
1544727073.19
1544727073.26
1544727073.33
1544727073.39
1544727073.45
1544727073.51
1544727073.58
1544727073.65
1544727073.7
1544727073.77
1544727073.83
1544727073.9
1544727073.99
1544727074.06
1544727074.12
1544727074.19
1544727074.25
1544727074.33
1544727074.41
1544727074.49
1544727074.56
1544727074.64
1544727074.72
1544727074.8
1544727074.88
1544727074.97
1544727075.04
1544727075.13
1544727075.2
1544727075.27
1544727075.34
1544727075.41
1544727075.46
1544727075.53
1544727075.62
1544727075.68
1544727075.77
1544727075.86
1544727075.91
1544727076.01
1544727076.06
1544727076.14
1544727076.22
1544727076.29
1544727076.36
1544727076.43
1544727076.5
1544727076.58
1544727076.68
1544727076.78
1544727076.85
1544727076.93
1544727077.04
1544727077.12
1544727077.18
1544727077.25
1544727077.31
1544727077.4
1544727077.45
1544727077.49
1544727077.56
1544727077.62
1544727077.68
1544727077.74
1544727077.79
1544727077.85
1544727077.9
1544727077.97
1544727078.03
1544727078.09
1544727078.14
1544727078.19
1544727078.25
1544727078.3
1544727078.35
1544727078.4
1544727078.46
1544727078.51
1544727078.57
1544727078.62
1544727078.66
1544727078.72
1544727078.77
1544727078.83
1544727078.87
1544727078.93
1544727078.98
1544727079.02
1544727079.06
1544727079.09
1544727079.17
1544727079.26
1544727079.33
1544727079.41
1544727079.49
1544727079.56
1544727079.62
1544727079.67
1544727079.73
1544727079.8
1544727079.89
1544727079.97
1544727080.07
1544727080.13
1544727080.2
1544727080.27
1544727080.38
1544727080.47
1544727080.6
1544727080.73
1544727080.81
1544727080.94
1544727081.0
1544727081.12
1544727081.2
1544727081.29
1544727081.35
1544727081.44
1544727081.5
1544727081.55
1544727081.65
1544727081.71
1544727081.81
1544727081.9
1544727081.97
1544727082.04
1544727082.1
1544727082.21
1544727082.32
1544727082.4
1544727082.54
1544727082.68
1544727082.77
1544727082.86
1544727082.94
1544727083.02
1544727083.07
1544727083.14
1544727083.25
1544727083.36
1544727083.45
1544727083.58
1544727083.64
1544727083.71
1544727083.78
1544727083.86
1544727083.94
1544727084.03
1544727084.08
1544727084.22
1544727084.34
1544727084.42
1544727084.48
1544727084.61
1544727084.69
1544727084.8
1544727084.87
1544727084.96
1544727085.05
1544727085.11
1544727085.21
1544727085.28
1544727085.38
1544727085.49
1544727085.58
1544727085.67
1544727085.76
1544727085.83
1544727085.89
1544727086.0
1544727086.06
1544727086.13
1544727086.22
1544727086.28
1544727086.37
1544727086.47
1544727086.57
1544727086.66
1544727086.76
1544727086.83
1544727086.91
1544727086.98
1544727087.05
1544727087.12
1544727087.18
1544727087.25
1544727087.31
1544727087.39
1544727087.46
1544727087.53
1544727087.6
1544727087.74
1544727087.88
1544727087.99
1544727088.09
1544727088.17
1544727088.25
1544727088.31
1544727088.38
1544727088.45
1544727088.52
1544727088.58
1544727088.65
1544727088.72
1544727088.79
1544727088.87
1544727088.93
1544727089.03
1544727089.12
1544727089.22
1544727089.3
1544727089.42
1544727089.54
1544727089.63
1544727089.71
1544727089.8
1544727089.9
1544727089.98
1544727090.07
1544727090.15
1544727090.22
1544727090.29
1544727090.36
1544727090.46
1544727090.56
1544727090.65
1544727090.72
1544727090.76
1544727090.81
1544727090.91
1544727090.98
1544727091.08
1544727091.15
1544727091.2
1544727091.3
1544727091.41
1544727091.52
1544727091.62
1544727091.69
1544727091.77
1544727091.86
1544727091.94
1544727092.0
1544727092.08
1544727092.17
1544727092.24
1544727092.34
1544727092.43
1544727092.5
1544727092.56
1544727092.68
1544727092.75
1544727092.86
1544727093.02
1544727093.1
1544727093.24
1544727093.29
1544727093.39
1544727093.46
1544727093.55
1544727093.62
1544727093.68
1544727093.77
1544727093.85
1544727093.94
1544727094.02
1544727094.1
1544727094.16
1544727094.24
1544727094.32
1544727094.41
1544727094.48
1544727094.58
1544727094.69
1544727094.84
1544727094.97
1544727095.04
1544727095.12
1544727095.18
1544727095.28
1544727095.38
1544727095.45
1544727095.52
1544727095.59
1544727095.66
1544727095.78
1544727095.9
1544727096.02
1544727096.13
1544727096.26
1544727096.35
1544727096.43
1544727096.49
1544727096.58
1544727096.67
1544727096.74
1544727096.84
1544727096.93
1544727097.01
1544727097.08
1544727097.16
1544727097.24
1544727097.29
1544727097.4
1544727097.47
1544727097.58
1544727097.67
1544727097.82
1544727097.91
1544727098.02
1544727098.11
1544727098.2
1544727098.25
1544727098.31
1544727098.39
1544727098.46
1544727098.56
1544727098.66
1544727098.75
1544727098.84
1544727098.92
1544727099.0
1544727099.08
1544727099.14
1544727099.18
1544727099.27
1544727099.33
1544727099.4
1544727099.47
1544727099.56
1544727099.63
1544727099.7
1544727099.81
1544727099.87
1544727099.99
1544727100.05
1544727100.12
1544727100.17
1544727100.23
1544727100.3
1544727100.35
1544727100.4
1544727100.47
1544727100.52
1544727100.58
1544727100.66
1544727100.77
1544727100.84
1544727100.92
1544727101.04
1544727101.11
1544727101.18
1544727101.24
1544727101.31
1544727101.38
1544727101.44
1544727101.5
1544727101.58
1544727101.64
1544727101.7
1544727101.77
1544727101.82
1544727101.91
1544727101.98
1544727102.03
1544727102.1
1544727102.17
1544727102.23
1544727102.3
1544727102.37
1544727102.44
1544727102.5
1544727102.57
1544727102.64
1544727102.7
1544727102.76
1544727102.82
1544727102.88
1544727102.95
1544727103.02
1544727103.08
1544727103.14
1544727103.18
1544727103.25
1544727103.33
1544727103.41
1544727103.48
1544727103.56
1544727103.62
1544727103.69
1544727103.78
1544727103.91
1544727104.02
1544727104.11
1544727104.2
1544727104.3
1544727104.43
