1544825457.29
1544825457.95
1544825458.03
1544825458.11
1544825458.19
1544825458.29
1544825458.39
1544825458.45
1544825458.53
1544825458.62
1544825458.71
1544825458.8
1544825458.88
1544825458.97
1544825459.02
1544825459.08
1544825459.17
1544825459.25
1544825459.35
1544825459.44
1544825459.53
1544825459.61
1544825459.69
1544825459.77
1544825459.85
1544825459.95
1544825460.05
1544825460.16
1544825460.22
1544825460.29
1544825460.36
1544825460.43
1544825460.5
1544825460.54
1544825460.59
1544825460.7
1544825460.78
1544825460.88
1544825460.95
1544825461.04
1544825461.12
1544825461.21
1544825461.3
1544825461.4
1544825461.52
1544825461.63
1544825461.73
1544825461.84
1544825461.94
1544825462.03
1544825462.12
1544825462.19
1544825462.28
1544825462.38
1544825462.48
1544825462.55
1544825462.62
1544825462.69
1544825462.76
1544825462.83
1544825462.89
1544825462.96
1544825463.03
1544825463.11
1544825463.21
1544825463.31
1544825463.39
1544825463.49
1544825463.57
1544825463.64
1544825463.72
1544825463.78
1544825463.85
1544825463.95
1544825464.05
1544825464.16
1544825464.26
1544825464.39
1544825464.49
1544825464.59
1544825464.69
1544825464.77
1544825464.85
1544825464.93
1544825465.01
1544825465.09
1544825465.16
1544825465.25
1544825465.33
1544825465.42
1544825465.5
1544825465.59
1544825465.66
1544825465.73
1544825465.82
1544825465.9
1544825465.98
1544825466.07
1544825466.12
1544825466.21
1544825466.3
1544825466.37
1544825466.43
1544825466.49
1544825466.55
1544825466.61
1544825466.68
1544825466.75
1544825466.81
1544825466.9
1544825466.97
1544825467.05
1544825467.12
1544825467.2
1544825467.29
1544825467.38
1544825467.45
1544825467.54
1544825467.62
1544825467.71
1544825467.77
1544825467.83
1544825467.91
1544825468.01
1544825468.09
1544825468.16
1544825468.22
1544825468.28
1544825468.39
1544825468.47
1544825468.59
1544825468.67
1544825468.76
1544825468.82
1544825468.88
1544825468.94
1544825469.01
1544825469.08
1544825469.14
1544825469.2
1544825469.26
1544825469.32
1544825469.38
1544825469.43
1544825469.52
1544825469.59
1544825469.64
1544825469.7
1544825469.76
1544825469.82
1544825469.89
1544825469.97
1544825470.03
1544825470.1
1544825470.15
1544825470.22
1544825470.29
1544825470.34
1544825470.4
1544825470.47
1544825470.54
1544825470.6
1544825470.67
1544825470.73
1544825470.8
1544825470.87
1544825470.93
1544825471.0
1544825471.07
1544825471.15
1544825471.21
1544825471.3
1544825471.38
1544825471.46
1544825471.53
1544825471.61
1544825471.7
1544825471.79
1544825471.86
1544825471.95
1544825472.04
1544825472.12
1544825472.18
1544825472.25
1544825472.32
1544825472.41
1544825472.52
1544825472.59
1544825472.66
1544825472.73
1544825472.8
1544825472.86
1544825472.92
1544825472.98
1544825473.05
1544825473.12
1544825473.2
1544825473.29
1544825473.37
1544825473.43
1544825473.49
1544825473.54
1544825473.61
1544825473.67
1544825473.75
1544825473.81
1544825473.84
1544825473.92
1544825473.97
1544825474.0
1544825474.04
1544825474.11
1544825474.17
1544825474.2
1544825474.24
1544825474.29
1544825474.34
1544825474.39
1544825474.42
1544825474.47
1544825474.51
1544825474.55
1544825474.59
1544825474.64
1544825474.69
1544825474.75
1544825474.78
1544825474.82
1544825474.85
1544825474.9
1544825474.94
1544825474.99
1544825475.03
1544825475.08
1544825475.13
1544825475.18
1544825475.22
1544825475.27
1544825475.32
1544825475.37
1544825475.41
1544825475.48
1544825475.55
1544825475.59
1544825475.63
1544825475.67
1544825475.74
1544825475.79
1544825475.83
1544825475.9
1544825475.95
1544825475.99
1544825476.02
1544825476.08
1544825476.15
1544825476.18
1544825476.22
1544825476.31
1544825476.38
1544825476.42
1544825476.47
1544825476.52
1544825476.57
1544825476.6
1544825476.64
1544825476.68
1544825476.72
1544825476.77
1544825476.81
1544825476.86
1544825476.9
1544825476.94
1544825476.99
1544825477.02
1544825477.1
1544825477.17
1544825477.2
1544825477.24
1544825477.29
1544825477.32
1544825477.37
1544825477.41
1544825477.45
1544825477.48
1544825477.54
1544825477.59
1544825477.62
1544825477.68
1544825477.75
1544825477.79
1544825477.82
1544825477.86
1544825477.93
1544825477.97
1544825478.0
1544825478.03
1544825478.08
1544825478.13
1544825478.18
1544825478.22
1544825478.26
1544825478.32
1544825478.36
1544825478.41
1544825478.44
1544825478.49
1544825478.53
1544825478.58
1544825478.61
1544825478.66
1544825478.7
1544825478.76
1544825478.79
1544825478.84
1544825478.9
1544825478.96
1544825479.0
1544825479.04
1544825479.1
1544825479.16
1544825479.19
1544825479.23
1544825479.29
1544825479.37
1544825479.41
1544825479.45
1544825479.51
1544825479.58
1544825479.61
1544825479.67
1544825479.73
1544825479.78
1544825479.81
1544825479.86
1544825479.91
1544825479.95
1544825479.99
1544825480.02
1544825480.06
1544825480.11
1544825480.17
1544825480.2
1544825480.24
1544825480.28
1544825480.32
1544825480.36
1544825480.4
1544825480.44
1544825480.48
1544825480.53
1544825480.56
1544825480.61
1544825480.67
1544825480.71
1544825480.75
1544825480.79
1544825480.84
1544825480.91
1544825480.96
1544825481.01
1544825481.06
1544825481.11
1544825481.16
1544825481.2
1544825481.26
1544825481.32
1544825481.38
1544825481.41
1544825481.45
1544825481.5
1544825481.53
1544825481.58
1544825481.61
1544825481.65
1544825481.68
1544825481.73
1544825481.77
1544825481.81
1544825481.84
1544825481.91
1544825481.97
1544825482.01
1544825482.05
1544825482.11
1544825482.17
1544825482.21
1544825482.23
1544825482.3
1544825482.35
1544825482.39
1544825482.43
1544825482.47
1544825482.54
1544825482.6
1544825482.66
1544825482.71
1544825482.76
1544825482.8
1544825482.84
1544825482.89
1544825482.95
1544825482.98
1544825483.02
1544825483.09
1544825483.14
1544825483.18
1544825483.22
1544825483.26
1544825483.3
1544825483.35
1544825483.39
1544825483.43
1544825483.49
1544825483.55
1544825483.59
1544825483.63
1544825483.71
1544825483.77
1544825483.81
1544825483.87
1544825483.93
1544825483.97
1544825484.02
1544825484.07
1544825484.11
1544825484.15
1544825484.2
1544825484.25
1544825484.3
1544825484.35
1544825484.41
1544825484.48
1544825484.53
1544825484.6
1544825484.65
1544825484.71
1544825484.76
1544825484.81
1544825484.86
1544825484.91
1544825484.96
1544825485.0
1544825485.04
1544825485.09
1544825485.14
1544825485.18
1544825485.21
1544825485.25
1544825485.32
1544825485.37
1544825485.41
1544825485.45
1544825485.49
1544825485.54
1544825485.58
1544825485.62
1544825485.66
1544825485.74
1544825485.78
1544825485.82
1544825485.85
1544825485.9
1544825485.94
1544825485.98
1544825486.02
1544825486.08
1544825486.13
1544825486.19
1544825486.25
1544825486.31
1544825486.37
1544825486.43
1544825486.49
1544825486.55
1544825486.6
1544825486.65
1544825486.71
1544825486.76
1544825486.82
1544825486.88
1544825486.92
1544825486.96
1544825487.0
1544825487.06
1544825487.1
1544825487.16
1544825487.21
1544825487.27
1544825487.32
1544825487.38
1544825487.44
1544825487.5
1544825487.57
1544825487.6
1544825487.64
1544825487.68
1544825487.75
1544825487.81
1544825487.88
1544825487.94
1544825488.0
1544825488.06
1544825488.11
1544825488.17
1544825488.22
1544825488.28
1544825488.33
1544825488.39
1544825488.45
1544825488.51
1544825488.58
1544825488.64
1544825488.71
1544825488.77
1544825488.82
1544825488.88
1544825488.95
1544825489.0
1544825489.06
1544825489.13
1544825489.18
1544825489.22
1544825489.28
1544825489.34
1544825489.39
1544825489.47
1544825489.54
1544825489.61
1544825489.68
1544825489.72
1544825489.78
1544825489.85
1544825489.9
1544825489.97
1544825490.02
1544825490.08
1544825490.15
1544825490.22
1544825490.28
1544825490.35
1544825490.4
1544825490.43
1544825490.49
1544825490.54
1544825490.59
1544825490.63
1544825490.68
1544825490.72
1544825490.78
1544825490.83
1544825490.87
1544825490.91
1544825490.96
1544825491.02
1544825491.07
1544825491.12
1544825491.18
1544825491.23
1544825491.28
1544825491.34
1544825491.4
1544825491.45
1544825491.5
1544825491.54
1544825491.6
1544825491.67
1544825491.72
1544825491.79
1544825491.84
1544825491.9
1544825491.96
1544825492.02
1544825492.08
1544825492.14
1544825492.2
1544825492.26
1544825492.32
1544825492.4
1544825492.47
1544825492.52
1544825492.59
1544825492.65
1544825492.7
1544825492.75
1544825492.8
1544825492.85
1544825492.9
1544825492.96
1544825493.02
1544825493.08
1544825493.13
1544825493.19
1544825493.25
1544825493.31
1544825493.37
1544825493.43
1544825493.5
1544825493.56
1544825493.6
1544825493.65
1544825493.7
1544825493.75
1544825493.8
1544825493.86
1544825493.9
1544825493.96
1544825494.01
1544825494.07
1544825494.12
1544825494.18
1544825494.24
1544825494.29
1544825494.34
1544825494.41
1544825494.47
1544825494.5
1544825494.53
1544825494.6
1544825494.65
1544825494.69
1544825494.73
1544825494.81
1544825494.87
1544825494.9
1544825494.93
1544825494.98
1544825495.03
1544825495.08
1544825495.11
1544825495.16
1544825495.21
1544825495.26
1544825495.3
1544825495.34
1544825495.39
1544825495.44
1544825495.49
1544825495.53
1544825495.58
1544825495.65
1544825495.69
1544825495.72
1544825495.79
1544825495.85
1544825495.89
1544825495.93
1544825495.98
1544825496.02
1544825496.07
1544825496.1
1544825496.14
1544825496.19
1544825496.23
1544825496.27
1544825496.3
1544825496.34
1544825496.41
1544825496.46
1544825496.5
1544825496.54
1544825496.6
1544825496.65
1544825496.68
1544825496.72
1544825496.75
1544825496.85
1544825496.9
1544825496.93
1544825496.98
1544825497.02
1544825497.07
1544825497.11
1544825497.16
1544825497.21
1544825497.27
1544825497.32
1544825497.37
1544825497.43
1544825497.49
1544825497.55
1544825497.62
1544825497.68
1544825497.76
1544825497.82
1544825497.87
1544825497.92
1544825497.99
1544825498.04
1544825498.1
1544825498.18
1544825498.25
1544825498.3
1544825498.34
1544825498.39
1544825498.44
1544825498.48
1544825498.51
1544825498.55
1544825498.6
1544825498.65
1544825498.7
1544825498.75
1544825498.83
1544825498.88
1544825498.93
1544825498.99
1544825499.07
1544825499.11
1544825499.17
1544825499.22
1544825499.28
1544825499.32
1544825499.4
1544825499.45
1544825499.48
1544825499.52
1544825499.55
1544825499.6
1544825499.66
1544825499.71
1544825499.77
1544825499.83
1544825499.87
1544825499.91
1544825499.95
1544825499.99
1544825500.02
1544825500.06
1544825500.1
1544825500.14
1544825500.18
1544825500.26
1544825500.3
1544825500.34
1544825500.38
1544825500.44
1544825500.48
1544825500.51
1544825500.58
1544825500.64
1544825500.69
1544825500.72
1544825500.78
1544825500.84
1544825500.89
1544825500.92
1544825500.97
1544825501.03
1544825501.07
1544825501.11
1544825501.16
1544825501.2
1544825501.23
1544825501.27
1544825501.31
1544825501.36
1544825501.4
1544825501.44
1544825501.48
1544825501.51
1544825501.56
1544825501.61
1544825501.66
1544825501.7
1544825501.73
1544825501.81
1544825501.86
1544825501.9
1544825501.93
1544825502.0
1544825502.06
1544825502.11
1544825502.16
1544825502.23
1544825502.28
1544825502.32
1544825502.37
1544825502.41
1544825502.47
1544825502.5
1544825502.54
1544825502.59
1544825502.64
1544825502.68
1544825502.73
1544825502.77
1544825502.83
1544825502.88
1544825502.91
1544825502.95
1544825502.99
1544825503.04
1544825503.08
1544825503.11
1544825503.17
1544825503.22
1544825503.26
1544825503.3
1544825503.33
1544825503.4
1544825503.46
1544825503.5
1544825503.55
1544825503.62
1544825503.67
1544825503.7
1544825503.75
1544825503.8
1544825503.85
1544825503.9
1544825503.93
1544825503.98
1544825504.02
1544825504.06
1544825504.1
1544825504.16
1544825504.23
1544825504.27
1544825504.31
1544825504.35
1544825504.42
1544825504.48
1544825504.51
1544825504.57
1544825504.63
1544825504.69
1544825504.72
1544825504.76
1544825504.8
1544825504.85
1544825504.89
1544825504.92
1544825504.97
1544825505.02
1544825505.05
1544825505.1
1544825505.16
1544825505.22
1544825505.26
1544825505.29
1544825505.33
1544825505.38
1544825505.43
1544825505.48
1544825505.52
1544825505.58
1544825505.64
1544825505.68
1544825505.71
1544825505.77
1544825505.84
1544825505.88
1544825505.92
1544825505.97
1544825506.02
1544825506.07
1544825506.1
1544825506.15
1544825506.2
1544825506.26
1544825506.32
1544825506.38
1544825506.43
1544825506.49
1544825506.55
1544825506.61
1544825506.65
1544825506.7
1544825506.76
1544825506.81
1544825506.86
1544825506.91
1544825506.95
1544825506.99
1544825507.04
1544825507.1
1544825507.18
1544825507.23
1544825507.29
1544825507.32
1544825507.37
1544825507.43
1544825507.48
1544825507.52
1544825507.57
1544825507.61
1544825507.65
1544825507.7
1544825507.74
1544825507.79
1544825507.83
1544825507.88
1544825507.92
1544825507.98
1544825508.03
1544825508.08
1544825508.12
1544825508.17
1544825508.24
1544825508.3
1544825508.34
1544825508.39
1544825508.42
1544825508.47
1544825508.53
1544825508.57
1544825508.6
1544825508.64
1544825508.69
1544825508.74
1544825508.78
1544825508.82
1544825508.86
1544825508.92
1544825508.97
1544825509.0
1544825509.04
1544825509.08
1544825509.12
1544825509.17
1544825509.21
1544825509.25
1544825509.32
1544825509.37
1544825509.4
1544825509.43
1544825509.5
1544825509.57
1544825509.62
1544825509.67
1544825509.73
1544825509.77
1544825509.8
1544825509.84
1544825509.88
1544825509.91
1544825509.95
1544825510.0
1544825510.05
1544825510.1
1544825510.15
1544825510.22
1544825510.29
1544825510.36
1544825510.4
1544825510.44
1544825510.48
1544825510.52
1544825510.57
1544825510.61
1544825510.66
1544825510.71
1544825510.77
1544825510.83
1544825510.9
1544825510.99
1544825511.06
1544825511.13
1544825511.21
1544825511.3
1544825511.36
1544825511.43
1544825511.5
1544825511.56
1544825511.61
1544825511.66
1544825511.7
1544825511.76
1544825511.81
1544825511.88
1544825511.95
1544825512.0
1544825512.08
1544825512.14
1544825512.2
1544825512.27
1544825512.32
1544825512.39
1544825512.47
1544825512.51
1544825512.56
1544825512.6
1544825512.66
1544825512.7
1544825512.75
1544825512.81
1544825512.86
1544825512.9
1544825512.94
1544825512.98
1544825513.03
1544825513.07
1544825513.11
1544825513.16
1544825513.21
1544825513.27
1544825513.31
1544825513.35
1544825513.4
1544825513.48
1544825513.52
1544825513.57
1544825513.6
1544825513.64
1544825513.68
1544825513.71
1544825513.76
1544825513.81
1544825513.86
1544825513.9
1544825513.94
1544825513.99
1544825514.04
1544825514.08
1544825514.12
1544825514.18
1544825514.23
1544825514.3
1544825514.36
1544825514.41
1544825514.45
1544825514.5
1544825514.54
1544825514.61
1544825514.67
1544825514.74
1544825514.79
1544825514.83
1544825514.89
1544825514.94
1544825515.0
1544825515.07
1544825515.14
1544825515.21
1544825515.26
1544825515.31
1544825515.37
1544825515.41
1544825515.45
1544825515.52
1544825515.57
1544825515.61
1544825515.65
1544825515.69
1544825515.73
1544825515.78
1544825515.83
1544825515.88
1544825515.94
1544825515.98
1544825516.02
1544825516.08
1544825516.15
1544825516.2
1544825516.24
1544825516.29
1544825516.34
1544825516.38
1544825516.42
1544825516.46
1544825516.52
1544825516.59
1544825516.62
1544825516.66
1544825516.7
1544825516.75
1544825516.79
1544825516.83
1544825516.88
1544825516.91
1544825516.96
1544825517.0
1544825517.04
1544825517.11
1544825517.16
1544825517.2
1544825517.24
1544825517.27
1544825517.31
1544825517.37
1544825517.4
1544825517.44
1544825517.49
1544825517.55
1544825517.6
1544825517.64
1544825517.68
1544825517.74
1544825517.8
1544825517.85
1544825517.88
1544825517.91
1544825517.95
1544825517.98
1544825518.01
1544825518.06
1544825518.1
1544825518.15
1544825518.2
1544825518.23
1544825518.28
1544825518.33
1544825518.39
1544825518.43
1544825518.48
1544825518.53
1544825518.57
1544825518.61
1544825518.65
1544825518.7
1544825518.75
1544825518.8
1544825518.87
1544825518.93
1544825519.0
1544825519.06
1544825519.11
1544825519.17
1544825519.22
1544825519.28
1544825519.32
1544825519.38
1544825519.43
1544825519.48
1544825519.54
1544825519.6
1544825519.63
1544825519.69
1544825519.75
1544825519.8
1544825519.84
1544825519.88
1544825519.93
1544825519.97
1544825520.01
1544825520.08
1544825520.17
1544825520.21
1544825520.25
1544825520.31
1544825520.37
1544825520.4
1544825520.43
1544825520.48
1544825520.53
1544825520.57
1544825520.61
1544825520.64
1544825520.7
1544825520.75
1544825520.78
1544825520.82
1544825520.86
1544825520.9
1544825520.96
1544825521.0
1544825521.03
1544825521.07
1544825521.14
1544825521.18
1544825521.23
1544825521.28
1544825521.34
1544825521.39
1544825521.42
1544825521.47
1544825521.52
1544825521.57
1544825521.61
1544825521.65
1544825521.7
1544825521.75
1544825521.79
1544825521.83
1544825521.9
1544825521.95
1544825521.99
1544825522.03
1544825522.07
1544825522.12
1544825522.18
1544825522.22
1544825522.27
1544825522.33
1544825522.38
1544825522.42
1544825522.48
1544825522.55
1544825522.6
1544825522.65
1544825522.68
1544825522.73
1544825522.77
1544825522.8
1544825522.84
1544825522.88
1544825522.95
1544825523.0
1544825523.04
1544825523.09
1544825523.16
1544825523.2
1544825523.23
1544825523.28
1544825523.33
1544825523.38
1544825523.43
1544825523.49
1544825523.55
1544825523.6
1544825523.63
1544825523.68
1544825523.72
1544825523.78
1544825523.81
1544825523.85
1544825523.9
1544825523.94
1544825523.98
1544825524.04
1544825524.1
1544825524.16
1544825524.21
1544825524.28
1544825524.32
1544825524.35
1544825524.39
1544825524.42
1544825524.45
1544825524.5
1544825524.54
1544825524.58
1544825524.62
1544825524.67
1544825524.71
1544825524.76
1544825524.81
1544825524.85
1544825524.9
1544825524.94
1544825524.98
1544825525.03
1544825525.08
1544825525.12
1544825525.17
1544825525.21
1544825525.26
1544825525.32
1544825525.37
1544825525.41
1544825525.46
1544825525.51
1544825525.57
1544825525.62
1544825525.67
1544825525.71
1544825525.76
1544825525.81
1544825525.84
1544825525.9
1544825525.95
1544825525.99
1544825526.02
1544825526.07
1544825526.13
1544825526.18
1544825526.22
1544825526.27
1544825526.32
1544825526.38
1544825526.42
1544825526.46
1544825526.52
1544825526.57
1544825526.6
1544825526.63
1544825526.69
1544825526.74
1544825526.79
1544825526.82
1544825526.86
1544825526.93
1544825526.98
1544825527.01
1544825527.04
1544825527.08
1544825527.11
1544825527.17
1544825527.2
1544825527.25
1544825527.3
1544825527.34
1544825527.39
1544825527.42
1544825527.47
1544825527.52
1544825527.57
1544825527.61
1544825527.66
1544825527.7
1544825527.78
1544825527.83
1544825527.87
1544825527.93
1544825527.98
1544825528.01
1544825528.06
1544825528.1
1544825528.13
1544825528.17
1544825528.21
1544825528.28
1544825528.34
1544825528.4
1544825528.44
1544825528.49
1544825528.55
1544825528.58
1544825528.62
1544825528.67
1544825528.72
1544825528.77
1544825528.8
1544825528.84
1544825528.88
1544825528.91
1544825528.95
1544825528.99
1544825529.03
1544825529.08
1544825529.12
1544825529.2
1544825529.23
1544825529.28
1544825529.32
1544825529.36
1544825529.4
1544825529.44
1544825529.51
1544825529.57
1544825529.62
1544825529.67
1544825529.72
1544825529.77
1544825529.81
1544825529.85
1544825529.89
1544825529.94
1544825529.99
1544825530.03
1544825530.09
1544825530.15
1544825530.21
1544825530.26
1544825530.32
1544825530.39
1544825530.44
1544825530.5
1544825530.56
1544825530.61
1544825530.68
1544825530.74
1544825530.82
1544825530.91
1544825530.99
1544825531.08
1544825531.18
1544825531.27
1544825531.31
1544825531.35
1544825531.4
1544825531.44
1544825531.52
1544825531.58
1544825531.62
1544825531.66
1544825531.72
1544825531.79
1544825531.84
1544825531.89
1544825531.95
1544825532.01
1544825532.07
1544825532.15
1544825532.22
1544825532.28
1544825532.34
1544825532.42
1544825532.48
1544825532.53
1544825532.58
1544825532.64
1544825532.69
1544825532.73
1544825532.78
1544825532.85
1544825532.89
1544825532.93
1544825532.99
1544825533.04
1544825533.09
1544825533.12
1544825533.19
1544825533.24
1544825533.27
1544825533.31
1544825533.36
1544825533.41
1544825533.45
1544825533.49
1544825533.52
1544825533.57
1544825533.66
1544825533.69
1544825533.72
1544825533.78
1544825533.83
1544825533.87
1544825533.91
1544825533.96
1544825534.0
1544825534.06
1544825534.1
1544825534.14
1544825534.2
1544825534.25
1544825534.29
1544825534.33
1544825534.37
1544825534.41
1544825534.45
1544825534.5
1544825534.53
1544825534.58
1544825534.64
1544825534.69
1544825534.72
1544825534.76
1544825534.81
1544825534.86
1544825534.91
1544825534.95
1544825535.0
1544825535.05
1544825535.09
1544825535.13
1544825535.2
1544825535.25
1544825535.29
1544825535.32
1544825535.37
1544825535.43
1544825535.48
1544825535.51
1544825535.54
1544825535.6
1544825535.66
1544825535.7
1544825535.73
1544825535.78
1544825535.83
1544825535.89
1544825535.92
1544825535.99
1544825536.04
1544825536.08
1544825536.11
1544825536.15
1544825536.2
1544825536.25
1544825536.29
1544825536.33
1544825536.38
1544825536.42
1544825536.46
1544825536.5
1544825536.55
1544825536.61
1544825536.65
1544825536.7
1544825536.74
1544825536.8
1544825536.84
1544825536.88
1544825536.94
1544825537.01
1544825537.05
1544825537.09
1544825537.13
1544825537.19
1544825537.24
1544825537.29
1544825537.33
1544825537.37
1544825537.4
1544825537.44
1544825537.48
1544825537.52
1544825537.58
1544825537.63
1544825537.67
1544825537.71
1544825537.75
1544825537.8
1544825537.84
1544825537.88
1544825537.92
1544825537.98
1544825538.02
1544825538.06
1544825538.1
1544825538.15
1544825538.19
1544825538.23
1544825538.27
1544825538.31
1544825538.36
1544825538.4
1544825538.45
1544825538.5
1544825538.54
1544825538.57
1544825538.63
1544825538.68
1544825538.72
1544825538.76
1544825538.8
1544825538.85
1544825538.9
1544825538.95
1544825538.99
1544825539.03
1544825539.08
1544825539.13
1544825539.18
1544825539.23
1544825539.27
1544825539.31
1544825539.35
1544825539.4
1544825539.44
1544825539.48
1544825539.52
1544825539.56
1544825539.6
1544825539.63
1544825539.67
1544825539.71
1544825539.76
1544825539.8
1544825539.83
1544825539.87
1544825539.91
1544825539.96
1544825539.99
1544825540.03
1544825540.07
1544825540.11
1544825540.15
1544825540.19
1544825540.23
1544825540.26
1544825540.3
1544825540.34
1544825540.38
1544825540.43
1544825540.49
1544825540.55
1544825540.59
1544825540.63
1544825540.7
1544825540.76
1544825540.81
1544825540.85
1544825540.91
1544825540.96
1544825541.01
1544825541.05
1544825541.13
1544825541.18
1544825541.21
1544825541.25
1544825541.33
1544825541.38
1544825541.42
1544825541.48
1544825541.51
1544825541.57
1544825541.61
1544825541.65
1544825541.69
1544825541.73
1544825541.78
1544825541.82
1544825541.87
1544825541.91
1544825541.96
1544825542.01
1544825542.07
1544825542.1
1544825542.14
1544825542.2
1544825542.25
1544825542.3
1544825542.36
1544825542.41
1544825542.47
1544825542.53
1544825542.58
1544825542.62
1544825542.67
1544825542.74
1544825542.81
1544825542.9
1544825542.96
1544825543.02
1544825543.08
1544825543.14
1544825543.2
1544825543.26
1544825543.33
1544825543.41
1544825543.47
1544825543.54
1544825543.61
1544825543.69
1544825543.75
1544825543.8
1544825543.85
1544825543.88
1544825543.92
1544825543.98
1544825544.03
1544825544.07
1544825544.11
1544825544.15
1544825544.23
1544825544.28
1544825544.3
1544825544.34
1544825544.4
1544825544.45
1544825544.49
1544825544.54
1544825544.6
1544825544.65
1544825544.68
1544825544.73
1544825544.78
1544825544.84
1544825544.9
1544825544.94
1544825545.0
1544825545.06
1544825545.1
1544825545.17
1544825545.25
1544825545.29
1544825545.33
1544825545.39
1544825545.44
1544825545.5
1544825545.54
1544825545.61
1544825545.67
1544825545.72
1544825545.78
1544825545.83
1544825545.87
1544825545.91
1544825545.98
1544825546.05
1544825546.08
1544825546.12
1544825546.19
1544825546.24
1544825546.29
1544825546.32
1544825546.37
1544825546.46
1544825546.49
1544825546.52
1544825546.56
1544825546.63
1544825546.68
1544825546.72
1544825546.77
1544825546.83
1544825546.87
1544825546.9
1544825546.94
1544825546.99
1544825547.03
1544825547.08
1544825547.11
1544825547.17
1544825547.23
1544825547.27
1544825547.31
1544825547.38
1544825547.45
1544825547.5
1544825547.54
1544825547.6
1544825547.65
1544825547.7
1544825547.74
1544825547.79
1544825547.84
1544825547.88
1544825547.93
1544825547.98
1544825548.03
1544825548.07
1544825548.12
1544825548.18
1544825548.25
1544825548.29
1544825548.32
1544825548.38
1544825548.43
1544825548.47
1544825548.51
1544825548.54
1544825548.6
1544825548.66
1544825548.7
1544825548.73
1544825548.81
1544825548.87
1544825548.9
1544825548.94
1544825549.0
1544825549.04
1544825549.07
1544825549.1
1544825549.14
1544825549.2
1544825549.25
1544825549.3
1544825549.33
1544825549.4
1544825549.46
1544825549.51
1544825549.55
1544825549.6
1544825549.65
1544825549.69
1544825549.73
1544825549.77
1544825549.83
1544825549.9
1544825549.93
1544825550.01
1544825550.05
1544825550.09
1544825550.13
1544825550.19
1544825550.24
1544825550.29
1544825550.33
1544825550.37
1544825550.41
1544825550.45
1544825550.49
1544825550.52
1544825550.58
1544825550.64
1544825550.68
1544825550.72
1544825550.76
1544825550.81
1544825550.86
1544825550.91
1544825550.95
1544825551.01
1544825551.06
1544825551.1
1544825551.14
1544825551.21
1544825551.27
1544825551.31
1544825551.37
1544825551.43
1544825551.48
1544825551.51
1544825551.56
1544825551.63
1544825551.68
1544825551.72
1544825551.76
1544825551.82
1544825551.88
1544825551.91
1544825551.95
1544825552.01
1544825552.07
1544825552.11
1544825552.15
1544825552.21
1544825552.26
1544825552.3
1544825552.35
1544825552.41
1544825552.47
1544825552.5
1544825552.55
1544825552.6
1544825552.66
1544825552.7
1544825552.75
1544825552.84
1544825552.9
1544825552.93
1544825552.98
1544825553.04
1544825553.07
1544825553.11
1544825553.16
1544825553.24
1544825553.29
1544825553.34
1544825553.38
1544825553.44
1544825553.48
1544825553.53
1544825553.59
1544825553.64
1544825553.69
1544825553.73
1544825553.78
1544825553.85
1544825553.93
1544825553.99
1544825554.04
1544825554.09
1544825554.15
1544825554.21
1544825554.28
1544825554.34
1544825554.4
1544825554.45
1544825554.5
1544825554.56
1544825554.6
1544825554.67
1544825554.72
1544825554.78
1544825554.82
1544825554.87
1544825554.91
1544825554.97
1544825555.03
1544825555.08
1544825555.13
1544825555.19
1544825555.23
1544825555.28
1544825555.32
1544825555.39
1544825555.44
1544825555.5
1544825555.55
1544825555.6
1544825555.63
1544825555.69
1544825555.75
1544825555.82
1544825555.86
1544825555.91
1544825555.98
1544825556.04
1544825556.1
1544825556.15
1544825556.2
1544825556.25
1544825556.3
1544825556.35
1544825556.4
1544825556.45
1544825556.5
1544825556.55
1544825556.6
1544825556.66
1544825556.69
1544825556.73
1544825556.79
1544825556.85
1544825556.9
1544825556.96
1544825557.01
1544825557.07
1544825557.11
1544825557.16
1544825557.23
1544825557.3
1544825557.38
1544825557.44
1544825557.5
1544825557.58
1544825557.65
1544825557.71
1544825557.75
1544825557.8
1544825557.84
1544825557.89
1544825557.94
1544825557.98
1544825558.03
1544825558.08
1544825558.11
1544825558.16
1544825558.21
1544825558.29
1544825558.36
1544825558.4
1544825558.47
1544825558.54
1544825558.58
1544825558.62
1544825558.68
1544825558.73
1544825558.77
1544825558.81
1544825558.85
1544825558.91
1544825558.95
1544825559.0
1544825559.04
1544825559.14
1544825559.18
1544825559.22
1544825559.28
1544825559.35
1544825559.39
1544825559.43
1544825559.49
1544825559.54
1544825559.6
1544825559.65
1544825559.75
1544825559.8
1544825559.84
1544825559.89
1544825559.98
1544825560.05
1544825560.11
1544825560.2
1544825560.27
1544825560.34
1544825560.41
1544825560.47
1544825560.53
1544825560.6
1544825560.67
1544825560.73
1544825560.8
1544825560.88
1544825560.96
1544825561.04
1544825561.13
1544825561.21
1544825561.28
1544825561.35
1544825561.41
1544825561.49
1544825561.55
1544825561.64
1544825561.7
1544825561.79
1544825561.86
1544825561.93
1544825561.99
1544825562.05
1544825562.1
1544825562.14
1544825562.19
1544825562.22
1544825562.27
1544825562.3
1544825562.35
1544825562.39
1544825562.42
1544825562.49
1544825562.54
1544825562.59
1544825562.63
1544825562.7
1544825562.75
1544825562.78
1544825562.82
1544825562.9
1544825562.95
1544825562.99
1544825563.02
1544825563.09
1544825563.14
1544825563.18
1544825563.23
1544825563.28
1544825563.35
1544825563.38
1544825563.42
1544825563.49
1544825563.54
1544825563.59
1544825563.62
1544825563.66
1544825563.71
1544825563.76
1544825563.8
1544825563.84
1544825563.91
1544825563.95
1544825564.0
1544825564.04
1544825564.08
1544825564.14
1544825564.18
1544825564.23
1544825564.29
1544825564.35
1544825564.44
1544825564.53
1544825564.61
1544825564.69
1544825564.75
1544825564.81
1544825564.87
1544825564.93
1544825564.98
1544825565.03
1544825565.1
1544825565.15
1544825565.2
1544825565.25
1544825565.31
1544825565.37
1544825565.42
1544825565.5
1544825565.57
1544825565.64
1544825565.7
1544825565.76
1544825565.86
1544825565.89
1544825565.93
1544825565.97
1544825566.01
1544825566.05
1544825566.08
1544825566.13
1544825566.18
1544825566.22
1544825566.25
1544825566.3
1544825566.33
1544825566.37
1544825566.41
1544825566.47
1544825566.51
1544825566.56
1544825566.61
1544825566.65
1544825566.7
1544825566.75
1544825566.8
1544825566.85
1544825566.9
1544825566.94
1544825567.0
1544825567.06
1544825567.11
1544825567.17
1544825567.21
1544825567.27
1544825567.31
1544825567.37
1544825567.41
1544825567.47
1544825567.51
1544825567.6
1544825567.68
1544825567.76
1544825567.8
1544825567.84
1544825567.89
1544825567.94
1544825567.99
1544825568.04
1544825568.09
1544825568.15
1544825568.2
1544825568.25
1544825568.3
1544825568.4
1544825568.5
1544825568.59
1544825568.67
1544825568.71
1544825568.75
1544825568.81
1544825568.89
1544825568.98
1544825569.06
1544825569.13
1544825569.22
1544825569.29
1544825569.35
1544825569.42
1544825569.48
1544825569.53
1544825569.57
1544825569.62
1544825569.68
1544825569.73
1544825569.79
1544825569.88
1544825569.93
1544825569.99
1544825570.05
1544825570.11
1544825570.18
1544825570.23
1544825570.3
1544825570.37
1544825570.41
1544825570.49
1544825570.56
1544825570.62
1544825570.68
1544825570.72
1544825570.76
1544825570.83
1544825570.9
1544825570.97
1544825571.05
1544825571.11
1544825571.19
1544825571.25
1544825571.31
1544825571.39
1544825571.44
1544825571.51
1544825571.58
1544825571.65
1544825571.72
1544825571.8
1544825571.87
1544825571.9
1544825571.95
1544825572.0
1544825572.07
1544825572.13
1544825572.21
1544825572.27
1544825572.34
1544825572.4
1544825572.44
1544825572.49
1544825572.56
1544825572.6
1544825572.65
1544825572.72
1544825572.77
1544825572.81
1544825572.85
1544825572.9
1544825572.95
1544825572.99
1544825573.03
1544825573.07
1544825573.14
1544825573.19
1544825573.23
1544825573.3
1544825573.37
1544825573.42
1544825573.48
1544825573.55
1544825573.61
1544825573.67
1544825573.73
1544825573.78
1544825573.82
1544825573.87
1544825573.91
1544825573.98
1544825574.01
1544825574.06
1544825574.11
1544825574.17
1544825574.21
1544825574.25
1544825574.3
1544825574.37
1544825574.42
1544825574.46
1544825574.51
1544825574.56
1544825574.6
1544825574.64
1544825574.68
1544825574.72
1544825574.76
1544825574.8
1544825574.84
1544825574.9
1544825574.95
1544825575.0
1544825575.03
1544825575.08
1544825575.12
1544825575.2
1544825575.23
1544825575.27
1544825575.31
1544825575.37
1544825575.4
1544825575.45
1544825575.5
1544825575.56
1544825575.6
1544825575.66
1544825575.72
1544825575.78
1544825575.81
1544825575.85
1544825575.9
1544825575.96
1544825576.0
1544825576.04
1544825576.12
1544825576.17
1544825576.2
1544825576.25
1544825576.32
1544825576.36
1544825576.4
1544825576.44
1544825576.49
1544825576.56
1544825576.6
1544825576.63
1544825576.68
1544825576.73
1544825576.78
1544825576.82
1544825576.9
1544825576.96
1544825577.01
1544825577.05
1544825577.09
1544825577.15
1544825577.19
1544825577.25
1544825577.3
1544825577.35
1544825577.39
1544825577.42
1544825577.46
1544825577.54
1544825577.59
1544825577.62
1544825577.67
1544825577.72
1544825577.77
1544825577.81
1544825577.84
1544825577.9
1544825577.96
1544825578.01
1544825578.07
1544825578.13
1544825578.19
1544825578.22
1544825578.26
1544825578.32
1544825578.37
1544825578.4
1544825578.45
1544825578.51
1544825578.56
1544825578.61
1544825578.66
1544825578.72
1544825578.78
1544825578.82
1544825578.88
1544825578.95
1544825578.99
1544825579.04
1544825579.12
1544825579.17
1544825579.2
1544825579.24
1544825579.28
1544825579.33
1544825579.37
1544825579.41
1544825579.48
1544825579.53
1544825579.58
1544825579.62
1544825579.66
1544825579.72
1544825579.77
1544825579.8
1544825579.83
1544825579.9
1544825579.98
1544825580.02
1544825580.06
1544825580.11
1544825580.18
1544825580.22
1544825580.27
1544825580.33
1544825580.37
1544825580.43
1544825580.48
1544825580.56
1544825580.62
1544825580.7
1544825580.76
1544825580.81
1544825580.88
1544825580.94
1544825580.99
1544825581.03
1544825581.08
1544825581.15
1544825581.19
1544825581.22
1544825581.26
1544825581.3
1544825581.34
1544825581.39
1544825581.43
1544825581.48
1544825581.54
1544825581.6
1544825581.64
1544825581.71
1544825581.78
1544825581.81
1544825581.86
1544825581.96
1544825582.01
1544825582.06
1544825582.11
1544825582.16
1544825582.2
1544825582.25
1544825582.29
1544825582.36
1544825582.4
1544825582.44
1544825582.5
1544825582.57
1544825582.61
1544825582.66
1544825582.73
1544825582.78
1544825582.82
1544825582.87
1544825582.92
1544825582.97
1544825583.01
1544825583.05
1544825583.11
1544825583.17
1544825583.22
1544825583.26
1544825583.33
1544825583.38
1544825583.41
1544825583.48
1544825583.51
1544825583.55
1544825583.6
1544825583.64
1544825583.7
1544825583.75
1544825583.8
1544825583.85
1544825583.91
1544825583.97
1544825584.01
1544825584.06
1544825584.1
1544825584.14
1544825584.19
1544825584.23
1544825584.29
1544825584.34
1544825584.39
1544825584.44
1544825584.48
1544825584.53
1544825584.59
1544825584.63
1544825584.69
1544825584.74
1544825584.79
1544825584.84
1544825584.9
1544825584.96
1544825585.01
1544825585.06
1544825585.1
1544825585.14
1544825585.18
1544825585.22
1544825585.28
1544825585.33
1544825585.38
1544825585.45
1544825585.49
1544825585.53
1544825585.57
1544825585.62
1544825585.67
1544825585.71
1544825585.75
1544825585.79
1544825585.83
1544825585.88
1544825585.91
1544825585.96
1544825586.02
1544825586.08
1544825586.13
1544825586.21
1544825586.26
1544825586.33
1544825586.39
1544825586.45
1544825586.5
1544825586.54
1544825586.6
1544825586.67
1544825586.71
1544825586.76
1544825586.83
1544825586.89
1544825586.94
1544825587.02
1544825587.08
1544825587.12
1544825587.17
1544825587.21
1544825587.26
1544825587.3
1544825587.35
1544825587.4
1544825587.46
1544825587.5
1544825587.53
1544825587.56
1544825587.61
1544825587.66
1544825587.69
1544825587.75
1544825587.79
1544825587.83
1544825587.87
1544825587.9
1544825587.94
1544825588.01
1544825588.07
1544825588.1
1544825588.13
1544825588.18
1544825588.23
1544825588.28
1544825588.32
1544825588.36
1544825588.4
1544825588.44
1544825588.47
1544825588.52
1544825588.57
1544825588.62
1544825588.66
1544825588.71
1544825588.76
1544825588.8
1544825588.85
1544825588.89
1544825588.93
1544825588.97
1544825589.01
1544825589.07
1544825589.1
1544825589.16
1544825589.2
1544825589.27
1544825589.34
1544825589.39
1544825589.43
1544825589.47
1544825589.51
1544825589.56
1544825589.61
1544825589.67
1544825589.7
1544825589.75
1544825589.8
1544825589.89
1544825589.92
1544825589.97
1544825590.06
1544825590.11
1544825590.16
1544825590.24
1544825590.29
1544825590.33
1544825590.39
1544825590.43
1544825590.49
1544825590.53
1544825590.59
1544825590.65
1544825590.72
1544825590.78
1544825590.81
1544825590.85
1544825590.89
1544825590.96
1544825591.02
1544825591.08
1544825591.14
1544825591.21
1544825591.27
1544825591.35
1544825591.41
1544825591.5
1544825591.57
1544825591.66
1544825591.7
1544825591.75
1544825591.84
1544825591.9
1544825591.94
1544825591.99
1544825592.03
1544825592.08
1544825592.12
1544825592.16
1544825592.22
1544825592.27
1544825592.31
1544825592.39
1544825592.45
1544825592.5
1544825592.55
1544825592.61
1544825592.65
1544825592.7
1544825592.73
1544825592.79
1544825592.85
1544825592.9
1544825592.94
1544825592.98
1544825593.03
1544825593.07
1544825593.11
1544825593.15
1544825593.19
1544825593.23
1544825593.27
1544825593.31
1544825593.36
1544825593.41
1544825593.46
1544825593.5
1544825593.54
1544825593.62
1544825593.67
1544825593.71
1544825593.76
1544825593.82
1544825593.87
1544825593.91
1544825593.97
1544825594.05
1544825594.1
1544825594.15
1544825594.23
1544825594.28
1544825594.32
1544825594.38
1544825594.43
1544825594.48
1544825594.51
1544825594.57
1544825594.62
1544825594.68
1544825594.72
1544825594.77
1544825594.83
1544825594.9
1544825594.99
1544825595.07
1544825595.12
1544825595.2
1544825595.28
1544825595.36
1544825595.43
1544825595.51
1544825595.58
1544825595.64
1544825595.68
1544825595.73
1544825595.79
1544825595.85
1544825595.89
1544825595.94
1544825595.99
1544825596.05
1544825596.1
1544825596.14
1544825596.19
1544825596.23
1544825596.27
1544825596.31
1544825596.36
1544825596.41
1544825596.46
1544825596.5
1544825596.55
1544825596.6
1544825596.65
1544825596.7
1544825596.73
1544825596.79
1544825596.84
1544825596.88
1544825596.93
1544825596.99
1544825597.05
1544825597.1
1544825597.15
1544825597.22
1544825597.27
1544825597.31
1544825597.37
1544825597.44
1544825597.48
1544825597.53
1544825597.6
1544825597.66
1544825597.69
1544825597.73
1544825597.84
1544825597.9
1544825597.94
1544825598.0
1544825598.05
1544825598.08
1544825598.13
1544825598.19
1544825598.25
1544825598.29
1544825598.32
1544825598.37
1544825598.42
1544825598.46
1544825598.5
1544825598.55
1544825598.64
1544825598.69
1544825598.73
1544825598.79
1544825598.84
1544825598.9
1544825598.93
1544825598.99
1544825599.04
1544825599.09
1544825599.13
1544825599.2
1544825599.28
1544825599.32
1544825599.39
1544825599.46
1544825599.5
1544825599.57
1544825599.61
1544825599.65
1544825599.69
1544825599.74
1544825599.81
1544825599.86
1544825599.91
1544825599.94
1544825600.0
1544825600.05
1544825600.09
1544825600.13
1544825600.18
1544825600.25
1544825600.3
1544825600.37
1544825600.44
1544825600.49
1544825600.54
1544825600.62
1544825600.68
1544825600.75
1544825600.8
1544825600.87
1544825600.9
1544825600.96
1544825601.01
1544825601.05
1544825601.1
1544825601.13
1544825601.21
1544825601.27
1544825601.31
1544825601.37
1544825601.42
1544825601.48
1544825601.52
1544825601.57
1544825601.62
1544825601.68
1544825601.74
1544825601.8
1544825601.85
1544825601.9
1544825601.94
1544825602.01
1544825602.08
1544825602.14
1544825602.2
1544825602.25
1544825602.3
1544825602.35
1544825602.43
1544825602.48
1544825602.57
1544825602.63
1544825602.69
1544825602.74
1544825602.78
1544825602.82
1544825602.88
1544825602.93
1544825602.98
1544825603.04
1544825603.09
1544825603.14
1544825603.2
1544825603.27
1544825603.3
1544825603.35
1544825603.41
1544825603.47
1544825603.51
1544825603.56
1544825603.61
1544825603.71
1544825603.8
1544825603.91
1544825604.01
1544825604.09
1544825604.17
1544825604.22
1544825604.29
1544825604.35
1544825604.39
1544825604.43
1544825604.48
1544825604.53
1544825604.58
1544825604.61
1544825604.65
1544825604.71
1544825604.77
1544825604.81
1544825604.84
1544825604.88
1544825604.93
1544825604.98
1544825605.02
1544825605.07
1544825605.13
1544825605.18
1544825605.22
1544825605.28
1544825605.34
1544825605.39
1544825605.43
1544825605.48
1544825605.53
1544825605.57
1544825605.61
1544825605.69
1544825605.75
1544825605.8
1544825605.83
1544825605.9
1544825605.96
1544825606.01
1544825606.06
1544825606.11
1544825606.15
1544825606.21
1544825606.24
1544825606.29
1544825606.33
1544825606.38
1544825606.42
1544825606.47
1544825606.52
1544825606.58
1544825606.62
1544825606.66
1544825606.72
1544825606.77
1544825606.81
1544825606.87
1544825606.92
1544825606.98
1544825607.02
1544825607.09
1544825607.14
1544825607.19
1544825607.23
1544825607.32
1544825607.37
1544825607.41
1544825607.45
1544825607.51
1544825607.57
1544825607.6
1544825607.64
1544825607.71
1544825607.76
1544825607.8
1544825607.85
1544825607.9
1544825607.94
1544825607.98
1544825608.02
1544825608.1
1544825608.16
1544825608.2
1544825608.25
1544825608.3
1544825608.36
1544825608.41
1544825608.47
1544825608.52
1544825608.58
1544825608.62
1544825608.69
1544825608.75
1544825608.79
1544825608.83
1544825608.9
1544825608.94
1544825608.99
1544825609.02
1544825609.08
1544825609.15
1544825609.19
1544825609.23
1544825609.31
1544825609.37
1544825609.41
1544825609.45
1544825609.54
1544825609.59
1544825609.62
1544825609.67
1544825609.75
1544825609.79
1544825609.86
1544825609.89
1544825609.92
1544825609.96
1544825610.0
1544825610.06
1544825610.11
1544825610.15
1544825610.19
1544825610.23
1544825610.31
1544825610.37
1544825610.41
1544825610.46
1544825610.52
1544825610.57
1544825610.6
1544825610.64
1544825610.69
1544825610.74
1544825610.8
1544825610.84
1544825610.89
1544825610.93
1544825610.97
1544825611.01
1544825611.05
1544825611.13
1544825611.19
1544825611.24
1544825611.29
1544825611.37
1544825611.41
1544825611.46
1544825611.51
1544825611.57
1544825611.6
1544825611.64
1544825611.71
1544825611.77
1544825611.8
1544825611.84
1544825611.92
1544825611.97
1544825612.01
1544825612.04
1544825612.09
1544825612.15
1544825612.19
1544825612.23
1544825612.28
1544825612.34
1544825612.39
1544825612.43
1544825612.5
1544825612.55
1544825612.59
1544825612.63
1544825612.69
1544825612.77
1544825612.82
1544825612.9
1544825612.98
1544825613.04
1544825613.1
1544825613.18
1544825613.24
1544825613.29
1544825613.34
1544825613.4
1544825613.45
1544825613.51
1544825613.58
1544825613.63
1544825613.69
1544825613.74
1544825613.8
1544825613.87
1544825613.91
1544825613.96
1544825614.01
1544825614.06
1544825614.11
1544825614.18
1544825614.25
1544825614.31
1544825614.39
1544825614.46
1544825614.53
1544825614.57
1544825614.62
1544825614.67
1544825614.71
1544825614.77
1544825614.82
1544825614.87
1544825614.91
1544825614.95
1544825615.02
1544825615.07
1544825615.1
1544825615.16
1544825615.25
1544825615.3
1544825615.34
1544825615.4
1544825615.46
1544825615.5
1544825615.54
1544825615.61
1544825615.66
1544825615.71
1544825615.77
1544825615.81
1544825615.87
1544825615.92
1544825615.98
1544825616.05
1544825616.12
1544825616.18
1544825616.24
1544825616.31
1544825616.39
1544825616.46
1544825616.52
1544825616.57
1544825616.61
1544825616.66
1544825616.7
1544825616.75
1544825616.81
1544825616.86
1544825616.9
1544825616.96
1544825617.03
1544825617.08
1544825617.13
1544825617.21
1544825617.27
1544825617.31
1544825617.38
1544825617.44
1544825617.49
1544825617.52
1544825617.58
1544825617.63
1544825617.68
1544825617.73
1544825617.79
1544825617.83
1544825617.87
1544825617.91
1544825617.96
1544825618.01
1544825618.06
1544825618.1
1544825618.13
1544825618.18
1544825618.22
1544825618.27
1544825618.31
1544825618.36
1544825618.42
1544825618.48
1544825618.52
1544825618.58
1544825618.64
1544825618.69
1544825618.72
1544825618.8
1544825618.85
1544825618.91
1544825618.97
1544825619.04
1544825619.1
1544825619.15
1544825619.2
1544825619.27
1544825619.31
1544825619.37
1544825619.42
1544825619.47
1544825619.51
1544825619.55
1544825619.63
1544825619.68
1544825619.71
1544825619.78
1544825619.83
1544825619.87
1544825619.91
1544825619.97
1544825620.02
1544825620.07
1544825620.11
1544825620.17
1544825620.22
1544825620.27
1544825620.3
1544825620.34
1544825620.42
1544825620.48
1544825620.52
1544825620.57
1544825620.6
1544825620.64
1544825620.69
1544825620.75
1544825620.79
1544825620.84
1544825620.88
1544825620.92
1544825620.98
1544825621.04
1544825621.08
1544825621.13
1544825621.17
1544825621.21
1544825621.25
1544825621.3
1544825621.33
1544825621.38
1544825621.43
1544825621.48
1544825621.53
1544825621.59
1544825621.65
1544825621.69
1544825621.73
1544825621.78
1544825621.83
1544825621.88
1544825621.92
1544825621.98
1544825622.03
1544825622.07
1544825622.11
1544825622.16
1544825622.2
1544825622.24
1544825622.29
1544825622.33
1544825622.38
1544825622.42
1544825622.46
1544825622.51
1544825622.58
1544825622.65
1544825622.7
1544825622.76
1544825622.81
1544825622.86
1544825622.89
1544825622.94
1544825623.0
1544825623.09
1544825623.12
1544825623.17
1544825623.22
1544825623.27
1544825623.31
1544825623.37
1544825623.41
1544825623.47
1544825623.5
1544825623.55
1544825623.59
1544825623.63
1544825623.69
1544825623.74
1544825623.83
1544825623.89
1544825623.93
1544825624.0
1544825624.04
1544825624.09
1544825624.13
1544825624.25
1544825624.29
1544825624.33
1544825624.42
1544825624.51
1544825624.59
1544825624.68
1544825624.76
1544825624.82
1544825624.89
1544825624.96
1544825625.02
1544825625.1
1544825625.18
1544825625.25
1544825625.3
1544825625.35
1544825625.39
1544825625.49
1544825625.54
1544825625.6
1544825625.66
1544825625.71
1544825625.75
1544825625.81
1544825625.88
1544825625.94
1544825626.01
1544825626.08
1544825626.15
1544825626.22
1544825626.3
1544825626.38
1544825626.44
1544825626.52
1544825626.59
1544825626.67
1544825626.71
1544825626.75
1544825626.8
