1544823921.19
1544823921.39
1544823921.49
1544823921.57
1544823921.7
1544823921.8
1544823921.9
1544823922.01
1544823922.13
1544823922.23
1544823922.3
1544823922.38
1544823922.46
1544823922.53
1544823922.61
1544823922.72
1544823922.84
1544823922.93
1544823923.05
1544823923.17
1544823923.29
1544823923.42
1544823923.54
1544823923.65
1544823923.72
1544823923.76
1544823923.84
1544823923.91
1544823923.99
1544823924.05
1544823924.14
1544823924.21
1544823924.28
1544823924.36
1544823924.45
1544823924.54
1544823924.62
1544823924.7
1544823924.78
1544823924.84
1544823924.9
1544823924.97
1544823925.05
1544823925.13
1544823925.19
1544823925.26
1544823925.32
1544823925.38
1544823925.45
1544823925.51
1544823925.58
1544823925.65
1544823925.71
1544823925.77
1544823925.83
1544823925.89
1544823925.97
1544823926.03
1544823926.09
1544823926.15
1544823926.21
1544823926.26
1544823926.33
1544823926.39
1544823926.45
1544823926.51
1544823926.56
1544823926.6
1544823926.68
1544823926.76
1544823926.83
1544823926.89
1544823926.95
1544823927.01
1544823927.09
1544823927.15
1544823927.22
1544823927.29
1544823927.36
1544823927.43
1544823927.49
1544823927.55
1544823927.62
1544823927.72
1544823927.79
1544823927.85
1544823927.94
1544823928.01
1544823928.08
1544823928.14
1544823928.22
1544823928.33
1544823928.41
1544823928.48
1544823928.55
1544823928.63
1544823928.71
1544823928.77
1544823928.83
1544823928.91
1544823929.0
1544823929.07
1544823929.15
1544823929.23
1544823929.33
1544823929.41
1544823929.49
1544823929.55
1544823929.61
1544823929.68
1544823929.74
1544823929.81
1544823929.87
1544823929.93
1544823929.99
1544823930.04
1544823930.1
1544823930.16
1544823930.24
1544823930.33
1544823930.39
1544823930.46
1544823930.53
1544823930.58
1544823930.67
1544823930.76
1544823930.84
1544823930.92
1544823930.98
1544823931.05
1544823931.13
1544823931.22
1544823931.3
1544823931.38
1544823931.46
1544823931.53
1544823931.59
1544823931.67
1544823931.74
1544823931.82
1544823931.88
1544823931.96
1544823932.03
1544823932.1
1544823932.17
1544823932.24
1544823932.31
1544823932.37
1544823932.44
1544823932.51
1544823932.58
1544823932.64
1544823932.75
1544823932.83
1544823932.88
1544823932.95
1544823933.02
1544823933.07
1544823933.13
1544823933.2
1544823933.29
1544823933.36
1544823933.42
1544823933.45
1544823933.52
1544823933.58
1544823933.63
1544823933.67
1544823933.72
1544823933.77
1544823933.83
1544823933.88
1544823933.93
1544823933.99
1544823934.04
1544823934.1
1544823934.17
1544823934.23
1544823934.29
1544823934.35
1544823934.4
1544823934.45
1544823934.48
1544823934.54
1544823934.6
1544823934.66
1544823934.72
1544823934.77
1544823934.82
1544823934.87
1544823934.93
1544823934.98
1544823935.03
1544823935.08
1544823935.14
1544823935.2
1544823935.25
1544823935.31
1544823935.37
1544823935.43
1544823935.5
1544823935.55
1544823935.62
1544823935.68
1544823935.74
1544823935.8
1544823935.86
1544823935.93
1544823935.99
1544823936.06
1544823936.12
1544823936.17
1544823936.22
1544823936.29
1544823936.34
1544823936.41
1544823936.48
1544823936.53
1544823936.59
1544823936.67
1544823936.77
1544823936.83
1544823936.98
1544823937.05
1544823937.1
1544823937.17
1544823937.24
1544823937.32
1544823937.38
1544823937.44
1544823937.51
1544823937.57
1544823937.63
1544823937.71
1544823937.76
1544823937.82
1544823937.88
1544823937.93
1544823938.0
1544823938.06
1544823938.12
1544823938.17
1544823938.23
1544823938.3
1544823938.37
1544823938.44
1544823938.5
1544823938.54
1544823938.6
1544823938.67
1544823938.74
1544823938.82
1544823938.89
1544823938.95
1544823939.02
1544823939.09
1544823939.16
1544823939.22
1544823939.28
1544823939.34
1544823939.4
1544823939.47
1544823939.54
1544823939.6
1544823939.67
1544823939.74
1544823939.8
1544823939.86
1544823939.94
1544823940.01
1544823940.07
1544823940.13
1544823940.18
1544823940.24
1544823940.3
1544823940.36
1544823940.42
1544823940.47
1544823940.55
1544823940.63
1544823940.7
1544823940.78
1544823940.84
1544823940.89
1544823940.95
1544823941.03
1544823941.11
1544823941.18
1544823941.26
1544823941.32
1544823941.4
1544823941.49
1544823941.58
1544823941.68
1544823941.76
1544823941.86
1544823941.95
1544823942.05
1544823942.13
1544823942.21
1544823942.29
1544823942.36
1544823942.44
1544823942.51
1544823942.59
1544823942.65
1544823942.72
1544823942.79
1544823942.85
1544823942.89
1544823942.98
1544823943.04
1544823943.12
1544823943.17
1544823943.23
1544823943.3
1544823943.37
1544823943.44
1544823943.5
1544823943.57
1544823943.62
1544823943.7
1544823943.78
1544823943.86
1544823943.93
1544823944.01
1544823944.09
1544823944.17
1544823944.25
1544823944.32
1544823944.4
1544823944.48
1544823944.54
1544823944.59
1544823944.67
1544823944.76
1544823944.84
1544823944.9
1544823944.96
1544823945.0
1544823945.04
1544823945.07
1544823945.13
1544823945.19
1544823945.23
1544823945.28
1544823945.32
1544823945.37
1544823945.41
1544823945.46
1544823945.5
1544823945.54
1544823945.59
1544823945.64
1544823945.69
1544823945.77
1544823945.82
1544823945.86
1544823945.9
1544823945.94
1544823945.99
1544823946.03
1544823946.06
1544823946.13
1544823946.19
1544823946.26
1544823946.33
1544823946.39
1544823946.46
1544823946.53
1544823946.58
1544823946.65
1544823946.73
1544823946.78
1544823946.85
1544823946.91
1544823946.97
1544823947.04
1544823947.1
1544823947.16
1544823947.2
1544823947.25
1544823947.29
1544823947.34
1544823947.38
1544823947.43
1544823947.48
1544823947.54
1544823947.6
1544823947.66
1544823947.73
1544823947.78
1544823947.84
1544823947.89
1544823947.93
1544823947.97
1544823948.02
1544823948.06
1544823948.1
1544823948.14
1544823948.18
1544823948.23
1544823948.27
1544823948.31
1544823948.36
1544823948.4
1544823948.43
1544823948.47
1544823948.5
1544823948.53
1544823948.58
1544823948.62
1544823948.67
1544823948.71
1544823948.76
1544823948.79
1544823948.84
1544823948.89
1544823948.93
1544823948.96
1544823949.02
1544823949.06
1544823949.11
1544823949.15
1544823949.19
1544823949.25
1544823949.29
1544823949.34
1544823949.38
1544823949.44
1544823949.48
1544823949.52
1544823949.56
1544823949.6
1544823949.66
1544823949.7
1544823949.75
1544823949.78
1544823949.84
1544823949.89
1544823949.95
1544823949.98
1544823950.06
1544823950.12
1544823950.15
1544823950.2
1544823950.26
1544823950.3
1544823950.35
1544823950.4
1544823950.45
1544823950.51
1544823950.54
1544823950.58
1544823950.61
1544823950.68
1544823950.72
1544823950.76
1544823950.83
1544823950.88
1544823950.91
1544823950.96
1544823951.02
1544823951.06
1544823951.11
1544823951.15
1544823951.19
1544823951.24
1544823951.28
1544823951.32
1544823951.36
1544823951.39
1544823951.46
1544823951.51
1544823951.56
1544823951.61
1544823951.65
1544823951.7
1544823951.74
1544823951.78
1544823951.83
1544823951.87
1544823951.91
1544823951.95
1544823951.99
1544823952.04
1544823952.1
1544823952.14
1544823952.18
1544823952.23
1544823952.28
1544823952.32
1544823952.36
1544823952.4
1544823952.45
1544823952.5
1544823952.53
1544823952.57
1544823952.64
1544823952.69
1544823952.74
1544823952.78
1544823952.86
1544823952.91
1544823952.97
1544823953.01
1544823953.08
1544823953.11
1544823953.15
1544823953.19
1544823953.26
1544823953.31
1544823953.35
1544823953.39
1544823953.45
1544823953.5
1544823953.55
1544823953.6
1544823953.65
1544823953.71
1544823953.76
1544823953.82
1544823953.88
1544823953.94
1544823954.0
1544823954.06
1544823954.13
1544823954.19
1544823954.25
1544823954.29
1544823954.35
1544823954.39
1544823954.44
1544823954.49
1544823954.55
1544823954.6
1544823954.66
1544823954.72
1544823954.77
1544823954.83
1544823954.89
1544823954.93
1544823955.0
1544823955.05
1544823955.1
1544823955.15
1544823955.19
1544823955.25
1544823955.31
1544823955.38
1544823955.42
1544823955.46
1544823955.51
1544823955.55
1544823955.59
1544823955.65
1544823955.7
1544823955.76
1544823955.82
1544823955.87
1544823955.92
1544823955.98
1544823956.05
1544823956.1
1544823956.17
1544823956.23
1544823956.29
1544823956.33
1544823956.38
1544823956.42
1544823956.47
1544823956.52
1544823956.57
1544823956.63
1544823956.69
1544823956.74
1544823956.8
1544823956.86
1544823956.91
1544823956.95
1544823956.98
1544823957.03
1544823957.07
1544823957.11
1544823957.16
1544823957.21
1544823957.25
1544823957.29
1544823957.34
1544823957.38
1544823957.43
1544823957.5
1544823957.56
1544823957.62
1544823957.69
1544823957.75
1544823957.81
1544823957.86
1544823957.92
1544823957.96
1544823958.01
1544823958.05
1544823958.11
1544823958.16
1544823958.22
1544823958.28
1544823958.33
1544823958.39
1544823958.43
1544823958.48
1544823958.53
1544823958.58
1544823958.63
1544823958.69
1544823958.74
1544823958.8
1544823958.86
1544823958.93
1544823958.99
1544823959.05
1544823959.12
1544823959.18
1544823959.25
1544823959.32
1544823959.38
1544823959.43
1544823959.5
1544823959.56
1544823959.61
1544823959.66
1544823959.73
1544823959.78
1544823959.83
1544823959.87
1544823959.95
1544823960.01
1544823960.08
1544823960.15
1544823960.23
1544823960.29
1544823960.36
1544823960.42
1544823960.48
1544823960.55
1544823960.63
1544823960.69
1544823960.75
1544823960.79
1544823960.83
1544823960.87
1544823960.91
1544823960.95
1544823960.99
1544823961.03
1544823961.08
1544823961.13
1544823961.17
1544823961.21
1544823961.25
1544823961.29
1544823961.33
1544823961.37
1544823961.41
1544823961.46
1544823961.51
1544823961.56
1544823961.6
1544823961.64
1544823961.69
1544823961.77
1544823961.81
1544823961.86
1544823961.94
1544823961.99
1544823962.04
1544823962.1
1544823962.16
1544823962.21
1544823962.25
1544823962.28
1544823962.33
1544823962.36
1544823962.4
1544823962.44
1544823962.49
1544823962.55
1544823962.6
1544823962.64
1544823962.68
1544823962.73
1544823962.78
1544823962.82
1544823962.86
1544823962.93
1544823962.98
1544823963.03
1544823963.06
1544823963.11
1544823963.16
1544823963.21
1544823963.25
1544823963.31
1544823963.38
1544823963.42
1544823963.47
1544823963.53
1544823963.59
1544823963.63
1544823963.67
1544823963.71
1544823963.76
1544823963.8
1544823963.84
1544823963.87
1544823963.93
1544823963.97
1544823964.0
1544823964.04
1544823964.09
1544823964.15
1544823964.19
1544823964.22
1544823964.27
1544823964.33
1544823964.38
1544823964.42
1544823964.47
1544823964.53
1544823964.58
1544823964.62
1544823964.67
1544823964.71
1544823964.74
1544823964.77
1544823964.82
1544823964.88
1544823964.91
1544823964.95
1544823964.99
1544823965.03
1544823965.06
1544823965.1
1544823965.14
1544823965.18
1544823965.23
1544823965.26
1544823965.31
1544823965.37
1544823965.42
1544823965.47
1544823965.55
1544823965.61
1544823965.64
1544823965.68
1544823965.74
1544823965.79
1544823965.82
1544823965.86
1544823965.9
1544823965.94
1544823965.99
1544823966.03
1544823966.07
1544823966.13
1544823966.18
1544823966.22
1544823966.27
1544823966.33
1544823966.38
1544823966.41
1544823966.46
1544823966.52
1544823966.57
1544823966.61
1544823966.66
1544823966.71
1544823966.76
1544823966.8
1544823966.88
1544823966.94
1544823967.0
1544823967.05
1544823967.11
1544823967.17
1544823967.23
1544823967.28
1544823967.33
1544823967.38
1544823967.43
1544823967.49
1544823967.55
1544823967.6
1544823967.65
1544823967.71
1544823967.78
1544823967.84
1544823967.89
1544823967.95
1544823968.0
1544823968.04
1544823968.09
1544823968.14
1544823968.19
1544823968.23
1544823968.28
1544823968.33
1544823968.38
1544823968.43
1544823968.48
1544823968.53
1544823968.58
1544823968.61
1544823968.65
1544823968.7
1544823968.76
1544823968.8
1544823968.84
1544823968.88
1544823968.96
1544823969.01
1544823969.05
1544823969.1
1544823969.15
1544823969.19
1544823969.23
1544823969.27
1544823969.33
1544823969.38
1544823969.42
1544823969.46
1544823969.5
1544823969.55
1544823969.59
1544823969.63
1544823969.68
1544823969.73
1544823969.79
1544823969.83
1544823969.87
1544823969.96
1544823970.0
1544823970.04
1544823970.09
1544823970.14
1544823970.17
1544823970.21
1544823970.26
1544823970.33
1544823970.38
1544823970.42
1544823970.46
1544823970.52
1544823970.58
1544823970.62
1544823970.68
1544823970.74
1544823970.79
1544823970.86
1544823970.92
1544823970.96
1544823971.03
1544823971.12
1544823971.19
1544823971.23
1544823971.28
1544823971.33
1544823971.39
1544823971.45
1544823971.5
1544823971.55
1544823971.6
1544823971.68
1544823971.75
1544823971.81
1544823971.88
1544823971.93
1544823971.98
1544823972.03
1544823972.09
1544823972.12
1544823972.16
1544823972.21
1544823972.26
1544823972.3
1544823972.35
1544823972.39
1544823972.46
1544823972.5
1544823972.54
1544823972.58
1544823972.63
1544823972.68
1544823972.73
1544823972.78
1544823972.84
1544823972.9
1544823972.96
1544823973.02
1544823973.07
1544823973.13
1544823973.19
1544823973.25
1544823973.33
1544823973.39
1544823973.45
1544823973.51
1544823973.57
1544823973.63
1544823973.69
1544823973.75
1544823973.82
1544823973.88
1544823973.93
1544823973.99
1544823974.06
1544823974.1
1544823974.15
1544823974.2
1544823974.25
1544823974.31
1544823974.35
1544823974.39
1544823974.44
1544823974.48
1544823974.52
1544823974.58
1544823974.61
1544823974.65
1544823974.69
1544823974.75
1544823974.82
1544823974.85
1544823974.89
1544823974.96
1544823975.01
1544823975.05
1544823975.09
1544823975.13
1544823975.18
1544823975.23
1544823975.27
1544823975.32
1544823975.37
1544823975.41
1544823975.45
1544823975.49
1544823975.53
1544823975.56
1544823975.62
1544823975.66
1544823975.7
1544823975.75
1544823975.79
1544823975.84
1544823975.89
1544823975.93
1544823975.98
1544823976.03
1544823976.06
1544823976.11
1544823976.18
1544823976.22
1544823976.26
1544823976.31
1544823976.37
1544823976.43
1544823976.47
1544823976.51
1544823976.59
1544823976.65
1544823976.7
1544823976.74
1544823976.8
1544823976.84
1544823976.89
1544823976.93
1544823976.97
1544823977.04
1544823977.07
1544823977.11
1544823977.18
1544823977.23
1544823977.27
1544823977.31
1544823977.36
1544823977.42
1544823977.46
1544823977.52
1544823977.58
1544823977.64
1544823977.68
1544823977.73
1544823977.79
1544823977.83
1544823977.86
1544823977.9
1544823977.94
1544823977.98
1544823978.04
1544823978.08
1544823978.11
1544823978.19
1544823978.25
1544823978.29
1544823978.37
1544823978.43
1544823978.47
1544823978.51
1544823978.56
1544823978.59
1544823978.63
1544823978.67
1544823978.71
1544823978.76
1544823978.81
1544823978.86
1544823978.9
1544823978.94
1544823979.0
1544823979.06
1544823979.1
1544823979.14
1544823979.21
1544823979.26
1544823979.3
1544823979.38
1544823979.42
1544823979.46
1544823979.49
1544823979.55
1544823979.61
1544823979.65
1544823979.71
1544823979.79
1544823979.84
1544823979.88
1544823979.92
1544823979.99
1544823980.04
1544823980.08
1544823980.13
1544823980.21
1544823980.27
1544823980.36
1544823980.44
1544823980.48
1544823980.53
1544823980.59
1544823980.64
1544823980.68
1544823980.73
1544823980.8
1544823980.85
1544823980.9
1544823980.94
1544823981.01
1544823981.06
1544823981.1
1544823981.2
1544823981.24
1544823981.28
1544823981.34
1544823981.4
1544823981.45
1544823981.48
1544823981.53
1544823981.58
1544823981.62
1544823981.66
1544823981.73
1544823981.79
1544823981.83
1544823981.87
1544823981.9
1544823981.94
1544823982.02
1544823982.08
1544823982.11
1544823982.15
1544823982.2
1544823982.25
1544823982.29
1544823982.35
1544823982.41
1544823982.51
1544823982.57
1544823982.62
1544823982.68
1544823982.73
1544823982.79
1544823982.85
1544823982.92
1544823983.0
1544823983.04
1544823983.09
1544823983.14
1544823983.19
1544823983.24
1544823983.3
1544823983.36
1544823983.4
1544823983.45
1544823983.49
1544823983.55
1544823983.61
1544823983.65
1544823983.7
1544823983.74
1544823983.8
1544823983.85
1544823983.9
1544823983.96
1544823984.01
1544823984.06
1544823984.09
1544823984.14
1544823984.21
1544823984.26
1544823984.34
1544823984.41
1544823984.47
1544823984.53
1544823984.58
1544823984.61
1544823984.66
1544823984.73
1544823984.76
1544823984.82
1544823984.87
1544823984.92
1544823984.97
1544823985.02
1544823985.09
1544823985.13
1544823985.17
1544823985.2
1544823985.25
1544823985.29
1544823985.34
1544823985.37
1544823985.42
1544823985.46
1544823985.53
1544823985.57
1544823985.61
1544823985.65
1544823985.72
1544823985.76
1544823985.79
1544823985.83
1544823985.88
1544823985.92
1544823985.96
1544823986.0
1544823986.08
1544823986.13
1544823986.18
1544823986.23
1544823986.28
1544823986.33
1544823986.37
1544823986.41
1544823986.46
1544823986.51
1544823986.55
1544823986.58
1544823986.62
1544823986.67
1544823986.73
1544823986.77
1544823986.81
1544823986.86
1544823986.93
1544823986.97
1544823987.01
1544823987.07
1544823987.11
1544823987.15
1544823987.19
1544823987.24
1544823987.29
1544823987.35
1544823987.39
1544823987.43
1544823987.5
1544823987.54
1544823987.58
1544823987.62
1544823987.68
1544823987.72
1544823987.76
1544823987.8
1544823987.86
1544823987.92
1544823987.96
1544823988.01
1544823988.06
1544823988.12
1544823988.16
1544823988.2
1544823988.25
1544823988.3
1544823988.35
1544823988.4
1544823988.49
1544823988.54
1544823988.58
1544823988.62
1544823988.7
1544823988.75
1544823988.79
1544823988.82
1544823988.86
1544823988.92
1544823988.97
1544823989.03
1544823989.06
1544823989.11
1544823989.15
1544823989.19
1544823989.23
1544823989.27
1544823989.31
1544823989.35
1544823989.39
1544823989.44
1544823989.49
1544823989.56
1544823989.63
1544823989.69
1544823989.76
1544823989.81
1544823989.87
1544823989.92
1544823989.99
1544823990.05
1544823990.1
1544823990.15
1544823990.2
1544823990.26
1544823990.33
1544823990.38
1544823990.44
1544823990.5
1544823990.56
1544823990.6
1544823990.65
1544823990.69
1544823990.73
1544823990.76
1544823990.8
1544823990.85
1544823990.89
1544823990.93
1544823990.98
1544823991.03
1544823991.08
1544823991.11
1544823991.15
1544823991.19
1544823991.26
1544823991.3
1544823991.33
1544823991.38
1544823991.44
1544823991.48
1544823991.54
1544823991.57
1544823991.61
1544823991.66
1544823991.71
1544823991.76
1544823991.82
1544823991.86
1544823991.91
1544823991.95
1544823991.99
1544823992.06
1544823992.11
1544823992.15
1544823992.19
1544823992.23
1544823992.29
1544823992.33
1544823992.36
1544823992.44
1544823992.48
1544823992.51
1544823992.55
1544823992.59
1544823992.63
1544823992.68
1544823992.72
1544823992.75
1544823992.79
1544823992.83
1544823992.88
1544823992.92
1544823992.97
1544823993.03
1544823993.08
1544823993.13
1544823993.17
1544823993.21
1544823993.26
1544823993.31
1544823993.36
1544823993.41
1544823993.46
1544823993.49
1544823993.54
1544823993.58
1544823993.63
1544823993.68
1544823993.73
1544823993.77
1544823993.84
1544823993.9
1544823993.95
1544823993.99
1544823994.03
1544823994.08
1544823994.12
1544823994.16
1544823994.23
1544823994.29
1544823994.34
1544823994.39
1544823994.45
1544823994.5
1544823994.54
1544823994.57
1544823994.67
1544823994.7
1544823994.75
1544823994.8
1544823994.85
1544823994.91
1544823994.94
1544823994.99
1544823995.03
1544823995.08
1544823995.13
1544823995.18
1544823995.24
1544823995.28
1544823995.33
1544823995.38
1544823995.43
1544823995.48
1544823995.54
1544823995.6
1544823995.67
1544823995.72
1544823995.76
1544823995.8
1544823995.85
1544823995.89
1544823995.93
1544823995.98
1544823996.03
1544823996.07
1544823996.13
1544823996.18
1544823996.22
1544823996.26
1544823996.33
1544823996.38
1544823996.44
1544823996.48
1544823996.55
1544823996.63
1544823996.69
1544823996.75
1544823996.82
1544823996.86
1544823996.91
1544823996.96
1544823997.03
1544823997.06
1544823997.11
1544823997.17
1544823997.24
1544823997.28
1544823997.33
1544823997.41
1544823997.46
1544823997.51
1544823997.55
1544823997.59
1544823997.63
1544823997.66
1544823997.74
1544823997.77
1544823997.81
1544823997.85
1544823997.91
1544823997.97
1544823998.02
1544823998.07
1544823998.15
1544823998.2
1544823998.24
1544823998.28
1544823998.32
1544823998.36
1544823998.43
1544823998.48
1544823998.53
1544823998.59
1544823998.64
1544823998.7
1544823998.76
1544823998.81
1544823998.85
1544823998.89
1544823998.98
1544823999.01
1544823999.05
1544823999.09
1544823999.17
1544823999.21
1544823999.25
1544823999.3
1544823999.37
1544823999.41
1544823999.46
1544823999.53
1544823999.58
1544823999.61
1544823999.66
1544823999.7
1544823999.76
1544823999.8
1544823999.84
1544823999.88
1544823999.93
1544823999.98
1544824000.03
1544824000.07
1544824000.13
1544824000.17
1544824000.21
1544824000.25
1544824000.29
1544824000.34
1544824000.39
1544824000.44
1544824000.48
1544824000.54
1544824000.59
1544824000.65
1544824000.69
1544824000.74
1544824000.79
1544824000.84
1544824000.88
1544824000.94
1544824001.0
1544824001.04
1544824001.08
1544824001.14
1544824001.18
1544824001.23
1544824001.27
1544824001.31
1544824001.37
1544824001.41
1544824001.46
1544824001.51
1544824001.56
1544824001.6
1544824001.64
1544824001.69
1544824001.76
1544824001.81
1544824001.84
1544824001.88
1544824001.95
1544824002.01
1544824002.04
1544824002.09
1544824002.14
1544824002.19
1544824002.23
1544824002.28
1544824002.35
1544824002.41
1544824002.46
1544824002.54
1544824002.59
1544824002.64
1544824002.68
1544824002.75
1544824002.8
1544824002.85
1544824002.9
1544824002.95
1544824003.0
1544824003.05
1544824003.09
1544824003.12
1544824003.17
1544824003.22
1544824003.26
1544824003.32
1544824003.36
1544824003.4
1544824003.45
1544824003.49
1544824003.56
1544824003.62
1544824003.66
1544824003.69
1544824003.78
1544824003.82
1544824003.87
1544824003.95
1544824004.0
1544824004.04
1544824004.07
1544824004.11
1544824004.16
1544824004.21
1544824004.25
1544824004.29
1544824004.35
1544824004.4
1544824004.44
1544824004.49
1544824004.56
1544824004.6
1544824004.64
1544824004.7
1544824004.77
1544824004.83
1544824004.9
1544824004.96
1544824005.0
1544824005.05
1544824005.11
1544824005.17
1544824005.21
1544824005.25
1544824005.29
1544824005.38
1544824005.42
1544824005.45
1544824005.49
1544824005.52
1544824005.56
1544824005.62
1544824005.68
1544824005.75
1544824005.79
1544824005.85
1544824005.89
1544824005.95
1544824006.0
1544824006.05
1544824006.09
1544824006.14
1544824006.19
1544824006.25
1544824006.32
1544824006.39
1544824006.45
1544824006.5
1544824006.57
1544824006.63
1544824006.69
1544824006.74
1544824006.8
1544824006.86
1544824006.93
1544824006.99
1544824007.05
1544824007.11
1544824007.17
1544824007.22
1544824007.28
1544824007.32
1544824007.37
1544824007.43
1544824007.49
1544824007.55
1544824007.6
1544824007.64
1544824007.68
1544824007.76
1544824007.8
1544824007.85
1544824007.89
1544824007.95
1544824007.99
1544824008.03
1544824008.07
1544824008.1
1544824008.16
1544824008.21
1544824008.26
1544824008.3
1544824008.34
1544824008.38
1544824008.42
1544824008.46
1544824008.52
1544824008.58
1544824008.63
1544824008.66
1544824008.75
1544824008.8
1544824008.85
1544824008.92
1544824008.98
1544824009.02
1544824009.05
1544824009.1
1544824009.17
1544824009.22
1544824009.25
1544824009.29
1544824009.36
1544824009.4
1544824009.44
1544824009.48
1544824009.54
1544824009.6
1544824009.7
1544824009.77
1544824009.82
1544824009.86
1544824009.92
1544824009.96
1544824010.03
1544824010.08
1544824010.13
1544824010.18
1544824010.24
1544824010.29
1544824010.33
1544824010.38
1544824010.45
1544824010.53
1544824010.59
1544824010.64
1544824010.71
1544824010.78
1544824010.86
1544824010.91
1544824010.96
1544824011.02
1544824011.09
1544824011.18
1544824011.25
1544824011.3
1544824011.34
1544824011.38
1544824011.43
1544824011.47
1544824011.51
1544824011.55
1544824011.6
1544824011.64
1544824011.68
1544824011.71
1544824011.78
1544824011.82
1544824011.86
1544824011.9
1544824011.93
1544824011.98
1544824012.03
1544824012.08
1544824012.12
1544824012.21
1544824012.26
1544824012.3
1544824012.37
1544824012.42
1544824012.46
1544824012.49
1544824012.54
1544824012.6
1544824012.64
1544824012.68
1544824012.73
1544824012.79
1544824012.84
1544824012.87
1544824012.91
1544824012.99
1544824013.05
1544824013.08
1544824013.13
1544824013.18
1544824013.23
1544824013.29
1544824013.34
1544824013.39
1544824013.44
1544824013.48
1544824013.52
1544824013.58
1544824013.65
1544824013.7
1544824013.76
1544824013.82
1544824013.89
1544824013.96
1544824014.03
1544824014.09
1544824014.15
1544824014.22
1544824014.28
1544824014.35
1544824014.4
1544824014.46
1544824014.51
1544824014.56
1544824014.63
1544824014.7
1544824014.75
1544824014.79
1544824014.84
1544824014.89
1544824014.94
1544824014.98
1544824015.03
1544824015.08
1544824015.14
1544824015.19
1544824015.24
1544824015.31
1544824015.36
1544824015.41
1544824015.48
1544824015.53
1544824015.56
1544824015.6
1544824015.64
1544824015.7
1544824015.75
1544824015.79
1544824015.85
1544824015.9
1544824015.94
1544824015.98
1544824016.03
1544824016.09
1544824016.14
1544824016.17
1544824016.22
1544824016.3
1544824016.35
1544824016.39
1544824016.45
1544824016.5
1544824016.55
1544824016.59
1544824016.64
1544824016.69
1544824016.73
1544824016.78
1544824016.81
1544824016.85
1544824016.91
1544824016.95
1544824017.0
1544824017.1
1544824017.14
1544824017.19
1544824017.24
1544824017.3
1544824017.36
1544824017.4
1544824017.46
1544824017.51
1544824017.55
1544824017.6
1544824017.64
1544824017.71
1544824017.75
1544824017.79
1544824017.85
1544824017.9
1544824017.94
1544824017.98
1544824018.03
1544824018.08
1544824018.13
1544824018.18
1544824018.23
1544824018.29
1544824018.33
1544824018.38
1544824018.41
1544824018.46
1544824018.51
1544824018.56
1544824018.59
1544824018.65
1544824018.72
1544824018.76
1544824018.8
1544824018.87
1544824018.92
1544824018.96
1544824019.0
1544824019.03
1544824019.09
1544824019.15
1544824019.19
1544824019.25
1544824019.32
1544824019.36
1544824019.4
1544824019.44
1544824019.5
1544824019.53
1544824019.57
1544824019.61
1544824019.67
1544824019.72
1544824019.76
1544824019.79
1544824019.84
1544824019.9
1544824019.94
1544824019.98
1544824020.03
1544824020.09
1544824020.14
1544824020.18
1544824020.22
1544824020.29
1544824020.33
1544824020.38
1544824020.42
1544824020.46
1544824020.5
1544824020.55
1544824020.59
1544824020.64
1544824020.69
1544824020.73
1544824020.77
1544824020.81
1544824020.85
1544824020.89
1544824020.93
1544824020.97
1544824021.0
1544824021.04
1544824021.08
1544824021.13
1544824021.17
1544824021.2
1544824021.24
1544824021.31
1544824021.36
1544824021.44
1544824021.52
1544824021.57
1544824021.62
1544824021.68
1544824021.74
1544824021.79
1544824021.84
1544824021.9
1544824021.95
1544824022.0
1544824022.04
1544824022.08
1544824022.13
1544824022.17
1544824022.21
1544824022.28
1544824022.33
1544824022.37
1544824022.41
1544824022.49
1544824022.53
1544824022.58
1544824022.61
1544824022.69
1544824022.74
1544824022.77
1544824022.81
1544824022.9
1544824022.95
1544824022.99
1544824023.03
1544824023.08
1544824023.13
1544824023.16
1544824023.22
1544824023.27
1544824023.32
1544824023.38
1544824023.43
1544824023.49
1544824023.53
1544824023.57
1544824023.61
1544824023.65
1544824023.73
1544824023.78
1544824023.86
1544824023.9
1544824023.94
1544824023.98
1544824024.01
1544824024.06
1544824024.13
1544824024.16
1544824024.2
1544824024.25
1544824024.31
1544824024.36
1544824024.4
1544824024.43
1544824024.49
1544824024.55
1544824024.6
1544824024.65
1544824024.71
1544824024.77
1544824024.81
1544824024.87
1544824024.93
1544824024.99
1544824025.03
1544824025.08
1544824025.14
1544824025.2
1544824025.25
1544824025.33
1544824025.4
1544824025.48
1544824025.52
1544824025.57
1544824025.64
1544824025.72
1544824025.78
1544824025.83
1544824025.91
1544824025.98
1544824026.05
1544824026.13
1544824026.19
1544824026.25
1544824026.31
1544824026.38
1544824026.42
1544824026.46
1544824026.51
1544824026.56
1544824026.61
1544824026.66
1544824026.7
1544824026.76
1544824026.81
1544824026.85
1544824026.88
1544824026.92
1544824026.97
1544824027.01
1544824027.06
1544824027.1
1544824027.14
1544824027.23
1544824027.27
1544824027.32
1544824027.38
1544824027.44
1544824027.49
1544824027.54
1544824027.63
1544824027.71
1544824027.78
1544824027.84
1544824027.93
1544824027.98
1544824028.04
1544824028.1
1544824028.15
1544824028.2
1544824028.25
1544824028.31
1544824028.36
1544824028.42
1544824028.48
1544824028.53
1544824028.59
1544824028.64
1544824028.7
1544824028.76
1544824028.81
1544824028.86
1544824028.91
1544824028.96
1544824029.01
1544824029.07
1544824029.14
1544824029.18
1544824029.23
1544824029.28
1544824029.34
1544824029.39
1544824029.45
1544824029.5
1544824029.57
1544824029.61
1544824029.66
1544824029.72
1544824029.78
1544824029.85
1544824029.91
1544824029.98
1544824030.04
1544824030.1
1544824030.17
1544824030.21
1544824030.25
1544824030.31
1544824030.36
1544824030.4
1544824030.49
1544824030.54
1544824030.58
1544824030.62
1544824030.68
1544824030.73
1544824030.76
1544824030.8
1544824030.84
1544824030.88
1544824030.93
1544824030.97
1544824031.02
1544824031.06
1544824031.11
1544824031.16
1544824031.2
1544824031.24
1544824031.28
1544824031.31
1544824031.35
1544824031.39
1544824031.44
1544824031.49
1544824031.53
1544824031.57
1544824031.6
1544824031.68
1544824031.73
1544824031.78
1544824031.82
1544824031.88
1544824031.92
1544824031.96
1544824031.99
1544824032.03
1544824032.08
1544824032.14
1544824032.18
1544824032.22
1544824032.28
1544824032.34
1544824032.38
1544824032.43
1544824032.49
1544824032.53
1544824032.57
1544824032.6
1544824032.64
1544824032.69
1544824032.74
1544824032.78
1544824032.81
1544824032.88
1544824032.93
1544824032.97
1544824033.01
1544824033.07
1544824033.11
1544824033.15
1544824033.19
1544824033.23
1544824033.28
1544824033.32
1544824033.37
1544824033.4
1544824033.45
1544824033.52
1544824033.56
1544824033.59
1544824033.64
1544824033.68
1544824033.76
1544824033.8
1544824033.84
1544824033.88
1544824033.96
1544824034.03
1544824034.08
1544824034.13
1544824034.2
1544824034.28
1544824034.34
1544824034.4
1544824034.47
1544824034.54
1544824034.63
1544824034.7
1544824034.78
1544824034.84
1544824034.91
1544824034.98
1544824035.04
1544824035.1
1544824035.15
1544824035.2
1544824035.25
1544824035.29
1544824035.33
1544824035.38
1544824035.45
1544824035.5
1544824035.55
1544824035.61
1544824035.67
1544824035.72
1544824035.76
1544824035.83
1544824035.88
1544824035.92
1544824035.97
1544824036.05
1544824036.11
1544824036.15
1544824036.2
1544824036.29
1544824036.34
1544824036.39
1544824036.46
1544824036.52
1544824036.58
1544824036.61
1544824036.67
1544824036.71
1544824036.76
1544824036.83
1544824036.88
1544824036.92
1544824036.96
1544824036.99
1544824037.03
1544824037.08
1544824037.12
1544824037.16
1544824037.25
1544824037.29
1544824037.33
1544824037.37
1544824037.44
1544824037.49
1544824037.52
1544824037.57
1544824037.62
1544824037.67
1544824037.71
1544824037.75
1544824037.82
1544824037.88
1544824037.91
1544824037.95
1544824037.99
1544824038.06
1544824038.11
1544824038.15
1544824038.22
1544824038.3
1544824038.35
1544824038.39
1544824038.43
1544824038.48
1544824038.52
1544824038.57
1544824038.64
1544824038.68
1544824038.73
1544824038.77
1544824038.85
1544824038.9
1544824038.94
1544824039.0
1544824039.06
1544824039.11
1544824039.16
1544824039.2
1544824039.26
1544824039.3
1544824039.34
1544824039.37
1544824039.44
1544824039.49
1544824039.53
1544824039.56
1544824039.61
1544824039.66
1544824039.71
1544824039.76
1544824039.83
1544824039.89
1544824039.94
1544824039.99
1544824040.04
1544824040.09
1544824040.14
1544824040.18
1544824040.23
1544824040.29
1544824040.34
1544824040.38
1544824040.42
1544824040.46
1544824040.5
1544824040.54
1544824040.58
1544824040.64
1544824040.69
1544824040.72
1544824040.77
1544824040.84
1544824040.88
1544824040.92
1544824040.95
1544824040.99
1544824041.04
1544824041.09
1544824041.14
1544824041.18
1544824041.24
1544824041.3
1544824041.34
1544824041.38
1544824041.43
1544824041.47
1544824041.51
1544824041.55
1544824041.62
1544824041.67
1544824041.71
1544824041.76
1544824041.81
1544824041.86
1544824041.92
1544824041.96
1544824042.01
1544824042.05
1544824042.1
1544824042.14
1544824042.19
1544824042.25
1544824042.29
1544824042.34
1544824042.38
1544824042.43
1544824042.49
1544824042.53
1544824042.57
1544824042.62
1544824042.69
1544824042.73
1544824042.79
1544824042.83
1544824042.88
1544824042.92
1544824042.96
1544824043.04
1544824043.1
1544824043.14
1544824043.2
1544824043.24
1544824043.29
1544824043.34
1544824043.39
1544824043.46
1544824043.51
1544824043.55
1544824043.63
1544824043.68
1544824043.72
1544824043.76
1544824043.82
1544824043.88
1544824043.93
1544824043.96
1544824044.04
1544824044.08
1544824044.13
1544824044.17
1544824044.22
1544824044.29
1544824044.34
1544824044.39
1544824044.45
1544824044.5
1544824044.54
1544824044.58
1544824044.64
1544824044.69
1544824044.72
1544824044.77
1544824044.85
1544824044.88
1544824044.92
1544824044.96
1544824045.03
1544824045.08
1544824045.12
1544824045.15
1544824045.23
1544824045.28
1544824045.32
1544824045.36
1544824045.41
1544824045.47
1544824045.52
1544824045.56
1544824045.63
1544824045.69
1544824045.73
1544824045.78
1544824045.83
1544824045.89
1544824045.94
1544824045.98
1544824046.06
1544824046.1
1544824046.14
1544824046.18
1544824046.25
1544824046.29
1544824046.35
1544824046.41
1544824046.47
1544824046.51
1544824046.56
1544824046.62
1544824046.68
1544824046.71
1544824046.75
1544824046.79
1544824046.87
1544824046.93
1544824046.97
1544824047.02
1544824047.09
1544824047.14
1544824047.2
1544824047.28
1544824047.35
1544824047.4
1544824047.45
1544824047.49
1544824047.53
1544824047.58
1544824047.63
1544824047.69
1544824047.73
1544824047.77
1544824047.85
1544824047.9
1544824047.94
1544824047.97
1544824048.02
1544824048.08
1544824048.13
1544824048.18
1544824048.24
1544824048.29
1544824048.36
1544824048.41
1544824048.46
1544824048.52
1544824048.58
1544824048.61
1544824048.65
1544824048.73
1544824048.8
1544824048.87
1544824048.94
1544824049.0
1544824049.06
1544824049.14
1544824049.19
1544824049.24
1544824049.29
1544824049.33
1544824049.38
1544824049.47
1544824049.55
1544824049.6
1544824049.65
1544824049.7
1544824049.76
1544824049.82
1544824049.87
1544824049.93
1544824050.0
1544824050.06
1544824050.13
1544824050.19
1544824050.26
1544824050.31
1544824050.36
1544824050.43
1544824050.49
1544824050.56
1544824050.63
1544824050.7
1544824050.78
1544824050.83
1544824050.89
1544824050.95
1544824051.02
1544824051.08
1544824051.14
1544824051.21
1544824051.24
1544824051.28
1544824051.33
1544824051.4
1544824051.43
1544824051.47
1544824051.52
1544824051.6
1544824051.65
1544824051.69
1544824051.74
1544824051.82
1544824051.86
1544824051.91
1544824051.96
1544824052.03
1544824052.08
1544824052.1
1544824052.16
1544824052.23
1544824052.26
1544824052.32
1544824052.37
1544824052.42
1544824052.46
1544824052.53
1544824052.59
1544824052.66
1544824052.72
1544824052.78
1544824052.85
1544824052.92
1544824052.98
1544824053.02
1544824053.06
1544824053.13
1544824053.2
1544824053.3
1544824053.39
1544824053.48
1544824053.55
1544824053.61
1544824053.65
1544824053.72
1544824053.76
1544824053.8
1544824053.84
1544824053.88
1544824053.92
1544824053.96
1544824054.0
1544824054.03
1544824054.07
1544824054.13
1544824054.19
1544824054.23
1544824054.26
1544824054.3
1544824054.34
1544824054.38
1544824054.41
1544824054.45
1544824054.49
1544824054.53
1544824054.58
1544824054.61
1544824054.65
1544824054.68
1544824054.72
1544824054.75
1544824054.8
1544824054.84
1544824054.87
1544824054.94
1544824055.01
1544824055.05
1544824055.08
1544824055.13
1544824055.17
1544824055.22
1544824055.25
1544824055.29
1544824055.33
1544824055.38
1544824055.42
1544824055.46
1544824055.5
1544824055.55
1544824055.61
1544824055.64
1544824055.68
1544824055.75
1544824055.8
1544824055.84
1544824055.88
1544824055.93
1544824055.97
1544824056.02
1544824056.05
1544824056.09
1544824056.13
1544824056.16
1544824056.22
1544824056.26
1544824056.29
1544824056.36
1544824056.42
1544824056.46
1544824056.51
1544824056.56
1544824056.61
1544824056.64
1544824056.68
1544824056.72
1544824056.77
1544824056.83
1544824056.87
1544824056.92
1544824056.96
1544824057.0
1544824057.04
1544824057.08
1544824057.12
1544824057.17
1544824057.21
1544824057.24
1544824057.28
1544824057.33
1544824057.38
1544824057.42
1544824057.46
1544824057.5
1544824057.55
1544824057.6
1544824057.64
1544824057.67
1544824057.73
1544824057.78
1544824057.82
1544824057.86
1544824057.89
1544824057.94
1544824057.98
1544824058.02
1544824058.06
1544824058.09
1544824058.15
1544824058.22
1544824058.25
1544824058.28
1544824058.32
1544824058.36
1544824058.41
1544824058.45
1544824058.49
1544824058.53
1544824058.58
1544824058.61
1544824058.65
1544824058.69
1544824058.74
1544824058.77
1544824058.81
1544824058.85
1544824058.91
1544824058.98
1544824059.04
1544824059.09
1544824059.16
1544824059.22
1544824059.27
1544824059.32
1544824059.37
1544824059.41
1544824059.46
1544824059.52
1544824059.57
1544824059.62
1544824059.67
1544824059.72
1544824059.76
1544824059.83
1544824059.89
1544824059.95
1544824060.01
1544824060.06
1544824060.12
1544824060.16
1544824060.2
1544824060.26
1544824060.33
1544824060.38
1544824060.43
1544824060.47
1544824060.52
1544824060.57
1544824060.62
1544824060.67
1544824060.7
1544824060.76
1544824060.81
1544824060.89
1544824060.94
1544824061.0
1544824061.07
1544824061.1
1544824061.16
1544824061.22
1544824061.28
1544824061.34
1544824061.4
1544824061.46
1544824061.53
1544824061.58
1544824061.62
1544824061.66
1544824061.72
1544824061.78
1544824061.84
1544824061.9
1544824061.96
1544824062.02
1544824062.07
1544824062.13
1544824062.18
1544824062.23
1544824062.27
1544824062.33
1544824062.39
1544824062.43
1544824062.48
1544824062.54
1544824062.59
1544824062.63
1544824062.67
1544824062.74
1544824062.79
1544824062.85
1544824062.88
1544824062.95
1544824063.0
1544824063.05
1544824063.09
1544824063.16
1544824063.2
1544824063.25
1544824063.33
1544824063.37
1544824063.42
1544824063.47
1544824063.52
1544824063.58
1544824063.62
1544824063.66
1544824063.71
1544824063.78
1544824063.82
1544824063.85
1544824063.91
1544824063.98
1544824064.02
1544824064.06
1544824064.13
1544824064.18
1544824064.23
1544824064.26
1544824064.33
1544824064.38
1544824064.41
1544824064.44
1544824064.52
1544824064.58
1544824064.62
1544824064.66
1544824064.74
1544824064.8
1544824064.84
1544824064.89
1544824064.96
1544824064.99
1544824065.03
1544824065.06
1544824065.11
1544824065.16
1544824065.21
1544824065.25
1544824065.33
1544824065.39
1544824065.43
1544824065.47
1544824065.52
1544824065.57
1544824065.62
1544824065.65
1544824065.68
1544824065.75
1544824065.79
1544824065.83
1544824065.87
1544824065.91
1544824065.95
1544824066.0
1544824066.04
1544824066.08
1544824066.15
1544824066.19
1544824066.23
1544824066.27
1544824066.34
1544824066.38
1544824066.43
1544824066.46
1544824066.5
1544824066.55
1544824066.6
1544824066.64
1544824066.71
1544824066.76
1544824066.81
1544824066.85
1544824066.93
1544824066.98
1544824067.02
1544824067.06
1544824067.13
1544824067.18
1544824067.23
1544824067.28
1544824067.38
1544824067.41
1544824067.48
1544824067.54
1544824067.6
1544824067.65
1544824067.7
1544824067.76
1544824067.8
1544824067.86
1544824067.93
1544824067.98
1544824068.03
1544824068.06
1544824068.14
1544824068.19
1544824068.24
1544824068.28
1544824068.35
1544824068.4
1544824068.45
1544824068.49
1544824068.53
1544824068.58
1544824068.61
1544824068.65
1544824068.69
1544824068.74
1544824068.78
1544824068.83
1544824068.88
1544824068.91
1544824068.95
1544824068.98
1544824069.02
1544824069.06
1544824069.09
1544824069.13
1544824069.18
1544824069.23
1544824069.26
1544824069.33
1544824069.37
1544824069.41
1544824069.46
1544824069.49
1544824069.55
1544824069.59
1544824069.63
1544824069.67
1544824069.73
1544824069.78
1544824069.83
1544824069.89
1544824069.97
1544824070.01
1544824070.07
1544824070.15
1544824070.22
1544824070.27
1544824070.32
1544824070.35
1544824070.4
1544824070.44
1544824070.48
1544824070.53
1544824070.58
1544824070.62
1544824070.66
1544824070.71
1544824070.77
1544824070.81
1544824070.86
1544824070.9
1544824070.97
1544824071.02
1544824071.08
1544824071.15
1544824071.2
1544824071.25
1544824071.3
1544824071.37
1544824071.42
1544824071.46
1544824071.52
1544824071.56
1544824071.6
1544824071.64
1544824071.68
1544824071.73
1544824071.78
1544824071.82
1544824071.86
1544824071.93
1544824072.0
1544824072.05
1544824072.11
1544824072.18
1544824072.22
1544824072.26
1544824072.35
1544824072.39
1544824072.44
1544824072.47
1544824072.52
1544824072.57
1544824072.63
1544824072.67
1544824072.73
1544824072.79
1544824072.83
1544824072.88
1544824072.93
1544824072.98
1544824073.02
1544824073.06
1544824073.16
1544824073.21
1544824073.26
1544824073.3
1544824073.36
1544824073.4
1544824073.45
1544824073.49
1544824073.54
1544824073.59
1544824073.63
1544824073.69
1544824073.75
1544824073.8
1544824073.84
1544824073.88
1544824073.93
1544824073.97
1544824074.0
1544824074.05
1544824074.11
1544824074.16
1544824074.21
1544824074.25
1544824074.32
1544824074.38
1544824074.42
1544824074.46
1544824074.5
1544824074.54
1544824074.59
1544824074.63
1544824074.67
1544824074.72
1544824074.76
1544824074.81
1544824074.85
1544824074.92
1544824074.98
1544824075.04
1544824075.1
1544824075.16
1544824075.21
1544824075.26
1544824075.3
1544824075.34
1544824075.4
1544824075.45
1544824075.51
1544824075.56
1544824075.61
1544824075.66
1544824075.74
1544824075.79
1544824075.88
1544824075.97
1544824076.02
1544824076.07
1544824076.11
1544824076.15
1544824076.19
1544824076.24
1544824076.29
1544824076.33
1544824076.38
1544824076.45
1544824076.51
1544824076.55
1544824076.6
1544824076.65
1544824076.69
1544824076.73
1544824076.79
1544824076.84
1544824076.89
1544824076.93
1544824076.97
1544824077.03
1544824077.09
1544824077.14
1544824077.2
1544824077.28
1544824077.33
1544824077.37
1544824077.41
1544824077.46
1544824077.5
1544824077.55
1544824077.61
1544824077.67
1544824077.71
1544824077.75
1544824077.79
1544824077.86
1544824077.91
1544824077.95
1544824077.99
1544824078.06
1544824078.11
1544824078.14
1544824078.18
1544824078.22
1544824078.28
1544824078.32
1544824078.37
1544824078.43
1544824078.5
1544824078.57
1544824078.65
1544824078.72
1544824078.79
1544824078.88
1544824078.95
1544824079.02
1544824079.08
1544824079.15
1544824079.22
1544824079.28
1544824079.35
1544824079.39
1544824079.44
1544824079.48
1544824079.53
1544824079.59
1544824079.67
1544824079.73
1544824079.8
1544824079.87
1544824079.93
1544824079.99
1544824080.06
1544824080.12
1544824080.19
1544824080.27
