1544824279.37
1544824280.02
1544824280.1
1544824280.18
1544824280.26
1544824280.34
1544824280.42
1544824280.5
1544824280.57
1544824280.65
1544824280.71
1544824280.76
1544824280.86
1544824280.95
1544824281.0
1544824281.06
1544824281.13
1544824281.19
1544824281.26
1544824281.36
1544824281.44
1544824281.53
1544824281.6
1544824281.7
1544824281.8
1544824281.88
1544824281.97
1544824282.03
1544824282.11
1544824282.18
1544824282.22
1544824282.26
1544824282.33
1544824282.39
1544824282.47
1544824282.54
1544824282.61
1544824282.68
1544824282.73
1544824282.8
1544824282.84
1544824282.9
1544824282.96
1544824283.01
1544824283.05
1544824283.09
1544824283.16
1544824283.2
1544824283.25
1544824283.31
1544824283.37
1544824283.42
1544824283.47
1544824283.51
1544824283.58
1544824283.62
1544824283.68
1544824283.77
1544824283.8
1544824283.85
1544824283.9
1544824283.98
1544824284.01
1544824284.06
1544824284.1
1544824284.17
1544824284.21
1544824284.26
1544824284.33
1544824284.4
1544824284.45
1544824284.51
1544824284.6
1544824284.64
1544824284.68
1544824284.74
1544824284.8
1544824284.84
1544824284.88
1544824284.96
1544824285.02
1544824285.06
1544824285.13
1544824285.18
1544824285.23
1544824285.28
1544824285.35
1544824285.4
1544824285.44
1544824285.49
1544824285.58
1544824285.63
1544824285.66
1544824285.7
1544824285.74
1544824285.78
1544824285.82
1544824285.86
1544824285.91
1544824285.97
1544824286.02
1544824286.06
1544824286.1
1544824286.15
1544824286.19
1544824286.24
1544824286.27
1544824286.32
1544824286.37
1544824286.41
1544824286.45
1544824286.48
1544824286.55
1544824286.6
1544824286.64
1544824286.68
1544824286.72
1544824286.76
1544824286.8
1544824286.84
1544824286.9
1544824286.96
1544824286.99
1544824287.04
1544824287.08
1544824287.15
1544824287.2
1544824287.24
1544824287.3
1544824287.36
1544824287.41
1544824287.45
1544824287.5
1544824287.56
1544824287.6
1544824287.66
1544824287.7
1544824287.74
1544824287.78
1544824287.83
1544824287.88
1544824287.94
1544824287.99
1544824288.04
1544824288.1
1544824288.17
1544824288.2
1544824288.24
1544824288.3
1544824288.37
1544824288.4
1544824288.48
1544824288.56
1544824288.6
1544824288.64
1544824288.69
1544824288.74
1544824288.79
1544824288.84
1544824288.89
1544824288.95
1544824288.99
1544824289.04
1544824289.11
1544824289.19
1544824289.23
1544824289.3
1544824289.37
1544824289.42
1544824289.46
1544824289.52
1544824289.59
1544824289.63
1544824289.69
1544824289.77
1544824289.82
1544824289.87
1544824289.96
1544824290.01
1544824290.06
1544824290.1
1544824290.15
1544824290.2
1544824290.24
1544824290.29
1544824290.38
1544824290.43
1544824290.48
1544824290.58
1544824290.62
1544824290.66
1544824290.7
1544824290.74
1544824290.78
1544824290.82
1544824290.87
1544824290.93
1544824290.98
1544824291.02
1544824291.05
1544824291.1
1544824291.16
1544824291.23
1544824291.28
1544824291.33
1544824291.39
1544824291.43
1544824291.49
1544824291.56
1544824291.61
1544824291.65
1544824291.75
1544824291.8
1544824291.84
1544824291.87
1544824291.94
1544824291.99
1544824292.03
1544824292.06
1544824292.11
1544824292.16
1544824292.21
1544824292.25
1544824292.29
1544824292.36
1544824292.41
1544824292.45
1544824292.53
1544824292.58
1544824292.63
1544824292.68
1544824292.73
1544824292.79
1544824292.83
1544824292.88
1544824292.94
1544824292.99
1544824293.05
1544824293.1
1544824293.16
1544824293.2
1544824293.24
1544824293.28
1544824293.33
1544824293.38
1544824293.42
1544824293.45
1544824293.53
1544824293.59
1544824293.65
1544824293.7
1544824293.76
1544824293.82
1544824293.88
1544824293.94
1544824294.01
1544824294.08
1544824294.15
1544824294.22
1544824294.3
1544824294.38
1544824294.46
1544824294.53
1544824294.57
1544824294.61
1544824294.65
1544824294.7
1544824294.75
1544824294.81
1544824294.86
1544824294.92
1544824294.99
1544824295.07
1544824295.15
1544824295.2
1544824295.25
1544824295.31
1544824295.36
1544824295.39
1544824295.43
1544824295.48
1544824295.54
1544824295.61
1544824295.66
1544824295.7
1544824295.76
1544824295.82
1544824295.86
1544824295.93
1544824295.99
1544824296.03
1544824296.08
1544824296.16
1544824296.21
1544824296.25
1544824296.31
1544824296.38
1544824296.44
1544824296.5
1544824296.55
1544824296.6
1544824296.64
1544824296.67
1544824296.76
1544824296.82
1544824296.86
1544824296.9
1544824296.97
1544824297.01
1544824297.06
1544824297.1
1544824297.17
1544824297.2
1544824297.24
1544824297.27
1544824297.3
1544824297.34
1544824297.38
1544824297.42
1544824297.48
1544824297.53
1544824297.58
1544824297.63
1544824297.67
1544824297.71
1544824297.74
1544824297.78
1544824297.86
1544824297.91
1544824297.95
1544824298.0
1544824298.07
1544824298.12
1544824298.18
1544824298.26
1544824298.34
1544824298.41
1544824298.48
1544824298.54
1544824298.58
1544824298.63
1544824298.69
1544824298.75
1544824298.83
1544824298.86
1544824298.91
1544824298.97
1544824299.03
1544824299.1
1544824299.21
1544824299.28
1544824299.33
1544824299.38
1544824299.44
1544824299.49
1544824299.56
1544824299.66
1544824299.77
1544824299.88
1544824299.94
1544824299.98
1544824300.03
1544824300.09
1544824300.18
1544824300.25
1544824300.31
1544824300.36
1544824300.42
1544824300.47
1544824300.52
1544824300.55
1544824300.59
1544824300.64
1544824300.68
1544824300.74
1544824300.78
1544824300.83
1544824300.89
1544824300.94
1544824300.98
1544824301.02
1544824301.07
1544824301.12
1544824301.15
1544824301.18
1544824301.23
1544824301.28
1544824301.33
1544824301.38
1544824301.43
1544824301.48
1544824301.53
1544824301.57
1544824301.6
1544824301.64
1544824301.69
1544824301.73
1544824301.78
1544824301.83
1544824301.89
1544824301.94
1544824301.98
1544824302.03
1544824302.13
1544824302.17
1544824302.22
1544824302.28
1544824302.33
1544824302.36
1544824302.39
1544824302.44
1544824302.5
1544824302.55
1544824302.59
1544824302.64
1544824302.7
1544824302.75
1544824302.78
1544824302.85
1544824302.94
1544824302.98
1544824303.03
1544824303.08
1544824303.12
1544824303.16
1544824303.2
1544824303.27
1544824303.32
1544824303.37
1544824303.41
1544824303.46
1544824303.5
1544824303.54
1544824303.58
1544824303.62
1544824303.68
1544824303.73
1544824303.77
1544824303.83
1544824303.91
1544824303.97
1544824304.02
1544824304.06
1544824304.1
1544824304.14
1544824304.18
1544824304.23
1544824304.29
1544824304.35
1544824304.39
1544824304.44
1544824304.49
1544824304.55
1544824304.59
1544824304.63
1544824304.68
1544824304.74
1544824304.78
1544824304.82
1544824304.9
1544824304.94
1544824304.98
1544824305.03
1544824305.07
1544824305.12
1544824305.17
1544824305.22
1544824305.28
1544824305.34
1544824305.38
1544824305.42
1544824305.49
1544824305.54
1544824305.58
1544824305.64
1544824305.7
1544824305.75
1544824305.78
1544824305.83
1544824305.88
1544824305.93
1544824305.98
1544824306.03
1544824306.12
1544824306.16
1544824306.22
1544824306.28
1544824306.33
1544824306.36
1544824306.4
1544824306.45
1544824306.51
1544824306.56
1544824306.61
1544824306.69
1544824306.75
1544824306.79
1544824306.84
1544824306.89
1544824306.93
1544824306.98
1544824307.02
1544824307.1
1544824307.15
1544824307.21
1544824307.3
1544824307.35
1544824307.39
1544824307.44
1544824307.5
1544824307.55
1544824307.6
1544824307.66
1544824307.73
1544824307.76
1544824307.82
1544824307.86
1544824307.95
1544824307.98
1544824308.02
1544824308.06
1544824308.14
1544824308.18
1544824308.23
1544824308.3
1544824308.35
1544824308.4
1544824308.45
1544824308.52
1544824308.56
1544824308.59
1544824308.67
1544824308.72
1544824308.77
1544824308.81
1544824308.86
1544824308.9
1544824308.94
1544824308.98
1544824309.02
1544824309.12
1544824309.16
1544824309.23
1544824309.29
1544824309.34
1544824309.38
1544824309.43
1544824309.48
1544824309.54
1544824309.6
1544824309.65
1544824309.71
1544824309.77
1544824309.82
1544824309.86
1544824309.91
1544824309.97
1544824310.05
1544824310.12
1544824310.2
1544824310.28
1544824310.35
1544824310.4
1544824310.45
1544824310.55
1544824310.63
1544824310.69
1544824310.74
1544824310.81
1544824310.88
1544824310.92
1544824310.97
1544824311.03
1544824311.09
1544824311.14
1544824311.19
1544824311.24
1544824311.32
1544824311.39
1544824311.47
1544824311.56
1544824311.6
1544824311.66
1544824311.71
1544824311.79
1544824311.86
1544824311.92
1544824311.98
1544824312.05
1544824312.12
1544824312.18
1544824312.24
1544824312.3
1544824312.38
1544824312.49
1544824312.58
1544824312.65
1544824312.72
1544824312.78
1544824312.85
1544824312.93
1544824312.98
1544824313.04
1544824313.12
1544824313.16
1544824313.21
1544824313.25
1544824313.3
1544824313.37
1544824313.45
1544824313.52
1544824313.62
1544824313.68
1544824313.72
1544824313.76
1544824313.81
1544824313.88
1544824313.93
1544824314.0
1544824314.04
1544824314.08
1544824314.12
1544824314.16
1544824314.2
1544824314.25
1544824314.29
1544824314.33
1544824314.4
1544824314.46
1544824314.5
1544824314.55
1544824314.64
1544824314.69
1544824314.74
1544824314.8
1544824314.83
1544824314.87
1544824314.91
1544824314.98
1544824315.03
1544824315.07
1544824315.11
1544824315.18
1544824315.25
1544824315.29
1544824315.34
1544824315.41
1544824315.46
1544824315.49
1544824315.55
1544824315.6
1544824315.64
1544824315.68
1544824315.72
1544824315.75
1544824315.82
1544824315.85
1544824315.89
1544824315.92
1544824315.96
1544824316.02
1544824316.06
1544824316.1
1544824316.15
1544824316.21
1544824316.25
1544824316.28
1544824316.34
1544824316.4
1544824316.46
1544824316.49
1544824316.57
1544824316.63
1544824316.67
1544824316.71
1544824316.76
1544824316.8
1544824316.85
1544824316.89
1544824316.92
1544824316.96
1544824317.03
1544824317.07
1544824317.11
1544824317.17
1544824317.21
1544824317.25
1544824317.3
1544824317.34
1544824317.39
1544824317.44
1544824317.48
1544824317.53
1544824317.6
1544824317.63
1544824317.68
1544824317.72
1544824317.78
1544824317.83
1544824317.88
1544824317.93
1544824318.0
1544824318.03
1544824318.09
1544824318.15
1544824318.21
1544824318.24
1544824318.29
1544824318.35
1544824318.41
1544824318.46
1544824318.5
1544824318.57
1544824318.63
1544824318.69
1544824318.75
1544824318.82
1544824318.86
1544824318.91
1544824318.97
1544824319.03
1544824319.07
1544824319.13
1544824319.22
1544824319.27
1544824319.31
1544824319.36
1544824319.4
1544824319.44
1544824319.49
1544824319.54
1544824319.59
1544824319.63
1544824319.66
1544824319.7
1544824319.76
1544824319.83
1544824319.87
1544824319.91
1544824319.95
1544824319.99
1544824320.05
1544824320.09
1544824320.13
1544824320.18
1544824320.24
1544824320.28
1544824320.34
1544824320.41
1544824320.47
1544824320.53
1544824320.6
1544824320.65
1544824320.7
1544824320.76
1544824320.82
1544824320.87
1544824320.91
1544824320.98
1544824321.04
1544824321.09
1544824321.18
1544824321.24
1544824321.28
1544824321.31
1544824321.36
1544824321.42
1544824321.46
1544824321.51
1544824321.59
1544824321.63
1544824321.69
1544824321.77
1544824321.83
1544824321.88
1544824321.96
1544824322.02
1544824322.08
1544824322.12
1544824322.18
1544824322.22
1544824322.26
1544824322.3
1544824322.35
1544824322.42
1544824322.46
1544824322.51
1544824322.58
1544824322.63
1544824322.66
1544824322.7
1544824322.75
1544824322.82
1544824322.86
1544824322.89
1544824322.95
1544824323.0
1544824323.06
1544824323.1
1544824323.14
1544824323.18
1544824323.22
1544824323.26
1544824323.29
1544824323.36
1544824323.41
1544824323.45
1544824323.48
1544824323.54
1544824323.6
1544824323.66
1544824323.7
1544824323.76
1544824323.84
1544824323.89
1544824323.95
1544824324.02
1544824324.12
1544824324.18
1544824324.24
1544824324.32
1544824324.4
1544824324.47
1544824324.54
1544824324.61
1544824324.67
1544824324.74
1544824324.79
1544824324.84
1544824324.91
1544824324.96
1544824325.0
1544824325.05
1544824325.1
1544824325.18
1544824325.24
1544824325.3
1544824325.34
1544824325.43
1544824325.5
1544824325.55
1544824325.61
1544824325.66
1544824325.72
1544824325.78
1544824325.83
1544824325.89
1544824325.94
1544824326.03
1544824326.1
1544824326.17
1544824326.22
1544824326.27
1544824326.32
1544824326.38
1544824326.43
1544824326.48
1544824326.53
1544824326.6
1544824326.65
1544824326.69
1544824326.74
1544824326.79
1544824326.83
1544824326.87
1544824326.92
1544824326.98
1544824327.04
1544824327.08
1544824327.14
1544824327.19
1544824327.25
1544824327.3
1544824327.39
1544824327.44
1544824327.48
1544824327.54
1544824327.59
1544824327.63
1544824327.68
1544824327.73
1544824327.78
1544824327.84
1544824327.88
1544824327.92
1544824327.97
1544824328.02
1544824328.06
1544824328.1
1544824328.15
1544824328.2
1544824328.25
1544824328.29
1544824328.33
1544824328.39
1544824328.46
1544824328.55
1544824328.64
1544824328.74
1544824328.84
1544824328.94
1544824329.0
1544824329.06
1544824329.11
1544824329.19
1544824329.26
1544824329.35
1544824329.44
1544824329.51
1544824329.55
1544824329.6
1544824329.68
1544824329.75
1544824329.83
1544824329.88
1544824329.93
1544824329.98
1544824330.03
1544824330.09
1544824330.16
1544824330.21
1544824330.25
1544824330.29
1544824330.34
1544824330.39
1544824330.42
1544824330.45
1544824330.5
1544824330.59
1544824330.63
1544824330.67
1544824330.73
1544824330.8
1544824330.84
1544824330.89
1544824330.94
1544824330.99
1544824331.03
1544824331.07
1544824331.11
1544824331.19
1544824331.22
1544824331.27
1544824331.33
1544824331.39
1544824331.44
1544824331.48
1544824331.54
1544824331.6
1544824331.64
1544824331.68
1544824331.76
1544824331.81
1544824331.85
1544824331.9
1544824331.95
1544824331.99
1544824332.03
1544824332.07
1544824332.12
1544824332.16
1544824332.22
1544824332.26
1544824332.33
1544824332.39
1544824332.44
1544824332.48
1544824332.55
1544824332.62
1544824332.66
1544824332.71
1544824332.76
1544824332.81
1544824332.85
1544824332.89
1544824332.95
1544824332.99
1544824333.03
1544824333.07
1544824333.14
1544824333.19
1544824333.24
1544824333.29
1544824333.35
1544824333.4
1544824333.44
1544824333.48
1544824333.54
1544824333.59
1544824333.65
1544824333.71
1544824333.78
1544824333.84
1544824333.9
1544824333.95
1544824333.99
1544824334.03
1544824334.08
1544824334.16
1544824334.21
1544824334.24
1544824334.29
1544824334.37
1544824334.41
1544824334.44
1544824334.48
1544824334.53
1544824334.59
1544824334.64
1544824334.68
1544824334.71
1544824334.75
1544824334.8
1544824334.84
1544824334.88
1544824334.93
1544824334.97
1544824335.01
1544824335.04
1544824335.09
1544824335.15
1544824335.23
1544824335.26
1544824335.32
1544824335.38
1544824335.45
1544824335.52
1544824335.58
1544824335.62
1544824335.66
1544824335.72
1544824335.78
1544824335.83
1544824335.87
1544824335.92
1544824335.98
1544824336.02
1544824336.06
1544824336.11
1544824336.17
1544824336.21
1544824336.27
1544824336.32
1544824336.39
1544824336.44
1544824336.49
1544824336.54
1544824336.59
1544824336.64
1544824336.68
1544824336.75
1544824336.8
1544824336.84
1544824336.9
1544824336.94
1544824337.0
1544824337.04
1544824337.08
1544824337.14
1544824337.21
1544824337.25
1544824337.29
1544824337.34
1544824337.38
1544824337.42
1544824337.46
1544824337.5
1544824337.59
1544824337.63
1544824337.68
1544824337.75
1544824337.81
1544824337.85
1544824337.89
1544824337.95
1544824338.01
1544824338.05
1544824338.09
1544824338.13
1544824338.18
1544824338.23
1544824338.27
1544824338.31
1544824338.37
1544824338.41
1544824338.44
1544824338.48
1544824338.54
1544824338.59
1544824338.64
1544824338.7
1544824338.76
1544824338.8
1544824338.86
1544824338.91
1544824338.98
1544824339.02
1544824339.06
1544824339.13
1544824339.18
1544824339.22
1544824339.27
1544824339.34
1544824339.39
1544824339.43
1544824339.48
1544824339.54
1544824339.59
1544824339.64
1544824339.68
1544824339.72
1544824339.75
1544824339.79
1544824339.83
1544824339.86
1544824339.95
1544824340.0
1544824340.04
1544824340.1
1544824340.19
1544824340.22
1544824340.26
1544824340.32
1544824340.39
1544824340.43
1544824340.49
1544824340.55
1544824340.62
1544824340.68
1544824340.74
1544824340.79
1544824340.88
1544824340.96
1544824341.0
1544824341.04
1544824341.09
1544824341.15
1544824341.19
1544824341.26
1544824341.34
1544824341.39
1544824341.44
1544824341.51
1544824341.59
1544824341.66
1544824341.72
1544824341.76
1544824341.84
1544824341.89
1544824341.95
1544824342.01
1544824342.07
1544824342.11
1544824342.15
1544824342.2
1544824342.28
1544824342.33
1544824342.4
1544824342.43
1544824342.49
1544824342.54
1544824342.63
1544824342.69
1544824342.77
1544824342.83
1544824342.9
1544824342.95
1544824343.03
1544824343.08
1544824343.14
1544824343.21
1544824343.28
1544824343.35
1544824343.42
1544824343.48
1544824343.53
1544824343.59
1544824343.68
1544824343.74
1544824343.8
1544824343.85
1544824343.9
1544824343.94
1544824343.98
1544824344.04
1544824344.08
1544824344.13
1544824344.17
1544824344.22
1544824344.28
1544824344.32
1544824344.36
1544824344.46
1544824344.52
1544824344.56
1544824344.64
1544824344.68
1544824344.73
1544824344.78
1544824344.88
1544824344.93
1544824344.97
1544824345.04
1544824345.11
1544824345.16
1544824345.23
1544824345.28
1544824345.31
1544824345.35
1544824345.42
1544824345.49
1544824345.53
1544824345.58
1544824345.66
1544824345.69
1544824345.74
1544824345.79
1544824345.83
1544824345.87
1544824345.9
1544824345.94
1544824346.0
1544824346.07
1544824346.12
1544824346.15
1544824346.19
1544824346.23
1544824346.28
1544824346.33
1544824346.38
1544824346.44
1544824346.49
1544824346.52
1544824346.56
1544824346.61
1544824346.65
1544824346.69
1544824346.73
1544824346.77
1544824346.81
1544824346.87
1544824346.91
1544824346.96
1544824347.03
1544824347.08
1544824347.12
1544824347.16
1544824347.23
1544824347.28
1544824347.32
1544824347.35
1544824347.4
1544824347.51
1544824347.56
1544824347.62
1544824347.69
1544824347.74
1544824347.81
1544824347.88
1544824347.93
1544824347.96
1544824348.04
1544824348.08
1544824348.12
1544824348.15
1544824348.19
1544824348.28
1544824348.33
1544824348.39
1544824348.45
1544824348.51
1544824348.56
1544824348.62
1544824348.66
1544824348.7
1544824348.73
1544824348.77
1544824348.81
1544824348.84
1544824348.89
1544824348.94
1544824348.98
1544824349.01
1544824349.06
1544824349.11
1544824349.15
1544824349.18
1544824349.24
1544824349.28
1544824349.33
1544824349.37
1544824349.41
1544824349.46
1544824349.52
1544824349.55
1544824349.58
1544824349.62
1544824349.66
1544824349.7
1544824349.73
1544824349.76
1544824349.81
1544824349.85
1544824349.89
1544824349.93
1544824349.96
1544824350.0
1544824350.05
1544824350.11
1544824350.15
1544824350.18
1544824350.23
1544824350.28
1544824350.32
1544824350.36
1544824350.39
1544824350.44
1544824350.48
1544824350.53
1544824350.56
1544824350.59
1544824350.65
1544824350.7
1544824350.75
1544824350.79
1544824350.86
1544824350.92
1544824350.95
1544824350.99
1544824351.05
1544824351.1
1544824351.13
1544824351.17
1544824351.22
1544824351.27
1544824351.32
1544824351.35
1544824351.39
1544824351.43
1544824351.46
1544824351.5
1544824351.54
1544824351.58
1544824351.62
1544824351.66
1544824351.69
1544824351.73
1544824351.77
1544824351.8
1544824351.84
1544824351.9
1544824351.94
1544824351.98
1544824352.06
1544824352.12
1544824352.16
1544824352.19
1544824352.25
1544824352.29
1544824352.33
1544824352.38
1544824352.45
1544824352.49
1544824352.53
1544824352.58
1544824352.63
1544824352.68
1544824352.73
1544824352.77
1544824352.84
1544824352.89
1544824352.96
1544824353.01
1544824353.06
1544824353.1
1544824353.14
1544824353.2
1544824353.27
1544824353.32
1544824353.36
1544824353.41
1544824353.5
1544824353.55
1544824353.63
1544824353.68
1544824353.73
1544824353.81
1544824353.87
1544824353.91
1544824353.95
1544824354.02
1544824354.06
1544824354.09
1544824354.14
1544824354.19
1544824354.26
1544824354.29
1544824354.33
1544824354.37
1544824354.42
1544824354.45
1544824354.49
1544824354.53
1544824354.56
1544824354.63
1544824354.68
1544824354.71
1544824354.75
1544824354.81
1544824354.87
1544824354.9
1544824354.95
1544824355.02
1544824355.08
1544824355.12
1544824355.16
1544824355.21
1544824355.26
1544824355.3
1544824355.35
1544824355.4
1544824355.45
1544824355.49
1544824355.53
1544824355.57
1544824355.61
1544824355.67
1544824355.71
1544824355.75
1544824355.8
1544824355.87
1544824355.9
1544824355.95
1544824356.02
1544824356.08
1544824356.13
1544824356.16
1544824356.23
1544824356.27
1544824356.31
1544824356.35
1544824356.39
1544824356.44
1544824356.48
1544824356.53
1544824356.57
1544824356.63
1544824356.68
1544824356.71
1544824356.76
1544824356.83
1544824356.89
1544824356.93
1544824356.98
1544824357.05
1544824357.11
1544824357.16
1544824357.23
1544824357.28
1544824357.32
1544824357.38
1544824357.44
1544824357.48
1544824357.52
1544824357.57
1544824357.67
1544824357.7
1544824357.74
1544824357.78
1544824357.85
1544824357.89
1544824357.93
1544824357.99
1544824358.05
1544824358.1
1544824358.15
1544824358.2
1544824358.27
1544824358.3
1544824358.38
1544824358.48
1544824358.53
1544824358.58
1544824358.64
1544824358.7
1544824358.75
1544824358.8
1544824358.87
1544824358.92
1544824358.96
1544824359.0
1544824359.07
1544824359.11
1544824359.16
1544824359.2
1544824359.28
1544824359.33
1544824359.37
1544824359.44
1544824359.49
1544824359.54
1544824359.61
1544824359.68
1544824359.72
1544824359.76
1544824359.8
1544824359.84
1544824359.88
1544824359.93
1544824359.97
1544824360.04
1544824360.09
1544824360.15
1544824360.19
1544824360.25
1544824360.29
1544824360.33
1544824360.37
1544824360.41
1544824360.49
1544824360.53
1544824360.56
1544824360.6
1544824360.67
1544824360.72
1544824360.76
1544824360.8
1544824360.85
1544824360.89
1544824360.93
1544824360.97
1544824361.03
1544824361.07
1544824361.12
1544824361.15
1544824361.19
1544824361.22
1544824361.26
1544824361.29
1544824361.33
1544824361.39
1544824361.45
1544824361.49
1544824361.54
1544824361.58
1544824361.65
1544824361.7
1544824361.75
1544824361.79
1544824361.86
1544824361.89
1544824361.94
1544824361.99
1544824362.05
1544824362.1
1544824362.14
1544824362.18
1544824362.24
1544824362.29
1544824362.33
1544824362.37
1544824362.42
1544824362.46
1544824362.52
1544824362.59
1544824362.66
1544824362.71
1544824362.78
1544824362.86
1544824362.94
1544824363.03
1544824363.13
1544824363.22
1544824363.29
1544824363.35
1544824363.44
1544824363.52
1544824363.59
1544824363.66
1544824363.72
1544824363.79
1544824363.86
1544824363.93
1544824364.01
1544824364.07
1544824364.16
1544824364.24
1544824364.32
1544824364.39
1544824364.44
1544824364.48
1544824364.53
1544824364.57
1544824364.62
1544824364.67
1544824364.74
1544824364.78
1544824364.84
1544824364.89
1544824364.94
1544824364.99
1544824365.06
1544824365.13
1544824365.18
1544824365.23
1544824365.29
1544824365.34
1544824365.38
1544824365.44
1544824365.51
1544824365.56
1544824365.6
1544824365.67
1544824365.73
1544824365.77
1544824365.81
1544824365.84
1544824365.89
1544824365.95
1544824365.98
1544824366.03
1544824366.07
1544824366.11
1544824366.16
1544824366.2
1544824366.25
1544824366.32
1544824366.36
1544824366.41
1544824366.48
1544824366.53
1544824366.57
1544824366.61
1544824366.69
1544824366.74
1544824366.78
1544824366.82
1544824366.88
1544824366.93
1544824366.97
1544824367.03
1544824367.1
1544824367.14
1544824367.19
1544824367.24
1544824367.31
1544824367.35
1544824367.4
1544824367.46
1544824367.52
1544824367.55
1544824367.59
1544824367.64
1544824367.7
1544824367.74
1544824367.78
1544824367.83
1544824367.89
1544824367.93
1544824367.97
1544824368.01
1544824368.07
1544824368.14
1544824368.18
1544824368.22
1544824368.28
1544824368.33
1544824368.37
1544824368.44
1544824368.5
1544824368.54
1544824368.59
1544824368.67
1544824368.73
1544824368.76
1544824368.81
1544824368.89
1544824368.94
1544824368.99
1544824369.05
1544824369.09
1544824369.14
1544824369.18
1544824369.24
1544824369.31
1544824369.35
1544824369.39
1544824369.44
1544824369.49
1544824369.55
1544824369.6
1544824369.64
1544824369.68
1544824369.73
1544824369.77
1544824369.81
1544824369.88
1544824369.93
1544824369.98
1544824370.02
1544824370.06
1544824370.14
1544824370.18
1544824370.23
1544824370.3
1544824370.38
1544824370.44
1544824370.52
1544824370.59
1544824370.65
1544824370.73
1544824370.8
1544824370.88
1544824370.95
1544824370.99
1544824371.03
1544824371.07
1544824371.12
1544824371.18
1544824371.25
1544824371.32
1544824371.39
1544824371.48
1544824371.55
1544824371.6
1544824371.65
1544824371.71
1544824371.79
1544824371.88
1544824371.94
1544824371.98
1544824372.04
1544824372.11
1544824372.18
1544824372.23
1544824372.29
1544824372.35
1544824372.41
1544824372.46
1544824372.52
1544824372.55
1544824372.6
1544824372.66
1544824372.71
1544824372.75
1544824372.8
1544824372.88
1544824372.93
1544824372.98
1544824373.04
1544824373.12
1544824373.17
1544824373.22
1544824373.28
1544824373.32
1544824373.36
1544824373.42
1544824373.49
1544824373.53
1544824373.58
1544824373.61
1544824373.67
1544824373.71
1544824373.76
1544824373.8
1544824373.85
1544824373.9
1544824373.94
1544824373.98
1544824374.02
1544824374.09
1544824374.14
1544824374.18
1544824374.24
1544824374.3
1544824374.35
1544824374.39
1544824374.43
1544824374.49
1544824374.54
1544824374.59
1544824374.65
1544824374.71
1544824374.77
1544824374.83
1544824374.9
1544824374.95
1544824375.02
1544824375.08
1544824375.16
1544824375.21
1544824375.3
1544824375.35
1544824375.4
1544824375.45
1544824375.51
1544824375.57
1544824375.61
1544824375.66
1544824375.71
1544824375.77
1544824375.83
1544824375.87
1544824375.95
1544824375.99
1544824376.03
1544824376.1
1544824376.18
1544824376.23
1544824376.28
1544824376.36
1544824376.42
1544824376.48
1544824376.54
1544824376.58
1544824376.61
1544824376.65
1544824376.7
1544824376.76
1544824376.81
1544824376.84
1544824376.89
1544824376.97
1544824377.01
1544824377.05
1544824377.11
1544824377.16
1544824377.21
1544824377.26
1544824377.31
1544824377.36
1544824377.4
1544824377.45
1544824377.5
1544824377.55
1544824377.6
1544824377.64
1544824377.69
1544824377.74
1544824377.79
1544824377.84
1544824377.88
1544824377.93
1544824377.98
1544824378.04
1544824378.1
1544824378.17
1544824378.21
1544824378.25
1544824378.31
1544824378.36
1544824378.4
1544824378.44
1544824378.49
1544824378.58
1544824378.63
1544824378.69
1544824378.78
1544824378.82
1544824378.86
1544824378.9
1544824378.98
1544824379.01
1544824379.06
1544824379.13
1544824379.19
1544824379.24
1544824379.29
1544824379.35
1544824379.4
1544824379.44
1544824379.48
1544824379.54
1544824379.59
1544824379.63
1544824379.68
1544824379.78
1544824379.83
1544824379.88
1544824379.96
1544824380.0
1544824380.05
1544824380.1
1544824380.18
1544824380.22
1544824380.26
1544824380.31
1544824380.36
1544824380.41
1544824380.45
1544824380.5
1544824380.58
1544824380.64
1544824380.69
1544824380.75
1544824380.79
1544824380.84
1544824380.89
1544824380.95
1544824381.0
1544824381.05
1544824381.1
1544824381.15
1544824381.21
1544824381.24
1544824381.31
1544824381.36
1544824381.41
1544824381.45
1544824381.5
1544824381.54
1544824381.59
1544824381.64
1544824381.68
1544824381.75
1544824381.8
1544824381.84
1544824381.88
1544824381.93
1544824381.98
1544824382.02
1544824382.08
1544824382.14
1544824382.18
1544824382.22
1544824382.26
1544824382.33
1544824382.38
1544824382.42
1544824382.48
1544824382.56
1544824382.63
1544824382.67
1544824382.73
1544824382.79
1544824382.84
1544824382.88
1544824382.96
1544824383.01
1544824383.04
1544824383.09
1544824383.15
1544824383.19
1544824383.23
1544824383.29
1544824383.37
1544824383.41
1544824383.44
1544824383.48
1544824383.52
1544824383.59
1544824383.64
1544824383.68
1544824383.76
1544824383.79
1544824383.83
1544824383.88
1544824383.96
1544824383.99
1544824384.04
1544824384.09
1544824384.15
1544824384.2
1544824384.25
1544824384.31
1544824384.37
1544824384.4
1544824384.45
1544824384.5
1544824384.55
1544824384.58
1544824384.63
1544824384.66
1544824384.73
1544824384.76
1544824384.82
1544824384.85
1544824384.92
1544824384.97
1544824385.01
1544824385.06
1544824385.11
1544824385.18
1544824385.23
1544824385.27
1544824385.35
1544824385.42
1544824385.47
1544824385.54
1544824385.62
1544824385.69
1544824385.75
1544824385.82
1544824385.88
1544824385.94
1544824386.01
1544824386.08
1544824386.14
1544824386.21
1544824386.28
1544824386.35
1544824386.43
1544824386.53
1544824386.61
1544824386.68
1544824386.74
1544824386.79
1544824386.88
1544824386.91
1544824386.98
1544824387.04
1544824387.08
1544824387.16
1544824387.21
1544824387.25
1544824387.31
1544824387.36
1544824387.4
1544824387.44
1544824387.48
1544824387.53
1544824387.58
1544824387.62
1544824387.65
1544824387.71
1544824387.75
1544824387.8
1544824387.85
1544824387.9
1544824387.95
1544824388.0
1544824388.05
1544824388.11
1544824388.18
1544824388.24
1544824388.3
1544824388.34
1544824388.38
1544824388.42
1544824388.47
1544824388.53
1544824388.57
1544824388.61
1544824388.66
1544824388.75
1544824388.8
1544824388.84
1544824388.89
1544824388.93
1544824388.97
1544824389.01
1544824389.05
1544824389.11
1544824389.17
1544824389.21
1544824389.26
1544824389.33
1544824389.38
1544824389.42
1544824389.46
1544824389.52
1544824389.58
1544824389.62
1544824389.66
1544824389.71
1544824389.77
1544824389.8
1544824389.84
1544824389.9
1544824389.96
1544824390.0
1544824390.04
1544824390.08
1544824390.15
1544824390.2
1544824390.25
1544824390.29
1544824390.38
1544824390.42
1544824390.46
1544824390.54
1544824390.6
1544824390.65
1544824390.68
1544824390.73
1544824390.77
1544824390.81
1544824390.85
1544824390.88
1544824390.95
1544824390.99
1544824391.03
1544824391.06
1544824391.11
1544824391.15
1544824391.2
1544824391.24
1544824391.27
1544824391.32
1544824391.41
1544824391.44
1544824391.48
1544824391.52
1544824391.57
1544824391.61
1544824391.65
1544824391.69
1544824391.73
1544824391.77
1544824391.81
1544824391.84
1544824391.88
1544824391.92
1544824391.95
1544824391.98
1544824392.03
1544824392.06
1544824392.11
1544824392.15
1544824392.19
1544824392.23
1544824392.26
1544824392.29
1544824392.36
1544824392.41
1544824392.45
1544824392.49
1544824392.54
1544824392.58
1544824392.62
1544824392.66
1544824392.69
1544824392.73
1544824392.8
1544824392.84
1544824392.87
1544824392.93
1544824392.98
1544824393.02
1544824393.06
1544824393.1
1544824393.16
1544824393.22
1544824393.25
1544824393.3
1544824393.34
1544824393.39
1544824393.43
1544824393.46
1544824393.5
1544824393.54
1544824393.59
1544824393.63
1544824393.67
1544824393.73
1544824393.77
1544824393.82
1544824393.85
1544824393.89
1544824393.93
1544824393.99
1544824394.04
1544824394.07
1544824394.13
1544824394.17
1544824394.22
1544824394.25
1544824394.29
1544824394.35
1544824394.41
1544824394.45
1544824394.48
1544824394.56
1544824394.61
1544824394.64
1544824394.73
1544824394.78
1544824394.83
1544824394.89
1544824394.98
1544824395.02
1544824395.06
1544824395.13
1544824395.18
1544824395.22
1544824395.26
1544824395.32
1544824395.37
1544824395.43
1544824395.48
1544824395.54
1544824395.59
1544824395.63
1544824395.67
1544824395.71
1544824395.74
1544824395.78
1544824395.86
1544824395.9
1544824395.94
1544824395.98
1544824396.01
1544824396.06
1544824396.11
1544824396.17
1544824396.21
1544824396.24
1544824396.3
1544824396.37
1544824396.4
1544824396.43
1544824396.54
1544824396.59
1544824396.63
1544824396.66
1544824396.7
1544824396.75
1544824396.79
1544824396.82
1544824396.86
1544824396.9
1544824396.94
1544824396.97
1544824397.01
1544824397.04
1544824397.09
1544824397.13
1544824397.17
1544824397.2
1544824397.24
1544824397.29
1544824397.34
1544824397.38
1544824397.41
1544824397.45
1544824397.5
1544824397.54
1544824397.58
1544824397.61
1544824397.65
1544824397.69
1544824397.73
1544824397.77
1544824397.82
1544824397.85
1544824397.89
1544824397.94
1544824397.98
1544824398.01
1544824398.07
1544824398.14
1544824398.18
1544824398.22
1544824398.27
1544824398.32
1544824398.36
1544824398.39
1544824398.43
1544824398.48
1544824398.56
1544824398.6
1544824398.63
1544824398.66
1544824398.73
1544824398.78
1544824398.81
1544824398.86
1544824398.91
1544824398.96
1544824398.99
1544824399.03
1544824399.08
1544824399.14
1544824399.18
1544824399.22
1544824399.26
1544824399.31
1544824399.37
1544824399.41
1544824399.44
1544824399.48
1544824399.53
1544824399.56
1544824399.6
1544824399.64
1544824399.68
1544824399.74
1544824399.79
1544824399.83
1544824399.88
1544824399.93
1544824399.96
1544824400.0
1544824400.05
1544824400.08
1544824400.13
1544824400.16
1544824400.2
1544824400.23
1544824400.28
1544824400.33
1544824400.37
1544824400.41
1544824400.44
1544824400.51
1544824400.58
1544824400.61
1544824400.66
1544824400.7
1544824400.75
1544824400.8
1544824400.84
1544824400.87
1544824400.91
1544824400.97
1544824401.01
1544824401.05
1544824401.11
1544824401.18
1544824401.22
1544824401.26
1544824401.3
1544824401.35
1544824401.4
1544824401.45
1544824401.51
1544824401.57
1544824401.61
1544824401.64
1544824401.74
1544824401.78
1544824401.82
1544824401.85
1544824401.92
1544824401.97
1544824402.02
1544824402.05
1544824402.1
1544824402.16
1544824402.2
1544824402.25
1544824402.29
1544824402.36
1544824402.42
1544824402.45
1544824402.51
1544824402.56
1544824402.61
1544824402.66
1544824402.74
1544824402.78
1544824402.83
1544824402.88
1544824402.93
1544824402.97
1544824403.01
1544824403.04
1544824403.12
1544824403.17
1544824403.21
1544824403.27
1544824403.33
1544824403.39
1544824403.46
1544824403.53
1544824403.6
1544824403.64
1544824403.69
1544824403.77
1544824403.82
1544824403.87
1544824403.97
1544824404.07
1544824404.16
1544824404.28
1544824404.43
1544824404.5
1544824404.56
1544824404.61
1544824404.68
1544824404.75
1544824404.85
1544824404.96
1544824405.03
1544824405.13
1544824405.2
1544824405.28
1544824405.33
1544824405.38
1544824405.45
1544824405.48
1544824405.55
1544824405.6
1544824405.65
1544824405.7
1544824405.75
1544824405.79
1544824405.83
1544824405.88
1544824405.95
1544824406.01
1544824406.06
1544824406.09
1544824406.14
1544824406.18
1544824406.22
1544824406.29
1544824406.37
1544824406.41
1544824406.48
1544824406.54
1544824406.58
1544824406.62
1544824406.68
1544824406.73
1544824406.78
1544824406.82
1544824406.89
1544824406.94
1544824406.98
1544824407.03
1544824407.11
1544824407.15
1544824407.19
1544824407.23
1544824407.28
1544824407.33
1544824407.38
1544824407.41
1544824407.48
1544824407.55
1544824407.59
1544824407.63
1544824407.72
1544824407.77
1544824407.83
1544824407.9
1544824407.95
1544824407.98
1544824408.03
1544824408.09
1544824408.15
1544824408.19
1544824408.23
1544824408.29
1544824408.34
1544824408.38
1544824408.43
1544824408.51
1544824408.55
1544824408.59
1544824408.65
1544824408.72
1544824408.77
1544824408.82
1544824408.89
1544824408.94
1544824408.99
1544824409.03
1544824409.09
1544824409.13
1544824409.17
1544824409.21
1544824409.28
1544824409.34
1544824409.38
1544824409.43
1544824409.52
1544824409.56
1544824409.6
1544824409.68
1544824409.73
1544824409.77
1544824409.81
1544824409.85
1544824409.9
1544824409.94
1544824409.98
1544824410.02
1544824410.08
1544824410.12
1544824410.17
1544824410.22
1544824410.26
1544824410.3
1544824410.35
1544824410.38
1544824410.44
1544824410.47
1544824410.52
1544824410.56
1544824410.6
1544824410.66
1544824410.73
1544824410.77
1544824410.81
1544824410.86
1544824410.91
1544824410.95
1544824410.99
1544824411.04
1544824411.11
1544824411.15
1544824411.2
1544824411.24
1544824411.31
1544824411.36
1544824411.42
1544824411.49
1544824411.55
1544824411.59
1544824411.63
1544824411.68
1544824411.72
1544824411.76
1544824411.8
1544824411.84
1544824411.92
1544824411.96
1544824412.0
1544824412.03
1544824412.07
1544824412.12
1544824412.16
1544824412.19
1544824412.23
1544824412.29
1544824412.35
1544824412.39
1544824412.43
1544824412.49
1544824412.54
1544824412.58
1544824412.62
1544824412.65
1544824412.7
1544824412.75
1544824412.79
1544824412.84
1544824412.88
1544824412.94
1544824412.98
1544824413.03
1544824413.08
1544824413.13
1544824413.17
1544824413.21
1544824413.26
1544824413.31
1544824413.35
1544824413.4
1544824413.47
1544824413.54
1544824413.6
1544824413.68
1544824413.73
1544824413.78
1544824413.81
1544824413.85
1544824413.94
1544824413.99
1544824414.06
1544824414.14
1544824414.21
1544824414.28
1544824414.35
1544824414.42
1544824414.48
1544824414.53
1544824414.63
1544824414.72
1544824414.81
1544824414.87
1544824414.9
1544824414.94
1544824414.98
1544824415.05
1544824415.12
1544824415.21
1544824415.28
1544824415.36
1544824415.44
1544824415.49
1544824415.56
1544824415.6
1544824415.67
1544824415.71
1544824415.75
1544824415.81
1544824415.88
1544824415.92
1544824415.96
1544824416.02
1544824416.07
1544824416.11
1544824416.16
1544824416.2
1544824416.23
1544824416.27
1544824416.38
1544824416.46
1544824416.54
1544824416.61
1544824416.68
1544824416.71
1544824416.75
1544824416.8
1544824416.85
1544824416.89
1544824416.94
1544824417.0
1544824417.06
1544824417.1
1544824417.15
1544824417.21
1544824417.26
1544824417.3
1544824417.37
1544824417.42
1544824417.46
1544824417.51
1544824417.58
1544824417.63
1544824417.68
1544824417.73
1544824417.78
1544824417.83
1544824417.87
1544824417.93
1544824417.98
1544824418.04
1544824418.08
1544824418.15
1544824418.21
1544824418.26
1544824418.3
1544824418.35
1544824418.42
1544824418.46
1544824418.52
1544824418.62
1544824418.67
1544824418.71
1544824418.77
1544824418.83
1544824418.87
1544824418.92
1544824418.99
1544824419.04
1544824419.09
1544824419.15
1544824419.19
1544824419.23
1544824419.26
1544824419.3
1544824419.39
1544824419.45
1544824419.52
1544824419.57
1544824419.63
1544824419.71
1544824419.77
1544824419.83
1544824419.89
1544824419.94
1544824420.02
1544824420.08
1544824420.14
1544824420.21
1544824420.28
1544824420.36
1544824420.41
1544824420.45
1544824420.54
1544824420.63
1544824420.72
1544824420.8
1544824420.88
1544824420.94
1544824420.99
1544824421.08
1544824421.16
