1544824785.41
1544824786.09
1544824786.21
1544824786.28
1544824786.41
1544824786.54
1544824786.64
1544824786.71
1544824786.78
1544824786.82
1544824786.87
1544824786.92
1544824786.99
1544824787.04
1544824787.1
1544824787.17
1544824787.22
1544824787.32
1544824787.38
1544824787.45
1544824787.57
1544824787.66
1544824787.75
1544824787.82
1544824787.91
1544824787.97
1544824788.03
1544824788.11
1544824788.23
1544824788.34
1544824788.43
1544824788.5
1544824788.55
1544824788.6
1544824788.7
1544824788.79
1544824788.87
1544824788.95
1544824789.01
1544824789.05
1544824789.14
1544824789.23
1544824789.31
1544824789.41
1544824789.49
1544824789.58
1544824789.67
1544824789.78
1544824789.87
1544824789.93
1544824789.98
1544824790.03
1544824790.09
1544824790.15
1544824790.22
1544824790.28
1544824790.33
1544824790.39
1544824790.45
1544824790.52
1544824790.62
1544824790.71
1544824790.81
1544824790.9
1544824790.99
1544824791.06
1544824791.11
1544824791.15
1544824791.21
1544824791.28
1544824791.33
1544824791.36
1544824791.43
1544824791.48
1544824791.52
1544824791.56
1544824791.6
1544824791.65
1544824791.68
1544824791.72
1544824791.76
1544824791.83
1544824791.89
1544824791.94
1544824792.01
1544824792.07
1544824792.11
1544824792.16
1544824792.21
1544824792.27
1544824792.31
1544824792.36
1544824792.43
1544824792.48
1544824792.52
1544824792.58
1544824792.63
1544824792.68
1544824792.73
1544824792.79
1544824792.86
1544824792.92
1544824792.97
1544824793.02
1544824793.07
1544824793.11
1544824793.14
1544824793.19
1544824793.24
1544824793.28
1544824793.32
1544824793.37
1544824793.42
1544824793.46
1544824793.5
1544824793.54
1544824793.57
1544824793.64
1544824793.69
1544824793.74
1544824793.8
1544824793.85
1544824793.89
1544824793.95
1544824794.0
1544824794.06
1544824794.11
1544824794.14
1544824794.18
1544824794.21
1544824794.26
1544824794.3
1544824794.33
1544824794.38
1544824794.42
1544824794.48
1544824794.52
1544824794.59
1544824794.66
1544824794.7
1544824794.74
1544824794.79
1544824794.84
1544824794.89
1544824794.95
1544824795.0
1544824795.06
1544824795.11
1544824795.15
1544824795.2
1544824795.25
1544824795.3
1544824795.34
1544824795.38
1544824795.43
1544824795.49
1544824795.53
1544824795.59
1544824795.65
1544824795.7
1544824795.74
1544824795.78
1544824795.82
1544824795.88
1544824795.92
1544824795.96
1544824796.02
1544824796.06
1544824796.11
1544824796.16
1544824796.23
1544824796.28
1544824796.32
1544824796.37
1544824796.41
1544824796.47
1544824796.52
1544824796.57
1544824796.63
1544824796.7
1544824796.75
1544824796.8
1544824796.84
1544824796.9
1544824796.93
1544824796.98
1544824797.05
1544824797.1
1544824797.14
1544824797.18
1544824797.24
1544824797.3
1544824797.34
1544824797.42
1544824797.46
1544824797.5
1544824797.54
1544824797.58
1544824797.63
1544824797.68
1544824797.73
1544824797.79
1544824797.85
1544824797.89
1544824797.94
1544824797.99
1544824798.06
1544824798.09
1544824798.13
1544824798.19
1544824798.26
1544824798.31
1544824798.34
1544824798.42
1544824798.47
1544824798.51
1544824798.55
1544824798.6
1544824798.64
1544824798.68
1544824798.73
1544824798.77
1544824798.82
1544824798.89
1544824798.93
1544824798.99
1544824799.04
1544824799.08
1544824799.13
1544824799.18
1544824799.24
1544824799.28
1544824799.33
1544824799.38
1544824799.43
1544824799.48
1544824799.51
1544824799.54
1544824799.58
1544824799.62
1544824799.66
1544824799.71
1544824799.74
1544824799.81
1544824799.88
1544824799.93
1544824799.97
1544824800.05
1544824800.09
1544824800.14
1544824800.21
1544824800.26
1544824800.3
1544824800.38
1544824800.42
1544824800.47
1544824800.52
1544824800.55
1544824800.61
1544824800.68
1544824800.73
1544824800.78
1544824800.88
1544824800.92
1544824800.99
1544824801.06
1544824801.13
1544824801.21
1544824801.29
1544824801.37
1544824801.46
1544824801.54
1544824801.63
1544824801.72
1544824801.81
1544824801.87
1544824801.94
1544824802.02
1544824802.08
1544824802.14
1544824802.23
1544824802.33
1544824802.41
1544824802.53
1544824802.58
1544824802.66
1544824802.71
1544824802.8
1544824802.83
1544824802.88
1544824802.93
1544824802.99
1544824803.03
1544824803.08
1544824803.12
1544824803.16
1544824803.22
1544824803.26
1544824803.31
1544824803.37
1544824803.42
1544824803.47
1544824803.54
1544824803.6
1544824803.66
1544824803.73
1544824803.78
1544824803.82
1544824803.86
1544824803.94
1544824803.99
1544824804.04
1544824804.12
1544824804.19
1544824804.23
1544824804.29
1544824804.37
1544824804.42
1544824804.48
1544824804.54
1544824804.59
1544824804.64
1544824804.69
1544824804.74
1544824804.79
1544824804.83
1544824804.87
1544824804.92
1544824804.96
1544824805.02
1544824805.07
1544824805.12
1544824805.19
1544824805.23
1544824805.29
1544824805.35
1544824805.4
1544824805.45
1544824805.52
1544824805.59
1544824805.63
1544824805.66
1544824805.73
1544824805.78
1544824805.82
1544824805.87
1544824805.93
1544824805.98
1544824806.04
1544824806.1
1544824806.15
1544824806.19
1544824806.23
1544824806.27
1544824806.32
1544824806.41
1544824806.46
1544824806.54
1544824806.59
1544824806.65
1544824806.74
1544824806.83
1544824806.89
1544824806.98
1544824807.07
1544824807.14
1544824807.23
1544824807.29
1544824807.43
1544824807.54
1544824807.64
1544824807.72
1544824807.78
1544824807.85
1544824807.91
1544824808.01
1544824808.06
1544824808.13
1544824808.2
1544824808.3
1544824808.4
1544824808.46
1544824808.53
1544824808.61
1544824808.66
1544824808.71
1544824808.74
1544824808.81
1544824808.88
1544824808.92
1544824808.97
1544824809.06
1544824809.13
1544824809.19
1544824809.26
1544824809.34
1544824809.43
1544824809.52
1544824809.58
1544824809.66
1544824809.7
1544824809.74
1544824809.78
1544824809.83
1544824809.86
1544824809.9
1544824809.93
1544824810.03
1544824810.08
1544824810.12
1544824810.15
1544824810.19
1544824810.24
1544824810.28
1544824810.32
1544824810.36
1544824810.41
1544824810.45
1544824810.5
1544824810.55
1544824810.58
1544824810.62
1544824810.66
1544824810.7
1544824810.73
1544824810.78
1544824810.83
1544824810.87
1544824810.9
1544824810.96
1544824811.01
1544824811.05
1544824811.09
1544824811.12
1544824811.16
1544824811.21
1544824811.25
1544824811.28
1544824811.32
1544824811.36
1544824811.4
1544824811.46
1544824811.49
1544824811.53
1544824811.57
1544824811.62
1544824811.65
1544824811.68
1544824811.72
1544824811.79
1544824811.84
1544824811.9
1544824811.93
1544824811.97
1544824812.03
1544824812.07
1544824812.11
1544824812.16
1544824812.2
1544824812.26
1544824812.29
1544824812.33
1544824812.37
1544824812.41
1544824812.45
1544824812.49
1544824812.53
1544824812.56
1544824812.63
1544824812.69
1544824812.73
1544824812.77
1544824812.84
1544824812.88
1544824812.93
1544824812.99
1544824813.04
1544824813.08
1544824813.12
1544824813.17
1544824813.21
1544824813.26
1544824813.29
1544824813.33
1544824813.38
1544824813.43
1544824813.46
1544824813.5
1544824813.53
1544824813.57
1544824813.63
1544824813.68
1544824813.71
1544824813.76
1544824813.82
1544824813.87
1544824813.91
1544824813.97
1544824814.01
1544824814.07
1544824814.11
1544824814.15
1544824814.19
1544824814.23
1544824814.29
1544824814.34
1544824814.39
1544824814.47
1544824814.51
1544824814.55
1544824814.59
1544824814.63
1544824814.66
1544824814.7
1544824814.73
1544824814.77
1544824814.83
1544824814.88
1544824814.9
1544824814.94
1544824814.99
1544824815.02
1544824815.07
1544824815.1
1544824815.15
1544824815.22
1544824815.29
1544824815.32
1544824815.36
1544824815.4
1544824815.44
1544824815.49
1544824815.53
1544824815.58
1544824815.65
1544824815.7
1544824815.75
1544824815.79
1544824815.84
1544824815.88
1544824815.91
1544824815.95
1544824815.99
1544824816.03
1544824816.08
1544824816.11
1544824816.19
1544824816.26
1544824816.3
1544824816.34
1544824816.39
1544824816.47
1544824816.56
1544824816.66
1544824816.69
1544824816.73
1544824816.78
1544824816.88
1544824816.96
1544824817.01
1544824817.05
1544824817.13
1544824817.19
1544824817.24
1544824817.28
1544824817.35
1544824817.41
1544824817.48
1544824817.52
1544824817.57
1544824817.62
1544824817.67
1544824817.73
1544824817.78
1544824817.83
1544824817.87
1544824817.93
1544824818.01
1544824818.08
1544824818.18
1544824818.27
1544824818.35
1544824818.43
1544824818.51
1544824818.58
1544824818.64
1544824818.72
1544824818.78
1544824818.86
1544824818.93
1544824819.0
1544824819.05
1544824819.1
1544824819.14
1544824819.18
1544824819.23
1544824819.28
1544824819.32
1544824819.35
1544824819.39
1544824819.44
1544824819.52
1544824819.55
1544824819.59
1544824819.65
1544824819.71
1544824819.75
1544824819.79
1544824819.88
1544824819.94
1544824819.99
1544824820.06
1544824820.12
1544824820.15
1544824820.19
1544824820.24
1544824820.3
1544824820.34
1544824820.38
1544824820.44
1544824820.53
1544824820.57
1544824820.61
1544824820.68
1544824820.73
1544824820.78
1544824820.82
1544824820.88
1544824820.94
1544824820.99
1544824821.07
1544824821.13
1544824821.17
1544824821.22
1544824821.27
1544824821.31
1544824821.36
1544824821.4
1544824821.46
1544824821.51
1544824821.57
1544824821.61
1544824821.67
1544824821.72
1544824821.77
1544824821.81
1544824821.85
1544824821.89
1544824821.93
1544824821.98
1544824822.03
1544824822.09
1544824822.13
1544824822.17
1544824822.21
1544824822.28
1544824822.32
1544824822.36
1544824822.41
1544824822.51
1544824822.55
1544824822.58
1544824822.64
1544824822.71
1544824822.76
1544824822.79
1544824822.84
1544824822.89
1544824822.93
1544824822.97
1544824823.01
1544824823.09
1544824823.15
1544824823.2
1544824823.27
1544824823.33
1544824823.39
1544824823.44
1544824823.49
1544824823.53
1544824823.57
1544824823.61
1544824823.67
1544824823.71
1544824823.74
1544824823.79
1544824823.84
1544824823.91
1544824823.94
1544824823.99
1544824824.04
1544824824.1
1544824824.14
1544824824.19
1544824824.24
1544824824.29
1544824824.34
1544824824.37
1544824824.41
1544824824.48
1544824824.53
1544824824.56
1544824824.61
1544824824.69
1544824824.74
1544824824.78
1544824824.81
1544824824.86
1544824824.91
1544824824.96
1544824825.0
1544824825.06
1544824825.12
1544824825.16
1544824825.2
1544824825.26
1544824825.33
1544824825.37
1544824825.43
1544824825.48
1544824825.53
1544824825.57
1544824825.61
1544824825.71
1544824825.76
1544824825.81
1544824825.88
1544824825.93
1544824825.98
1544824826.03
1544824826.08
1544824826.13
1544824826.17
1544824826.21
1544824826.26
1544824826.32
1544824826.37
1544824826.43
1544824826.48
1544824826.53
1544824826.58
1544824826.64
1544824826.71
1544824826.76
1544824826.81
1544824826.88
1544824826.95
1544824826.99
1544824827.04
1544824827.12
1544824827.15
1544824827.2
1544824827.25
1544824827.32
1544824827.37
1544824827.44
1544824827.51
1544824827.56
1544824827.61
1544824827.7
1544824827.76
1544824827.82
1544824827.89
1544824827.94
1544824827.98
1544824828.03
1544824828.08
1544824828.13
1544824828.17
1544824828.2
1544824828.26
1544824828.32
1544824828.37
1544824828.42
1544824828.48
1544824828.52
1544824828.56
1544824828.61
1544824828.66
1544824828.72
1544824828.77
1544824828.83
1544824828.9
1544824828.96
1544824829.0
1544824829.04
1544824829.09
1544824829.13
1544824829.21
1544824829.31
1544824829.41
1544824829.48
1544824829.53
1544824829.57
1544824829.62
1544824829.7
1544824829.76
1544824829.84
1544824829.91
1544824830.0
1544824830.08
1544824830.14
1544824830.19
1544824830.25
1544824830.3
1544824830.34
1544824830.38
1544824830.45
1544824830.51
1544824830.56
1544824830.62
1544824830.68
1544824830.74
1544824830.78
1544824830.82
1544824830.9
1544824830.94
1544824830.99
1544824831.03
1544824831.08
1544824831.13
1544824831.17
1544824831.21
1544824831.26
1544824831.31
1544824831.35
1544824831.38
1544824831.47
1544824831.53
1544824831.57
1544824831.61
1544824831.68
1544824831.75
1544824831.8
1544824831.84
1544824831.92
1544824831.96
1544824832.01
1544824832.07
1544824832.13
1544824832.18
1544824832.22
1544824832.25
1544824832.31
1544824832.36
1544824832.45
1544824832.54
1544824832.61
1544824832.69
1544824832.77
1544824832.83
1544824832.88
1544824832.93
1544824832.99
1544824833.06
1544824833.1
1544824833.14
1544824833.18
1544824833.22
1544824833.27
1544824833.32
1544824833.37
1544824833.44
1544824833.55
1544824833.65
1544824833.74
1544824833.8
1544824833.85
1544824833.89
1544824833.94
1544824833.98
1544824834.04
1544824834.09
1544824834.14
1544824834.2
1544824834.26
1544824834.3
1544824834.33
1544824834.37
1544824834.43
1544824834.48
1544824834.53
1544824834.57
1544824834.64
1544824834.69
1544824834.73
1544824834.78
1544824834.83
1544824834.87
1544824834.91
1544824834.95
1544824835.01
1544824835.06
1544824835.1
1544824835.14
1544824835.18
1544824835.27
1544824835.3
1544824835.34
1544824835.38
1544824835.45
1544824835.49
1544824835.52
1544824835.59
1544824835.66
1544824835.71
1544824835.77
1544824835.81
1544824835.85
1544824835.89
1544824835.92
1544824835.98
1544824836.04
1544824836.11
1544824836.14
1544824836.21
1544824836.27
1544824836.31
1544824836.35
1544824836.39
1544824836.44
1544824836.48
1544824836.53
1544824836.57
1544824836.61
1544824836.64
1544824836.68
1544824836.73
1544824836.78
1544824836.82
1544824836.86
1544824836.9
1544824836.94
1544824837.01
1544824837.07
1544824837.12
1544824837.17
1544824837.21
1544824837.24
1544824837.28
1544824837.32
1544824837.39
1544824837.48
1544824837.53
1544824837.57
1544824837.64
1544824837.68
1544824837.73
1544824837.78
1544824837.85
1544824837.89
1544824837.93
1544824837.99
1544824838.06
1544824838.11
1544824838.16
1544824838.21
1544824838.27
1544824838.32
1544824838.37
1544824838.46
1544824838.49
1544824838.52
1544824838.56
1544824838.6
1544824838.64
1544824838.69
1544824838.74
1544824838.83
1544824838.89
1544824838.93
1544824838.99
1544824839.06
1544824839.1
1544824839.14
1544824839.18
1544824839.26
1544824839.3
1544824839.35
1544824839.41
1544824839.48
1544824839.53
1544824839.58
1544824839.66
1544824839.71
1544824839.76
1544824839.83
1544824839.89
1544824839.92
1544824839.97
1544824840.02
1544824840.06
1544824840.1
1544824840.14
1544824840.21
1544824840.27
1544824840.31
1544824840.36
1544824840.4
1544824840.45
1544824840.48
1544824840.52
1544824840.56
1544824840.61
1544824840.66
1544824840.72
1544824840.75
1544824840.79
1544824840.86
1544824840.92
1544824840.98
1544824841.05
1544824841.11
1544824841.16
1544824841.19
1544824841.24
1544824841.28
1544824841.31
1544824841.35
1544824841.44
1544824841.49
1544824841.54
1544824841.6
1544824841.67
1544824841.72
1544824841.76
1544824841.81
1544824841.86
1544824841.91
1544824841.98
1544824842.05
1544824842.15
1544824842.22
1544824842.3
1544824842.38
1544824842.46
1544824842.53
1544824842.62
1544824842.69
1544824842.78
1544824842.86
1544824842.95
1544824843.03
1544824843.08
1544824843.18
1544824843.27
1544824843.3
1544824843.35
1544824843.43
1544824843.48
1544824843.56
1544824843.63
1544824843.67
1544824843.72
1544824843.78
1544824843.82
1544824843.88
1544824843.93
1544824843.97
1544824844.02
1544824844.06
1544824844.12
1544824844.18
1544824844.22
1544824844.26
1544824844.31
1544824844.36
1544824844.4
1544824844.44
1544824844.49
1544824844.55
1544824844.59
1544824844.64
1544824844.73
1544824844.79
1544824844.84
1544824844.91
1544824844.98
1544824845.03
1544824845.07
1544824845.13
1544824845.2
1544824845.24
1544824845.29
1544824845.33
1544824845.38
1544824845.43
1544824845.48
1544824845.53
1544824845.58
1544824845.62
1544824845.66
1544824845.7
1544824845.75
1544824845.79
1544824845.83
1544824845.89
1544824845.95
1544824846.01
1544824846.06
1544824846.1
1544824846.15
1544824846.2
1544824846.24
1544824846.28
1544824846.35
1544824846.4
1544824846.45
1544824846.49
1544824846.57
1544824846.62
1544824846.67
1544824846.72
1544824846.77
1544824846.83
1544824846.89
1544824846.93
1544824846.97
1544824847.04
1544824847.12
1544824847.21
1544824847.28
1544824847.37
1544824847.47
1544824847.55
1544824847.61
1544824847.65
1544824847.72
1544824847.78
1544824847.86
1544824847.94
1544824848.02
1544824848.1
1544824848.15
1544824848.21
1544824848.28
1544824848.32
1544824848.39
1544824848.45
1544824848.49
1544824848.53
1544824848.6
1544824848.63
1544824848.67
1544824848.72
1544824848.77
1544824848.82
1544824848.86
1544824848.89
1544824848.96
1544824849.01
1544824849.06
1544824849.1
1544824849.16
1544824849.22
1544824849.27
1544824849.32
1544824849.36
1544824849.41
1544824849.45
1544824849.49
1544824849.54
1544824849.6
1544824849.65
1544824849.71
1544824849.8
1544824849.86
1544824849.92
1544824850.02
1544824850.06
1544824850.1
1544824850.14
1544824850.18
1544824850.22
1544824850.26
1544824850.29
1544824850.38
1544824850.43
1544824850.47
1544824850.52
1544824850.58
1544824850.63
1544824850.67
1544824850.72
1544824850.79
1544824850.84
1544824850.88
1544824850.91
1544824850.96
1544824851.01
1544824851.04
1544824851.08
1544824851.14
1544824851.22
1544824851.26
1544824851.3
1544824851.35
1544824851.4
1544824851.44
1544824851.49
1544824851.54
1544824851.64
1544824851.68
1544824851.73
1544824851.78
1544824851.84
1544824851.88
1544824851.94
1544824852.0
1544824852.04
1544824852.07
1544824852.12
1544824852.18
1544824852.23
1544824852.26
1544824852.32
1544824852.41
1544824852.46
1544824852.49
1544824852.53
1544824852.59
1544824852.64
1544824852.68
1544824852.73
1544824852.77
1544824852.83
1544824852.86
1544824852.9
1544824852.97
1544824853.03
1544824853.09
1544824853.14
1544824853.19
1544824853.27
1544824853.33
1544824853.42
1544824853.48
1544824853.52
1544824853.56
1544824853.64
1544824853.72
1544824853.8
1544824853.88
1544824853.95
1544824854.03
1544824854.09
1544824854.2
1544824854.28
1544824854.38
1544824854.46
1544824854.52
1544824854.56
1544824854.6
1544824854.66
1544824854.74
1544824854.81
1544824854.89
1544824854.99
1544824855.07
1544824855.16
1544824855.26
1544824855.37
1544824855.44
1544824855.55
1544824855.62
1544824855.7
1544824855.75
1544824855.81
1544824855.88
1544824855.94
1544824855.99
1544824856.04
1544824856.12
1544824856.17
1544824856.22
1544824856.27
1544824856.32
1544824856.36
1544824856.41
1544824856.47
1544824856.53
1544824856.57
1544824856.66
1544824856.73
1544824856.78
1544824856.81
1544824856.85
1544824856.92
1544824856.97
1544824857.02
1544824857.08
1544824857.16
1544824857.22
1544824857.27
1544824857.31
1544824857.36
1544824857.41
1544824857.48
1544824857.54
1544824857.58
1544824857.64
1544824857.7
1544824857.74
1544824857.8
1544824857.86
1544824857.92
1544824857.95
1544824858.01
1544824858.1
1544824858.15
1544824858.19
1544824858.27
1544824858.33
1544824858.36
1544824858.4
1544824858.46
1544824858.51
1544824858.56
1544824858.6
1544824858.64
1544824858.69
1544824858.74
1544824858.79
1544824858.85
1544824858.91
1544824858.94
1544824858.98
1544824859.02
1544824859.07
1544824859.11
1544824859.14
1544824859.19
1544824859.25
1544824859.33
1544824859.37
1544824859.42
1544824859.49
1544824859.54
1544824859.59
1544824859.64
1544824859.7
1544824859.74
1544824859.78
1544824859.84
1544824859.88
1544824859.92
1544824859.96
1544824860.01
1544824860.08
1544824860.12
1544824860.15
1544824860.19
1544824860.25
1544824860.32
1544824860.38
1544824860.43
1544824860.5
1544824860.54
1544824860.59
1544824860.64
1544824860.72
1544824860.76
1544824860.81
1544824860.84
1544824860.9
1544824860.93
1544824860.99
1544824861.03
1544824861.1
1544824861.17
1544824861.21
1544824861.26
1544824861.33
1544824861.41
1544824861.49
1544824861.56
1544824861.63
1544824861.71
1544824861.77
1544824861.83
1544824861.89
1544824861.94
1544824862.0
1544824862.07
1544824862.11
1544824862.17
1544824862.21
1544824862.27
1544824862.34
1544824862.4
1544824862.46
1544824862.53
1544824862.61
1544824862.66
1544824862.73
1544824862.81
1544824862.89
1544824862.94
1544824862.99
1544824863.03
1544824863.07
1544824863.13
1544824863.19
1544824863.24
1544824863.28
1544824863.34
1544824863.39
1544824863.43
1544824863.47
1544824863.52
1544824863.57
1544824863.61
1544824863.66
1544824863.69
1544824863.73
1544824863.79
1544824863.83
1544824863.87
1544824863.91
1544824863.97
1544824864.01
1544824864.05
1544824864.1
1544824864.16
1544824864.22
1544824864.27
1544824864.33
1544824864.4
1544824864.45
1544824864.52
1544824864.56
1544824864.63
1544824864.66
1544824864.73
1544824864.82
1544824864.88
1544824864.93
1544824865.01
1544824865.06
1544824865.1
1544824865.14
1544824865.23
1544824865.27
1544824865.33
1544824865.39
1544824865.44
1544824865.48
1544824865.55
1544824865.61
1544824865.66
1544824865.71
1544824865.78
1544824865.84
1544824865.87
1544824865.91
1544824865.96
1544824866.01
1544824866.04
1544824866.09
1544824866.16
1544824866.23
1544824866.27
1544824866.31
1544824866.35
1544824866.39
1544824866.43
1544824866.47
1544824866.52
1544824866.59
1544824866.64
1544824866.72
1544824866.78
1544824866.85
1544824866.93
1544824866.98
1544824867.03
1544824867.11
1544824867.21
1544824867.27
1544824867.35
1544824867.43
1544824867.5
1544824867.56
1544824867.66
1544824867.75
1544824867.84
1544824867.94
1544824868.05
1544824868.13
1544824868.24
1544824868.31
1544824868.39
1544824868.47
1544824868.54
1544824868.62
1544824868.68
1544824868.76
1544824868.8
1544824868.84
1544824868.89
1544824868.95
1544824869.0
1544824869.05
1544824869.11
1544824869.18
1544824869.23
1544824869.28
1544824869.33
1544824869.39
1544824869.44
1544824869.49
1544824869.57
1544824869.61
1544824869.65
1544824869.71
1544824869.77
1544824869.82
1544824869.86
1544824869.93
1544824869.98
1544824870.03
1544824870.09
1544824870.16
1544824870.21
1544824870.25
1544824870.29
1544824870.33
1544824870.38
1544824870.44
1544824870.48
1544824870.55
1544824870.59
1544824870.64
1544824870.68
1544824870.74
1544824870.82
1544824870.88
1544824870.93
1544824870.97
1544824871.02
1544824871.07
1544824871.13
1544824871.19
1544824871.23
1544824871.26
1544824871.32
1544824871.38
1544824871.42
1544824871.45
1544824871.51
1544824871.58
1544824871.63
1544824871.69
1544824871.75
1544824871.79
1544824871.83
1544824871.87
1544824871.95
1544824872.0
1544824872.06
1544824872.11
1544824872.21
1544824872.24
1544824872.29
1544824872.35
1544824872.39
1544824872.46
1544824872.56
1544824872.59
1544824872.65
1544824872.73
1544824872.79
1544824872.83
1544824872.87
1544824872.92
1544824872.98
1544824873.03
1544824873.08
1544824873.16
1544824873.2
1544824873.24
1544824873.29
1544824873.36
1544824873.41
1544824873.45
1544824873.5
1544824873.57
1544824873.64
1544824873.7
1544824873.76
1544824873.8
1544824873.86
1544824873.89
1544824873.95
1544824873.99
1544824874.03
1544824874.06
1544824874.12
1544824874.16
1544824874.21
1544824874.26
1544824874.32
1544824874.38
1544824874.42
1544824874.46
1544824874.53
1544824874.58
1544824874.62
1544824874.66
1544824874.73
1544824874.78
1544824874.82
1544824874.87
1544824874.92
1544824874.96
1544824875.02
1544824875.07
1544824875.1
1544824875.13
1544824875.17
1544824875.22
1544824875.27
1544824875.31
1544824875.36
1544824875.41
1544824875.45
1544824875.53
1544824875.57
1544824875.61
1544824875.64
1544824875.69
1544824875.74
1544824875.78
1544824875.82
1544824875.85
1544824875.89
1544824875.94
1544824875.98
1544824876.03
1544824876.07
1544824876.11
1544824876.17
1544824876.23
1544824876.29
1544824876.35
1544824876.4
1544824876.43
1544824876.48
1544824876.54
1544824876.59
1544824876.63
1544824876.67
1544824876.73
1544824876.77
1544824876.85
1544824876.89
1544824876.95
1544824877.0
1544824877.04
1544824877.08
1544824877.13
1544824877.18
1544824877.23
1544824877.29
1544824877.39
1544824877.49
1544824877.6
1544824877.65
1544824877.71
1544824877.78
1544824877.84
1544824877.91
1544824877.98
1544824878.06
1544824878.14
1544824878.21
1544824878.28
1544824878.33
1544824878.38
1544824878.46
1544824878.54
1544824878.63
1544824878.69
1544824878.74
1544824878.81
1544824878.87
1544824878.92
1544824878.97
1544824879.01
1544824879.05
1544824879.11
1544824879.18
1544824879.23
1544824879.28
1544824879.32
1544824879.36
1544824879.41
1544824879.46
1544824879.52
1544824879.58
1544824879.65
1544824879.72
1544824879.82
1544824879.93
1544824880.03
1544824880.15
1544824880.21
1544824880.26
1544824880.34
1544824880.45
1544824880.54
1544824880.6
1544824880.65
1544824880.7
1544824880.76
1544824880.82
1544824880.92
1544824881.01
1544824881.07
1544824881.12
1544824881.19
1544824881.28
1544824881.37
1544824881.46
1544824881.56
1544824881.66
1544824881.75
1544824881.82
1544824881.88
1544824881.94
1544824881.98
1544824882.06
1544824882.13
1544824882.19
1544824882.24
1544824882.29
1544824882.36
1544824882.41
1544824882.47
1544824882.54
1544824882.65
1544824882.76
1544824882.83
1544824882.89
1544824882.94
1544824882.99
1544824883.06
1544824883.11
1544824883.15
1544824883.19
1544824883.25
1544824883.33
1544824883.41
1544824883.48
1544824883.55
1544824883.65
1544824883.75
1544824883.87
1544824883.98
1544824884.06
1544824884.17
1544824884.21
1544824884.27
1544824884.32
1544824884.37
1544824884.42
1544824884.46
1544824884.55
1544824884.59
1544824884.63
1544824884.68
1544824884.73
1544824884.78
1544824884.82
1544824884.88
1544824884.95
1544824884.99
1544824885.03
1544824885.07
1544824885.13
1544824885.18
1544824885.22
1544824885.26
1544824885.33
1544824885.4
1544824885.45
1544824885.5
1544824885.55
1544824885.59
1544824885.64
1544824885.68
1544824885.75
1544824885.79
1544824885.84
1544824885.91
1544824885.98
1544824886.02
1544824886.08
1544824886.13
1544824886.17
1544824886.21
1544824886.25
1544824886.31
1544824886.37
1544824886.41
1544824886.46
1544824886.5
1544824886.54
1544824886.58
1544824886.62
1544824886.67
1544824886.76
1544824886.8
1544824886.85
1544824886.93
1544824886.99
1544824887.04
1544824887.09
1544824887.17
1544824887.22
1544824887.27
1544824887.33
1544824887.4
1544824887.46
1544824887.53
1544824887.58
1544824887.61
1544824887.66
1544824887.73
1544824887.78
1544824887.83
1544824887.89
1544824887.93
1544824887.96
1544824888.01
1544824888.06
1544824888.14
1544824888.19
1544824888.23
1544824888.29
1544824888.37
1544824888.41
1544824888.46
1544824888.52
1544824888.57
1544824888.62
1544824888.67
1544824888.75
1544824888.8
1544824888.86
1544824888.93
1544824889.0
1544824889.05
1544824889.1
1544824889.17
1544824889.22
1544824889.26
1544824889.33
1544824889.39
1544824889.44
1544824889.5
1544824889.56
1544824889.59
1544824889.65
1544824889.71
1544824889.76
1544824889.81
1544824889.86
1544824889.9
1544824889.94
1544824889.99
1544824890.06
1544824890.1
1544824890.14
1544824890.18
1544824890.25
1544824890.3
1544824890.36
1544824890.4
1544824890.47
1544824890.56
1544824890.61
1544824890.69
1544824890.77
1544824890.84
1544824890.91
1544824890.98
1544824891.04
1544824891.12
1544824891.19
1544824891.27
1544824891.34
1544824891.44
1544824891.51
1544824891.59
1544824891.67
1544824891.75
1544824891.8
1544824891.84
1544824891.9
1544824891.95
1544824892.01
1544824892.08
1544824892.16
1544824892.23
1544824892.29
1544824892.34
1544824892.41
1544824892.46
1544824892.52
1544824892.56
1544824892.61
1544824892.65
1544824892.7
1544824892.76
1544824892.79
1544824892.83
1544824892.89
1544824892.93
1544824892.99
1544824893.03
1544824893.07
1544824893.13
1544824893.19
1544824893.23
1544824893.29
1544824893.35
1544824893.39
1544824893.42
1544824893.46
1544824893.5
1544824893.57
1544824893.6
1544824893.64
1544824893.66
1544824893.75
1544824893.79
1544824893.82
1544824893.86
1544824893.92
1544824893.99
1544824894.04
1544824894.09
1544824894.16
1544824894.22
1544824894.27
1544824894.33
1544824894.39
1544824894.43
1544824894.47
1544824894.53
1544824894.58
1544824894.64
1544824894.68
1544824894.74
1544824894.79
1544824894.84
1544824894.88
1544824894.94
1544824894.99
1544824895.03
1544824895.08
1544824895.13
1544824895.18
1544824895.23
1544824895.27
1544824895.31
1544824895.39
1544824895.48
1544824895.56
1544824895.64
1544824895.73
1544824895.82
1544824895.91
1544824895.99
1544824896.07
1544824896.17
1544824896.23
1544824896.31
1544824896.41
1544824896.51
1544824896.57
1544824896.62
1544824896.66
1544824896.7
1544824896.76
1544824896.83
1544824896.86
1544824896.9
1544824896.93
1544824896.98
1544824897.04
1544824897.11
1544824897.14
1544824897.18
1544824897.22
1544824897.26
1544824897.29
1544824897.34
1544824897.37
1544824897.41
1544824897.46
1544824897.49
1544824897.53
1544824897.57
1544824897.6
1544824897.63
1544824897.68
1544824897.72
1544824897.78
1544824897.82
1544824897.87
1544824897.91
1544824897.97
1544824898.0
1544824898.03
1544824898.07
1544824898.1
1544824898.14
1544824898.21
1544824898.31
1544824898.35
1544824898.41
1544824898.48
1544824898.52
1544824898.55
1544824898.61
1544824898.66
1544824898.69
1544824898.73
1544824898.78
1544824898.83
1544824898.89
1544824898.92
1544824898.96
1544824899.0
1544824899.04
1544824899.07
1544824899.11
1544824899.14
1544824899.21
1544824899.27
1544824899.3
1544824899.34
1544824899.38
1544824899.42
1544824899.45
1544824899.48
1544824899.52
1544824899.55
1544824899.59
1544824899.64
1544824899.68
1544824899.71
1544824899.74
1544824899.78
1544824899.82
1544824899.86
1544824899.9
1544824899.94
1544824899.98
1544824900.03
1544824900.07
1544824900.11
1544824900.15
1544824900.18
1544824900.22
1544824900.25
1544824900.28
1544824900.32
1544824900.35
1544824900.39
1544824900.46
1544824900.5
1544824900.54
1544824900.58
1544824900.64
1544824900.68
1544824900.71
1544824900.75
1544824900.78
1544824900.82
1544824900.87
1544824900.92
1544824900.96
1544824901.0
1544824901.03
1544824901.07
1544824901.14
1544824901.18
1544824901.21
1544824901.25
1544824901.29
1544824901.36
1544824901.41
1544824901.46
1544824901.51
1544824901.58
1544824901.67
1544824901.73
1544824901.79
1544824901.85
1544824901.9
1544824901.95
1544824902.02
1544824902.07
1544824902.13
1544824902.18
1544824902.26
1544824902.34
1544824902.39
1544824902.46
1544824902.52
1544824902.6
1544824902.65
1544824902.71
1544824902.75
1544824902.8
1544824902.84
1544824902.9
1544824902.95
1544824902.98
1544824903.03
1544824903.07
1544824903.13
1544824903.17
1544824903.25
1544824903.3
1544824903.35
1544824903.44
1544824903.49
1544824903.54
1544824903.59
1544824903.65
1544824903.7
1544824903.75
1544824903.79
1544824903.89
1544824903.93
1544824903.98
1544824904.04
1544824904.08
1544824904.12
1544824904.16
1544824904.22
1544824904.27
1544824904.31
1544824904.35
1544824904.39
1544824904.46
1544824904.51
1544824904.55
1544824904.61
1544824904.66
1544824904.7
1544824904.74
1544824904.8
1544824904.85
1544824904.9
1544824904.94
1544824905.01
1544824905.07
1544824905.15
1544824905.23
1544824905.31
1544824905.36
1544824905.4
1544824905.44
1544824905.51
1544824905.56
1544824905.63
1544824905.7
1544824905.79
1544824905.84
1544824905.87
1544824905.91
1544824905.99
1544824906.03
1544824906.08
1544824906.13
1544824906.19
1544824906.23
1544824906.27
1544824906.31
1544824906.35
1544824906.4
1544824906.44
1544824906.49
1544824906.56
1544824906.63
1544824906.67
1544824906.73
1544824906.77
1544824906.81
1544824906.85
1544824906.9
1544824906.95
1544824907.0
1544824907.04
1544824907.09
1544824907.15
1544824907.2
1544824907.25
1544824907.29
1544824907.34
1544824907.39
1544824907.43
1544824907.47
1544824907.52
1544824907.59
1544824907.63
1544824907.67
1544824907.72
1544824907.78
1544824907.82
1544824907.86
1544824907.9
1544824907.97
1544824908.02
1544824908.07
1544824908.1
1544824908.17
1544824908.25
1544824908.33
1544824908.39
1544824908.44
1544824908.48
1544824908.57
1544824908.61
1544824908.68
1544824908.74
1544824908.78
1544824908.85
1544824908.93
1544824909.0
1544824909.08
1544824909.15
1544824909.22
1544824909.28
1544824909.35
1544824909.42
1544824909.47
1544824909.51
1544824909.63
1544824909.69
1544824909.75
1544824909.81
1544824909.9
1544824909.97
1544824910.06
1544824910.13
1544824910.21
1544824910.28
1544824910.33
1544824910.44
1544824910.55
1544824910.62
1544824910.68
1544824910.73
1544824910.77
1544824910.82
1544824910.87
1544824910.93
1544824910.98
1544824911.03
1544824911.08
1544824911.13
1544824911.16
1544824911.23
1544824911.31
1544824911.34
1544824911.38
1544824911.42
1544824911.51
1544824911.56
1544824911.59
1544824911.66
1544824911.74
1544824911.78
1544824911.83
1544824911.89
1544824911.94
1544824911.98
1544824912.05
1544824912.12
1544824912.16
1544824912.2
1544824912.27
1544824912.33
1544824912.37
1544824912.41
1544824912.47
1544824912.54
1544824912.58
1544824912.63
1544824912.71
1544824912.75
1544824912.79
1544824912.84
1544824912.93
1544824912.98
1544824913.04
1544824913.11
1544824913.16
1544824913.19
1544824913.24
1544824913.32
1544824913.36
1544824913.4
1544824913.46
1544824913.52
1544824913.57
1544824913.61
1544824913.67
1544824913.72
1544824913.77
1544824913.82
1544824913.91
1544824913.95
1544824913.99
1544824914.06
1544824914.12
1544824914.16
1544824914.21
1544824914.28
1544824914.34
1544824914.38
1544824914.44
1544824914.48
1544824914.53
1544824914.59
1544824914.67
1544824914.73
1544824914.78
1544824914.86
1544824914.92
1544824914.97
1544824915.03
1544824915.09
1544824915.15
1544824915.19
1544824915.24
1544824915.29
1544824915.34
1544824915.38
1544824915.43
1544824915.48
1544824915.54
1544824915.59
1544824915.64
1544824915.7
1544824915.76
1544824915.81
1544824915.89
1544824915.93
1544824915.98
1544824916.03
1544824916.08
1544824916.12
1544824916.17
1544824916.22
1544824916.28
1544824916.34
1544824916.38
1544824916.46
1544824916.54
1544824916.58
1544824916.63
1544824916.71
1544824916.76
1544824916.81
1544824916.85
1544824916.93
1544824916.98
1544824917.02
1544824917.07
1544824917.14
1544824917.19
1544824917.26
1544824917.31
1544824917.35
1544824917.39
1544824917.44
1544824917.49
1544824917.54
1544824917.59
1544824917.68
1544824917.74
1544824917.79
1544824917.84
1544824917.89
1544824917.93
1544824917.97
1544824918.04
1544824918.11
1544824918.16
1544824918.21
1544824918.25
1544824918.29
1544824918.34
1544824918.38
1544824918.46
1544824918.5
1544824918.55
1544824918.58
1544824918.64
1544824918.7
1544824918.76
1544824918.82
1544824918.88
1544824918.92
1544824918.96
1544824919.03
1544824919.08
1544824919.12
1544824919.16
1544824919.21
1544824919.26
1544824919.32
1544824919.36
1544824919.41
1544824919.46
1544824919.51
1544824919.55
1544824919.59
1544824919.64
1544824919.68
1544824919.73
1544824919.78
1544824919.84
1544824919.92
1544824919.96
1544824920.0
1544824920.04
1544824920.12
1544824920.16
1544824920.21
1544824920.28
1544824920.33
1544824920.36
1544824920.4
1544824920.46
1544824920.53
1544824920.57
1544824920.61
1544824920.69
1544824920.74
1544824920.79
1544824920.83
1544824920.9
1544824920.94
1544824920.99
1544824921.07
1544824921.13
1544824921.18
1544824921.23
1544824921.26
1544824921.31
1544824921.37
1544824921.42
1544824921.48
1544824921.53
1544824921.58
1544824921.65
1544824921.72
1544824921.76
1544824921.8
1544824921.87
1544824921.93
1544824921.98
1544824922.05
1544824922.14
1544824922.22
1544824922.29
1544824922.37
1544824922.46
1544824922.55
1544824922.62
1544824922.71
1544824922.8
1544824922.88
1544824922.93
1544824922.96
1544824923.01
1544824923.07
1544824923.14
1544824923.21
1544824923.29
1544824923.39
1544824923.48
1544824923.56
1544824923.65
1544824923.72
1544824923.78
1544824923.82
1544824923.87
1544824923.91
1544824923.98
1544824924.03
1544824924.07
1544824924.11
1544824924.16
1544824924.21
1544824924.25
1544824924.29
1544824924.34
1544824924.42
1544824924.46
1544824924.51
1544824924.59
1544824924.63
1544824924.67
1544824924.71
1544824924.78
1544824924.83
1544824924.86
1544824924.89
1544824924.94
1544824924.98
1544824925.03
1544824925.07
1544824925.11
1544824925.14
1544824925.21
1544824925.26
1544824925.31
1544824925.38
1544824925.42
1544824925.47
1544824925.53
1544824925.6
1544824925.64
1544824925.68
1544824925.72
1544824925.78
1544824925.82
1544824925.86
1544824925.9
1544824925.97
1544824926.02
1544824926.07
1544824926.11
1544824926.16
1544824926.23
1544824926.27
1544824926.31
1544824926.39
1544824926.47
1544824926.52
1544824926.57
1544824926.62
1544824926.68
1544824926.76
1544824926.85
1544824926.95
1544824927.05
1544824927.15
1544824927.24
1544824927.3
1544824927.4
1544824927.49
1544824927.56
1544824927.62
1544824927.7
1544824927.79
1544824927.88
1544824927.98
