1544823920.51
1544823921.28
1544823921.42
1544823921.52
1544823921.62
1544823921.72
1544823921.83
1544823921.93
1544823922.05
1544823922.16
1544823922.25
1544823922.33
1544823922.41
1544823922.48
1544823922.55
1544823922.66
1544823922.77
1544823922.87
1544823922.96
1544823923.09
1544823923.2
1544823923.34
1544823923.46
1544823923.56
1544823923.67
1544823923.74
1544823923.79
1544823923.86
1544823923.93
1544823924.0
1544823924.08
1544823924.15
1544823924.23
1544823924.31
1544823924.39
1544823924.48
1544823924.57
1544823924.64
1544823924.73
1544823924.8
1544823924.86
1544823924.92
1544823924.99
1544823925.06
1544823925.14
1544823925.22
1544823925.27
1544823925.34
1544823925.4
1544823925.47
1544823925.53
1544823925.6
1544823925.66
1544823925.73
1544823925.8
1544823925.86
1544823925.92
1544823925.99
1544823926.04
1544823926.11
1544823926.16
1544823926.23
1544823926.28
1544823926.35
1544823926.4
1544823926.46
1544823926.52
1544823926.58
1544823926.63
1544823926.71
1544823926.78
1544823926.84
1544823926.91
1544823926.98
1544823927.03
1544823927.1
1544823927.17
1544823927.24
1544823927.31
1544823927.37
1544823927.44
1544823927.51
1544823927.56
1544823927.65
1544823927.74
1544823927.81
1544823927.89
1544823927.96
1544823928.04
1544823928.1
1544823928.15
1544823928.26
1544823928.36
1544823928.43
1544823928.5
1544823928.58
1544823928.65
1544823928.73
1544823928.78
1544823928.86
1544823928.93
1544823929.02
1544823929.09
1544823929.16
1544823929.27
1544823929.35
1544823929.43
1544823929.5
1544823929.56
1544823929.63
1544823929.69
1544823929.76
1544823929.82
1544823929.88
1544823929.94
1544823930.0
1544823930.05
1544823930.12
1544823930.19
1544823930.27
1544823930.35
1544823930.41
1544823930.48
1544823930.56
1544823930.62
1544823930.69
1544823930.78
1544823930.86
1544823930.94
1544823930.99
1544823931.08
1544823931.16
1544823931.23
1544823931.33
1544823931.4
1544823931.48
1544823931.54
1544823931.61
1544823931.69
1544823931.77
1544823931.84
1544823931.91
1544823931.98
1544823932.05
1544823932.12
1544823932.19
1544823932.26
1544823932.32
1544823932.39
1544823932.46
1544823932.52
1544823932.6
1544823932.67
1544823932.77
1544823932.84
1544823932.9
1544823932.96
1544823933.04
1544823933.09
1544823933.15
1544823933.24
1544823933.31
1544823933.37
1544823933.43
1544823933.48
1544823933.54
1544823933.59
1544823933.64
1544823933.69
1544823933.74
1544823933.79
1544823933.84
1544823933.9
1544823933.95
1544823934.01
1544823934.06
1544823934.12
1544823934.19
1544823934.24
1544823934.31
1544823934.36
1544823934.43
1544823934.46
1544823934.51
1544823934.56
1544823934.62
1544823934.68
1544823934.73
1544823934.78
1544823934.84
1544823934.89
1544823934.94
1544823934.99
1544823935.05
1544823935.09
1544823935.16
1544823935.22
1544823935.27
1544823935.33
1544823935.39
1544823935.45
1544823935.51
1544823935.57
1544823935.64
1544823935.7
1544823935.76
1544823935.82
1544823935.89
1544823935.95
1544823936.02
1544823936.08
1544823936.13
1544823936.19
1544823936.25
1544823936.31
1544823936.36
1544823936.43
1544823936.5
1544823936.55
1544823936.62
1544823936.7
1544823936.79
1544823936.85
1544823937.02
1544823937.07
1544823937.13
1544823937.2
1544823937.27
1544823937.33
1544823937.4
1544823937.46
1544823937.53
1544823937.59
1544823937.66
1544823937.72
1544823937.78
1544823937.84
1544823937.9
1544823937.96
1544823938.02
1544823938.07
1544823938.14
1544823938.19
1544823938.26
1544823938.33
1544823938.4
1544823938.46
1544823938.51
1544823938.55
1544823938.63
1544823938.69
1544823938.77
1544823938.84
1544823938.91
1544823938.97
1544823939.04
1544823939.11
1544823939.17
1544823939.24
1544823939.3
1544823939.36
1544823939.42
1544823939.5
1544823939.55
1544823939.62
1544823939.7
1544823939.77
1544823939.82
1544823939.87
1544823939.96
1544823940.03
1544823940.09
1544823940.15
1544823940.2
1544823940.26
1544823940.32
1544823940.38
1544823940.44
1544823940.49
1544823940.57
1544823940.65
1544823940.73
1544823940.8
1544823940.85
1544823940.91
1544823940.98
1544823941.05
1544823941.13
1544823941.21
1544823941.27
1544823941.34
1544823941.42
1544823941.51
1544823941.61
1544823941.7
1544823941.79
1544823941.88
1544823941.97
1544823942.07
1544823942.16
1544823942.24
1544823942.31
1544823942.38
1544823942.45
1544823942.53
1544823942.6
1544823942.67
1544823942.73
1544823942.8
1544823942.87
1544823942.91
1544823942.99
1544823943.08
1544823943.14
1544823943.19
1544823943.25
1544823943.33
1544823943.39
1544823943.46
1544823943.53
1544823943.59
1544823943.65
1544823943.73
1544823943.8
1544823943.87
1544823943.95
1544823944.03
1544823944.11
1544823944.19
1544823944.28
1544823944.34
1544823944.42
1544823944.5
1544823944.55
1544823944.6
1544823944.7
1544823944.78
1544823944.86
1544823944.93
1544823944.98
1544823945.01
1544823945.05
1544823945.09
1544823945.15
1544823945.2
1544823945.24
1544823945.29
1544823945.34
1544823945.38
1544823945.43
1544823945.47
1544823945.52
1544823945.56
1544823945.61
1544823945.66
1544823945.72
1544823945.79
1544823945.83
1544823945.87
1544823945.92
1544823945.96
1544823946.0
1544823946.04
1544823946.09
1544823946.15
1544823946.22
1544823946.28
1544823946.35
1544823946.41
1544823946.48
1544823946.54
1544823946.6
1544823946.68
1544823946.74
1544823946.8
1544823946.87
1544823946.93
1544823947.0
1544823947.06
1544823947.13
1544823947.17
1544823947.23
1544823947.26
1544823947.3
1544823947.35
1544823947.4
1544823947.45
1544823947.5
1544823947.56
1544823947.62
1544823947.68
1544823947.75
1544823947.8
1544823947.85
1544823947.91
1544823947.95
1544823947.99
1544823948.03
1544823948.08
1544823948.11
1544823948.15
1544823948.19
1544823948.24
1544823948.28
1544823948.33
1544823948.37
1544823948.41
1544823948.44
1544823948.48
1544823948.51
1544823948.55
1544823948.59
1544823948.63
1544823948.69
1544823948.73
1544823948.77
1544823948.81
1544823948.86
1544823948.9
1544823948.94
1544823948.98
1544823949.03
1544823949.08
1544823949.12
1544823949.16
1544823949.21
1544823949.26
1544823949.3
1544823949.35
1544823949.4
1544823949.45
1544823949.49
1544823949.53
1544823949.57
1544823949.62
1544823949.67
1544823949.71
1544823949.76
1544823949.8
1544823949.86
1544823949.91
1544823949.96
1544823950.0
1544823950.08
1544823950.13
1544823950.16
1544823950.22
1544823950.27
1544823950.31
1544823950.36
1544823950.41
1544823950.48
1544823950.52
1544823950.55
1544823950.59
1544823950.63
1544823950.69
1544823950.73
1544823950.77
1544823950.85
1544823950.89
1544823950.93
1544823950.97
1544823951.03
1544823951.08
1544823951.12
1544823951.16
1544823951.21
1544823951.26
1544823951.29
1544823951.33
1544823951.37
1544823951.42
1544823951.48
1544823951.52
1544823951.59
1544823951.63
1544823951.67
1544823951.72
1544823951.75
1544823951.8
1544823951.85
1544823951.88
1544823951.92
1544823951.97
1544823952.0
1544823952.06
1544823952.11
1544823952.15
1544823952.2
1544823952.25
1544823952.29
1544823952.33
1544823952.37
1544823952.42
1544823952.47
1544823952.51
1544823952.55
1544823952.59
1544823952.65
1544823952.71
1544823952.75
1544823952.79
1544823952.88
1544823952.93
1544823952.98
1544823953.03
1544823953.09
1544823953.12
1544823953.16
1544823953.21
1544823953.27
1544823953.32
1544823953.36
1544823953.42
1544823953.47
1544823953.52
1544823953.57
1544823953.62
1544823953.67
1544823953.73
1544823953.78
1544823953.85
1544823953.9
1544823953.96
1544823954.02
1544823954.08
1544823954.15
1544823954.21
1544823954.27
1544823954.31
1544823954.36
1544823954.41
1544823954.46
1544823954.51
1544823954.57
1544823954.62
1544823954.68
1544823954.74
1544823954.79
1544823954.85
1544823954.91
1544823954.95
1544823955.01
1544823955.07
1544823955.11
1544823955.16
1544823955.21
1544823955.27
1544823955.33
1544823955.39
1544823955.43
1544823955.48
1544823955.53
1544823955.57
1544823955.62
1544823955.67
1544823955.73
1544823955.78
1544823955.84
1544823955.89
1544823955.95
1544823956.0
1544823956.06
1544823956.12
1544823956.2
1544823956.25
1544823956.31
1544823956.35
1544823956.39
1544823956.44
1544823956.48
1544823956.54
1544823956.59
1544823956.65
1544823956.71
1544823956.76
1544823956.83
1544823956.89
1544823956.92
1544823956.96
1544823957.0
1544823957.04
1544823957.08
1544823957.13
1544823957.18
1544823957.22
1544823957.26
1544823957.3
1544823957.35
1544823957.4
1544823957.45
1544823957.52
1544823957.58
1544823957.64
1544823957.72
1544823957.78
1544823957.83
1544823957.87
1544823957.93
1544823957.98
1544823958.03
1544823958.08
1544823958.13
1544823958.18
1544823958.24
1544823958.29
1544823958.36
1544823958.4
1544823958.45
1544823958.49
1544823958.54
1544823958.59
1544823958.65
1544823958.7
1544823958.76
1544823958.82
1544823958.88
1544823958.94
1544823959.01
1544823959.08
1544823959.14
1544823959.21
1544823959.28
1544823959.34
1544823959.4
1544823959.46
1544823959.53
1544823959.58
1544823959.63
1544823959.69
1544823959.75
1544823959.79
1544823959.84
1544823959.89
1544823959.96
1544823960.04
1544823960.11
1544823960.18
1544823960.25
1544823960.32
1544823960.38
1544823960.44
1544823960.51
1544823960.57
1544823960.65
1544823960.71
1544823960.76
1544823960.8
1544823960.84
1544823960.88
1544823960.93
1544823960.97
1544823961.0
1544823961.05
1544823961.09
1544823961.14
1544823961.18
1544823961.22
1544823961.26
1544823961.3
1544823961.35
1544823961.39
1544823961.43
1544823961.49
1544823961.52
1544823961.57
1544823961.61
1544823961.65
1544823961.72
1544823961.78
1544823961.83
1544823961.88
1544823961.96
1544823962.0
1544823962.06
1544823962.12
1544823962.17
1544823962.22
1544823962.26
1544823962.3
1544823962.34
1544823962.38
1544823962.42
1544823962.46
1544823962.51
1544823962.57
1544823962.62
1544823962.66
1544823962.69
1544823962.74
1544823962.79
1544823962.83
1544823962.87
1544823962.95
1544823962.99
1544823963.04
1544823963.08
1544823963.13
1544823963.18
1544823963.23
1544823963.26
1544823963.33
1544823963.39
1544823963.44
1544823963.49
1544823963.55
1544823963.6
1544823963.64
1544823963.68
1544823963.72
1544823963.77
1544823963.81
1544823963.85
1544823963.89
1544823963.94
1544823963.98
1544823964.02
1544823964.06
1544823964.1
1544823964.16
1544823964.2
1544823964.24
1544823964.28
1544823964.35
1544823964.4
1544823964.44
1544823964.49
1544823964.54
1544823964.59
1544823964.64
1544823964.68
1544823964.71
1544823964.75
1544823964.79
1544823964.84
1544823964.89
1544823964.93
1544823964.96
1544823965.0
1544823965.04
1544823965.08
1544823965.11
1544823965.16
1544823965.19
1544823965.24
1544823965.28
1544823965.32
1544823965.39
1544823965.44
1544823965.5
1544823965.57
1544823965.62
1544823965.66
1544823965.7
1544823965.76
1544823965.8
1544823965.83
1544823965.87
1544823965.91
1544823965.96
1544823966.0
1544823966.04
1544823966.08
1544823966.14
1544823966.19
1544823966.24
1544823966.28
1544823966.35
1544823966.39
1544823966.43
1544823966.48
1544823966.54
1544823966.58
1544823966.62
1544823966.67
1544823966.73
1544823966.77
1544823966.83
1544823966.89
1544823966.96
1544823967.02
1544823967.07
1544823967.13
1544823967.19
1544823967.25
1544823967.3
1544823967.35
1544823967.4
1544823967.45
1544823967.51
1544823967.56
1544823967.61
1544823967.68
1544823967.73
1544823967.79
1544823967.85
1544823967.92
1544823967.97
1544823968.02
1544823968.06
1544823968.11
1544823968.15
1544823968.2
1544823968.25
1544823968.29
1544823968.35
1544823968.4
1544823968.45
1544823968.49
1544823968.54
1544823968.59
1544823968.62
1544823968.66
1544823968.73
1544823968.78
1544823968.82
1544823968.85
1544823968.89
1544823968.98
1544823969.02
1544823969.06
1544823969.11
1544823969.16
1544823969.2
1544823969.24
1544823969.29
1544823969.35
1544823969.39
1544823969.43
1544823969.47
1544823969.51
1544823969.56
1544823969.6
1544823969.64
1544823969.69
1544823969.76
1544823969.8
1544823969.84
1544823969.88
1544823969.98
1544823970.02
1544823970.05
1544823970.1
1544823970.15
1544823970.19
1544823970.23
1544823970.28
1544823970.34
1544823970.39
1544823970.43
1544823970.48
1544823970.53
1544823970.6
1544823970.64
1544823970.69
1544823970.75
1544823970.82
1544823970.89
1544823970.93
1544823970.99
1544823971.06
1544823971.13
1544823971.2
1544823971.25
1544823971.3
1544823971.35
1544823971.41
1544823971.46
1544823971.51
1544823971.58
1544823971.62
1544823971.7
1544823971.77
1544823971.84
1544823971.89
1544823971.95
1544823972.0
1544823972.05
1544823972.1
1544823972.13
1544823972.17
1544823972.23
1544823972.28
1544823972.32
1544823972.37
1544823972.42
1544823972.48
1544823972.51
1544823972.55
1544823972.59
1544823972.64
1544823972.69
1544823972.75
1544823972.8
1544823972.86
1544823972.93
1544823972.98
1544823973.03
1544823973.09
1544823973.15
1544823973.22
1544823973.28
1544823973.35
1544823973.41
1544823973.47
1544823973.53
1544823973.59
1544823973.66
1544823973.71
1544823973.77
1544823973.84
1544823973.9
1544823973.96
1544823974.0
1544823974.08
1544823974.12
1544823974.17
1544823974.22
1544823974.27
1544823974.32
1544823974.37
1544823974.41
1544823974.45
1544823974.49
1544823974.55
1544823974.59
1544823974.63
1544823974.66
1544823974.71
1544823974.78
1544823974.83
1544823974.86
1544823974.92
1544823974.98
1544823975.03
1544823975.06
1544823975.1
1544823975.15
1544823975.2
1544823975.24
1544823975.29
1544823975.33
1544823975.38
1544823975.43
1544823975.46
1544823975.5
1544823975.54
1544823975.58
1544823975.63
1544823975.67
1544823975.72
1544823975.76
1544823975.81
1544823975.86
1544823975.9
1544823975.95
1544823975.99
1544823976.04
1544823976.08
1544823976.13
1544823976.2
1544823976.23
1544823976.28
1544823976.33
1544823976.39
1544823976.44
1544823976.49
1544823976.53
1544823976.6
1544823976.67
1544823976.71
1544823976.76
1544823976.82
1544823976.86
1544823976.9
1544823976.94
1544823976.99
1544823977.05
1544823977.09
1544823977.13
1544823977.2
1544823977.24
1544823977.28
1544823977.33
1544823977.38
1544823977.43
1544823977.49
1544823977.54
1544823977.6
1544823977.65
1544823977.69
1544823977.76
1544823977.8
1544823977.84
1544823977.88
1544823977.91
1544823977.96
1544823978.01
1544823978.05
1544823978.09
1544823978.13
1544823978.21
1544823978.26
1544823978.31
1544823978.39
1544823978.44
1544823978.48
1544823978.53
1544823978.57
1544823978.61
1544823978.64
1544823978.69
1544823978.73
1544823978.78
1544823978.83
1544823978.87
1544823978.92
1544823978.96
1544823979.03
1544823979.07
1544823979.12
1544823979.17
1544823979.23
1544823979.28
1544823979.33
1544823979.39
1544823979.43
1544823979.47
1544823979.5
1544823979.57
1544823979.62
1544823979.66
1544823979.75
1544823979.81
1544823979.85
1544823979.89
1544823979.94
1544823980.01
1544823980.06
1544823980.09
1544823980.16
1544823980.23
1544823980.29
1544823980.4
1544823980.46
1544823980.49
1544823980.55
1544823980.61
1544823980.65
1544823980.69
1544823980.76
1544823980.83
1544823980.87
1544823980.91
1544823980.97
1544823981.03
1544823981.07
1544823981.11
1544823981.21
1544823981.25
1544823981.3
1544823981.36
1544823981.42
1544823981.46
1544823981.5
1544823981.55
1544823981.59
1544823981.64
1544823981.68
1544823981.75
1544823981.8
1544823981.84
1544823981.88
1544823981.91
1544823981.98
1544823982.04
1544823982.09
1544823982.13
1544823982.17
1544823982.22
1544823982.26
1544823982.31
1544823982.37
1544823982.45
1544823982.54
1544823982.59
1544823982.64
1544823982.7
1544823982.74
1544823982.8
1544823982.87
1544823982.94
1544823983.01
1544823983.06
1544823983.1
1544823983.16
1544823983.21
1544823983.26
1544823983.32
1544823983.38
1544823983.42
1544823983.46
1544823983.51
1544823983.58
1544823983.62
1544823983.66
1544823983.71
1544823983.76
1544823983.81
1544823983.87
1544823983.93
1544823983.98
1544823984.03
1544823984.07
1544823984.11
1544823984.16
1544823984.23
1544823984.29
1544823984.36
1544823984.43
1544823984.5
1544823984.55
1544823984.59
1544823984.63
1544823984.68
1544823984.74
1544823984.79
1544823984.84
1544823984.89
1544823984.94
1544823984.99
1544823985.04
1544823985.11
1544823985.15
1544823985.18
1544823985.22
1544823985.26
1544823985.3
1544823985.35
1544823985.39
1544823985.44
1544823985.48
1544823985.54
1544823985.58
1544823985.62
1544823985.67
1544823985.73
1544823985.77
1544823985.8
1544823985.85
1544823985.89
1544823985.93
1544823985.97
1544823986.03
1544823986.1
1544823986.15
1544823986.2
1544823986.25
1544823986.3
1544823986.34
1544823986.38
1544823986.42
1544823986.47
1544823986.52
1544823986.56
1544823986.6
1544823986.63
1544823986.69
1544823986.74
1544823986.78
1544823986.83
1544823986.88
1544823986.94
1544823986.98
1544823987.03
1544823987.08
1544823987.13
1544823987.16
1544823987.2
1544823987.26
1544823987.32
1544823987.36
1544823987.4
1544823987.44
1544823987.52
1544823987.55
1544823987.6
1544823987.64
1544823987.7
1544823987.73
1544823987.78
1544823987.81
1544823987.89
1544823987.93
1544823987.98
1544823988.03
1544823988.08
1544823988.13
1544823988.18
1544823988.21
1544823988.26
1544823988.33
1544823988.37
1544823988.41
1544823988.51
1544823988.55
1544823988.59
1544823988.66
1544823988.73
1544823988.76
1544823988.8
1544823988.83
1544823988.88
1544823988.95
1544823988.98
1544823989.04
1544823989.08
1544823989.13
1544823989.17
1544823989.2
1544823989.25
1544823989.29
1544823989.33
1544823989.36
1544823989.4
1544823989.45
1544823989.51
1544823989.58
1544823989.66
1544823989.71
1544823989.78
1544823989.83
1544823989.88
1544823989.95
1544823990.02
1544823990.07
1544823990.12
1544823990.16
1544823990.22
1544823990.28
1544823990.34
1544823990.4
1544823990.46
1544823990.52
1544823990.57
1544823990.62
1544823990.66
1544823990.7
1544823990.74
1544823990.77
1544823990.81
1544823990.86
1544823990.91
1544823990.95
1544823990.99
1544823991.05
1544823991.09
1544823991.13
1544823991.16
1544823991.23
1544823991.28
1544823991.31
1544823991.34
1544823991.39
1544823991.46
1544823991.5
1544823991.55
1544823991.58
1544823991.63
1544823991.68
1544823991.73
1544823991.78
1544823991.83
1544823991.88
1544823991.92
1544823991.96
1544823992.02
1544823992.08
1544823992.12
1544823992.16
1544823992.2
1544823992.25
1544823992.3
1544823992.34
1544823992.4
1544823992.45
1544823992.49
1544823992.53
1544823992.56
1544823992.61
1544823992.65
1544823992.69
1544823992.73
1544823992.76
1544823992.8
1544823992.84
1544823992.9
1544823992.93
1544823992.98
1544823993.05
1544823993.1
1544823993.14
1544823993.18
1544823993.23
1544823993.28
1544823993.32
1544823993.38
1544823993.43
1544823993.47
1544823993.5
1544823993.55
1544823993.6
1544823993.65
1544823993.7
1544823993.74
1544823993.78
1544823993.87
1544823993.92
1544823993.96
1544823994.01
1544823994.05
1544823994.09
1544823994.13
1544823994.18
1544823994.25
1544823994.31
1544823994.35
1544823994.41
1544823994.47
1544823994.51
1544823994.55
1544823994.58
1544823994.68
1544823994.72
1544823994.77
1544823994.82
1544823994.88
1544823994.92
1544823994.96
1544823995.01
1544823995.05
1544823995.09
1544823995.15
1544823995.2
1544823995.25
1544823995.29
1544823995.34
1544823995.39
1544823995.44
1544823995.49
1544823995.55
1544823995.63
1544823995.68
1544823995.73
1544823995.78
1544823995.82
1544823995.86
1544823995.9
1544823995.95
1544823995.99
1544823996.04
1544823996.09
1544823996.14
1544823996.19
1544823996.23
1544823996.28
1544823996.35
1544823996.4
1544823996.45
1544823996.5
1544823996.57
1544823996.65
1544823996.72
1544823996.78
1544823996.84
1544823996.88
1544823996.93
1544823996.98
1544823997.04
1544823997.08
1544823997.14
1544823997.19
1544823997.25
1544823997.29
1544823997.35
1544823997.43
1544823997.48
1544823997.52
1544823997.56
1544823997.6
1544823997.64
1544823997.7
1544823997.75
1544823997.78
1544823997.83
1544823997.86
1544823997.94
1544823997.98
1544823998.04
1544823998.09
1544823998.16
1544823998.22
1544823998.25
1544823998.3
1544823998.34
1544823998.4
1544823998.45
1544823998.49
1544823998.55
1544823998.6
1544823998.65
1544823998.72
1544823998.78
1544823998.83
1544823998.87
1544823998.92
1544823998.99
1544823999.02
1544823999.06
1544823999.12
1544823999.18
1544823999.23
1544823999.26
1544823999.32
1544823999.38
1544823999.43
1544823999.47
1544823999.54
1544823999.59
1544823999.63
1544823999.67
1544823999.72
1544823999.78
1544823999.82
1544823999.85
1544823999.89
1544823999.95
1544824000.0
1544824000.04
1544824000.08
1544824000.15
1544824000.18
1544824000.22
1544824000.26
1544824000.31
1544824000.36
1544824000.41
1544824000.45
1544824000.49
1544824000.56
1544824000.62
1544824000.66
1544824000.71
1544824000.75
1544824000.81
1544824000.85
1544824000.9
1544824000.96
1544824001.01
1544824001.05
1544824001.09
1544824001.15
1544824001.19
1544824001.24
1544824001.28
1544824001.33
1544824001.38
1544824001.43
1544824001.48
1544824001.53
1544824001.58
1544824001.61
1544824001.66
1544824001.71
1544824001.78
1544824001.82
1544824001.86
1544824001.9
1544824001.97
1544824002.02
1544824002.06
1544824002.1
1544824002.15
1544824002.2
1544824002.25
1544824002.3
1544824002.37
1544824002.43
1544824002.49
1544824002.56
1544824002.61
1544824002.65
1544824002.7
1544824002.76
1544824002.82
1544824002.86
1544824002.92
1544824002.97
1544824003.02
1544824003.06
1544824003.1
1544824003.14
1544824003.19
1544824003.23
1544824003.28
1544824003.33
1544824003.38
1544824003.42
1544824003.46
1544824003.5
1544824003.58
1544824003.63
1544824003.67
1544824003.71
1544824003.79
1544824003.84
1544824003.89
1544824003.97
1544824004.01
1544824004.05
1544824004.09
1544824004.13
1544824004.18
1544824004.22
1544824004.26
1544824004.31
1544824004.38
1544824004.42
1544824004.46
1544824004.51
1544824004.58
1544824004.61
1544824004.65
1544824004.73
1544824004.8
1544824004.85
1544824004.93
1544824004.98
1544824005.02
1544824005.06
1544824005.13
1544824005.18
1544824005.22
1544824005.26
1544824005.32
1544824005.39
1544824005.43
1544824005.46
1544824005.5
1544824005.53
1544824005.58
1544824005.64
1544824005.7
1544824005.76
1544824005.81
1544824005.86
1544824005.91
1544824005.96
1544824006.01
1544824006.06
1544824006.11
1544824006.16
1544824006.22
1544824006.28
1544824006.33
1544824006.4
1544824006.47
1544824006.53
1544824006.59
1544824006.65
1544824006.71
1544824006.76
1544824006.82
1544824006.88
1544824006.95
1544824007.01
1544824007.08
1544824007.14
1544824007.19
1544824007.25
1544824007.29
1544824007.34
1544824007.4
1544824007.46
1544824007.52
1544824007.56
1544824007.61
1544824007.65
1544824007.69
1544824007.77
1544824007.82
1544824007.86
1544824007.91
1544824007.96
1544824008.0
1544824008.05
1544824008.08
1544824008.13
1544824008.19
1544824008.22
1544824008.27
1544824008.31
1544824008.35
1544824008.39
1544824008.44
1544824008.48
1544824008.54
1544824008.6
1544824008.64
1544824008.68
1544824008.77
1544824008.82
1544824008.86
1544824008.94
1544824008.99
1544824009.03
1544824009.07
1544824009.13
1544824009.19
1544824009.23
1544824009.27
1544824009.31
1544824009.37
1544824009.41
1544824009.45
1544824009.5
1544824009.56
1544824009.63
1544824009.72
1544824009.78
1544824009.83
1544824009.88
1544824009.94
1544824009.99
1544824010.05
1544824010.1
1544824010.15
1544824010.2
1544824010.26
1544824010.3
1544824010.35
1544824010.41
1544824010.48
1544824010.55
1544824010.61
1544824010.66
1544824010.74
1544824010.82
1544824010.88
1544824010.93
1544824010.97
1544824011.05
1544824011.12
1544824011.2
1544824011.27
1544824011.32
1544824011.35
1544824011.39
1544824011.44
1544824011.48
1544824011.52
1544824011.57
1544824011.62
1544824011.65
1544824011.69
1544824011.73
1544824011.79
1544824011.83
1544824011.88
1544824011.91
1544824011.95
1544824012.0
1544824012.05
1544824012.09
1544824012.15
1544824012.23
1544824012.28
1544824012.32
1544824012.38
1544824012.43
1544824012.47
1544824012.51
1544824012.56
1544824012.62
1544824012.65
1544824012.69
1544824012.75
1544824012.81
1544824012.85
1544824012.88
1544824012.92
1544824013.02
1544824013.06
1544824013.1
1544824013.15
1544824013.19
1544824013.25
1544824013.31
1544824013.36
1544824013.4
1544824013.45
1544824013.49
1544824013.53
1544824013.61
1544824013.67
1544824013.72
1544824013.78
1544824013.84
1544824013.91
1544824013.99
1544824014.05
1544824014.11
1544824014.18
1544824014.24
1544824014.31
1544824014.37
1544824014.43
1544824014.48
1544824014.53
1544824014.59
1544824014.65
1544824014.71
1544824014.77
1544824014.8
1544824014.86
1544824014.91
1544824014.95
1544824014.99
1544824015.05
1544824015.1
1544824015.16
1544824015.2
1544824015.26
1544824015.33
1544824015.38
1544824015.43
1544824015.5
1544824015.55
1544824015.58
1544824015.62
1544824015.66
1544824015.71
1544824015.76
1544824015.81
1544824015.86
1544824015.92
1544824015.96
1544824015.99
1544824016.05
1544824016.11
1544824016.15
1544824016.18
1544824016.26
1544824016.33
1544824016.36
1544824016.41
1544824016.47
1544824016.52
1544824016.56
1544824016.61
1544824016.66
1544824016.7
1544824016.75
1544824016.79
1544824016.83
1544824016.86
1544824016.93
1544824016.97
1544824017.03
1544824017.12
1544824017.16
1544824017.2
1544824017.26
1544824017.32
1544824017.37
1544824017.41
1544824017.48
1544824017.53
1544824017.57
1544824017.62
1544824017.66
1544824017.72
1544824017.76
1544824017.81
1544824017.87
1544824017.91
1544824017.95
1544824017.99
1544824018.05
1544824018.1
1544824018.14
1544824018.19
1544824018.24
1544824018.31
1544824018.35
1544824018.39
1544824018.43
1544824018.48
1544824018.53
1544824018.57
1544824018.61
1544824018.67
1544824018.73
1544824018.77
1544824018.81
1544824018.89
1544824018.93
1544824018.97
1544824019.01
1544824019.04
1544824019.12
1544824019.17
1544824019.21
1544824019.27
1544824019.33
1544824019.37
1544824019.42
1544824019.46
1544824019.51
1544824019.55
1544824019.58
1544824019.62
1544824019.69
1544824019.73
1544824019.77
1544824019.8
1544824019.86
1544824019.91
1544824019.95
1544824019.99
1544824020.05
1544824020.11
1544824020.16
1544824020.19
1544824020.24
1544824020.3
1544824020.35
1544824020.39
1544824020.43
1544824020.47
1544824020.52
1544824020.57
1544824020.6
1544824020.66
1544824020.7
1544824020.75
1544824020.78
1544824020.82
1544824020.86
1544824020.9
1544824020.95
1544824020.98
1544824021.01
1544824021.05
1544824021.11
1544824021.14
1544824021.18
1544824021.22
1544824021.26
1544824021.33
1544824021.38
1544824021.46
1544824021.54
1544824021.58
1544824021.64
1544824021.69
1544824021.76
1544824021.81
1544824021.86
1544824021.92
1544824021.97
1544824022.01
1544824022.05
1544824022.1
1544824022.15
1544824022.19
1544824022.24
1544824022.29
1544824022.34
1544824022.38
1544824022.43
1544824022.5
1544824022.55
1544824022.59
1544824022.65
1544824022.71
1544824022.75
1544824022.79
1544824022.84
1544824022.93
1544824022.97
1544824023.0
1544824023.05
1544824023.09
1544824023.14
1544824023.18
1544824023.24
1544824023.29
1544824023.34
1544824023.39
1544824023.44
1544824023.5
1544824023.55
1544824023.59
1544824023.63
1544824023.68
1544824023.74
1544824023.8
1544824023.88
1544824023.92
1544824023.95
1544824023.99
1544824024.03
1544824024.08
1544824024.14
1544824024.18
1544824024.21
1544824024.27
1544824024.33
1544824024.37
1544824024.41
1544824024.46
1544824024.52
1544824024.56
1544824024.61
1544824024.68
1544824024.74
1544824024.78
1544824024.84
1544824024.9
1544824024.94
1544824025.0
1544824025.05
1544824025.1
1544824025.17
1544824025.21
1544824025.27
1544824025.36
1544824025.43
1544824025.49
1544824025.54
1544824025.6
1544824025.66
1544824025.74
1544824025.8
1544824025.85
1544824025.93
1544824026.0
1544824026.08
1544824026.15
1544824026.21
1544824026.27
1544824026.33
1544824026.39
1544824026.43
1544824026.48
1544824026.52
1544824026.57
1544824026.63
1544824026.67
1544824026.72
1544824026.78
1544824026.83
1544824026.86
1544824026.9
1544824026.94
1544824026.99
1544824027.03
1544824027.07
1544824027.11
1544824027.17
1544824027.24
1544824027.28
1544824027.33
1544824027.4
1544824027.47
1544824027.51
1544824027.57
1544824027.66
1544824027.74
1544824027.8
1544824027.87
1544824027.94
1544824028.0
1544824028.07
1544824028.12
1544824028.18
1544824028.22
1544824028.27
1544824028.33
1544824028.38
1544824028.44
1544824028.5
1544824028.55
1544824028.61
1544824028.66
1544824028.73
1544824028.78
1544824028.83
1544824028.88
1544824028.93
1544824028.98
1544824029.04
1544824029.09
1544824029.15
1544824029.2
1544824029.25
1544824029.3
1544824029.36
1544824029.41
1544824029.47
1544824029.53
1544824029.58
1544824029.63
1544824029.68
1544824029.74
1544824029.81
1544824029.87
1544824029.93
1544824030.0
1544824030.07
1544824030.13
1544824030.18
1544824030.23
1544824030.28
1544824030.33
1544824030.38
1544824030.43
1544824030.52
1544824030.55
1544824030.59
1544824030.63
1544824030.7
1544824030.74
1544824030.78
1544824030.81
1544824030.86
1544824030.9
1544824030.95
1544824030.99
1544824031.04
1544824031.08
1544824031.13
1544824031.17
1544824031.21
1544824031.25
1544824031.29
1544824031.33
1544824031.37
1544824031.41
1544824031.47
1544824031.51
1544824031.54
1544824031.58
1544824031.61
1544824031.7
1544824031.75
1544824031.79
1544824031.84
1544824031.89
1544824031.94
1544824031.97
1544824032.0
1544824032.05
1544824032.1
1544824032.15
1544824032.19
1544824032.24
1544824032.31
1544824032.35
1544824032.4
1544824032.45
1544824032.5
1544824032.54
1544824032.58
1544824032.62
1544824032.66
1544824032.71
1544824032.75
1544824032.79
1544824032.83
1544824032.91
1544824032.94
1544824032.98
1544824033.02
1544824033.08
1544824033.13
1544824033.16
1544824033.2
1544824033.24
1544824033.29
1544824033.34
1544824033.38
1544824033.42
1544824033.48
1544824033.53
1544824033.57
1544824033.61
1544824033.65
1544824033.7
1544824033.78
1544824033.81
1544824033.86
1544824033.91
1544824033.98
1544824034.04
1544824034.09
1544824034.15
1544824034.24
1544824034.3
1544824034.36
1544824034.43
1544824034.5
1544824034.57
1544824034.65
1544824034.73
1544824034.8
1544824034.87
1544824034.94
1544824035.0
1544824035.06
1544824035.11
1544824035.17
1544824035.22
1544824035.26
1544824035.31
1544824035.35
1544824035.39
1544824035.47
1544824035.52
1544824035.57
1544824035.63
1544824035.69
1544824035.74
1544824035.77
1544824035.85
1544824035.89
1544824035.93
1544824035.99
1544824036.07
1544824036.12
1544824036.17
1544824036.24
1544824036.31
1544824036.35
1544824036.42
1544824036.48
1544824036.54
1544824036.59
1544824036.62
1544824036.68
1544824036.73
1544824036.78
1544824036.85
1544824036.9
1544824036.94
1544824036.97
1544824037.01
1544824037.05
1544824037.09
1544824037.14
1544824037.19
1544824037.26
1544824037.31
1544824037.35
1544824037.39
1544824037.45
1544824037.5
1544824037.54
1544824037.59
1544824037.64
1544824037.68
1544824037.73
1544824037.76
1544824037.84
1544824037.89
1544824037.92
1544824037.96
1544824038.01
1544824038.08
1544824038.13
1544824038.18
1544824038.26
1544824038.31
1544824038.36
1544824038.4
1544824038.45
1544824038.49
1544824038.54
1544824038.6
1544824038.66
1544824038.7
1544824038.75
1544824038.78
1544824038.87
1544824038.92
1544824038.96
1544824039.02
1544824039.08
1544824039.13
1544824039.17
1544824039.22
1544824039.28
1544824039.31
1544824039.35
1544824039.38
1544824039.46
1544824039.5
1544824039.54
1544824039.58
1544824039.63
1544824039.68
1544824039.73
1544824039.77
1544824039.85
1544824039.9
1544824039.95
1544824040.01
1544824040.06
1544824040.1
1544824040.15
1544824040.19
1544824040.26
1544824040.31
1544824040.36
1544824040.39
1544824040.43
1544824040.47
1544824040.52
1544824040.55
1544824040.6
1544824040.66
1544824040.7
1544824040.74
1544824040.79
1544824040.85
1544824040.89
1544824040.93
1544824040.96
1544824041.01
1544824041.06
1544824041.11
1544824041.16
1544824041.21
1544824041.26
1544824041.31
1544824041.36
1544824041.39
1544824041.44
1544824041.48
1544824041.53
1544824041.57
1544824041.63
1544824041.69
1544824041.73
1544824041.78
1544824041.83
1544824041.88
1544824041.93
1544824041.98
1544824042.02
1544824042.07
1544824042.11
1544824042.15
1544824042.21
1544824042.26
1544824042.31
1544824042.35
1544824042.39
1544824042.45
1544824042.5
1544824042.54
1544824042.58
1544824042.64
1544824042.7
1544824042.75
1544824042.8
1544824042.85
1544824042.89
1544824042.94
1544824042.98
1544824043.06
1544824043.12
1544824043.17
1544824043.21
1544824043.26
1544824043.31
1544824043.36
1544824043.41
1544824043.49
1544824043.53
1544824043.58
1544824043.65
1544824043.69
1544824043.73
1544824043.78
1544824043.84
1544824043.89
1544824043.94
1544824043.99
1544824044.05
1544824044.1
1544824044.14
1544824044.19
1544824044.25
1544824044.31
1544824044.35
1544824044.41
1544824044.47
1544824044.52
1544824044.55
1544824044.6
1544824044.66
1544824044.7
1544824044.73
1544824044.78
1544824044.86
1544824044.9
1544824044.93
1544824044.97
1544824045.05
1544824045.09
1544824045.13
1544824045.17
1544824045.25
1544824045.29
1544824045.33
1544824045.38
1544824045.43
1544824045.49
1544824045.53
1544824045.58
1544824045.64
1544824045.7
1544824045.75
1544824045.79
1544824045.84
1544824045.91
1544824045.95
1544824046.0
1544824046.08
1544824046.12
1544824046.15
1544824046.2
1544824046.27
1544824046.31
1544824046.36
1544824046.43
1544824046.48
1544824046.53
1544824046.58
1544824046.64
1544824046.69
1544824046.72
1544824046.76
1544824046.82
1544824046.89
1544824046.94
1544824046.98
1544824047.03
1544824047.1
1544824047.16
1544824047.23
1544824047.32
1544824047.37
1544824047.41
1544824047.46
1544824047.51
1544824047.55
1544824047.6
1544824047.65
1544824047.7
1544824047.74
1544824047.8
1544824047.87
1544824047.92
1544824047.95
1544824047.99
1544824048.05
1544824048.1
1544824048.15
1544824048.2
1544824048.25
1544824048.31
1544824048.38
1544824048.43
1544824048.48
1544824048.53
1544824048.59
1544824048.63
1544824048.67
1544824048.75
1544824048.83
1544824048.89
1544824048.96
1544824049.03
1544824049.09
1544824049.16
1544824049.21
1544824049.25
1544824049.3
1544824049.35
1544824049.41
1544824049.5
1544824049.56
1544824049.62
1544824049.66
1544824049.72
1544824049.78
1544824049.83
1544824049.89
1544824049.96
1544824050.03
1544824050.09
1544824050.15
1544824050.21
1544824050.28
1544824050.33
1544824050.39
1544824050.45
1544824050.53
1544824050.59
1544824050.65
1544824050.73
1544824050.8
1544824050.84
1544824050.9
1544824050.98
1544824051.04
1544824051.1
1544824051.16
1544824051.22
1544824051.26
1544824051.3
1544824051.36
1544824051.41
1544824051.45
1544824051.48
1544824051.55
1544824051.62
1544824051.66
1544824051.71
1544824051.76
1544824051.83
1544824051.88
1544824051.93
1544824051.98
1544824052.04
1544824052.09
1544824052.12
1544824052.18
1544824052.24
1544824052.3
1544824052.34
1544824052.39
1544824052.44
1544824052.49
1544824052.54
1544824052.62
1544824052.67
1544824052.74
1544824052.8
1544824052.87
1544824052.94
1544824052.99
1544824053.03
1544824053.07
1544824053.14
1544824053.24
1544824053.33
1544824053.43
1544824053.49
1544824053.58
1544824053.63
1544824053.66
1544824053.73
1544824053.77
1544824053.82
1544824053.85
1544824053.89
1544824053.93
1544824053.97
1544824054.01
1544824054.05
1544824054.08
1544824054.15
1544824054.2
1544824054.23
1544824054.28
1544824054.31
1544824054.35
1544824054.39
1544824054.42
1544824054.46
1544824054.5
1544824054.55
1544824054.59
1544824054.63
1544824054.66
1544824054.69
1544824054.73
1544824054.77
1544824054.81
1544824054.85
1544824054.88
1544824054.96
1544824055.02
1544824055.06
1544824055.1
1544824055.14
1544824055.19
1544824055.23
1544824055.26
1544824055.3
1544824055.34
1544824055.39
1544824055.43
1544824055.47
1544824055.52
1544824055.57
1544824055.62
1544824055.66
1544824055.71
1544824055.76
1544824055.82
1544824055.85
1544824055.89
1544824055.94
1544824055.99
1544824056.03
1544824056.06
1544824056.1
1544824056.14
1544824056.18
1544824056.23
1544824056.27
1544824056.31
1544824056.38
1544824056.44
1544824056.47
1544824056.53
1544824056.58
1544824056.62
1544824056.65
1544824056.69
1544824056.74
1544824056.79
1544824056.85
1544824056.89
1544824056.93
1544824056.97
1544824057.02
1544824057.05
1544824057.09
1544824057.14
1544824057.18
1544824057.22
1544824057.25
1544824057.29
1544824057.34
1544824057.39
1544824057.43
1544824057.47
1544824057.51
1544824057.57
1544824057.61
1544824057.65
1544824057.69
1544824057.76
1544824057.79
1544824057.83
1544824057.87
1544824057.91
1544824057.95
1544824057.99
1544824058.03
1544824058.07
1544824058.1
1544824058.17
1544824058.23
1544824058.26
1544824058.29
1544824058.33
1544824058.38
1544824058.43
1544824058.46
1544824058.5
1544824058.54
1544824058.59
1544824058.63
1544824058.66
1544824058.71
1544824058.75
1544824058.78
1544824058.83
1544824058.86
1544824058.94
1544824059.01
1544824059.06
1544824059.12
1544824059.18
1544824059.24
1544824059.29
1544824059.34
1544824059.38
1544824059.43
1544824059.48
1544824059.54
1544824059.59
1544824059.63
1544824059.68
1544824059.74
1544824059.78
1544824059.84
1544824059.91
1544824059.97
1544824060.03
1544824060.08
1544824060.13
1544824060.17
1544824060.23
1544824060.28
1544824060.34
1544824060.4
1544824060.44
1544824060.49
1544824060.53
1544824060.59
1544824060.64
1544824060.68
1544824060.72
1544824060.78
1544824060.83
1544824060.91
1544824060.96
1544824061.02
1544824061.08
1544824061.12
1544824061.18
1544824061.24
1544824061.3
1544824061.37
1544824061.43
1544824061.48
1544824061.55
1544824061.59
1544824061.63
1544824061.68
1544824061.74
1544824061.8
1544824061.86
1544824061.92
1544824061.99
1544824062.03
1544824062.08
1544824062.15
1544824062.2
1544824062.25
1544824062.28
1544824062.35
1544824062.4
1544824062.44
1544824062.5
1544824062.56
1544824062.6
1544824062.64
1544824062.69
1544824062.76
1544824062.81
1544824062.86
1544824062.89
1544824062.97
1544824063.02
1544824063.06
1544824063.12
1544824063.18
1544824063.22
1544824063.28
1544824063.34
1544824063.38
1544824063.43
1544824063.49
1544824063.54
1544824063.59
1544824063.63
1544824063.67
1544824063.74
1544824063.79
1544824063.84
1544824063.87
1544824063.94
1544824063.99
1544824064.03
1544824064.07
1544824064.14
1544824064.19
1544824064.24
1544824064.28
1544824064.34
1544824064.39
1544824064.43
1544824064.46
1544824064.54
1544824064.59
1544824064.63
1544824064.68
1544824064.76
1544824064.81
1544824064.85
1544824064.91
1544824064.97
1544824065.0
1544824065.05
1544824065.08
1544824065.13
1544824065.18
1544824065.22
1544824065.26
1544824065.36
1544824065.4
1544824065.44
1544824065.48
1544824065.54
1544824065.58
1544824065.63
1544824065.66
1544824065.71
1544824065.76
1544824065.8
1544824065.84
1544824065.88
1544824065.93
1544824065.98
1544824066.02
1544824066.06
1544824066.1
1544824066.17
1544824066.21
1544824066.25
1544824066.3
1544824066.35
1544824066.39
1544824066.44
1544824066.48
1544824066.52
1544824066.57
1544824066.62
1544824066.65
1544824066.73
1544824066.78
1544824066.82
1544824066.86
1544824066.95
1544824066.99
1544824067.03
1544824067.08
1544824067.15
1544824067.2
1544824067.24
1544824067.31
1544824067.39
1544824067.44
1544824067.5
1544824067.56
1544824067.61
1544824067.67
1544824067.72
1544824067.78
1544824067.83
1544824067.88
1544824067.94
1544824067.99
1544824068.04
1544824068.09
1544824068.16
1544824068.2
1544824068.25
1544824068.31
1544824068.37
1544824068.42
1544824068.46
1544824068.51
1544824068.55
1544824068.59
1544824068.63
1544824068.66
1544824068.7
1544824068.76
1544824068.8
1544824068.85
1544824068.89
1544824068.93
1544824068.96
1544824068.99
1544824069.03
1544824069.07
1544824069.11
1544824069.14
1544824069.19
1544824069.24
1544824069.28
1544824069.34
1544824069.38
1544824069.43
1544824069.47
1544824069.52
1544824069.56
1544824069.61
1544824069.65
1544824069.68
1544824069.74
1544824069.8
1544824069.85
1544824069.92
1544824069.98
1544824070.03
1544824070.09
1544824070.18
1544824070.24
1544824070.28
1544824070.33
1544824070.37
1544824070.41
1544824070.45
1544824070.49
1544824070.54
1544824070.59
1544824070.63
1544824070.68
1544824070.72
1544824070.78
1544824070.83
1544824070.88
1544824070.92
1544824070.99
1544824071.04
1544824071.1
1544824071.18
1544824071.22
1544824071.26
1544824071.33
1544824071.39
1544824071.44
1544824071.48
1544824071.54
1544824071.58
1544824071.62
1544824071.65
1544824071.69
1544824071.75
1544824071.79
1544824071.83
1544824071.88
1544824071.95
1544824072.02
1544824072.06
1544824072.14
1544824072.19
1544824072.23
1544824072.27
1544824072.36
1544824072.41
1544824072.45
1544824072.49
1544824072.54
1544824072.6
1544824072.64
1544824072.68
1544824072.76
1544824072.8
1544824072.85
1544824072.9
1544824072.95
1544824072.99
1544824073.03
1544824073.08
1544824073.18
1544824073.24
1544824073.28
1544824073.32
1544824073.38
1544824073.41
1544824073.46
1544824073.51
1544824073.56
1544824073.6
1544824073.65
1544824073.71
1544824073.76
1544824073.81
1544824073.85
1544824073.89
1544824073.95
1544824073.98
1544824074.02
1544824074.07
1544824074.12
1544824074.18
1544824074.22
1544824074.28
1544824074.34
1544824074.39
1544824074.44
1544824074.48
1544824074.52
1544824074.56
1544824074.6
1544824074.64
1544824074.69
1544824074.73
1544824074.78
1544824074.83
1544824074.87
1544824074.94
1544824074.99
1544824075.06
1544824075.13
1544824075.18
1544824075.23
1544824075.27
1544824075.32
1544824075.36
1544824075.41
1544824075.48
1544824075.53
1544824075.58
1544824075.63
1544824075.67
1544824075.76
1544824075.83
1544824075.9
1544824075.98
1544824076.04
1544824076.08
1544824076.12
1544824076.16
1544824076.2
1544824076.26
1544824076.3
1544824076.35
1544824076.38
1544824076.48
1544824076.52
1544824076.57
1544824076.61
1544824076.67
1544824076.71
1544824076.75
1544824076.8
1544824076.86
1544824076.9
1544824076.94
1544824076.98
1544824077.05
1544824077.11
1544824077.15
1544824077.24
1544824077.3
1544824077.34
1544824077.38
1544824077.43
1544824077.48
1544824077.52
1544824077.56
1544824077.63
1544824077.68
1544824077.73
1544824077.76
1544824077.81
1544824077.87
1544824077.93
1544824077.96
1544824078.01
1544824078.08
1544824078.12
1544824078.15
1544824078.19
1544824078.25
1544824078.29
1544824078.33
1544824078.38
1544824078.45
1544824078.53
1544824078.59
1544824078.68
1544824078.75
1544824078.82
1544824078.89
1544824078.98
1544824079.04
1544824079.11
1544824079.18
1544824079.24
1544824079.31
1544824079.37
1544824079.41
1544824079.45
1544824079.49
1544824079.54
1544824079.62
1544824079.69
1544824079.75
1544824079.82
1544824079.89
1544824079.96
1544824080.01
1544824080.07
1544824080.14
1544824080.22
