1544825457.88
1544825458.01
1544825458.09
1544825458.15
1544825458.25
1544825458.36
1544825458.43
1544825458.51
1544825458.59
1544825458.69
1544825458.78
1544825458.86
1544825458.95
1544825459.01
1544825459.06
1544825459.14
1544825459.23
1544825459.32
1544825459.42
1544825459.51
1544825459.6
1544825459.67
1544825459.75
1544825459.83
1544825459.92
1544825460.02
1544825460.13
1544825460.21
1544825460.26
1544825460.33
1544825460.41
1544825460.49
1544825460.52
1544825460.57
1544825460.65
1544825460.76
1544825460.85
1544825460.92
1544825461.02
1544825461.1
1544825461.19
1544825461.26
1544825461.38
1544825461.49
1544825461.61
1544825461.71
1544825461.81
1544825461.92
1544825462.02
1544825462.09
1544825462.18
1544825462.25
1544825462.35
1544825462.45
1544825462.53
1544825462.6
1544825462.67
1544825462.74
1544825462.8
1544825462.88
1544825462.95
1544825463.01
1544825463.08
1544825463.18
1544825463.28
1544825463.37
1544825463.47
1544825463.54
1544825463.62
1544825463.7
1544825463.76
1544825463.83
1544825463.91
1544825464.01
1544825464.12
1544825464.23
1544825464.35
1544825464.48
1544825464.55
1544825464.66
1544825464.75
1544825464.82
1544825464.9
1544825464.98
1544825465.06
1544825465.13
1544825465.21
1544825465.3
1544825465.39
1544825465.49
1544825465.56
1544825465.65
1544825465.71
1544825465.8
1544825465.88
1544825465.96
1544825466.04
1544825466.09
1544825466.18
1544825466.28
1544825466.35
1544825466.41
1544825466.47
1544825466.54
1544825466.59
1544825466.66
1544825466.72
1544825466.79
1544825466.88
1544825466.95
1544825467.03
1544825467.1
1544825467.18
1544825467.27
1544825467.36
1544825467.43
1544825467.51
1544825467.6
1544825467.68
1544825467.75
1544825467.81
1544825467.87
1544825468.0
1544825468.05
1544825468.15
1544825468.2
1544825468.26
1544825468.37
1544825468.45
1544825468.55
1544825468.65
1544825468.74
1544825468.8
1544825468.86
1544825468.92
1544825468.99
1544825469.05
1544825469.11
1544825469.18
1544825469.24
1544825469.3
1544825469.35
1544825469.41
1544825469.5
1544825469.56
1544825469.62
1544825469.68
1544825469.73
1544825469.81
1544825469.86
1544825469.94
1544825470.01
1544825470.07
1544825470.13
1544825470.2
1544825470.27
1544825470.32
1544825470.38
1544825470.44
1544825470.51
1544825470.58
1544825470.64
1544825470.71
1544825470.78
1544825470.84
1544825470.9
1544825470.97
1544825471.05
1544825471.13
1544825471.18
1544825471.27
1544825471.35
1544825471.43
1544825471.51
1544825471.6
1544825471.67
1544825471.77
1544825471.84
1544825471.93
1544825472.02
1544825472.1
1544825472.16
1544825472.23
1544825472.3
1544825472.39
1544825472.49
1544825472.57
1544825472.64
1544825472.71
1544825472.79
1544825472.84
1544825472.9
1544825472.97
1544825473.03
1544825473.1
1544825473.19
1544825473.27
1544825473.35
1544825473.41
1544825473.47
1544825473.53
1544825473.59
1544825473.65
1544825473.73
1544825473.8
1544825473.83
1544825473.9
1544825473.95
1544825473.99
1544825474.03
1544825474.1
1544825474.15
1544825474.19
1544825474.23
1544825474.28
1544825474.32
1544825474.37
1544825474.41
1544825474.45
1544825474.5
1544825474.53
1544825474.57
1544825474.62
1544825474.66
1544825474.73
1544825474.77
1544825474.81
1544825474.84
1544825474.89
1544825474.93
1544825474.97
1544825475.02
1544825475.06
1544825475.11
1544825475.17
1544825475.21
1544825475.25
1544825475.3
1544825475.35
1544825475.4
1544825475.44
1544825475.52
1544825475.58
1544825475.62
1544825475.66
1544825475.72
1544825475.78
1544825475.82
1544825475.88
1544825475.93
1544825475.97
1544825476.01
1544825476.05
1544825476.11
1544825476.17
1544825476.21
1544825476.29
1544825476.36
1544825476.4
1544825476.44
1544825476.51
1544825476.55
1544825476.59
1544825476.62
1544825476.66
1544825476.71
1544825476.76
1544825476.8
1544825476.84
1544825476.89
1544825476.93
1544825476.97
1544825477.01
1544825477.08
1544825477.15
1544825477.19
1544825477.23
1544825477.27
1544825477.31
1544825477.36
1544825477.4
1544825477.44
1544825477.47
1544825477.52
1544825477.57
1544825477.61
1544825477.66
1544825477.73
1544825477.78
1544825477.81
1544825477.85
1544825477.91
1544825477.96
1544825477.99
1544825478.03
1544825478.07
1544825478.11
1544825478.16
1544825478.21
1544825478.25
1544825478.3
1544825478.35
1544825478.4
1544825478.43
1544825478.47
1544825478.51
1544825478.56
1544825478.6
1544825478.64
1544825478.69
1544825478.74
1544825478.78
1544825478.82
1544825478.88
1544825478.94
1544825478.99
1544825479.03
1544825479.08
1544825479.14
1544825479.18
1544825479.22
1544825479.27
1544825479.35
1544825479.39
1544825479.44
1544825479.5
1544825479.56
1544825479.6
1544825479.65
1544825479.71
1544825479.77
1544825479.8
1544825479.84
1544825479.9
1544825479.94
1544825479.98
1544825480.01
1544825480.04
1544825480.1
1544825480.15
1544825480.19
1544825480.23
1544825480.26
1544825480.31
1544825480.35
1544825480.39
1544825480.43
1544825480.47
1544825480.51
1544825480.55
1544825480.6
1544825480.65
1544825480.69
1544825480.73
1544825480.78
1544825480.82
1544825480.9
1544825480.95
1544825481.0
1544825481.04
1544825481.09
1544825481.14
1544825481.18
1544825481.23
1544825481.31
1544825481.36
1544825481.4
1544825481.44
1544825481.49
1544825481.52
1544825481.56
1544825481.6
1544825481.63
1544825481.67
1544825481.71
1544825481.76
1544825481.79
1544825481.83
1544825481.9
1544825481.95
1544825482.0
1544825482.03
1544825482.1
1544825482.15
1544825482.19
1544825482.22
1544825482.28
1544825482.33
1544825482.37
1544825482.41
1544825482.45
1544825482.51
1544825482.59
1544825482.64
1544825482.69
1544825482.73
1544825482.79
1544825482.83
1544825482.87
1544825482.93
1544825482.97
1544825483.01
1544825483.07
1544825483.12
1544825483.17
1544825483.21
1544825483.25
1544825483.29
1544825483.33
1544825483.37
1544825483.42
1544825483.47
1544825483.53
1544825483.58
1544825483.62
1544825483.68
1544825483.75
1544825483.8
1544825483.84
1544825483.91
1544825483.96
1544825484.01
1544825484.05
1544825484.1
1544825484.14
1544825484.18
1544825484.23
1544825484.28
1544825484.33
1544825484.39
1544825484.45
1544825484.51
1544825484.58
1544825484.63
1544825484.69
1544825484.75
1544825484.8
1544825484.84
1544825484.9
1544825484.94
1544825484.99
1544825485.03
1544825485.07
1544825485.12
1544825485.17
1544825485.2
1544825485.24
1544825485.31
1544825485.36
1544825485.39
1544825485.43
1544825485.47
1544825485.53
1544825485.57
1544825485.61
1544825485.65
1544825485.72
1544825485.77
1544825485.81
1544825485.84
1544825485.88
1544825485.92
1544825485.97
1544825486.01
1544825486.05
1544825486.11
1544825486.17
1544825486.23
1544825486.29
1544825486.35
1544825486.4
1544825486.47
1544825486.53
1544825486.58
1544825486.63
1544825486.69
1544825486.74
1544825486.8
1544825486.86
1544825486.9
1544825486.95
1544825486.99
1544825487.04
1544825487.09
1544825487.14
1544825487.19
1544825487.26
1544825487.3
1544825487.37
1544825487.42
1544825487.48
1544825487.54
1544825487.59
1544825487.62
1544825487.67
1544825487.73
1544825487.79
1544825487.86
1544825487.92
1544825487.98
1544825488.04
1544825488.09
1544825488.15
1544825488.2
1544825488.26
1544825488.31
1544825488.37
1544825488.43
1544825488.49
1544825488.55
1544825488.62
1544825488.69
1544825488.75
1544825488.8
1544825488.85
1544825488.92
1544825488.98
1544825489.03
1544825489.1
1544825489.17
1544825489.21
1544825489.25
1544825489.31
1544825489.37
1544825489.44
1544825489.51
1544825489.58
1544825489.66
1544825489.71
1544825489.76
1544825489.82
1544825489.89
1544825489.95
1544825490.01
1544825490.07
1544825490.14
1544825490.2
1544825490.27
1544825490.32
1544825490.39
1544825490.42
1544825490.47
1544825490.52
1544825490.57
1544825490.61
1544825490.66
1544825490.7
1544825490.76
1544825490.81
1544825490.85
1544825490.89
1544825490.94
1544825491.0
1544825491.05
1544825491.1
1544825491.16
1544825491.21
1544825491.27
1544825491.32
1544825491.38
1544825491.43
1544825491.48
1544825491.53
1544825491.59
1544825491.65
1544825491.7
1544825491.77
1544825491.82
1544825491.89
1544825491.95
1544825492.0
1544825492.06
1544825492.12
1544825492.18
1544825492.23
1544825492.3
1544825492.38
1544825492.44
1544825492.5
1544825492.58
1544825492.63
1544825492.69
1544825492.73
1544825492.79
1544825492.83
1544825492.89
1544825492.95
1544825493.0
1544825493.06
1544825493.11
1544825493.17
1544825493.23
1544825493.29
1544825493.36
1544825493.41
1544825493.48
1544825493.54
1544825493.59
1544825493.63
1544825493.68
1544825493.73
1544825493.78
1544825493.84
1544825493.89
1544825493.94
1544825493.99
1544825494.04
1544825494.1
1544825494.16
1544825494.22
1544825494.27
1544825494.32
1544825494.39
1544825494.45
1544825494.49
1544825494.52
1544825494.58
1544825494.63
1544825494.68
1544825494.72
1544825494.79
1544825494.85
1544825494.89
1544825494.92
1544825494.95
1544825495.02
1544825495.06
1544825495.1
1544825495.14
1544825495.19
1544825495.25
1544825495.29
1544825495.33
1544825495.38
1544825495.43
1544825495.48
1544825495.51
1544825495.56
1544825495.62
1544825495.67
1544825495.71
1544825495.77
1544825495.84
1544825495.87
1544825495.91
1544825495.96
1544825496.01
1544825496.06
1544825496.09
1544825496.12
1544825496.18
1544825496.22
1544825496.26
1544825496.29
1544825496.32
1544825496.39
1544825496.45
1544825496.48
1544825496.52
1544825496.59
1544825496.64
1544825496.67
1544825496.71
1544825496.74
1544825496.82
1544825496.88
1544825496.92
1544825496.96
1544825497.01
1544825497.06
1544825497.1
1544825497.14
1544825497.2
1544825497.25
1544825497.3
1544825497.35
1544825497.41
1544825497.48
1544825497.53
1544825497.6
1544825497.66
1544825497.73
1544825497.8
1544825497.85
1544825497.91
1544825497.96
1544825498.02
1544825498.08
1544825498.14
1544825498.23
1544825498.29
1544825498.32
1544825498.37
1544825498.42
1544825498.47
1544825498.5
1544825498.53
1544825498.58
1544825498.63
1544825498.68
1544825498.73
1544825498.8
1544825498.86
1544825498.91
1544825498.97
1544825499.05
1544825499.09
1544825499.15
1544825499.21
1544825499.26
1544825499.31
1544825499.38
1544825499.43
1544825499.47
1544825499.5
1544825499.54
1544825499.59
1544825499.65
1544825499.7
1544825499.75
1544825499.81
1544825499.86
1544825499.9
1544825499.94
1544825499.97
1544825500.01
1544825500.04
1544825500.08
1544825500.13
1544825500.17
1544825500.23
1544825500.29
1544825500.33
1544825500.37
1544825500.42
1544825500.47
1544825500.5
1544825500.55
1544825500.62
1544825500.67
1544825500.71
1544825500.76
1544825500.81
1544825500.87
1544825500.91
1544825500.95
1544825501.01
1544825501.05
1544825501.1
1544825501.14
1544825501.19
1544825501.22
1544825501.26
1544825501.3
1544825501.35
1544825501.38
1544825501.42
1544825501.46
1544825501.5
1544825501.54
1544825501.59
1544825501.65
1544825501.69
1544825501.72
1544825501.78
1544825501.85
1544825501.88
1544825501.92
1544825501.98
1544825502.05
1544825502.1
1544825502.15
1544825502.21
1544825502.27
1544825502.31
1544825502.35
1544825502.4
1544825502.45
1544825502.49
1544825502.53
1544825502.56
1544825502.61
1544825502.67
1544825502.71
1544825502.76
1544825502.81
1544825502.86
1544825502.9
1544825502.93
1544825502.98
1544825503.02
1544825503.07
1544825503.1
1544825503.14
1544825503.21
1544825503.25
1544825503.28
1544825503.32
1544825503.39
1544825503.44
1544825503.49
1544825503.53
1544825503.6
1544825503.66
1544825503.69
1544825503.72
1544825503.78
1544825503.84
1544825503.89
1544825503.92
1544825503.96
1544825504.01
1544825504.05
1544825504.09
1544825504.13
1544825504.2
1544825504.26
1544825504.3
1544825504.34
1544825504.4
1544825504.46
1544825504.5
1544825504.54
1544825504.61
1544825504.68
1544825504.71
1544825504.75
1544825504.79
1544825504.83
1544825504.88
1544825504.91
1544825504.95
1544825505.0
1544825505.04
1544825505.08
1544825505.13
1544825505.2
1544825505.25
1544825505.28
1544825505.31
1544825505.36
1544825505.41
1544825505.47
1544825505.51
1544825505.55
1544825505.62
1544825505.67
1544825505.7
1544825505.73
1544825505.82
1544825505.87
1544825505.9
1544825505.95
1544825506.0
1544825506.05
1544825506.09
1544825506.13
1544825506.19
1544825506.24
1544825506.29
1544825506.36
1544825506.41
1544825506.47
1544825506.53
1544825506.59
1544825506.63
1544825506.69
1544825506.74
1544825506.79
1544825506.84
1544825506.89
1544825506.93
1544825506.98
1544825507.02
1544825507.08
1544825507.15
1544825507.22
1544825507.28
1544825507.31
1544825507.35
1544825507.42
1544825507.46
1544825507.51
1544825507.56
1544825507.6
1544825507.63
1544825507.68
1544825507.72
1544825507.77
1544825507.81
1544825507.86
1544825507.91
1544825507.96
1544825508.01
1544825508.06
1544825508.1
1544825508.15
1544825508.22
1544825508.28
1544825508.32
1544825508.38
1544825508.41
1544825508.45
1544825508.51
1544825508.56
1544825508.59
1544825508.63
1544825508.67
1544825508.72
1544825508.77
1544825508.81
1544825508.85
1544825508.9
1544825508.96
1544825508.99
1544825509.03
1544825509.07
1544825509.11
1544825509.15
1544825509.2
1544825509.23
1544825509.3
1544825509.35
1544825509.39
1544825509.42
1544825509.47
1544825509.56
1544825509.6
1544825509.66
1544825509.71
1544825509.76
1544825509.79
1544825509.83
1544825509.86
1544825509.9
1544825509.93
1544825509.98
1544825510.03
1544825510.09
1544825510.13
1544825510.2
1544825510.27
1544825510.33
1544825510.39
1544825510.43
1544825510.46
1544825510.5
1544825510.56
1544825510.6
1544825510.64
1544825510.69
1544825510.76
1544825510.81
1544825510.88
1544825510.96
1544825511.03
1544825511.1
1544825511.19
1544825511.26
1544825511.34
1544825511.41
1544825511.47
1544825511.53
1544825511.59
1544825511.64
1544825511.69
1544825511.73
1544825511.79
1544825511.86
1544825511.92
1544825511.99
1544825512.05
1544825512.11
1544825512.18
1544825512.24
1544825512.3
1544825512.37
1544825512.44
1544825512.5
1544825512.54
1544825512.59
1544825512.64
1544825512.69
1544825512.73
1544825512.79
1544825512.84
1544825512.89
1544825512.93
1544825512.96
1544825513.01
1544825513.06
1544825513.1
1544825513.14
1544825513.18
1544825513.26
1544825513.3
1544825513.34
1544825513.37
1544825513.45
1544825513.5
1544825513.55
1544825513.59
1544825513.63
1544825513.67
1544825513.7
1544825513.75
1544825513.8
1544825513.84
1544825513.88
1544825513.93
1544825513.97
1544825514.03
1544825514.07
1544825514.1
1544825514.16
1544825514.22
1544825514.28
1544825514.33
1544825514.4
1544825514.43
1544825514.48
1544825514.53
1544825514.6
1544825514.66
1544825514.71
1544825514.78
1544825514.81
1544825514.86
1544825514.92
1544825514.98
1544825515.05
1544825515.11
1544825515.18
1544825515.24
1544825515.3
1544825515.35
1544825515.39
1544825515.43
1544825515.5
1544825515.56
1544825515.6
1544825515.63
1544825515.67
1544825515.72
1544825515.77
1544825515.81
1544825515.86
1544825515.93
1544825515.97
1544825516.01
1544825516.07
1544825516.13
1544825516.19
1544825516.22
1544825516.27
1544825516.33
1544825516.37
1544825516.4
1544825516.45
1544825516.51
1544825516.57
1544825516.61
1544825516.65
1544825516.69
1544825516.73
1544825516.78
1544825516.81
1544825516.86
1544825516.9
1544825516.94
1544825516.98
1544825517.03
1544825517.09
1544825517.15
1544825517.18
1544825517.22
1544825517.26
1544825517.3
1544825517.35
1544825517.39
1544825517.43
1544825517.46
1544825517.53
1544825517.58
1544825517.62
1544825517.66
1544825517.71
1544825517.79
1544825517.83
1544825517.87
1544825517.9
1544825517.94
1544825517.97
1544825518.0
1544825518.04
1544825518.08
1544825518.14
1544825518.18
1544825518.22
1544825518.26
1544825518.31
1544825518.37
1544825518.41
1544825518.46
1544825518.51
1544825518.55
1544825518.6
1544825518.64
1544825518.68
1544825518.73
1544825518.78
1544825518.83
1544825518.91
1544825518.97
1544825519.04
1544825519.1
1544825519.15
1544825519.2
1544825519.26
1544825519.31
1544825519.36
1544825519.41
1544825519.47
1544825519.51
1544825519.57
1544825519.62
1544825519.68
1544825519.73
1544825519.78
1544825519.82
1544825519.86
1544825519.91
1544825519.96
1544825519.99
1544825520.04
1544825520.14
1544825520.2
1544825520.23
1544825520.29
1544825520.35
1544825520.39
1544825520.42
1544825520.46
1544825520.51
1544825520.56
1544825520.6
1544825520.63
1544825520.68
1544825520.73
1544825520.77
1544825520.81
1544825520.85
1544825520.88
1544825520.94
1544825520.98
1544825521.02
1544825521.06
1544825521.12
1544825521.17
1544825521.21
1544825521.25
1544825521.32
1544825521.38
1544825521.41
1544825521.45
1544825521.51
1544825521.55
1544825521.59
1544825521.63
1544825521.69
1544825521.74
1544825521.78
1544825521.82
1544825521.88
1544825521.93
1544825521.98
1544825522.01
1544825522.05
1544825522.11
1544825522.17
1544825522.2
1544825522.25
1544825522.32
1544825522.37
1544825522.41
1544825522.45
1544825522.53
1544825522.58
1544825522.63
1544825522.68
1544825522.72
1544825522.76
1544825522.8
1544825522.83
1544825522.87
1544825522.91
1544825522.98
1544825523.03
1544825523.08
1544825523.13
1544825523.18
1544825523.22
1544825523.26
1544825523.31
1544825523.36
1544825523.41
1544825523.46
1544825523.53
1544825523.58
1544825523.62
1544825523.67
1544825523.71
1544825523.76
1544825523.8
1544825523.84
1544825523.89
1544825523.92
1544825523.97
1544825524.01
1544825524.08
1544825524.14
1544825524.2
1544825524.26
1544825524.31
1544825524.34
1544825524.38
1544825524.41
1544825524.44
1544825524.49
1544825524.52
1544825524.57
1544825524.61
1544825524.65
1544825524.7
1544825524.75
1544825524.79
1544825524.83
1544825524.88
1544825524.93
1544825524.97
1544825525.01
1544825525.06
1544825525.11
1544825525.15
1544825525.2
1544825525.24
1544825525.3
1544825525.35
1544825525.4
1544825525.44
1544825525.49
1544825525.55
1544825525.6
1544825525.65
1544825525.7
1544825525.74
1544825525.79
1544825525.83
1544825525.89
1544825525.94
1544825525.98
1544825526.01
1544825526.05
1544825526.11
1544825526.17
1544825526.21
1544825526.25
1544825526.3
1544825526.36
1544825526.41
1544825526.45
1544825526.5
1544825526.55
1544825526.59
1544825526.63
1544825526.67
1544825526.73
1544825526.77
1544825526.81
1544825526.85
1544825526.92
1544825526.97
1544825527.0
1544825527.03
1544825527.07
1544825527.1
1544825527.15
1544825527.19
1544825527.23
1544825527.27
1544825527.33
1544825527.38
1544825527.41
1544825527.45
1544825527.51
1544825527.55
1544825527.6
1544825527.63
1544825527.69
1544825527.75
1544825527.81
1544825527.86
1544825527.91
1544825527.96
1544825528.0
1544825528.04
1544825528.09
1544825528.12
1544825528.16
1544825528.2
1544825528.27
1544825528.32
1544825528.38
1544825528.43
1544825528.47
1544825528.52
1544825528.57
1544825528.61
1544825528.65
1544825528.71
1544825528.75
1544825528.79
1544825528.83
1544825528.87
1544825528.9
1544825528.93
1544825528.97
1544825529.01
1544825529.06
1544825529.1
1544825529.18
1544825529.22
1544825529.27
1544825529.31
1544825529.35
1544825529.39
1544825529.42
1544825529.49
1544825529.56
1544825529.61
1544825529.65
1544825529.7
1544825529.75
1544825529.8
1544825529.84
1544825529.88
1544825529.92
1544825529.97
1544825530.01
1544825530.05
1544825530.13
1544825530.18
1544825530.24
1544825530.3
1544825530.36
1544825530.43
1544825530.49
1544825530.53
1544825530.6
1544825530.65
1544825530.72
1544825530.8
1544825530.88
1544825530.97
1544825531.05
1544825531.15
1544825531.25
1544825531.3
1544825531.34
1544825531.37
1544825531.42
1544825531.5
1544825531.56
1544825531.61
1544825531.64
1544825531.71
1544825531.77
1544825531.82
1544825531.87
1544825531.92
1544825531.99
1544825532.04
1544825532.11
1544825532.2
1544825532.27
1544825532.32
1544825532.39
1544825532.46
1544825532.51
1544825532.56
1544825532.61
1544825532.68
1544825532.72
1544825532.75
1544825532.82
1544825532.88
1544825532.91
1544825532.95
1544825533.03
1544825533.07
1544825533.11
1544825533.18
1544825533.23
1544825533.26
1544825533.3
1544825533.34
1544825533.4
1544825533.44
1544825533.48
1544825533.51
1544825533.55
1544825533.63
1544825533.68
1544825533.71
1544825533.76
1544825533.81
1544825533.86
1544825533.89
1544825533.94
1544825533.99
1544825534.03
1544825534.08
1544825534.12
1544825534.18
1544825534.23
1544825534.28
1544825534.31
1544825534.35
1544825534.39
1544825534.43
1544825534.48
1544825534.52
1544825534.56
1544825534.63
1544825534.67
1544825534.71
1544825534.75
1544825534.8
1544825534.85
1544825534.9
1544825534.93
1544825534.99
1544825535.03
1544825535.08
1544825535.12
1544825535.19
1544825535.23
1544825535.27
1544825535.31
1544825535.35
1544825535.41
1544825535.46
1544825535.5
1544825535.53
1544825535.59
1544825535.64
1544825535.68
1544825535.72
1544825535.76
1544825535.81
1544825535.87
1544825535.91
1544825535.97
1544825536.02
1544825536.07
1544825536.1
1544825536.14
1544825536.19
1544825536.23
1544825536.27
1544825536.32
1544825536.37
1544825536.41
1544825536.45
1544825536.49
1544825536.54
1544825536.59
1544825536.64
1544825536.69
1544825536.73
1544825536.78
1544825536.82
1544825536.86
1544825536.92
1544825536.99
1544825537.04
1544825537.08
1544825537.12
1544825537.18
1544825537.23
1544825537.27
1544825537.31
1544825537.35
1544825537.39
1544825537.43
1544825537.47
1544825537.51
1544825537.56
1544825537.61
1544825537.65
1544825537.7
1544825537.73
1544825537.78
1544825537.82
1544825537.86
1544825537.9
1544825537.96
1544825538.01
1544825538.05
1544825538.09
1544825538.14
1544825538.18
1544825538.21
1544825538.26
1544825538.3
1544825538.34
1544825538.39
1544825538.44
1544825538.48
1544825538.52
1544825538.56
1544825538.61
1544825538.67
1544825538.71
1544825538.75
1544825538.79
1544825538.83
1544825538.88
1544825538.93
1544825538.97
1544825539.02
1544825539.06
1544825539.11
1544825539.16
1544825539.21
1544825539.25
1544825539.3
1544825539.33
1544825539.38
1544825539.43
1544825539.47
1544825539.51
1544825539.55
1544825539.59
1544825539.62
1544825539.66
1544825539.7
1544825539.75
1544825539.78
1544825539.82
1544825539.86
1544825539.9
1544825539.94
1544825539.98
1544825540.01
1544825540.06
1544825540.1
1544825540.14
1544825540.18
1544825540.22
1544825540.25
1544825540.29
1544825540.33
1544825540.37
1544825540.41
1544825540.47
1544825540.53
1544825540.58
1544825540.61
1544825540.66
1544825540.75
1544825540.78
1544825540.83
1544825540.89
1544825540.95
1544825540.99
1544825541.04
1544825541.12
1544825541.17
1544825541.2
1544825541.24
1544825541.31
1544825541.37
1544825541.41
1544825541.45
1544825541.49
1544825541.56
1544825541.6
1544825541.63
1544825541.68
1544825541.72
1544825541.76
1544825541.81
1544825541.85
1544825541.9
1544825541.94
1544825541.99
1544825542.04
1544825542.09
1544825542.13
1544825542.18
1544825542.23
1544825542.28
1544825542.33
1544825542.39
1544825542.45
1544825542.51
1544825542.56
1544825542.61
1544825542.65
1544825542.72
1544825542.8
1544825542.87
1544825542.95
1544825543.0
1544825543.05
1544825543.12
1544825543.18
1544825543.24
1544825543.31
1544825543.39
1544825543.45
1544825543.52
1544825543.59
1544825543.66
1544825543.73
1544825543.79
1544825543.83
1544825543.87
1544825543.91
1544825543.95
1544825544.01
1544825544.05
1544825544.09
1544825544.13
1544825544.21
1544825544.26
1544825544.3
1544825544.33
1544825544.38
1544825544.43
1544825544.48
1544825544.52
1544825544.58
1544825544.63
1544825544.67
1544825544.71
1544825544.77
1544825544.82
1544825544.88
1544825544.92
1544825544.98
1544825545.04
1544825545.09
1544825545.13
1544825545.24
1544825545.28
1544825545.32
1544825545.36
1544825545.43
1544825545.48
1544825545.53
1544825545.59
1544825545.65
1544825545.7
1544825545.75
1544825545.81
1544825545.86
1544825545.9
1544825545.95
1544825546.03
1544825546.08
1544825546.11
1544825546.17
1544825546.23
1544825546.27
1544825546.31
1544825546.35
1544825546.44
1544825546.48
1544825546.51
1544825546.54
1544825546.6
1544825546.67
1544825546.7
1544825546.74
1544825546.81
1544825546.85
1544825546.89
1544825546.93
1544825546.98
1544825547.02
1544825547.07
1544825547.1
1544825547.13
1544825547.21
1544825547.26
1544825547.3
1544825547.34
1544825547.43
1544825547.48
1544825547.52
1544825547.58
1544825547.64
1544825547.69
1544825547.72
1544825547.77
1544825547.83
1544825547.87
1544825547.91
1544825547.97
1544825548.02
1544825548.06
1544825548.1
1544825548.16
1544825548.23
1544825548.28
1544825548.31
1544825548.37
1544825548.41
1544825548.46
1544825548.5
1544825548.53
1544825548.59
1544825548.64
1544825548.68
1544825548.72
1544825548.78
1544825548.85
1544825548.89
1544825548.93
1544825548.98
1544825549.02
1544825549.06
1544825549.09
1544825549.13
1544825549.19
1544825549.24
1544825549.28
1544825549.32
1544825549.38
1544825549.43
1544825549.5
1544825549.53
1544825549.59
1544825549.63
1544825549.68
1544825549.71
1544825549.76
1544825549.81
1544825549.88
1544825549.92
1544825549.98
1544825550.04
1544825550.08
1544825550.12
1544825550.17
1544825550.23
1544825550.28
1544825550.32
1544825550.35
1544825550.4
1544825550.43
1544825550.48
1544825550.51
1544825550.55
1544825550.62
1544825550.67
1544825550.7
1544825550.74
1544825550.79
1544825550.85
1544825550.89
1544825550.93
1544825550.99
1544825551.04
1544825551.09
1544825551.12
1544825551.19
1544825551.25
1544825551.3
1544825551.34
1544825551.41
1544825551.46
1544825551.5
1544825551.55
1544825551.6
1544825551.67
1544825551.7
1544825551.75
1544825551.81
1544825551.86
1544825551.9
1544825551.94
1544825552.0
1544825552.05
1544825552.1
1544825552.13
1544825552.19
1544825552.24
1544825552.29
1544825552.32
1544825552.39
1544825552.45
1544825552.49
1544825552.53
1544825552.58
1544825552.65
1544825552.69
1544825552.73
1544825552.8
1544825552.88
1544825552.92
1544825552.95
1544825553.01
1544825553.06
1544825553.1
1544825553.14
1544825553.21
1544825553.28
1544825553.32
1544825553.36
1544825553.41
1544825553.47
1544825553.52
1544825553.56
1544825553.62
1544825553.68
1544825553.71
1544825553.76
1544825553.82
1544825553.9
1544825553.98
1544825554.02
1544825554.07
1544825554.12
1544825554.2
1544825554.25
1544825554.32
1544825554.38
1544825554.43
1544825554.48
1544825554.53
1544825554.59
1544825554.65
1544825554.7
1544825554.76
1544825554.81
1544825554.86
1544825554.9
1544825554.95
1544825555.0
1544825555.05
1544825555.11
1544825555.17
1544825555.21
1544825555.26
1544825555.3
1544825555.37
1544825555.42
1544825555.49
1544825555.53
1544825555.58
1544825555.62
1544825555.66
1544825555.73
1544825555.8
1544825555.85
1544825555.89
1544825555.96
1544825556.01
1544825556.09
1544825556.12
1544825556.18
1544825556.23
1544825556.28
1544825556.33
1544825556.38
1544825556.42
1544825556.48
1544825556.53
1544825556.58
1544825556.63
1544825556.68
1544825556.72
1544825556.77
1544825556.83
1544825556.89
1544825556.94
1544825556.99
1544825557.06
1544825557.09
1544825557.13
1544825557.2
1544825557.28
1544825557.34
1544825557.41
1544825557.49
1544825557.56
1544825557.61
1544825557.69
1544825557.74
1544825557.78
1544825557.83
1544825557.88
1544825557.92
1544825557.96
1544825558.01
1544825558.06
1544825558.1
1544825558.15
1544825558.2
1544825558.27
1544825558.34
1544825558.39
1544825558.45
1544825558.52
1544825558.57
1544825558.61
1544825558.65
1544825558.71
1544825558.75
1544825558.8
1544825558.84
1544825558.89
1544825558.93
1544825558.98
1544825559.02
1544825559.11
1544825559.17
1544825559.21
1544825559.26
1544825559.33
1544825559.37
1544825559.41
1544825559.47
1544825559.53
1544825559.59
1544825559.64
1544825559.73
1544825559.79
1544825559.82
1544825559.88
1544825559.95
1544825560.03
1544825560.09
1544825560.17
1544825560.25
1544825560.31
1544825560.38
1544825560.45
1544825560.51
1544825560.58
1544825560.64
1544825560.7
1544825560.78
1544825560.84
1544825560.92
1544825561.01
1544825561.1
1544825561.18
1544825561.26
1544825561.32
1544825561.39
1544825561.46
1544825561.52
1544825561.6
1544825561.68
1544825561.76
1544825561.83
1544825561.91
1544825561.98
1544825562.02
1544825562.09
1544825562.13
1544825562.18
1544825562.21
1544825562.25
1544825562.29
1544825562.33
1544825562.37
1544825562.41
1544825562.47
1544825562.53
1544825562.57
1544825562.62
1544825562.68
1544825562.73
1544825562.77
1544825562.81
1544825562.88
1544825562.93
1544825562.98
1544825563.01
1544825563.07
1544825563.12
1544825563.17
1544825563.21
1544825563.26
1544825563.32
1544825563.37
1544825563.41
1544825563.47
1544825563.53
1544825563.57
1544825563.61
1544825563.65
1544825563.7
1544825563.74
1544825563.78
1544825563.82
1544825563.89
1544825563.93
1544825563.98
1544825564.02
1544825564.07
1544825564.12
1544825564.16
1544825564.21
1544825564.27
1544825564.33
1544825564.41
1544825564.5
1544825564.58
1544825564.67
1544825564.73
1544825564.79
1544825564.85
1544825564.91
1544825564.96
1544825565.02
1544825565.07
1544825565.13
1544825565.18
1544825565.23
1544825565.29
1544825565.35
1544825565.4
1544825565.48
1544825565.54
1544825565.61
1544825565.68
1544825565.73
1544825565.81
1544825565.88
1544825565.92
1544825565.96
1544825566.0
1544825566.04
1544825566.08
1544825566.12
1544825566.17
1544825566.21
1544825566.24
1544825566.28
1544825566.32
1544825566.36
1544825566.4
1544825566.45
1544825566.5
1544825566.55
1544825566.6
1544825566.63
1544825566.68
1544825566.73
1544825566.77
1544825566.83
1544825566.89
1544825566.93
1544825566.98
1544825567.03
1544825567.1
1544825567.15
1544825567.2
1544825567.25
1544825567.29
1544825567.35
1544825567.4
1544825567.45
1544825567.5
1544825567.56
1544825567.66
1544825567.72
1544825567.79
1544825567.83
1544825567.87
1544825567.92
1544825567.97
1544825568.02
1544825568.08
1544825568.12
1544825568.19
1544825568.22
1544825568.28
1544825568.37
1544825568.47
1544825568.55
1544825568.65
1544825568.69
1544825568.73
1544825568.79
1544825568.86
1544825568.95
1544825569.03
1544825569.11
1544825569.2
1544825569.27
1544825569.32
1544825569.4
1544825569.47
1544825569.51
1544825569.55
1544825569.6
1544825569.66
1544825569.71
1544825569.77
1544825569.84
1544825569.91
1544825569.97
1544825570.02
1544825570.09
1544825570.16
1544825570.21
1544825570.28
1544825570.34
1544825570.4
1544825570.47
1544825570.54
1544825570.6
1544825570.67
1544825570.71
1544825570.75
1544825570.81
1544825570.88
1544825570.94
1544825571.01
1544825571.09
1544825571.16
1544825571.22
1544825571.29
1544825571.35
1544825571.42
1544825571.49
1544825571.55
1544825571.63
1544825571.7
1544825571.78
1544825571.85
1544825571.89
1544825571.93
1544825571.99
1544825572.04
1544825572.11
1544825572.19
1544825572.25
1544825572.31
1544825572.38
1544825572.43
1544825572.48
1544825572.55
1544825572.59
1544825572.62
1544825572.7
1544825572.75
1544825572.8
1544825572.84
1544825572.88
1544825572.93
1544825572.98
1544825573.01
1544825573.06
1544825573.12
1544825573.18
1544825573.21
1544825573.27
1544825573.35
1544825573.41
1544825573.45
1544825573.53
1544825573.59
1544825573.65
1544825573.72
1544825573.77
1544825573.81
1544825573.86
1544825573.9
1544825573.96
1544825574.0
1544825574.05
1544825574.1
1544825574.15
1544825574.19
1544825574.24
1544825574.29
1544825574.35
1544825574.4
1544825574.44
1544825574.49
1544825574.55
1544825574.59
1544825574.63
1544825574.66
1544825574.7
1544825574.74
1544825574.79
1544825574.82
1544825574.88
1544825574.94
1544825574.98
1544825575.02
1544825575.06
1544825575.11
1544825575.18
1544825575.22
1544825575.25
1544825575.3
1544825575.35
1544825575.39
1544825575.43
1544825575.48
1544825575.55
1544825575.59
1544825575.64
1544825575.7
1544825575.76
1544825575.8
1544825575.84
1544825575.88
1544825575.95
1544825575.99
1544825576.03
1544825576.1
1544825576.16
1544825576.19
1544825576.23
1544825576.3
1544825576.35
1544825576.39
1544825576.42
1544825576.46
1544825576.54
1544825576.59
1544825576.62
1544825576.66
1544825576.72
1544825576.76
1544825576.81
1544825576.87
1544825576.94
1544825576.99
1544825577.03
1544825577.08
1544825577.12
1544825577.18
1544825577.23
1544825577.29
1544825577.34
1544825577.37
1544825577.41
1544825577.45
1544825577.52
1544825577.58
1544825577.61
1544825577.64
1544825577.71
1544825577.76
1544825577.8
1544825577.83
1544825577.88
1544825577.93
1544825577.99
1544825578.05
1544825578.11
1544825578.17
1544825578.21
1544825578.24
1544825578.31
1544825578.35
1544825578.39
1544825578.44
1544825578.49
1544825578.55
1544825578.6
1544825578.65
1544825578.7
1544825578.76
1544825578.81
1544825578.85
1544825578.92
1544825578.98
1544825579.02
1544825579.1
1544825579.15
1544825579.19
1544825579.23
1544825579.26
1544825579.31
1544825579.36
1544825579.4
1544825579.45
1544825579.52
1544825579.56
1544825579.61
1544825579.65
1544825579.71
1544825579.75
1544825579.79
1544825579.82
1544825579.86
1544825579.95
1544825580.01
1544825580.04
1544825580.09
1544825580.15
1544825580.2
1544825580.26
1544825580.31
1544825580.36
1544825580.41
1544825580.46
1544825580.52
1544825580.61
1544825580.67
1544825580.74
1544825580.79
1544825580.85
1544825580.92
1544825580.98
1544825581.02
1544825581.06
1544825581.12
1544825581.17
1544825581.21
1544825581.25
1544825581.29
1544825581.32
1544825581.38
1544825581.41
1544825581.46
1544825581.53
1544825581.59
1544825581.63
1544825581.68
1544825581.75
1544825581.8
1544825581.84
1544825581.93
1544825582.0
1544825582.03
1544825582.09
1544825582.14
1544825582.19
1544825582.23
1544825582.28
1544825582.33
1544825582.39
1544825582.43
1544825582.48
1544825582.55
1544825582.59
1544825582.65
1544825582.71
1544825582.77
1544825582.81
1544825582.85
1544825582.91
1544825582.96
1544825582.99
1544825583.04
1544825583.08
1544825583.15
1544825583.2
1544825583.25
1544825583.31
1544825583.37
1544825583.4
1544825583.45
1544825583.5
1544825583.54
1544825583.58
1544825583.63
1544825583.67
1544825583.73
1544825583.78
1544825583.83
1544825583.89
1544825583.95
1544825584.0
1544825584.04
1544825584.08
1544825584.13
1544825584.18
1544825584.22
1544825584.27
1544825584.33
1544825584.38
1544825584.42
1544825584.46
1544825584.51
1544825584.57
1544825584.61
1544825584.66
1544825584.72
1544825584.77
1544825584.82
1544825584.87
1544825584.94
1544825584.99
1544825585.05
1544825585.08
1544825585.12
1544825585.16
1544825585.21
1544825585.26
1544825585.31
1544825585.36
1544825585.43
1544825585.48
1544825585.52
1544825585.55
1544825585.61
1544825585.65
1544825585.7
1544825585.73
1544825585.77
1544825585.82
1544825585.86
1544825585.9
1544825585.95
1544825586.0
1544825586.07
1544825586.11
1544825586.19
1544825586.25
1544825586.3
1544825586.35
1544825586.42
1544825586.48
1544825586.52
1544825586.57
1544825586.66
1544825586.7
1544825586.74
1544825586.81
1544825586.87
1544825586.92
1544825587.0
1544825587.07
1544825587.11
1544825587.15
1544825587.2
1544825587.24
1544825587.28
1544825587.33
1544825587.38
1544825587.43
1544825587.48
1544825587.52
1544825587.55
1544825587.59
1544825587.64
1544825587.68
1544825587.72
1544825587.77
1544825587.82
1544825587.86
1544825587.9
1544825587.93
1544825587.98
1544825588.05
1544825588.09
1544825588.12
1544825588.16
1544825588.21
1544825588.26
1544825588.3
1544825588.35
1544825588.39
1544825588.43
1544825588.46
1544825588.5
1544825588.55
1544825588.6
1544825588.65
1544825588.7
1544825588.73
1544825588.79
1544825588.84
1544825588.88
1544825588.91
1544825588.96
1544825588.99
1544825589.05
1544825589.09
1544825589.13
1544825589.18
1544825589.23
1544825589.32
1544825589.37
1544825589.42
1544825589.46
1544825589.5
1544825589.54
1544825589.6
1544825589.64
1544825589.69
1544825589.73
1544825589.78
1544825589.87
1544825589.91
1544825589.95
1544825590.03
1544825590.09
1544825590.14
1544825590.22
1544825590.27
1544825590.31
1544825590.37
1544825590.41
1544825590.47
1544825590.52
1544825590.56
1544825590.63
1544825590.7
1544825590.76
1544825590.8
1544825590.84
1544825590.87
1544825590.94
1544825591.0
1544825591.06
1544825591.12
1544825591.19
1544825591.25
1544825591.32
1544825591.39
1544825591.47
1544825591.55
1544825591.63
1544825591.69
1544825591.73
1544825591.78
1544825591.88
1544825591.93
1544825591.98
1544825592.01
1544825592.06
1544825592.11
1544825592.14
1544825592.21
1544825592.26
1544825592.3
1544825592.37
1544825592.43
1544825592.49
1544825592.53
1544825592.59
1544825592.63
1544825592.68
1544825592.72
1544825592.77
1544825592.83
1544825592.88
1544825592.92
1544825592.97
1544825593.01
1544825593.06
1544825593.1
1544825593.14
1544825593.18
1544825593.22
1544825593.26
1544825593.29
1544825593.34
1544825593.39
1544825593.44
1544825593.49
1544825593.52
1544825593.6
1544825593.66
1544825593.7
1544825593.74
1544825593.81
1544825593.85
1544825593.9
1544825593.94
1544825594.02
1544825594.08
1544825594.13
1544825594.21
1544825594.27
1544825594.31
1544825594.37
1544825594.42
1544825594.46
1544825594.5
1544825594.54
1544825594.61
1544825594.67
1544825594.71
1544825594.75
1544825594.81
1544825594.87
1544825594.96
1544825595.04
1544825595.1
1544825595.19
1544825595.26
1544825595.33
1544825595.4
1544825595.48
1544825595.56
1544825595.61
1544825595.67
1544825595.71
1544825595.77
1544825595.83
1544825595.88
1544825595.92
1544825595.98
1544825596.02
1544825596.08
1544825596.13
1544825596.17
1544825596.22
1544825596.26
1544825596.3
1544825596.34
1544825596.4
1544825596.44
1544825596.49
1544825596.53
1544825596.59
1544825596.63
1544825596.68
1544825596.72
1544825596.77
1544825596.82
1544825596.87
1544825596.91
1544825596.97
1544825597.03
1544825597.09
1544825597.14
1544825597.2
1544825597.25
1544825597.29
1544825597.34
1544825597.42
1544825597.47
1544825597.51
1544825597.58
1544825597.65
1544825597.68
1544825597.72
1544825597.8
1544825597.87
1544825597.92
1544825597.99
1544825598.04
1544825598.07
1544825598.11
1544825598.16
1544825598.22
1544825598.27
1544825598.31
1544825598.35
1544825598.41
1544825598.45
1544825598.49
1544825598.53
1544825598.62
1544825598.68
1544825598.71
1544825598.77
1544825598.82
1544825598.88
1544825598.91
1544825598.97
1544825599.02
1544825599.08
1544825599.12
1544825599.17
1544825599.27
1544825599.31
1544825599.37
1544825599.44
1544825599.49
1544825599.54
1544825599.59
1544825599.63
1544825599.67
1544825599.71
1544825599.79
1544825599.84
1544825599.89
1544825599.93
1544825599.98
1544825600.03
1544825600.08
1544825600.12
1544825600.15
1544825600.22
1544825600.28
1544825600.33
1544825600.41
1544825600.48
1544825600.52
1544825600.6
1544825600.67
1544825600.73
1544825600.78
1544825600.85
1544825600.89
1544825600.93
1544825600.99
1544825601.03
1544825601.09
1544825601.12
1544825601.18
1544825601.25
1544825601.3
1544825601.34
1544825601.4
1544825601.47
1544825601.51
1544825601.55
1544825601.6
1544825601.66
1544825601.71
1544825601.78
1544825601.83
1544825601.88
1544825601.92
1544825601.99
1544825602.07
1544825602.11
1544825602.18
1544825602.23
1544825602.28
1544825602.33
1544825602.41
1544825602.47
1544825602.54
1544825602.6
1544825602.68
1544825602.72
1544825602.77
1544825602.8
1544825602.85
1544825602.9
1544825602.97
1544825603.02
1544825603.08
1544825603.12
1544825603.18
1544825603.24
1544825603.29
1544825603.33
1544825603.39
1544825603.45
1544825603.49
1544825603.54
1544825603.59
1544825603.69
1544825603.77
1544825603.87
1544825603.97
1544825604.07
1544825604.14
1544825604.2
1544825604.26
1544825604.34
1544825604.37
1544825604.42
1544825604.46
1544825604.51
1544825604.57
1544825604.6
1544825604.64
1544825604.7
1544825604.75
1544825604.8
1544825604.83
1544825604.87
1544825604.91
1544825604.97
1544825605.01
1544825605.05
1544825605.11
1544825605.17
1544825605.21
1544825605.25
1544825605.32
1544825605.37
1544825605.42
1544825605.46
1544825605.51
1544825605.56
1544825605.6
1544825605.66
1544825605.73
1544825605.78
1544825605.82
1544825605.88
1544825605.95
1544825606.0
1544825606.04
1544825606.09
1544825606.14
1544825606.19
1544825606.23
1544825606.27
1544825606.32
1544825606.36
1544825606.4
1544825606.45
1544825606.5
1544825606.56
1544825606.6
1544825606.65
1544825606.68
1544825606.75
1544825606.8
1544825606.85
1544825606.9
1544825606.97
1544825607.01
1544825607.08
1544825607.12
1544825607.17
1544825607.22
1544825607.3
1544825607.35
1544825607.39
1544825607.43
1544825607.49
1544825607.55
1544825607.59
1544825607.62
1544825607.69
1544825607.75
1544825607.79
1544825607.83
1544825607.89
1544825607.92
1544825607.97
1544825608.01
1544825608.08
1544825608.14
1544825608.19
1544825608.23
1544825608.28
1544825608.34
1544825608.4
1544825608.45
1544825608.5
1544825608.56
1544825608.61
1544825608.67
1544825608.73
1544825608.78
1544825608.81
1544825608.87
1544825608.93
1544825608.97
1544825609.01
1544825609.05
1544825609.12
1544825609.18
1544825609.22
1544825609.29
1544825609.35
1544825609.39
1544825609.43
1544825609.52
1544825609.58
1544825609.61
1544825609.65
1544825609.72
1544825609.77
1544825609.83
1544825609.88
1544825609.91
1544825609.94
1544825609.98
1544825610.03
1544825610.1
1544825610.13
1544825610.18
1544825610.21
1544825610.29
1544825610.35
1544825610.39
1544825610.44
1544825610.5
1544825610.55
1544825610.59
1544825610.63
1544825610.67
1544825610.72
1544825610.78
1544825610.82
1544825610.88
1544825610.91
1544825610.95
1544825610.99
1544825611.03
1544825611.11
1544825611.18
1544825611.22
1544825611.28
1544825611.34
1544825611.4
1544825611.44
1544825611.49
1544825611.55
1544825611.59
1544825611.63
1544825611.69
1544825611.76
1544825611.79
1544825611.82
1544825611.9
1544825611.96
1544825612.0
1544825612.03
1544825612.07
1544825612.13
1544825612.17
1544825612.21
1544825612.27
1544825612.32
1544825612.37
1544825612.41
1544825612.47
1544825612.53
1544825612.58
1544825612.62
1544825612.67
1544825612.74
1544825612.8
1544825612.88
1544825612.95
1544825613.01
1544825613.08
1544825613.15
1544825613.21
1544825613.28
1544825613.32
1544825613.37
1544825613.44
1544825613.49
1544825613.55
1544825613.61
1544825613.68
1544825613.72
1544825613.78
1544825613.84
1544825613.9
1544825613.95
1544825613.99
1544825614.04
1544825614.09
1544825614.17
1544825614.22
1544825614.29
1544825614.37
1544825614.43
1544825614.51
1544825614.55
1544825614.6
1544825614.66
1544825614.7
1544825614.74
1544825614.8
1544825614.85
1544825614.89
1544825614.94
1544825615.0
1544825615.05
1544825615.09
1544825615.13
1544825615.23
1544825615.28
1544825615.32
1544825615.38
1544825615.43
1544825615.49
1544825615.52
1544825615.6
1544825615.64
1544825615.7
1544825615.74
1544825615.8
1544825615.85
1544825615.91
1544825615.95
1544825616.02
1544825616.1
1544825616.17
1544825616.22
1544825616.29
1544825616.37
1544825616.44
1544825616.5
1544825616.56
1544825616.6
1544825616.64
1544825616.69
1544825616.73
1544825616.79
1544825616.83
1544825616.88
1544825616.92
1544825617.01
1544825617.07
1544825617.11
1544825617.2
1544825617.25
1544825617.3
1544825617.35
1544825617.42
1544825617.48
1544825617.51
1544825617.55
1544825617.61
1544825617.67
1544825617.71
1544825617.77
1544825617.82
1544825617.85
1544825617.9
1544825617.94
1544825617.99
1544825618.05
1544825618.08
1544825618.11
1544825618.16
1544825618.2
1544825618.25
1544825618.3
1544825618.34
1544825618.4
1544825618.46
1544825618.51
1544825618.56
1544825618.62
1544825618.67
1544825618.71
1544825618.78
1544825618.84
1544825618.89
1544825618.93
1544825619.02
1544825619.08
1544825619.13
1544825619.19
1544825619.25
1544825619.3
1544825619.35
1544825619.41
1544825619.45
1544825619.5
1544825619.54
1544825619.61
1544825619.67
1544825619.7
1544825619.75
1544825619.81
1544825619.86
1544825619.9
1544825619.95
1544825620.0
1544825620.05
1544825620.1
1544825620.15
1544825620.21
1544825620.26
1544825620.29
1544825620.33
1544825620.4
1544825620.46
1544825620.51
1544825620.56
1544825620.59
1544825620.63
1544825620.68
1544825620.71
1544825620.78
1544825620.82
1544825620.87
1544825620.9
1544825620.95
1544825621.02
1544825621.07
1544825621.11
1544825621.16
1544825621.2
1544825621.24
1544825621.28
1544825621.32
1544825621.37
1544825621.41
1544825621.47
1544825621.51
1544825621.56
1544825621.62
1544825621.68
1544825621.71
1544825621.77
1544825621.81
1544825621.86
1544825621.91
1544825621.95
1544825622.01
1544825622.06
1544825622.1
1544825622.13
1544825622.19
1544825622.23
1544825622.28
1544825622.32
1544825622.36
1544825622.41
1544825622.45
1544825622.49
1544825622.54
1544825622.63
1544825622.68
1544825622.73
1544825622.8
1544825622.84
1544825622.88
1544825622.92
1544825622.99
1544825623.06
1544825623.11
1544825623.15
1544825623.2
1544825623.25
1544825623.3
1544825623.34
1544825623.4
1544825623.45
1544825623.49
1544825623.53
1544825623.58
1544825623.62
1544825623.67
1544825623.71
1544825623.81
1544825623.87
1544825623.92
1544825623.98
1544825624.03
1544825624.07
1544825624.11
1544825624.22
1544825624.28
1544825624.31
1544825624.4
1544825624.48
1544825624.57
1544825624.66
1544825624.73
1544825624.8
1544825624.87
1544825624.93
1544825625.0
1544825625.08
1544825625.15
1544825625.22
1544825625.28
1544825625.33
1544825625.38
1544825625.45
1544825625.52
1544825625.57
1544825625.63
1544825625.69
1544825625.73
1544825625.79
1544825625.85
1544825625.91
1544825625.99
1544825626.05
1544825626.13
1544825626.21
1544825626.28
1544825626.35
1544825626.41
1544825626.49
1544825626.56
1544825626.64
1544825626.7
1544825626.74
1544825626.78
1544825626.83
