1544824499.21
1544824499.36
1544824499.46
1544824499.58
1544824499.68
1544824499.72
1544824499.76
1544824499.84
1544824499.94
1544824500.04
1544824500.1
1544824500.18
1544824500.24
1544824500.3
1544824500.37
1544824500.44
1544824500.52
1544824500.64
1544824500.74
1544824500.8
1544824500.85
1544824500.91
1544824500.95
1544824501.01
1544824501.06
1544824501.13
1544824501.19
1544824501.28
1544824501.41
1544824501.52
1544824501.62
1544824501.72
1544824501.81
1544824501.89
1544824502.0
1544824502.09
1544824502.2
1544824502.27
1544824502.34
1544824502.43
1544824502.52
1544824502.62
1544824502.72
1544824502.78
1544824502.82
1544824502.86
1544824502.9
1544824502.99
1544824503.04
1544824503.08
1544824503.15
1544824503.21
1544824503.25
1544824503.3
1544824503.36
1544824503.41
1544824503.44
1544824503.49
1544824503.54
1544824503.57
1544824503.61
1544824503.65
1544824503.69
1544824503.73
1544824503.78
1544824503.84
1544824503.9
1544824503.94
1544824503.98
1544824504.03
1544824504.07
1544824504.11
1544824504.15
1544824504.18
1544824504.24
1544824504.3
1544824504.36
1544824504.42
1544824504.48
1544824504.55
1544824504.62
1544824504.69
1544824504.79
1544824504.88
1544824504.96
1544824505.02
1544824505.07
1544824505.12
1544824505.18
1544824505.24
1544824505.29
1544824505.36
1544824505.43
1544824505.48
1544824505.52
1544824505.57
1544824505.64
1544824505.69
1544824505.76
1544824505.81
1544824505.86
1544824505.9
1544824505.96
1544824506.02
1544824506.06
1544824506.11
1544824506.17
1544824506.21
1544824506.25
1544824506.28
1544824506.35
1544824506.4
1544824506.45
1544824506.5
1544824506.55
1544824506.62
1544824506.68
1544824506.73
1544824506.8
1544824506.86
1544824506.9
1544824506.95
1544824507.02
1544824507.06
1544824507.11
1544824507.18
1544824507.22
1544824507.26
1544824507.3
1544824507.37
1544824507.43
1544824507.46
1544824507.5
1544824507.54
1544824507.61
1544824507.66
1544824507.71
1544824507.77
1544824507.83
1544824507.87
1544824507.91
1544824507.97
1544824508.03
1544824508.07
1544824508.15
1544824508.22
1544824508.26
1544824508.32
1544824508.38
1544824508.43
1544824508.47
1544824508.55
1544824508.64
1544824508.7
1544824508.76
1544824508.82
1544824508.89
1544824508.95
1544824509.02
1544824509.08
1544824509.13
1544824509.21
1544824509.28
1544824509.35
1544824509.41
1544824509.45
1544824509.49
1544824509.56
1544824509.63
1544824509.68
1544824509.73
1544824509.79
1544824509.83
1544824509.89
1544824509.93
1544824509.99
1544824510.03
1544824510.07
1544824510.11
1544824510.17
1544824510.22
1544824510.27
1544824510.31
1544824510.4
1544824510.44
1544824510.48
1544824510.51
1544824510.54
1544824510.62
1544824510.67
1544824510.71
1544824510.77
1544824510.83
1544824510.88
1544824510.93
1544824510.99
1544824511.04
1544824511.08
1544824511.14
1544824511.18
1544824511.23
1544824511.28
1544824511.36
1544824511.43
1544824511.48
1544824511.58
1544824511.64
1544824511.68
1544824511.73
1544824511.8
1544824511.84
1544824511.88
1544824511.91
1544824511.97
1544824512.03
1544824512.06
1544824512.1
1544824512.15
1544824512.2
1544824512.25
1544824512.31
1544824512.38
1544824512.45
1544824512.51
1544824512.59
1544824512.65
1544824512.73
1544824512.83
1544824512.91
1544824512.99
1544824513.05
1544824513.11
1544824513.17
1544824513.22
1544824513.26
1544824513.32
1544824513.37
1544824513.42
1544824513.5
1544824513.57
1544824513.63
1544824513.68
1544824513.73
1544824513.82
1544824513.88
1544824513.92
1544824513.99
1544824514.04
1544824514.08
1544824514.12
1544824514.17
1544824514.22
1544824514.26
1544824514.29
1544824514.34
1544824514.38
1544824514.44
1544824514.49
1544824514.53
1544824514.61
1544824514.67
1544824514.72
1544824514.79
1544824514.84
1544824514.89
1544824514.93
1544824515.02
1544824515.06
1544824515.1
1544824515.17
1544824515.23
1544824515.27
1544824515.31
1544824515.36
1544824515.44
1544824515.47
1544824515.53
1544824515.59
1544824515.63
1544824515.68
1544824515.73
1544824515.79
1544824515.85
1544824515.89
1544824515.96
1544824516.01
1544824516.05
1544824516.09
1544824516.14
1544824516.19
1544824516.24
1544824516.27
1544824516.31
1544824516.34
1544824516.4
1544824516.46
1544824516.51
1544824516.59
1544824516.65
1544824516.69
1544824516.73
1544824516.79
1544824516.83
1544824516.88
1544824516.92
1544824516.96
1544824517.02
1544824517.07
1544824517.12
1544824517.17
1544824517.22
1544824517.26
1544824517.31
1544824517.39
1544824517.44
1544824517.48
1544824517.52
1544824517.58
1544824517.63
1544824517.66
1544824517.71
1544824517.76
1544824517.8
1544824517.85
1544824517.9
1544824517.95
1544824518.01
1544824518.05
1544824518.08
1544824518.14
1544824518.21
1544824518.26
1544824518.3
1544824518.34
1544824518.43
1544824518.48
1544824518.55
1544824518.63
1544824518.67
1544824518.71
1544824518.78
1544824518.84
1544824518.88
1544824518.94
1544824519.01
1544824519.06
1544824519.11
1544824519.16
1544824519.24
1544824519.27
1544824519.33
1544824519.41
1544824519.47
1544824519.53
1544824519.6
1544824519.66
1544824519.7
1544824519.8
1544824519.85
1544824519.89
1544824519.95
1544824520.0
1544824520.05
1544824520.09
1544824520.15
1544824520.21
1544824520.26
1544824520.3
1544824520.38
1544824520.44
1544824520.48
1544824520.54
1544824520.59
1544824520.64
1544824520.69
1544824520.79
1544824520.85
1544824520.89
1544824520.93
1544824520.99
1544824521.04
1544824521.08
1544824521.13
1544824521.18
1544824521.24
1544824521.28
1544824521.33
1544824521.39
1544824521.44
1544824521.47
1544824521.51
1544824521.57
1544824521.62
1544824521.66
1544824521.7
1544824521.75
1544824521.82
1544824521.86
1544824521.9
1544824521.96
1544824522.03
1544824522.07
1544824522.12
1544824522.18
1544824522.24
1544824522.29
1544824522.34
1544824522.43
1544824522.48
1544824522.51
1544824522.6
1544824522.65
1544824522.7
1544824522.77
1544824522.82
1544824522.87
1544824522.91
1544824522.96
1544824523.01
1544824523.05
1544824523.1
1544824523.15
1544824523.22
1544824523.31
1544824523.39
1544824523.47
1544824523.53
1544824523.61
1544824523.69
1544824523.77
1544824523.86
1544824523.94
1544824524.03
1544824524.08
1544824524.13
1544824524.18
1544824524.22
1544824524.26
1544824524.3
1544824524.34
1544824524.41
1544824524.49
1544824524.57
1544824524.66
1544824524.74
1544824524.8
1544824524.85
1544824524.91
1544824524.98
1544824525.07
1544824525.16
1544824525.2
1544824525.25
1544824525.35
1544824525.39
1544824525.45
1544824525.49
1544824525.53
1544824525.57
1544824525.62
1544824525.67
1544824525.72
1544824525.77
1544824525.82
1544824525.91
1544824525.98
1544824526.02
1544824526.08
1544824526.14
1544824526.18
1544824526.25
1544824526.32
1544824526.37
1544824526.4
1544824526.46
1544824526.52
1544824526.56
1544824526.6
1544824526.64
1544824526.72
1544824526.76
1544824526.79
1544824526.89
1544824526.95
1544824527.01
1544824527.08
1544824527.15
1544824527.22
1544824527.31
1544824527.39
1544824527.45
1544824527.51
1544824527.55
1544824527.59
1544824527.64
1544824527.68
1544824527.73
1544824527.78
1544824527.81
1544824527.86
1544824527.92
1544824527.98
1544824528.02
1544824528.08
1544824528.15
1544824528.22
1544824528.3
1544824528.34
1544824528.41
1544824528.46
1544824528.51
1544824528.56
1544824528.63
1544824528.68
1544824528.73
1544824528.78
1544824528.84
1544824528.92
1544824529.0
1544824529.08
1544824529.16
1544824529.25
1544824529.33
1544824529.39
1544824529.45
1544824529.55
1544824529.61
1544824529.67
1544824529.72
1544824529.78
1544824529.87
1544824529.9
1544824529.97
1544824530.01
1544824530.05
1544824530.09
1544824530.18
1544824530.24
1544824530.28
1544824530.34
1544824530.41
1544824530.46
1544824530.52
1544824530.59
1544824530.64
1544824530.67
1544824530.73
1544824530.79
1544824530.84
1544824530.88
1544824530.94
1544824530.98
1544824531.02
1544824531.05
1544824531.08
1544824531.12
1544824531.18
1544824531.23
1544824531.27
1544824531.31
1544824531.37
1544824531.42
1544824531.45
1544824531.49
1544824531.55
1544824531.59
1544824531.64
1544824531.69
1544824531.74
1544824531.79
1544824531.84
1544824531.88
1544824531.91
1544824531.95
1544824531.99
1544824532.03
1544824532.08
1544824532.13
1544824532.2
1544824532.25
1544824532.29
1544824532.35
1544824532.41
1544824532.45
1544824532.49
1544824532.56
1544824532.61
1544824532.65
1544824532.71
1544824532.76
1544824532.82
1544824532.87
1544824532.92
1544824532.97
1544824533.01
1544824533.04
1544824533.08
1544824533.12
1544824533.17
1544824533.21
1544824533.24
1544824533.28
1544824533.34
1544824533.39
1544824533.44
1544824533.49
1544824533.57
1544824533.62
1544824533.67
1544824533.7
1544824533.76
1544824533.8
1544824533.85
1544824533.88
1544824533.94
1544824534.0
1544824534.05
1544824534.12
1544824534.18
1544824534.22
1544824534.27
1544824534.32
1544824534.38
1544824534.41
1544824534.47
1544824534.49
1544824534.56
1544824534.61
1544824534.66
1544824534.69
1544824534.76
1544824534.81
1544824534.85
1544824534.89
1544824534.95
1544824535.01
1544824535.07
1544824535.09
1544824535.13
1544824535.17
1544824535.22
1544824535.26
1544824535.31
1544824535.38
1544824535.44
1544824535.48
1544824535.53
1544824535.58
1544824535.66
1544824535.7
1544824535.75
1544824535.82
1544824535.85
1544824535.89
1544824535.93
1544824535.98
1544824536.04
1544824536.09
1544824536.15
1544824536.2
1544824536.25
1544824536.29
1544824536.33
1544824536.38
1544824536.45
1544824536.49
1544824536.54
1544824536.59
1544824536.64
1544824536.68
1544824536.73
1544824536.78
1544824536.83
1544824536.87
1544824536.92
1544824536.98
1544824537.05
1544824537.09
1544824537.14
1544824537.21
1544824537.27
1544824537.31
1544824537.38
1544824537.44
1544824537.5
1544824537.57
1544824537.63
1544824537.67
1544824537.73
1544824537.81
1544824537.85
1544824537.89
1544824537.95
1544824538.01
1544824538.05
1544824538.09
1544824538.17
1544824538.24
1544824538.28
1544824538.34
1544824538.39
1544824538.45
1544824538.48
1544824538.53
1544824538.6
1544824538.66
1544824538.7
1544824538.77
1544824538.82
1544824538.87
1544824538.9
1544824538.94
1544824539.01
1544824539.07
1544824539.14
1544824539.21
1544824539.27
1544824539.31
1544824539.37
1544824539.43
1544824539.46
1544824539.49
1544824539.55
1544824539.59
1544824539.64
1544824539.7
1544824539.78
1544824539.83
1544824539.87
1544824539.92
1544824540.01
1544824540.07
1544824540.14
1544824540.19
1544824540.24
1544824540.29
1544824540.38
1544824540.44
1544824540.48
1544824540.55
1544824540.62
1544824540.67
1544824540.7
1544824540.77
1544824540.82
1544824540.85
1544824540.89
1544824540.93
1544824540.97
1544824541.01
1544824541.04
1544824541.08
1544824541.16
1544824541.22
1544824541.25
1544824541.3
1544824541.37
1544824541.42
1544824541.45
1544824541.49
1544824541.56
1544824541.61
1544824541.65
1544824541.71
1544824541.77
1544824541.83
1544824541.88
1544824541.92
1544824541.99
1544824542.02
1544824542.06
1544824542.11
1544824542.2
1544824542.24
1544824542.29
1544824542.36
1544824542.42
1544824542.47
1544824542.52
1544824542.59
1544824542.63
1544824542.66
1544824542.72
1544824542.78
1544824542.82
1544824542.88
1544824542.93
1544824542.99
1544824543.04
1544824543.08
1544824543.15
1544824543.22
1544824543.26
1544824543.3
1544824543.4
1544824543.48
1544824543.57
1544824543.63
1544824543.71
1544824543.81
1544824543.88
1544824543.92
1544824543.96
1544824544.0
1544824544.07
1544824544.12
1544824544.19
1544824544.27
1544824544.32
1544824544.37
1544824544.42
1544824544.49
1544824544.56
1544824544.62
1544824544.71
1544824544.78
1544824544.86
1544824544.93
1544824545.01
1544824545.08
1544824545.14
1544824545.19
1544824545.22
1544824545.29
1544824545.33
1544824545.37
1544824545.4
1544824545.48
1544824545.54
1544824545.58
1544824545.67
1544824545.73
1544824545.77
1544824545.82
1544824545.86
1544824545.92
1544824545.97
1544824546.01
1544824546.09
1544824546.17
1544824546.22
1544824546.28
1544824546.33
1544824546.38
1544824546.45
1544824546.51
1544824546.55
1544824546.58
1544824546.63
1544824546.69
1544824546.74
1544824546.77
1544824546.82
1544824546.88
1544824546.93
1544824546.97
1544824547.02
1544824547.08
1544824547.15
1544824547.22
1544824547.31
1544824547.35
1544824547.4
1544824547.48
1544824547.53
1544824547.58
1544824547.63
1544824547.71
1544824547.77
1544824547.82
1544824547.87
1544824547.92
1544824547.96
1544824547.99
1544824548.04
1544824548.09
1544824548.15
1544824548.19
1544824548.23
1544824548.3
1544824548.36
1544824548.4
1544824548.44
1544824548.5
1544824548.55
1544824548.61
1544824548.68
1544824548.73
1544824548.77
1544824548.81
1544824548.86
1544824548.93
1544824549.02
1544824549.1
1544824549.2
1544824549.3
1544824549.35
1544824549.44
1544824549.53
1544824549.6
1544824549.69
1544824549.78
1544824549.85
1544824549.93
1544824550.01
1544824550.09
1544824550.19
1544824550.32
1544824550.38
1544824550.43
1544824550.49
1544824550.58
1544824550.64
1544824550.68
1544824550.77
1544824550.84
1544824550.91
1544824550.99
1544824551.08
1544824551.16
1544824551.22
1544824551.28
1544824551.34
1544824551.38
1544824551.44
1544824551.48
1544824551.52
1544824551.58
1544824551.63
1544824551.67
1544824551.71
1544824551.76
1544824551.8
1544824551.84
1544824551.89
1544824551.93
1544824551.98
1544824552.04
1544824552.1
1544824552.15
1544824552.19
1544824552.24
1544824552.3
1544824552.34
1544824552.39
1544824552.44
1544824552.5
1544824552.55
1544824552.61
1544824552.64
1544824552.69
1544824552.72
1544824552.76
1544824552.81
1544824552.88
1544824552.92
1544824552.96
1544824553.03
1544824553.08
1544824553.13
1544824553.17
1544824553.22
1544824553.28
1544824553.32
1544824553.4
1544824553.48
1544824553.53
1544824553.58
1544824553.64
1544824553.7
1544824553.74
1544824553.79
1544824553.85
1544824553.89
1544824553.94
1544824553.98
1544824554.04
1544824554.09
1544824554.12
1544824554.16
1544824554.19
1544824554.26
1544824554.32
1544824554.36
1544824554.45
1544824554.5
1544824554.54
1544824554.59
1544824554.66
1544824554.71
1544824554.75
1544824554.82
1544824554.88
1544824554.92
1544824554.96
1544824555.04
1544824555.11
1544824555.15
1544824555.2
1544824555.27
1544824555.32
1544824555.36
1544824555.43
1544824555.51
1544824555.55
1544824555.58
1544824555.63
1544824555.68
1544824555.73
1544824555.76
1544824555.82
1544824555.87
1544824555.92
1544824555.96
1544824556.0
1544824556.06
1544824556.1
1544824556.14
1544824556.19
1544824556.24
1544824556.28
1544824556.33
1544824556.42
1544824556.47
1544824556.52
1544824556.55
1544824556.63
1544824556.67
1544824556.71
1544824556.76
1544824556.81
1544824556.87
1544824556.93
1544824556.98
1544824557.04
1544824557.09
1544824557.13
1544824557.17
1544824557.24
1544824557.29
1544824557.32
1544824557.38
1544824557.45
1544824557.49
1544824557.53
1544824557.58
1544824557.63
1544824557.68
1544824557.73
1544824557.78
1544824557.83
1544824557.87
1544824557.91
1544824557.94
1544824558.0
1544824558.06
1544824558.1
1544824558.14
1544824558.18
1544824558.27
1544824558.33
1544824558.39
1544824558.46
1544824558.56
1544824558.64
1544824558.7
1544824558.78
1544824558.87
1544824558.93
1544824558.99
1544824559.03
1544824559.08
1544824559.12
1544824559.17
1544824559.22
1544824559.28
1544824559.35
1544824559.44
1544824559.49
1544824559.55
1544824559.64
1544824559.71
1544824559.78
1544824559.84
1544824559.9
1544824559.97
1544824560.04
1544824560.11
1544824560.18
1544824560.25
1544824560.32
1544824560.37
1544824560.43
1544824560.49
1544824560.56
1544824560.63
1544824560.69
1544824560.73
1544824560.79
1544824560.84
1544824560.9
1544824560.99
1544824561.1
1544824561.21
1544824561.32
1544824561.37
1544824561.41
1544824561.45
1544824561.55
1544824561.64
1544824561.75
1544824561.86
1544824561.94
1544824562.02
1544824562.11
1544824562.19
1544824562.26
1544824562.32
1544824562.38
1544824562.45
1544824562.5
1544824562.55
1544824562.59
1544824562.64
1544824562.71
1544824562.76
1544824562.8
1544824562.84
1544824562.91
1544824562.96
1544824563.01
1544824563.04
1544824563.1
1544824563.14
1544824563.19
1544824563.24
1544824563.29
1544824563.34
1544824563.38
1544824563.44
1544824563.51
1544824563.55
1544824563.59
1544824563.65
1544824563.74
1544824563.78
1544824563.88
1544824563.93
1544824563.98
1544824564.04
1544824564.1
1544824564.14
1544824564.2
1544824564.28
1544824564.36
1544824564.41
1544824564.46
1544824564.51
1544824564.58
1544824564.64
1544824564.71
1544824564.76
1544824564.88
1544824564.97
1544824565.03
1544824565.1
1544824565.17
1544824565.24
1544824565.33
1544824565.39
1544824565.46
1544824565.53
1544824565.61
1544824565.68
1544824565.76
1544824565.81
1544824565.86
1544824565.92
1544824565.96
1544824566.03
1544824566.09
1544824566.13
1544824566.18
1544824566.25
1544824566.3
1544824566.35
1544824566.39
1544824566.43
1544824566.48
1544824566.51
1544824566.54
1544824566.58
1544824566.65
1544824566.71
1544824566.75
1544824566.82
1544824566.89
1544824566.93
1544824566.99
1544824567.04
1544824567.08
1544824567.12
1544824567.17
1544824567.24
1544824567.29
1544824567.34
1544824567.41
1544824567.47
1544824567.52
1544824567.57
1544824567.62
1544824567.67
1544824567.71
1544824567.75
1544824567.82
1544824567.88
1544824567.92
1544824567.96
1544824568.03
1544824568.08
1544824568.12
1544824568.15
1544824568.22
1544824568.26
1544824568.31
1544824568.35
1544824568.43
1544824568.48
1544824568.52
1544824568.57
1544824568.64
1544824568.69
1544824568.74
1544824568.77
1544824568.81
1544824568.88
1544824568.92
1544824568.96
1544824569.01
1544824569.08
1544824569.12
1544824569.18
1544824569.24
1544824569.29
1544824569.34
1544824569.38
1544824569.45
1544824569.49
1544824569.54
1544824569.57
1544824569.64
1544824569.68
1544824569.72
1544824569.76
1544824569.82
1544824569.87
1544824569.92
1544824569.96
1544824570.01
1544824570.07
1544824570.13
1544824570.17
1544824570.22
1544824570.27
1544824570.32
1544824570.36
1544824570.43
1544824570.47
1544824570.51
1544824570.55
1544824570.6
1544824570.65
1544824570.7
1544824570.74
1544824570.79
1544824570.84
1544824570.89
1544824570.94
1544824570.98
1544824571.04
1544824571.08
1544824571.12
1544824571.17
1544824571.24
1544824571.29
1544824571.33
1544824571.38
1544824571.48
1544824571.53
1544824571.6
1544824571.67
1544824571.72
1544824571.77
1544824571.84
1544824571.91
1544824571.96
1544824572.04
1544824572.07
1544824572.11
1544824572.15
1544824572.19
1544824572.26
1544824572.31
1544824572.35
1544824572.4
1544824572.45
1544824572.5
1544824572.55
1544824572.59
1544824572.63
1544824572.69
1544824572.73
1544824572.78
1544824572.86
1544824572.91
1544824572.96
1544824572.99
1544824573.04
1544824573.08
1544824573.12
1544824573.15
1544824573.21
1544824573.26
1544824573.31
1544824573.35
1544824573.4
1544824573.46
1544824573.51
1544824573.56
1544824573.63
1544824573.7
1544824573.75
1544824573.82
1544824573.87
1544824573.91
1544824573.96
1544824574.01
1544824574.09
1544824574.14
1544824574.17
1544824574.23
1544824574.28
1544824574.33
1544824574.38
1544824574.43
1544824574.48
1544824574.52
1544824574.57
1544824574.63
1544824574.69
1544824574.73
1544824574.77
1544824574.84
1544824574.89
1544824574.94
1544824575.0
1544824575.06
1544824575.09
1544824575.14
1544824575.19
1544824575.28
1544824575.4
1544824575.51
1544824575.61
1544824575.67
1544824575.73
1544824575.79
1544824575.88
1544824575.95
1544824576.01
1544824576.11
1544824576.19
1544824576.28
1544824576.37
1544824576.42
1544824576.46
1544824576.52
1544824576.58
1544824576.62
1544824576.67
1544824576.74
1544824576.79
1544824576.83
1544824576.87
1544824576.92
1544824576.97
1544824577.02
1544824577.06
1544824577.11
1544824577.19
1544824577.25
1544824577.32
1544824577.42
1544824577.46
1544824577.53
1544824577.58
1544824577.66
1544824577.71
1544824577.77
1544824577.83
1544824577.89
1544824577.93
1544824577.96
1544824578.03
1544824578.08
1544824578.12
1544824578.15
1544824578.19
1544824578.23
1544824578.27
1544824578.32
1544824578.36
1544824578.42
1544824578.47
1544824578.52
1544824578.56
1544824578.65
1544824578.69
1544824578.73
1544824578.78
1544824578.84
1544824578.88
1544824578.92
1544824578.98
1544824579.04
1544824579.09
1544824579.13
1544824579.17
1544824579.23
1544824579.28
1544824579.32
1544824579.36
1544824579.44
1544824579.48
1544824579.52
1544824579.56
1544824579.62
1544824579.67
1544824579.71
1544824579.76
1544824579.81
1544824579.85
1544824579.89
1544824579.95
1544824579.98
1544824580.03
1544824580.07
1544824580.11
1544824580.15
1544824580.19
1544824580.23
1544824580.28
1544824580.35
1544824580.39
1544824580.45
1544824580.5
1544824580.56
1544824580.62
1544824580.68
1544824580.78
1544824580.85
1544824580.94
1544824581.0
1544824581.05
1544824581.09
1544824581.14
1544824581.19
1544824581.26
1544824581.34
1544824581.42
1544824581.5
1544824581.58
1544824581.65
1544824581.7
1544824581.75
1544824581.81
1544824581.86
1544824581.9
1544824581.98
1544824582.05
1544824582.13
1544824582.18
1544824582.24
1544824582.3
1544824582.34
1544824582.4
1544824582.45
1544824582.49
1544824582.54
1544824582.63
1544824582.7
1544824582.77
1544824582.85
1544824582.93
1544824582.99
1544824583.05
1544824583.11
1544824583.14
1544824583.18
1544824583.23
1544824583.27
1544824583.31
1544824583.35
1544824583.39
1544824583.44
1544824583.49
1544824583.54
1544824583.58
1544824583.64
1544824583.71
1544824583.75
1544824583.79
1544824583.87
1544824583.94
1544824583.98
1544824584.03
1544824584.08
1544824584.13
1544824584.18
1544824584.26
1544824584.31
1544824584.35
1544824584.41
1544824584.45
1544824584.5
1544824584.54
1544824584.59
1544824584.64
1544824584.68
1544824584.73
1544824584.78
1544824584.83
1544824584.87
1544824584.93
1544824584.97
1544824585.01
1544824585.07
1544824585.11
1544824585.15
1544824585.2
1544824585.26
1544824585.3
1544824585.34
1544824585.38
1544824585.43
1544824585.46
1544824585.51
1544824585.55
1544824585.6
1544824585.64
1544824585.7
1544824585.76
1544824585.8
1544824585.86
1544824585.93
1544824585.97
1544824586.03
1544824586.09
1544824586.14
1544824586.19
1544824586.24
1544824586.29
1544824586.33
1544824586.39
1544824586.44
1544824586.52
1544824586.57
1544824586.61
1544824586.69
1544824586.73
1544824586.77
1544824586.82
1544824586.88
1544824586.94
1544824587.01
1544824587.09
1544824587.16
1544824587.2
1544824587.29
1544824587.36
1544824587.4
1544824587.48
1544824587.53
1544824587.58
1544824587.61
1544824587.66
1544824587.71
1544824587.74
1544824587.78
1544824587.82
1544824587.87
1544824587.92
1544824587.97
1544824588.0
1544824588.04
1544824588.1
1544824588.15
1544824588.19
1544824588.27
1544824588.32
1544824588.37
1544824588.42
1544824588.48
1544824588.53
1544824588.57
1544824588.64
1544824588.72
1544824588.76
1544824588.81
1544824588.91
1544824588.95
1544824589.0
1544824589.08
1544824589.14
1544824589.19
1544824589.24
1544824589.28
1544824589.33
1544824589.37
1544824589.41
1544824589.47
1544824589.54
1544824589.58
1544824589.64
1544824589.71
1544824589.76
1544824589.8
1544824589.87
1544824589.93
1544824589.97
1544824590.01
1544824590.07
1544824590.13
1544824590.17
1544824590.21
1544824590.31
1544824590.35
1544824590.39
1544824590.46
1544824590.51
1544824590.55
1544824590.6
1544824590.65
1544824590.7
1544824590.74
1544824590.78
1544824590.82
1544824590.88
1544824590.93
1544824590.97
1544824591.01
1544824591.07
1544824591.11
1544824591.17
1544824591.22
1544824591.32
1544824591.38
1544824591.41
1544824591.49
1544824591.56
1544824591.59
1544824591.66
1544824591.72
1544824591.76
1544824591.8
1544824591.9
1544824591.96
1544824592.0
1544824592.04
1544824592.08
1544824592.13
1544824592.18
1544824592.27
1544824592.33
1544824592.38
1544824592.42
1544824592.48
1544824592.53
1544824592.57
1544824592.61
1544824592.69
1544824592.74
1544824592.79
1544824592.86
1544824592.93
1544824593.01
1544824593.09
1544824593.18
1544824593.26
1544824593.32
1544824593.39
1544824593.47
1544824593.55
1544824593.63
1544824593.7
1544824593.74
1544824593.77
1544824593.82
1544824593.88
1544824593.91
1544824593.94
1544824593.99
1544824594.08
1544824594.15
1544824594.22
1544824594.28
1544824594.35
1544824594.4
1544824594.46
1544824594.53
1544824594.59
1544824594.67
1544824594.74
1544824594.81
1544824594.89
1544824594.96
1544824595.02
1544824595.06
1544824595.1
1544824595.15
1544824595.23
1544824595.28
1544824595.36
1544824595.43
1544824595.48
1544824595.55
1544824595.62
1544824595.69
1544824595.78
1544824595.86
1544824595.92
1544824595.96
1544824596.05
1544824596.1
1544824596.15
1544824596.2
1544824596.27
1544824596.34
1544824596.43
1544824596.51
1544824596.57
1544824596.66
1544824596.76
1544824596.81
1544824596.85
1544824596.9
1544824596.97
1544824597.02
1544824597.08
1544824597.16
1544824597.25
1544824597.31
1544824597.38
1544824597.42
1544824597.48
1544824597.53
1544824597.57
1544824597.64
1544824597.7
1544824597.74
1544824597.78
1544824597.83
1544824597.87
1544824597.92
1544824597.96
1544824598.0
1544824598.07
1544824598.13
1544824598.17
1544824598.23
1544824598.28
1544824598.33
1544824598.38
1544824598.43
1544824598.49
1544824598.54
1544824598.6
1544824598.67
1544824598.71
1544824598.76
1544824598.8
1544824598.86
1544824598.91
1544824598.94
1544824598.98
1544824599.04
1544824599.11
1544824599.16
1544824599.19
1544824599.25
1544824599.31
1544824599.35
1544824599.39
1544824599.46
1544824599.51
1544824599.55
1544824599.64
1544824599.71
1544824599.76
1544824599.81
1544824599.88
1544824599.94
1544824600.04
1544824600.15
1544824600.25
1544824600.36
1544824600.47
1544824600.5
1544824600.55
1544824600.6
1544824600.65
1544824600.71
1544824600.77
1544824600.83
1544824600.9
1544824600.98
1544824601.01
1544824601.06
1544824601.13
1544824601.2
1544824601.25
1544824601.34
1544824601.41
1544824601.45
1544824601.53
1544824601.61
1544824601.7
1544824601.77
1544824601.81
1544824601.85
1544824601.88
1544824601.93
1544824602.01
1544824602.07
1544824602.13
1544824602.19
1544824602.24
1544824602.29
1544824602.34
1544824602.4
1544824602.48
1544824602.54
1544824602.58
1544824602.61
1544824602.67
1544824602.74
1544824602.79
1544824602.83
1544824602.88
1544824602.93
1544824602.97
1544824603.03
1544824603.08
1544824603.12
1544824603.16
1544824603.2
1544824603.27
1544824603.32
1544824603.38
1544824603.43
1544824603.49
1544824603.53
1544824603.58
1544824603.64
1544824603.69
1544824603.74
1544824603.78
1544824603.82
1544824603.9
1544824603.95
1544824603.99
1544824604.11
1544824604.15
1544824604.18
1544824604.26
1544824604.32
1544824604.37
1544824604.41
1544824604.48
1544824604.52
1544824604.56
1544824604.6
1544824604.67
1544824604.72
1544824604.76
1544824604.8
1544824604.87
1544824604.94
1544824604.98
1544824605.04
1544824605.11
1544824605.16
1544824605.2
1544824605.24
1544824605.29
1544824605.33
1544824605.37
1544824605.41
1544824605.46
1544824605.51
1544824605.55
1544824605.59
1544824605.64
1544824605.69
1544824605.74
1544824605.78
1544824605.82
1544824605.86
1544824605.92
1544824605.96
1544824606.0
1544824606.05
1544824606.13
1544824606.18
1544824606.23
1544824606.31
1544824606.38
1544824606.42
1544824606.46
1544824606.52
1544824606.58
1544824606.62
1544824606.67
1544824606.73
1544824606.78
1544824606.83
1544824606.89
1544824606.95
1544824606.99
1544824607.04
1544824607.11
1544824607.17
1544824607.2
1544824607.24
1544824607.3
1544824607.35
1544824607.4
1544824607.43
1544824607.49
1544824607.54
1544824607.58
1544824607.64
1544824607.68
1544824607.74
1544824607.78
1544824607.81
1544824607.87
1544824607.92
1544824607.96
1544824608.03
1544824608.09
1544824608.17
1544824608.25
1544824608.33
1544824608.42
1544824608.49
1544824608.58
1544824608.64
1544824608.72
1544824608.78
1544824608.87
1544824608.94
1544824609.03
1544824609.09
1544824609.16
1544824609.24
1544824609.31
1544824609.4
1544824609.49
1544824609.61
1544824609.74
1544824609.81
1544824609.91
1544824609.99
1544824610.08
1544824610.16
1544824610.22
1544824610.27
1544824610.31
1544824610.36
1544824610.44
1544824610.55
1544824610.64
1544824610.74
1544824610.82
1544824610.89
1544824610.96
1544824611.0
1544824611.03
1544824611.09
1544824611.14
1544824611.18
1544824611.22
1544824611.27
1544824611.32
1544824611.36
1544824611.4
1544824611.45
1544824611.51
1544824611.57
1544824611.61
1544824611.69
1544824611.75
1544824611.79
1544824611.83
1544824611.94
1544824612.01
1544824612.06
1544824612.1
1544824612.14
1544824612.19
1544824612.26
1544824612.34
1544824612.43
1544824612.52
1544824612.61
1544824612.7
1544824612.78
1544824612.88
1544824612.95
1544824613.0
1544824613.06
1544824613.11
1544824613.16
1544824613.24
1544824613.31
1544824613.38
1544824613.44
1544824613.48
1544824613.53
1544824613.6
1544824613.64
1544824613.68
1544824613.74
1544824613.79
1544824613.83
1544824613.88
1544824613.94
1544824614.0
1544824614.05
1544824614.11
1544824614.17
1544824614.22
1544824614.25
1544824614.3
1544824614.35
1544824614.42
1544824614.47
1544824614.51
1544824614.57
1544824614.63
1544824614.68
1544824614.73
1544824614.78
1544824614.83
1544824614.88
1544824614.94
1544824615.01
1544824615.05
1544824615.09
1544824615.16
1544824615.21
1544824615.25
1544824615.31
1544824615.36
1544824615.4
1544824615.45
1544824615.49
1544824615.56
1544824615.62
1544824615.66
1544824615.69
1544824615.76
1544824615.81
1544824615.85
1544824615.89
1544824615.96
1544824616.0
1544824616.03
1544824616.07
1544824616.14
1544824616.19
1544824616.24
1544824616.29
1544824616.35
1544824616.41
1544824616.47
1544824616.53
1544824616.61
1544824616.68
1544824616.78
1544824616.87
1544824616.94
1544824617.01
1544824617.09
1544824617.18
1544824617.26
1544824617.33
1544824617.42
1544824617.51
1544824617.58
1544824617.65
1544824617.75
1544824617.83
1544824617.89
1544824617.93
1544824617.98
1544824618.07
1544824618.13
1544824618.23
1544824618.32
1544824618.36
1544824618.39
1544824618.51
1544824618.56
1544824618.6
1544824618.66
1544824618.72
1544824618.76
1544824618.81
1544824618.86
1544824618.9
1544824618.95
1544824618.99
1544824619.03
1544824619.08
1544824619.13
1544824619.16
1544824619.21
1544824619.28
1544824619.35
1544824619.39
1544824619.43
1544824619.47
1544824619.52
1544824619.57
1544824619.62
1544824619.68
1544824619.75
1544824619.79
1544824619.86
1544824619.92
1544824619.96
1544824620.0
1544824620.04
1544824620.12
1544824620.16
1544824620.22
1544824620.28
1544824620.34
1544824620.4
1544824620.5
1544824620.55
1544824620.59
1544824620.65
1544824620.72
1544824620.77
1544824620.81
1544824620.86
1544824620.93
1544824620.98
1544824621.02
1544824621.09
1544824621.14
1544824621.18
1544824621.23
1544824621.29
1544824621.35
1544824621.39
1544824621.44
1544824621.5
1544824621.58
1544824621.66
1544824621.77
1544824621.84
1544824621.9
1544824621.98
1544824622.06
1544824622.13
1544824622.18
1544824622.26
1544824622.34
1544824622.44
1544824622.53
1544824622.59
1544824622.67
1544824622.78
1544824622.85
1544824622.94
1544824623.03
1544824623.09
1544824623.13
1544824623.2
1544824623.28
1544824623.32
1544824623.36
1544824623.41
1544824623.46
1544824623.51
1544824623.56
1544824623.6
1544824623.64
1544824623.69
1544824623.76
1544824623.82
1544824623.86
1544824623.93
1544824623.98
1544824624.01
1544824624.04
1544824624.09
1544824624.13
1544824624.18
1544824624.22
1544824624.26
1544824624.33
1544824624.38
1544824624.44
1544824624.48
1544824624.54
1544824624.59
1544824624.64
1544824624.72
1544824624.77
1544824624.8
1544824624.84
1544824624.88
1544824624.95
1544824625.0
1544824625.04
1544824625.09
1544824625.12
1544824625.17
1544824625.21
1544824625.24
1544824625.29
1544824625.36
1544824625.4
1544824625.45
1544824625.52
1544824625.58
1544824625.63
1544824625.68
1544824625.74
1544824625.8
1544824625.83
1544824625.87
1544824625.92
1544824625.97
1544824626.01
1544824626.05
1544824626.12
1544824626.17
1544824626.21
1544824626.25
1544824626.33
1544824626.39
1544824626.43
1544824626.48
1544824626.53
1544824626.58
1544824626.63
1544824626.67
1544824626.73
1544824626.78
1544824626.84
1544824626.93
1544824626.99
1544824627.04
1544824627.08
1544824627.18
1544824627.27
1544824627.34
1544824627.41
1544824627.45
1544824627.51
1544824627.56
1544824627.6
1544824627.65
1544824627.7
1544824627.75
1544824627.79
1544824627.83
1544824627.89
1544824627.94
1544824627.98
1544824628.02
1544824628.06
1544824628.1
1544824628.16
1544824628.21
1544824628.25
1544824628.3
1544824628.34
1544824628.39
1544824628.43
1544824628.49
1544824628.56
1544824628.59
1544824628.64
1544824628.69
1544824628.75
1544824628.79
1544824628.83
1544824628.88
1544824628.93
1544824629.0
1544824629.04
1544824629.11
1544824629.18
1544824629.26
1544824629.33
1544824629.38
1544824629.44
1544824629.49
1544824629.56
1544824629.62
1544824629.68
1544824629.72
1544824629.76
1544824629.83
1544824629.92
1544824630.02
1544824630.08
1544824630.16
1544824630.22
1544824630.28
1544824630.39
1544824630.47
1544824630.53
1544824630.59
1544824630.67
1544824630.75
1544824630.82
1544824630.86
1544824630.9
1544824630.96
1544824631.03
1544824631.13
1544824631.21
1544824631.27
1544824631.33
1544824631.37
1544824631.42
1544824631.46
1544824631.51
1544824631.55
1544824631.62
1544824631.68
1544824631.75
1544824631.84
1544824631.92
1544824631.97
1544824632.07
1544824632.17
1544824632.26
1544824632.33
1544824632.37
1544824632.42
1544824632.46
1544824632.54
1544824632.6
1544824632.65
1544824632.69
1544824632.74
1544824632.78
1544824632.84
1544824632.91
1544824632.98
1544824633.02
1544824633.07
1544824633.13
1544824633.22
1544824633.28
1544824633.34
1544824633.38
1544824633.42
1544824633.46
1544824633.54
1544824633.58
1544824633.63
1544824633.67
1544824633.72
1544824633.78
1544824633.84
1544824633.88
1544824633.95
1544824634.0
1544824634.04
1544824634.08
1544824634.14
1544824634.19
1544824634.23
1544824634.27
1544824634.35
1544824634.41
1544824634.44
1544824634.51
1544824634.56
1544824634.63
1544824634.66
1544824634.73
1544824634.79
1544824634.84
1544824634.88
1544824634.94
1544824634.98
1544824635.03
1544824635.07
1544824635.12
1544824635.16
1544824635.21
1544824635.24
1544824635.29
1544824635.35
1544824635.39
1544824635.44
1544824635.47
1544824635.53
1544824635.58
1544824635.62
1544824635.65
1544824635.71
1544824635.78
1544824635.83
1544824635.86
1544824635.96
1544824636.02
1544824636.07
1544824636.12
1544824636.16
1544824636.21
1544824636.25
1544824636.29
1544824636.34
1544824636.38
1544824636.43
1544824636.48
1544824636.54
1544824636.6
1544824636.65
1544824636.71
1544824636.76
1544824636.81
1544824636.86
1544824636.9
1544824636.95
1544824637.0
1544824637.04
1544824637.08
1544824637.14
1544824637.19
1544824637.25
1544824637.33
1544824637.39
1544824637.44
1544824637.48
1544824637.55
1544824637.59
1544824637.64
1544824637.69
1544824637.74
1544824637.79
1544824637.82
1544824637.86
1544824637.93
1544824638.02
1544824638.06
1544824638.11
1544824638.18
1544824638.23
1544824638.28
1544824638.35
1544824638.4
1544824638.44
1544824638.5
1544824638.58
1544824638.64
1544824638.69
1544824638.76
1544824638.81
1544824638.86
1544824638.94
1544824638.99
1544824639.02
1544824639.06
1544824639.11
1544824639.18
1544824639.23
1544824639.28
1544824639.34
1544824639.39
1544824639.43
1544824639.47
1544824639.51
1544824639.57
1544824639.61
1544824639.65
1544824639.72
1544824639.78
1544824639.83
1544824639.87
1544824639.94
1544824639.98
1544824640.02
1544824640.06
1544824640.1
1544824640.15
1544824640.21
1544824640.25
1544824640.29
1544824640.35
1544824640.39
1544824640.44
1544824640.5
1544824640.56
1544824640.6
1544824640.64
1544824640.71
1544824640.78
1544824640.82
1544824640.85
1544824640.91
1544824640.97
1544824641.01
1544824641.06
1544824641.14
1544824641.17
1544824641.21
1544824641.25
1544824641.3
1544824641.35
1544824641.39
1544824641.43
1544824641.48
1544824641.53
1544824641.59
1544824641.63
1544824641.68
1544824641.74
1544824641.79
1544824641.84
1544824641.88
1544824641.93
1544824641.98
1544824642.02
1544824642.06
1544824642.13
1544824642.19
1544824642.25
1544824642.32
1544824642.37
1544824642.43
1544824642.53
1544824642.59
1544824642.64
1544824642.68
1544824642.73
1544824642.81
1544824642.91
1544824642.99
1544824643.06
1544824643.13
1544824643.21
1544824643.28
1544824643.35
1544824643.41
1544824643.49
1544824643.56
1544824643.63
1544824643.73
1544824643.83
1544824643.92
1544824644.04
1544824644.11
1544824644.2
1544824644.28
1544824644.36
1544824644.43
1544824644.5
1544824644.58
1544824644.61
1544824644.68
1544824644.73
1544824644.77
1544824644.83
1544824644.88
1544824644.93
1544824644.98
1544824645.04
1544824645.08
1544824645.13
1544824645.18
1544824645.24
1544824645.29
1544824645.33
1544824645.37
1544824645.4
1544824645.44
1544824645.49
1544824645.53
1544824645.57
1544824645.62
1544824645.66
1544824645.73
1544824645.77
1544824645.83
1544824645.89
1544824645.94
1544824645.98
1544824646.03
1544824646.08
1544824646.13
1544824646.17
1544824646.22
1544824646.27
1544824646.31
1544824646.35
1544824646.4
1544824646.47
1544824646.52
1544824646.57
1544824646.61
1544824646.65
1544824646.7
1544824646.74
1544824646.8
1544824646.88
1544824646.91
1544824646.96
1544824647.02
1544824647.08
1544824647.12
1544824647.17
1544824647.24
1544824647.33
1544824647.43
1544824647.51
1544824647.59
1544824647.69
1544824647.75
1544824647.81
1544824647.87
1544824647.94
1544824648.02
1544824648.08
1544824648.14
1544824648.2
1544824648.24
1544824648.28
1544824648.33
1544824648.38
1544824648.42
1544824648.47
1544824648.55
1544824648.59
1544824648.64
1544824648.68
1544824648.75
1544824648.79
1544824648.85
1544824648.93
1544824648.99
1544824649.06
1544824649.14
1544824649.22
1544824649.31
1544824649.37
1544824649.41
1544824649.45
1544824649.55
1544824649.59
1544824649.66
1544824649.75
1544824649.81
1544824649.85
1544824649.91
1544824649.95
1544824650.01
1544824650.05
1544824650.11
1544824650.15
1544824650.21
1544824650.3
1544824650.36
1544824650.39
1544824650.43
1544824650.47
1544824650.52
1544824650.55
1544824650.59
1544824650.63
1544824650.71
1544824650.76
1544824650.81
1544824650.89
1544824650.93
1544824650.98
1544824651.04
1544824651.08
1544824651.12
1544824651.15
1544824651.19
1544824651.26
1544824651.32
1544824651.36
1544824651.4
1544824651.44
1544824651.49
1544824651.54
1544824651.58
1544824651.64
1544824651.71
1544824651.75
1544824651.79
1544824651.85
1544824651.92
1544824651.97
1544824652.02
1544824652.09
1544824652.14
1544824652.18
1544824652.22
1544824652.26
1544824652.32
1544824652.35
1544824652.39
1544824652.44
1544824652.48
1544824652.52
1544824652.56
1544824652.6
1544824652.66
1544824652.71
1544824652.76
1544824652.79
1544824652.91
1544824652.96
1544824652.99
1544824653.04
1544824653.1
1544824653.14
1544824653.18
1544824653.21
1544824653.25
1544824653.29
1544824653.34
1544824653.39
1544824653.44
1544824653.51
1544824653.55
1544824653.6
1544824653.66
1544824653.72
1544824653.77
1544824653.81
1544824653.85
1544824653.91
1544824653.97
1544824654.01
1544824654.06
1544824654.1
1544824654.14
1544824654.19
1544824654.25
1544824654.3
1544824654.34
1544824654.37
1544824654.41
1544824654.49
1544824654.56
1544824654.6
1544824654.64
1544824654.68
1544824654.75
1544824654.8
1544824654.85
1544824654.9
1544824654.97
1544824655.01
1544824655.08
1544824655.12
1544824655.17
1544824655.22
1544824655.3
1544824655.34
1544824655.4
1544824655.48
1544824655.53
1544824655.58
1544824655.62
1544824655.68
1544824655.72
1544824655.76
1544824655.8
1544824655.85
1544824655.93
1544824655.97
1544824656.01
1544824656.08
1544824656.13
1544824656.17
1544824656.22
1544824656.28
1544824656.34
1544824656.4
1544824656.44
1544824656.51
1544824656.57
1544824656.62
1544824656.69
1544824656.74
1544824656.79
1544824656.83
1544824656.88
1544824656.93
1544824656.98
1544824657.05
1544824657.09
1544824657.15
1544824657.21
1544824657.27
1544824657.32
1544824657.36
1544824657.41
1544824657.48
1544824657.52
1544824657.56
1544824657.59
1544824657.65
1544824657.69
1544824657.73
1544824657.76
1544824657.81
1544824657.88
1544824657.94
1544824657.99
1544824658.04
1544824658.09
1544824658.13
1544824658.19
1544824658.23
1544824658.27
1544824658.31
1544824658.37
1544824658.41
1544824658.49
1544824658.54
1544824658.59
1544824658.65
1544824658.71
1544824658.74
1544824658.79
1544824658.85
1544824658.9
1544824658.98
1544824659.05
1544824659.13
1544824659.2
1544824659.28
1544824659.34
1544824659.41
1544824659.48
1544824659.55
1544824659.62
1544824659.68
1544824659.74
1544824659.82
1544824659.89
1544824659.95
1544824660.02
1544824660.08
1544824660.16
1544824660.22
1544824660.33
1544824660.47
1544824660.57
1544824660.62
1544824660.68
1544824660.73
1544824660.78
1544824660.82
1544824660.87
1544824660.92
1544824660.97
1544824661.03
1544824661.09
1544824661.14
1544824661.19
1544824661.26
1544824661.32
1544824661.38
1544824661.43
1544824661.48
1544824661.54
1544824661.59
1544824661.64
1544824661.69
1544824661.74
1544824661.77
1544824661.81
1544824661.85
1544824661.89
1544824661.93
1544824661.97
1544824662.02
1544824662.09
1544824662.14
1544824662.19
1544824662.29
1544824662.34
1544824662.38
1544824662.42
1544824662.47
1544824662.51
1544824662.56
1544824662.61
1544824662.65
1544824662.74
1544824662.78
1544824662.83
1544824662.86
1544824662.91
1544824662.95
1544824663.0
1544824663.04
1544824663.09
1544824663.15
1544824663.19
1544824663.23
1544824663.26
1544824663.31
1544824663.35
1544824663.38
1544824663.43
1544824663.47
1544824663.51
1544824663.56
1544824663.64
1544824663.75
1544824663.82
1544824663.88
1544824663.95
1544824664.01
1544824664.08
1544824664.16
1544824664.23
1544824664.32
1544824664.39
1544824664.48
1544824664.56
1544824664.64
1544824664.72
1544824664.78
1544824664.86
1544824664.93
1544824665.01
1544824665.06
1544824665.12
1544824665.17
1544824665.24
1544824665.3
1544824665.35
1544824665.39
1544824665.44
1544824665.51
1544824665.55
1544824665.63
1544824665.67
1544824665.71
1544824665.76
1544824665.8
1544824665.87
1544824665.92
1544824665.97
1544824666.04
1544824666.1
1544824666.16
1544824666.21
1544824666.26
1544824666.3
1544824666.34
1544824666.38
1544824666.42
1544824666.46
1544824666.5
1544824666.54
1544824666.61
1544824666.68
1544824666.73
1544824666.77
1544824666.82
1544824666.87
1544824666.91
1544824666.97
1544824667.04
1544824667.08
1544824667.13
1544824667.17
1544824667.21
1544824667.26
1544824667.3
1544824667.34
1544824667.38
1544824667.44
1544824667.49
1544824667.54
1544824667.61
1544824667.67
1544824667.72
1544824667.75
1544824667.79
1544824667.86
1544824667.9
1544824667.95
1544824668.02
1544824668.1
1544824668.16
1544824668.23
1544824668.28
1544824668.33
1544824668.36
1544824668.44
1544824668.49
1544824668.54
1544824668.57
1544824668.62
1544824668.67
1544824668.7
1544824668.74
1544824668.78
1544824668.85
1544824668.91
1544824668.96
1544824669.0
1544824669.08
1544824669.12
1544824669.15
1544824669.24
1544824669.29
1544824669.32
1544824669.37
1544824669.43
1544824669.49
1544824669.53
1544824669.57
1544824669.62
1544824669.68
1544824669.72
1544824669.76
1544824669.83
1544824669.88
1544824669.93
1544824669.98
1544824670.02
1544824670.08
1544824670.14
1544824670.2
1544824670.28
1544824670.32
1544824670.36
1544824670.44
1544824670.53
1544824670.61
1544824670.68
1544824670.72
1544824670.76
1544824670.83
1544824670.89
1544824670.97
1544824671.04
1544824671.11
1544824671.18
1544824671.25
1544824671.31
1544824671.37
1544824671.42
1544824671.46
1544824671.54
1544824671.61
1544824671.69
1544824671.78
1544824671.88
1544824671.98
1544824672.07
1544824672.13
1544824672.23
1544824672.33
1544824672.42
1544824672.5
1544824672.59
1544824672.67
1544824672.76
1544824672.84
1544824672.96
1544824673.06
1544824673.15
1544824673.21
1544824673.27
1544824673.34
1544824673.44
1544824673.54
1544824673.64
1544824673.71
1544824673.78
1544824673.84
1544824673.89
1544824673.96
1544824674.01
1544824674.05
1544824674.11
1544824674.16
1544824674.21
1544824674.26
1544824674.35
1544824674.4
1544824674.44
1544824674.48
1544824674.53
1544824674.59
1544824674.64
1544824674.68
1544824674.78
1544824674.83
1544824674.87
1544824674.92
1544824674.96
1544824675.01
1544824675.05
1544824675.11
1544824675.17
1544824675.21
1544824675.25
1544824675.3
1544824675.38
1544824675.43
1544824675.47
1544824675.52
1544824675.56
1544824675.61
1544824675.66
1544824675.73
1544824675.77
1544824675.81
1544824675.85
1544824675.92
1544824675.97
1544824676.02
1544824676.08
1544824676.12
1544824676.17
1544824676.22
1544824676.26
1544824676.3
1544824676.36
1544824676.4
1544824676.44
1544824676.48
1544824676.53
1544824676.59
1544824676.64
1544824676.71
1544824676.77
1544824676.81
1544824676.85
1544824676.91
1544824676.99
1544824677.04
1544824677.11
1544824677.14
1544824677.19
1544824677.23
1544824677.28
1544824677.35
1544824677.4
1544824677.46
1544824677.52
1544824677.55
1544824677.6
1544824677.64
1544824677.68
1544824677.74
1544824677.81
1544824677.86
1544824677.93
1544824677.99
1544824678.04
1544824678.09
1544824678.14
1544824678.18
1544824678.23
1544824678.28
1544824678.32
1544824678.37
1544824678.4
1544824678.44
1544824678.48
1544824678.53
1544824678.58
1544824678.64
1544824678.68
1544824678.77
1544824678.82
1544824678.86
1544824678.91
1544824678.96
1544824679.0
1544824679.04
1544824679.11
1544824679.17
1544824679.23
1544824679.26
1544824679.32
1544824679.37
1544824679.41
1544824679.45
1544824679.5
1544824679.54
1544824679.58
1544824679.62
1544824679.66
1544824679.72
1544824679.77
1544824679.81
1544824679.85
1544824679.89
1544824679.94
1544824679.99
1544824680.04
1544824680.09
1544824680.14
1544824680.19
1544824680.24
1544824680.28
1544824680.35
1544824680.39
1544824680.44
1544824680.49
1544824680.57
1544824680.62
1544824680.66
1544824680.71
1544824680.77
1544824680.81
1544824680.86
1544824680.9
1544824680.98
1544824681.02
1544824681.06
1544824681.14
1544824681.18
1544824681.24
1544824681.31
1544824681.35
1544824681.41
1544824681.47
1544824681.51
1544824681.58
1544824681.63
1544824681.68
1544824681.77
1544824681.82
1544824681.86
1544824681.92
1544824681.98
1544824682.02
1544824682.06
1544824682.12
1544824682.16
1544824682.21
1544824682.25
1544824682.33
1544824682.39
1544824682.44
1544824682.5
1544824682.55
1544824682.59
1544824682.63
1544824682.72
1544824682.77
1544824682.81
1544824682.86
1544824682.96
1544824683.0
1544824683.05
1544824683.09
1544824683.16
1544824683.2
1544824683.24
1544824683.31
1544824683.39
1544824683.45
1544824683.53
1544824683.58
1544824683.63
1544824683.67
1544824683.74
1544824683.81
1544824683.86
1544824683.92
1544824683.98
1544824684.02
1544824684.08
1544824684.14
1544824684.19
1544824684.24
1544824684.28
1544824684.36
1544824684.41
1544824684.46
1544824684.51
1544824684.56
1544824684.61
1544824684.64
1544824684.69
1544824684.72
1544824684.77
1544824684.81
1544824684.84
1544824684.92
1544824684.96
1544824685.0
1544824685.04
1544824685.1
1544824685.15
1544824685.18
1544824685.23
1544824685.27
1544824685.34
1544824685.39
1544824685.44
1544824685.49
1544824685.54
1544824685.59
1544824685.64
1544824685.71
1544824685.79
1544824685.87
1544824685.95
1544824685.99
1544824686.07
1544824686.14
1544824686.22
1544824686.28
1544824686.34
1544824686.42
1544824686.49
1544824686.57
1544824686.61
1544824686.65
1544824686.72
1544824686.79
1544824686.83
1544824686.87
1544824686.94
1544824687.08
1544824687.18
1544824687.28
1544824687.33
1544824687.43
1544824687.5
1544824687.54
1544824687.59
1544824687.64
1544824687.68
1544824687.72
1544824687.77
1544824687.83
1544824687.87
1544824687.91
1544824687.97
1544824688.05
1544824688.09
1544824688.14
1544824688.21
1544824688.27
1544824688.32
1544824688.37
1544824688.44
1544824688.49
1544824688.53
1544824688.58
1544824688.65
1544824688.7
1544824688.74
1544824688.82
1544824688.87
1544824688.92
1544824688.99
1544824689.05
1544824689.09
1544824689.13
1544824689.2
1544824689.26
1544824689.32
1544824689.35
1544824689.41
1544824689.45
1544824689.49
1544824689.53
1544824689.59
1544824689.63
1544824689.7
1544824689.77
1544824689.85
1544824689.89
1544824689.94
1544824689.98
1544824690.03
1544824690.07
1544824690.14
1544824690.22
1544824690.28
1544824690.32
1544824690.36
1544824690.41
1544824690.46
1544824690.5
1544824690.54
1544824690.61
1544824690.65
1544824690.7
1544824690.74
1544824690.78
1544824690.82
1544824690.87
1544824690.92
1544824690.97
1544824691.01
1544824691.06
1544824691.14
1544824691.22
1544824691.29
1544824691.34
1544824691.39
1544824691.44
1544824691.48
1544824691.53
1544824691.58
1544824691.61
1544824691.66
1544824691.7
1544824691.79
1544824691.86
1544824691.93
1544824692.01
1544824692.08
1544824692.17
1544824692.24
1544824692.33
1544824692.42
1544824692.54
1544824692.63
1544824692.75
1544824692.85
1544824692.96
1544824693.01
