1544825957.54
1544825957.75
1544825957.85
1544825957.99
1544825958.13
1544825958.26
1544825958.38
1544825958.49
1544825958.6
1544825958.72
1544825958.8
1544825958.87
1544825958.96
1544825959.02
1544825959.13
1544825959.21
1544825959.29
1544825959.38
1544825959.45
1544825959.54
1544825959.63
1544825959.71
1544825959.82
1544825959.9
1544825960.0
1544825960.13
1544825960.24
1544825960.33
1544825960.41
1544825960.47
1544825960.56
1544825960.66
1544825960.78
1544825960.88
1544825960.99
1544825961.08
1544825961.18
1544825961.27
1544825961.39
1544825961.47
1544825961.57
1544825961.64
1544825961.71
1544825961.76
1544825961.82
1544825961.89
1544825961.96
1544825962.04
1544825962.14
1544825962.23
1544825962.32
1544825962.43
1544825962.52
1544825962.6
1544825962.68
1544825962.76
1544825962.85
1544825962.92
1544825963.0
1544825963.07
1544825963.15
1544825963.21
1544825963.27
1544825963.34
1544825963.41
1544825963.46
1544825963.56
1544825963.64
1544825963.73
1544825963.82
1544825963.89
1544825963.97
1544825964.07
1544825964.13
1544825964.23
1544825964.3
1544825964.37
1544825964.44
1544825964.5
1544825964.56
1544825964.64
1544825964.71
1544825964.79
1544825964.86
1544825964.93
1544825964.99
1544825965.07
1544825965.13
1544825965.21
1544825965.27
1544825965.37
1544825965.45
1544825965.55
1544825965.62
1544825965.7
1544825965.77
1544825965.84
1544825965.91
1544825965.97
1544825966.04
1544825966.11
1544825966.16
1544825966.23
1544825966.29
1544825966.36
1544825966.42
1544825966.49
1544825966.56
1544825966.64
1544825966.73
1544825966.84
1544825966.91
1544825966.97
1544825967.04
1544825967.11
1544825967.18
1544825967.24
1544825967.38
1544825967.48
1544825967.56
1544825967.64
1544825967.72
1544825967.78
1544825967.86
1544825967.95
1544825968.01
1544825968.07
1544825968.15
1544825968.2
1544825968.28
1544825968.36
1544825968.43
1544825968.49
1544825968.55
1544825968.61
1544825968.67
1544825968.74
1544825968.81
1544825968.87
1544825968.93
1544825969.0
1544825969.07
1544825969.17
1544825969.24
1544825969.32
1544825969.39
1544825969.46
1544825969.54
1544825969.61
1544825969.68
1544825969.74
1544825969.8
1544825969.88
1544825969.99
1544825970.08
1544825970.15
1544825970.22
1544825970.28
1544825970.37
1544825970.45
1544825970.55
1544825970.63
1544825970.73
1544825970.81
1544825970.89
1544825970.97
1544825971.06
1544825971.13
1544825971.2
1544825971.26
1544825971.34
1544825971.41
1544825971.48
1544825971.54
1544825971.6
1544825971.67
1544825971.74
1544825971.81
1544825971.87
1544825971.98
1544825972.07
1544825972.12
1544825972.19
1544825972.25
1544825972.32
1544825972.38
1544825972.44
1544825972.5
1544825972.55
1544825972.6
1544825972.67
1544825972.72
1544825972.79
1544825972.85
1544825972.92
1544825972.98
1544825973.06
1544825973.12
1544825973.22
1544825973.3
1544825973.36
1544825973.43
1544825973.5
1544825973.56
1544825973.61
1544825973.66
1544825973.73
1544825973.79
1544825973.86
1544825973.92
1544825973.96
1544825974.05
1544825974.12
1544825974.18
1544825974.24
1544825974.31
1544825974.37
1544825974.43
1544825974.5
1544825974.56
1544825974.62
1544825974.71
1544825974.78
1544825974.85
1544825974.92
1544825974.98
1544825975.04
1544825975.1
1544825975.17
1544825975.24
1544825975.31
1544825975.38
1544825975.5
1544825975.61
1544825975.71
1544825975.8
1544825975.89
1544825975.97
1544825976.05
1544825976.12
1544825976.19
1544825976.25
1544825976.34
1544825976.42
1544825976.5
1544825976.57
1544825976.64
1544825976.71
1544825976.78
1544825976.84
1544825976.91
1544825976.97
1544825977.04
1544825977.09
1544825977.17
1544825977.24
1544825977.32
1544825977.4
1544825977.46
1544825977.53
1544825977.6
1544825977.66
1544825977.73
1544825977.79
1544825977.86
1544825977.91
1544825977.99
1544825978.05
1544825978.11
1544825978.18
1544825978.24
1544825978.3
1544825978.38
1544825978.46
1544825978.52
1544825978.57
1544825978.64
1544825978.71
1544825978.77
1544825978.84
1544825978.91
1544825978.96
1544825979.03
1544825979.09
1544825979.16
1544825979.23
1544825979.3
1544825979.37
1544825979.43
1544825979.46
1544825979.51
1544825979.56
1544825979.62
1544825979.65
1544825979.7
1544825979.77
1544825979.82
1544825979.86
1544825979.9
1544825979.96
1544825980.01
1544825980.04
1544825980.08
1544825980.12
1544825980.19
1544825980.24
1544825980.27
1544825980.33
1544825980.37
1544825980.42
1544825980.47
1544825980.51
1544825980.56
1544825980.59
1544825980.63
1544825980.67
1544825980.72
1544825980.76
1544825980.82
1544825980.86
1544825980.9
1544825980.95
1544825981.01
1544825981.04
1544825981.08
1544825981.13
1544825981.19
1544825981.23
1544825981.26
1544825981.3
1544825981.35
1544825981.4
1544825981.44
1544825981.48
1544825981.52
1544825981.58
1544825981.63
1544825981.66
1544825981.72
1544825981.8
1544825981.85
1544825981.89
1544825981.96
1544825982.01
1544825982.05
1544825982.08
1544825982.13
1544825982.21
1544825982.25
1544825982.29
1544825982.33
1544825982.4
1544825982.44
1544825982.49
1544825982.55
1544825982.62
1544825982.66
1544825982.71
1544825982.76
1544825982.81
1544825982.85
1544825982.88
1544825982.93
1544825982.98
1544825983.04
1544825983.08
1544825983.14
1544825983.2
1544825983.24
1544825983.28
1544825983.33
1544825983.38
1544825983.42
1544825983.45
1544825983.49
1544825983.56
1544825983.61
1544825983.65
1544825983.69
1544825983.74
1544825983.8
1544825983.84
1544825983.87
1544825983.92
1544825984.0
1544825984.05
1544825984.08
1544825984.14
1544825984.21
1544825984.26
1544825984.32
1544825984.36
1544825984.41
1544825984.45
1544825984.48
1544825984.53
1544825984.6
1544825984.63
1544825984.67
1544825984.72
1544825984.79
1544825984.83
1544825984.87
1544825984.91
1544825984.97
1544825985.01
1544825985.05
1544825985.08
1544825985.12
1544825985.16
1544825985.21
1544825985.25
1544825985.29
1544825985.35
1544825985.39
1544825985.45
1544825985.5
1544825985.55
1544825985.6
1544825985.65
1544825985.69
1544825985.75
1544825985.81
1544825985.87
1544825985.93
1544825985.99
1544825986.05
1544825986.11
1544825986.15
1544825986.19
1544825986.23
1544825986.29
1544825986.35
1544825986.41
1544825986.46
1544825986.52
1544825986.57
1544825986.62
1544825986.65
1544825986.69
1544825986.77
1544825986.83
1544825986.86
1544825986.91
1544825986.95
1544825987.01
1544825987.05
1544825987.09
1544825987.16
1544825987.2
1544825987.24
1544825987.28
1544825987.32
1544825987.36
1544825987.41
1544825987.45
1544825987.5
1544825987.53
1544825987.59
1544825987.63
1544825987.66
1544825987.71
1544825987.76
1544825987.82
1544825987.88
1544825987.95
1544825988.04
1544825988.11
1544825988.18
1544825988.24
1544825988.32
1544825988.41
1544825988.47
1544825988.55
1544825988.61
1544825988.65
1544825988.69
1544825988.75
1544825988.8
1544825988.85
1544825988.89
1544825988.93
1544825988.97
1544825989.01
1544825989.06
1544825989.14
1544825989.21
1544825989.25
1544825989.3
1544825989.36
1544825989.43
1544825989.47
1544825989.51
1544825989.56
1544825989.62
1544825989.68
1544825989.74
1544825989.78
1544825989.83
1544825989.88
1544825989.93
1544825989.99
1544825990.06
1544825990.12
1544825990.18
1544825990.23
1544825990.3
1544825990.36
1544825990.45
1544825990.52
1544825990.58
1544825990.65
1544825990.72
1544825990.78
1544825990.84
1544825990.91
1544825990.97
1544825991.03
1544825991.09
1544825991.16
1544825991.21
1544825991.28
1544825991.35
1544825991.41
1544825991.46
1544825991.52
1544825991.58
1544825991.65
1544825991.7
1544825991.75
1544825991.82
1544825991.88
1544825991.94
1544825992.01
1544825992.06
1544825992.13
1544825992.19
1544825992.25
1544825992.31
1544825992.37
1544825992.45
1544825992.51
1544825992.56
1544825992.62
1544825992.66
1544825992.71
1544825992.76
1544825992.82
1544825992.85
1544825992.88
1544825992.93
1544825992.98
1544825993.02
1544825993.06
1544825993.1
1544825993.15
1544825993.2
1544825993.25
1544825993.29
1544825993.35
1544825993.4
1544825993.45
1544825993.48
1544825993.56
1544825993.62
1544825993.65
1544825993.69
1544825993.72
1544825993.78
1544825993.83
1544825993.9
1544825993.96
1544825994.01
1544825994.07
1544825994.12
1544825994.16
1544825994.22
1544825994.26
1544825994.32
1544825994.37
1544825994.42
1544825994.47
1544825994.53
1544825994.59
1544825994.64
1544825994.7
1544825994.76
1544825994.82
1544825994.87
1544825994.93
1544825994.99
1544825995.05
1544825995.13
1544825995.18
1544825995.23
1544825995.3
1544825995.36
1544825995.43
1544825995.5
1544825995.57
1544825995.63
1544825995.69
1544825995.75
1544825995.8
1544825995.87
1544825995.92
1544825995.99
1544825996.05
1544825996.12
1544825996.16
1544825996.23
1544825996.28
1544825996.32
1544825996.36
1544825996.4
1544825996.46
1544825996.5
1544825996.55
1544825996.61
1544825996.67
1544825996.73
1544825996.81
1544825996.84
1544825996.89
1544825996.94
1544825997.0
1544825997.06
1544825997.13
1544825997.19
1544825997.24
1544825997.3
1544825997.35
1544825997.38
1544825997.45
1544825997.5
1544825997.53
1544825997.57
1544825997.62
1544825997.68
1544825997.72
1544825997.75
1544825997.8
1544825997.85
1544825997.89
1544825997.93
1544825997.98
1544825998.03
1544825998.08
1544825998.12
1544825998.15
1544825998.19
1544825998.22
1544825998.3
1544825998.35
1544825998.39
1544825998.46
1544825998.51
1544825998.55
1544825998.59
1544825998.65
1544825998.7
1544825998.73
1544825998.77
1544825998.82
1544825998.87
1544825998.92
1544825998.96
1544825999.0
1544825999.04
1544825999.1
1544825999.15
1544825999.2
1544825999.25
1544825999.28
1544825999.32
1544825999.36
1544825999.41
1544825999.49
1544825999.54
1544825999.57
1544825999.61
1544825999.67
1544825999.71
1544825999.75
1544825999.79
1544825999.83
1544825999.88
1544825999.92
1544825999.96
1544825999.99
1544826000.03
1544826000.07
1544826000.12
1544826000.16
1544826000.2
1544826000.29
1544826000.32
1544826000.36
1544826000.4
1544826000.47
1544826000.51
1544826000.54
1544826000.58
1544826000.61
1544826000.66
1544826000.71
1544826000.75
1544826000.79
1544826000.85
1544826000.91
1544826000.95
1544826000.99
1544826001.06
1544826001.11
1544826001.15
1544826001.19
1544826001.23
1544826001.27
1544826001.32
1544826001.35
1544826001.4
1544826001.44
1544826001.48
1544826001.53
1544826001.56
1544826001.62
1544826001.67
1544826001.71
1544826001.75
1544826001.79
1544826001.83
1544826001.87
1544826001.91
1544826001.94
1544826001.99
1544826002.03
1544826002.07
1544826002.13
1544826002.17
1544826002.23
1544826002.29
1544826002.34
1544826002.38
1544826002.43
1544826002.46
1544826002.5
1544826002.54
1544826002.58
1544826002.62
1544826002.68
1544826002.75
1544826002.78
1544826002.83
1544826002.88
1544826002.92
1544826002.96
1544826003.0
1544826003.03
1544826003.08
1544826003.12
1544826003.16
1544826003.21
1544826003.25
1544826003.32
1544826003.35
1544826003.39
1544826003.46
1544826003.51
1544826003.55
1544826003.59
1544826003.67
1544826003.72
1544826003.77
1544826003.81
1544826003.87
1544826003.92
1544826003.96
1544826004.0
1544826004.07
1544826004.12
1544826004.17
1544826004.2
1544826004.27
1544826004.32
1544826004.37
1544826004.41
1544826004.48
1544826004.53
1544826004.56
1544826004.61
1544826004.65
1544826004.69
1544826004.73
1544826004.77
1544826004.81
1544826004.87
1544826004.92
1544826004.95
1544826004.99
1544826005.07
1544826005.12
1544826005.16
1544826005.2
1544826005.24
1544826005.29
1544826005.33
1544826005.37
1544826005.41
1544826005.49
1544826005.53
1544826005.57
1544826005.62
1544826005.67
1544826005.73
1544826005.77
1544826005.81
1544826005.9
1544826005.94
1544826005.99
1544826006.07
1544826006.12
1544826006.16
1544826006.21
1544826006.27
1544826006.32
1544826006.36
1544826006.4
1544826006.47
1544826006.52
1544826006.55
1544826006.6
1544826006.67
1544826006.73
1544826006.76
1544826006.79
1544826006.85
1544826006.9
1544826006.94
1544826006.97
1544826007.01
1544826007.06
1544826007.09
1544826007.14
1544826007.17
1544826007.22
1544826007.27
1544826007.33
1544826007.37
1544826007.41
1544826007.45
1544826007.51
1544826007.54
1544826007.59
1544826007.63
1544826007.69
1544826007.74
1544826007.79
1544826007.83
1544826007.87
1544826007.92
1544826007.96
1544826008.01
1544826008.06
1544826008.11
1544826008.16
1544826008.2
1544826008.25
1544826008.32
1544826008.35
1544826008.4
1544826008.46
1544826008.51
1544826008.56
1544826008.61
1544826008.66
1544826008.71
1544826008.75
1544826008.8
1544826008.86
1544826008.91
1544826008.98
1544826009.03
1544826009.09
1544826009.13
1544826009.18
1544826009.23
1544826009.26
1544826009.29
1544826009.33
1544826009.4
1544826009.44
1544826009.47
1544826009.55
1544826009.6
1544826009.63
1544826009.66
1544826009.72
1544826009.78
1544826009.82
1544826009.86
1544826009.9
1544826009.95
1544826010.01
1544826010.05
1544826010.08
1544826010.15
1544826010.2
1544826010.24
1544826010.29
1544826010.32
1544826010.4
1544826010.44
1544826010.47
1544826010.5
1544826010.59
1544826010.64
1544826010.68
1544826010.72
1544826010.75
1544826010.79
1544826010.82
1544826010.85
1544826010.89
1544826010.95
1544826011.01
1544826011.04
1544826011.08
1544826011.13
1544826011.19
1544826011.25
1544826011.32
1544826011.38
1544826011.44
1544826011.49
1544826011.54
1544826011.59
1544826011.64
1544826011.69
1544826011.76
1544826011.82
1544826011.87
1544826011.94
1544826012.0
1544826012.06
1544826012.13
1544826012.19
1544826012.25
1544826012.32
1544826012.35
1544826012.4
1544826012.47
1544826012.54
1544826012.59
1544826012.66
1544826012.73
1544826012.8
1544826012.87
1544826012.94
1544826013.0
1544826013.04
1544826013.08
1544826013.13
1544826013.2
1544826013.24
1544826013.29
1544826013.36
1544826013.41
1544826013.46
1544826013.51
1544826013.57
1544826013.62
1544826013.66
1544826013.72
1544826013.79
1544826013.84
1544826013.87
1544826013.94
1544826013.99
1544826014.04
1544826014.07
1544826014.13
1544826014.17
1544826014.21
1544826014.25
1544826014.3
1544826014.35
1544826014.39
1544826014.43
1544826014.47
1544826014.51
1544826014.56
1544826014.62
1544826014.65
1544826014.69
1544826014.74
1544826014.8
1544826014.84
1544826014.87
1544826014.93
1544826014.98
1544826015.03
1544826015.06
1544826015.1
1544826015.16
1544826015.21
1544826015.26
1544826015.3
1544826015.35
1544826015.4
1544826015.44
1544826015.48
1544826015.54
1544826015.59
1544826015.63
1544826015.67
1544826015.74
1544826015.8
1544826015.84
1544826015.88
1544826015.92
1544826015.95
1544826016.0
1544826016.03
1544826016.07
1544826016.12
1544826016.16
1544826016.21
1544826016.25
1544826016.29
1544826016.34
1544826016.41
1544826016.45
1544826016.49
1544826016.55
1544826016.6
1544826016.64
1544826016.67
1544826016.71
1544826016.78
1544826016.84
1544826016.88
1544826016.94
1544826017.0
1544826017.03
1544826017.07
1544826017.12
1544826017.18
1544826017.23
1544826017.26
1544826017.3
1544826017.35
1544826017.4
1544826017.44
1544826017.48
1544826017.55
1544826017.59
1544826017.63
1544826017.67
1544826017.72
1544826017.77
1544826017.82
1544826017.85
1544826017.9
1544826017.95
1544826017.99
1544826018.03
1544826018.07
1544826018.12
1544826018.19
1544826018.23
1544826018.27
1544826018.31
1544826018.36
1544826018.41
1544826018.44
1544826018.48
1544826018.55
1544826018.59
1544826018.64
1544826018.67
1544826018.72
1544826018.75
1544826018.8
1544826018.84
1544826018.87
1544826018.91
1544826018.94
1544826018.98
1544826019.02
1544826019.06
1544826019.11
1544826019.16
1544826019.2
1544826019.24
1544826019.28
1544826019.34
1544826019.38
1544826019.42
1544826019.46
1544826019.51
1544826019.55
1544826019.6
1544826019.64
1544826019.67
1544826019.71
1544826019.76
1544826019.81
1544826019.85
1544826019.9
1544826019.95
1544826019.99
1544826020.03
1544826020.07
1544826020.13
1544826020.17
1544826020.21
1544826020.25
1544826020.28
1544826020.34
1544826020.39
1544826020.43
1544826020.47
1544826020.51
1544826020.56
1544826020.6
1544826020.64
1544826020.68
1544826020.74
1544826020.81
1544826020.85
1544826020.89
1544826020.96
1544826021.01
1544826021.05
1544826021.08
1544826021.15
1544826021.19
1544826021.24
1544826021.28
1544826021.35
1544826021.41
1544826021.45
1544826021.49
1544826021.55
1544826021.61
1544826021.65
1544826021.69
1544826021.76
1544826021.82
1544826021.86
1544826021.91
1544826021.95
1544826022.0
1544826022.04
1544826022.07
1544826022.12
1544826022.17
1544826022.21
1544826022.24
1544826022.28
1544826022.32
1544826022.37
1544826022.42
1544826022.46
1544826022.49
1544826022.54
1544826022.59
1544826022.63
1544826022.66
1544826022.71
1544826022.77
1544826022.82
1544826022.88
1544826022.93
1544826022.99
1544826023.05
1544826023.1
1544826023.15
1544826023.21
1544826023.26
1544826023.32
1544826023.37
1544826023.42
1544826023.47
1544826023.52
1544826023.58
1544826023.63
1544826023.69
1544826023.75
1544826023.8
1544826023.85
1544826023.91
1544826023.97
1544826024.04
1544826024.09
1544826024.16
1544826024.23
1544826024.29
1544826024.36
1544826024.43
1544826024.49
1544826024.55
1544826024.62
1544826024.68
1544826024.74
1544826024.81
1544826024.87
1544826024.92
1544826024.95
1544826024.99
1544826025.03
1544826025.07
1544826025.11
1544826025.14
1544826025.17
1544826025.23
1544826025.28
1544826025.33
1544826025.36
1544826025.4
1544826025.47
1544826025.51
1544826025.55
1544826025.59
1544826025.65
1544826025.69
1544826025.73
1544826025.78
1544826025.84
1544826025.91
1544826025.95
1544826025.98
1544826026.05
1544826026.11
1544826026.15
1544826026.19
1544826026.24
1544826026.29
1544826026.33
1544826026.37
1544826026.42
1544826026.47
1544826026.51
1544826026.55
1544826026.59
1544826026.64
1544826026.69
1544826026.73
1544826026.77
1544826026.81
1544826026.87
1544826026.91
1544826026.95
1544826027.01
1544826027.07
1544826027.11
1544826027.15
1544826027.2
1544826027.26
1544826027.33
1544826027.37
1544826027.43
1544826027.47
1544826027.52
1544826027.56
1544826027.63
1544826027.68
1544826027.73
1544826027.77
1544826027.84
1544826027.9
1544826027.94
1544826027.98
1544826028.03
1544826028.08
1544826028.12
1544826028.16
1544826028.2
1544826028.24
1544826028.29
1544826028.33
1544826028.38
1544826028.42
1544826028.45
1544826028.51
1544826028.54
1544826028.57
1544826028.62
1544826028.67
1544826028.73
1544826028.77
1544826028.82
1544826028.86
1544826028.91
1544826028.95
1544826028.99
1544826029.05
1544826029.1
1544826029.16
1544826029.23
1544826029.3
1544826029.36
1544826029.43
1544826029.48
1544826029.54
1544826029.61
1544826029.66
1544826029.72
1544826029.79
1544826029.85
1544826029.92
1544826029.95
1544826030.0
1544826030.06
1544826030.12
1544826030.19
1544826030.25
1544826030.35
1544826030.43
1544826030.48
1544826030.56
1544826030.6
1544826030.64
1544826030.68
1544826030.73
1544826030.76
1544826030.81
1544826030.85
1544826030.89
1544826030.94
1544826030.99
1544826031.02
1544826031.05
1544826031.09
1544826031.13
1544826031.19
1544826031.25
1544826031.29
1544826031.33
1544826031.37
1544826031.42
1544826031.45
1544826031.49
1544826031.53
1544826031.57
1544826031.61
1544826031.65
1544826031.68
1544826031.72
1544826031.77
1544826031.82
1544826031.86
1544826031.9
1544826031.96
1544826032.01
1544826032.04
1544826032.08
1544826032.13
1544826032.18
1544826032.23
1544826032.26
1544826032.32
1544826032.38
1544826032.43
1544826032.48
1544826032.52
1544826032.56
1544826032.61
1544826032.65
1544826032.68
1544826032.76
1544826032.81
1544826032.86
1544826032.93
1544826033.0
1544826033.04
1544826033.08
1544826033.12
1544826033.19
1544826033.23
1544826033.27
1544826033.32
1544826033.37
1544826033.42
1544826033.47
1544826033.51
1544826033.55
1544826033.6
1544826033.64
1544826033.68
1544826033.72
1544826033.77
1544826033.82
1544826033.85
1544826033.89
1544826033.94
1544826033.98
1544826034.02
1544826034.06
1544826034.09
1544826034.13
1544826034.18
1544826034.23
1544826034.26
1544826034.3
1544826034.34
1544826034.4
1544826034.44
1544826034.48
1544826034.52
1544826034.57
1544826034.61
1544826034.65
1544826034.68
1544826034.73
1544826034.78
1544826034.82
1544826034.86
1544826034.92
1544826034.98
1544826035.03
1544826035.06
1544826035.12
1544826035.19
1544826035.23
1544826035.26
1544826035.3
1544826035.37
1544826035.42
1544826035.45
1544826035.5
1544826035.55
1544826035.59
1544826035.63
1544826035.67
1544826035.73
1544826035.8
1544826035.86
1544826035.91
1544826035.97
1544826036.02
1544826036.07
1544826036.13
1544826036.19
1544826036.24
1544826036.29
1544826036.36
1544826036.41
1544826036.45
1544826036.48
1544826036.53
1544826036.56
1544826036.62
1544826036.66
1544826036.7
1544826036.77
1544826036.83
1544826036.87
1544826036.94
1544826037.01
1544826037.06
1544826037.11
1544826037.18
1544826037.23
1544826037.26
1544826037.29
1544826037.34
1544826037.39
1544826037.43
1544826037.48
1544826037.55
1544826037.61
1544826037.64
1544826037.69
1544826037.74
1544826037.82
1544826037.86
1544826037.89
1544826037.96
1544826038.02
1544826038.05
1544826038.09
1544826038.13
1544826038.19
1544826038.22
1544826038.26
1544826038.3
1544826038.34
1544826038.39
1544826038.44
1544826038.48
1544826038.53
1544826038.58
1544826038.63
1544826038.67
1544826038.72
1544826038.76
1544826038.82
1544826038.86
1544826038.92
1544826038.96
1544826039.01
1544826039.05
1544826039.09
1544826039.16
1544826039.22
1544826039.26
1544826039.31
1544826039.39
1544826039.45
1544826039.5
1544826039.54
1544826039.58
1544826039.64
1544826039.71
1544826039.77
1544826039.83
1544826039.91
1544826039.97
1544826040.05
1544826040.12
1544826040.19
1544826040.26
1544826040.33
1544826040.37
1544826040.43
1544826040.47
1544826040.52
1544826040.56
1544826040.61
1544826040.66
1544826040.74
1544826040.81
1544826040.88
1544826040.95
1544826041.03
1544826041.1
1544826041.16
1544826041.23
1544826041.27
1544826041.33
1544826041.37
1544826041.42
1544826041.47
1544826041.51
1544826041.56
1544826041.6
1544826041.64
1544826041.68
1544826041.73
1544826041.79
1544826041.84
1544826041.88
1544826041.95
1544826042.01
1544826042.06
1544826042.13
1544826042.21
1544826042.26
1544826042.3
1544826042.35
1544826042.4
1544826042.44
1544826042.48
1544826042.53
1544826042.57
1544826042.63
1544826042.67
1544826042.72
1544826042.8
1544826042.86
1544826042.91
1544826042.96
1544826043.03
1544826043.07
1544826043.12
1544826043.16
1544826043.2
1544826043.24
1544826043.28
1544826043.34
1544826043.38
1544826043.43
1544826043.46
1544826043.51
1544826043.55
1544826043.61
1544826043.65
1544826043.69
1544826043.77
1544826043.81
1544826043.85
1544826043.91
1544826043.96
1544826044.03
1544826044.08
1544826044.13
1544826044.17
1544826044.24
1544826044.28
1544826044.33
1544826044.39
1544826044.44
1544826044.48
1544826044.53
1544826044.57
1544826044.63
1544826044.66
1544826044.71
1544826044.76
1544826044.81
1544826044.86
1544826044.91
1544826044.99
1544826045.03
1544826045.07
1544826045.11
1544826045.15
1544826045.19
1544826045.24
1544826045.28
1544826045.31
1544826045.37
1544826045.45
1544826045.48
1544826045.52
1544826045.56
1544826045.61
1544826045.65
1544826045.69
1544826045.73
1544826045.78
1544826045.83
1544826045.86
1544826045.91
1544826045.95
1544826046.01
1544826046.05
1544826046.1
1544826046.15
1544826046.21
1544826046.25
1544826046.28
1544826046.34
1544826046.37
1544826046.41
1544826046.46
1544826046.5
1544826046.57
1544826046.62
1544826046.66
1544826046.71
1544826046.8
1544826046.85
1544826046.89
1544826046.98
1544826047.02
1544826047.06
1544826047.11
1544826047.2
1544826047.24
1544826047.28
1544826047.32
1544826047.38
1544826047.43
1544826047.49
1544826047.54
1544826047.61
1544826047.66
1544826047.71
1544826047.79
1544826047.85
1544826047.91
1544826047.97
1544826048.03
1544826048.07
1544826048.13
1544826048.21
1544826048.26
1544826048.31
1544826048.35
1544826048.4
1544826048.44
1544826048.48
1544826048.52
1544826048.58
1544826048.63
1544826048.67
1544826048.72
1544826048.77
1544826048.82
1544826048.86
1544826048.9
1544826048.97
1544826049.03
1544826049.06
1544826049.13
1544826049.19
1544826049.27
1544826049.33
1544826049.37
1544826049.42
1544826049.47
1544826049.53
1544826049.57
1544826049.63
1544826049.67
1544826049.71
1544826049.75
1544826049.8
1544826049.85
1544826049.91
1544826049.95
1544826050.01
1544826050.05
1544826050.1
1544826050.16
1544826050.21
1544826050.27
1544826050.33
1544826050.39
1544826050.46
1544826050.53
1544826050.58
1544826050.65
1544826050.71
1544826050.78
1544826050.84
1544826050.9
1544826050.94
1544826050.99
1544826051.05
1544826051.11
1544826051.14
1544826051.18
1544826051.23
1544826051.26
1544826051.31
1544826051.34
1544826051.39
1544826051.43
1544826051.47
1544826051.54
1544826051.59
1544826051.63
1544826051.69
1544826051.75
1544826051.78
1544826051.83
1544826051.88
1544826051.93
1544826051.97
1544826052.02
1544826052.07
1544826052.12
1544826052.18
1544826052.23
1544826052.27
1544826052.32
1544826052.36
1544826052.4
1544826052.45
1544826052.5
1544826052.55
1544826052.58
1544826052.65
1544826052.69
1544826052.76
1544826052.8
1544826052.87
1544826052.93
1544826052.96
1544826053.0
1544826053.04
1544826053.1
1544826053.15
1544826053.2
1544826053.25
1544826053.31
1544826053.35
1544826053.39
1544826053.46
1544826053.52
1544826053.55
1544826053.58
1544826053.63
1544826053.69
1544826053.73
1544826053.76
1544826053.8
1544826053.87
1544826053.93
1544826053.99
1544826054.03
1544826054.08
1544826054.12
1544826054.16
1544826054.21
1544826054.25
1544826054.3
1544826054.34
1544826054.4
1544826054.45
1544826054.51
1544826054.56
1544826054.6
1544826054.67
1544826054.73
1544826054.8
1544826054.87
1544826054.92
1544826054.96
1544826055.0
1544826055.05
1544826055.11
1544826055.15
1544826055.2
1544826055.25
1544826055.28
1544826055.33
1544826055.38
1544826055.41
1544826055.44
1544826055.48
1544826055.54
1544826055.58
1544826055.63
1544826055.66
1544826055.71
1544826055.77
1544826055.82
1544826055.86
1544826055.9
1544826055.97
1544826056.01
1544826056.06
1544826056.11
1544826056.14
1544826056.18
1544826056.23
1544826056.3
1544826056.36
1544826056.42
1544826056.48
1544826056.54
1544826056.59
1544826056.65
1544826056.71
1544826056.76
1544826056.84
1544826056.91
1544826056.94
1544826056.98
1544826057.03
1544826057.07
1544826057.11
1544826057.14
1544826057.18
1544826057.22
1544826057.26
1544826057.3
1544826057.33
1544826057.37
1544826057.43
1544826057.49
1544826057.54
1544826057.57
1544826057.62
1544826057.66
1544826057.7
1544826057.75
1544826057.8
1544826057.87
1544826057.9
1544826057.94
1544826057.99
1544826058.05
1544826058.1
1544826058.16
1544826058.23
1544826058.31
1544826058.4
1544826058.46
1544826058.53
1544826058.61
1544826058.65
1544826058.74
1544826058.82
1544826058.9
1544826058.96
1544826059.02
1544826059.07
1544826059.13
1544826059.18
1544826059.23
1544826059.28
1544826059.34
1544826059.4
1544826059.46
1544826059.52
1544826059.58
1544826059.63
1544826059.68
1544826059.78
1544826059.84
1544826059.88
1544826059.94
1544826059.98
1544826060.02
1544826060.05
1544826060.1
1544826060.17
1544826060.22
1544826060.27
1544826060.35
1544826060.4
1544826060.45
1544826060.5
1544826060.56
1544826060.59
1544826060.63
1544826060.66
1544826060.73
1544826060.78
1544826060.82
1544826060.86
1544826060.93
1544826060.98
1544826061.03
1544826061.06
1544826061.13
1544826061.18
1544826061.24
1544826061.28
1544826061.34
1544826061.38
1544826061.42
1544826061.45
1544826061.49
1544826061.55
1544826061.59
1544826061.63
1544826061.67
1544826061.73
1544826061.78
1544826061.81
1544826061.85
1544826061.9
1544826061.95
1544826061.99
1544826062.04
1544826062.08
1544826062.15
1544826062.22
1544826062.26
1544826062.31
1544826062.34
1544826062.37
1544826062.41
1544826062.46
1544826062.54
1544826062.59
1544826062.63
1544826062.66
1544826062.72
1544826062.77
1544826062.82
1544826062.86
1544826062.93
1544826062.98
1544826063.02
1544826063.06
1544826063.11
1544826063.17
1544826063.22
1544826063.26
1544826063.3
1544826063.35
1544826063.4
1544826063.44
1544826063.49
1544826063.55
1544826063.61
1544826063.65
1544826063.73
1544826063.78
1544826063.82
1544826063.86
1544826063.93
1544826063.99
1544826064.03
1544826064.06
1544826064.13
1544826064.18
1544826064.23
1544826064.26
1544826064.31
1544826064.36
1544826064.41
1544826064.45
1544826064.49
1544826064.57
1544826064.62
1544826064.66
1544826064.7
1544826064.75
1544826064.81
1544826064.85
1544826064.9
1544826064.95
1544826064.99
1544826065.04
1544826065.08
1544826065.15
1544826065.2
1544826065.26
1544826065.32
1544826065.36
1544826065.42
1544826065.45
1544826065.49
1544826065.55
1544826065.59
1544826065.64
1544826065.68
1544826065.75
1544826065.79
1544826065.83
1544826065.87
1544826065.91
1544826065.96
1544826066.0
1544826066.03
1544826066.06
1544826066.13
1544826066.18
1544826066.23
1544826066.26
1544826066.33
1544826066.38
1544826066.42
1544826066.45
1544826066.51
1544826066.55
1544826066.59
1544826066.64
1544826066.68
1544826066.74
1544826066.79
1544826066.83
1544826066.86
1544826066.92
1544826066.96
1544826067.0
1544826067.05
1544826067.09
1544826067.16
1544826067.22
1544826067.26
1544826067.33
1544826067.39
1544826067.43
1544826067.47
1544826067.54
1544826067.59
1544826067.63
1544826067.66
1544826067.71
1544826067.77
1544826067.82
1544826067.86
1544826067.94
1544826067.98
1544826068.03
1544826068.06
1544826068.11
1544826068.16
1544826068.21
1544826068.25
1544826068.3
1544826068.36
1544826068.41
1544826068.45
1544826068.51
1544826068.56
1544826068.62
1544826068.65
1544826068.71
1544826068.79
1544826068.83
1544826068.87
1544826068.91
1544826068.98
1544826069.02
1544826069.06
1544826069.13
1544826069.19
1544826069.23
1544826069.27
1544826069.36
1544826069.42
1544826069.45
1544826069.5
1544826069.57
1544826069.62
1544826069.65
1544826069.7
1544826069.75
1544826069.8
1544826069.83
1544826069.86
1544826069.9
1544826069.94
1544826069.97
1544826070.01
1544826070.05
1544826070.1
1544826070.13
1544826070.18
1544826070.22
1544826070.26
1544826070.31
1544826070.38
1544826070.43
1544826070.5
1544826070.55
1544826070.62
1544826070.66
1544826070.74
1544826070.8
1544826070.84
1544826070.88
1544826070.92
1544826070.96
1544826071.01
1544826071.04
1544826071.07
1544826071.13
1544826071.19
1544826071.24
1544826071.27
1544826071.33
1544826071.4
1544826071.43
1544826071.47
1544826071.53
1544826071.58
1544826071.63
1544826071.68
1544826071.72
1544826071.76
1544826071.81
1544826071.85
1544826071.89
1544826071.95
1544826072.0
1544826072.05
1544826072.09
1544826072.14
1544826072.18
1544826072.22
1544826072.25
1544826072.31
1544826072.35
1544826072.4
1544826072.45
1544826072.53
1544826072.61
1544826072.66
1544826072.72
1544826072.79
1544826072.84
1544826072.92
1544826072.96
1544826073.03
1544826073.06
1544826073.1
1544826073.16
1544826073.22
1544826073.27
1544826073.34
1544826073.39
1544826073.45
1544826073.52
1544826073.58
1544826073.64
1544826073.7
1544826073.76
1544826073.82
1544826073.87
1544826073.93
1544826073.96
1544826074.0
1544826074.05
1544826074.1
1544826074.16
1544826074.23
1544826074.3
1544826074.36
1544826074.43
1544826074.49
1544826074.53
1544826074.57
1544826074.63
1544826074.68
1544826074.72
1544826074.76
1544826074.82
1544826074.88
1544826074.91
1544826074.95
1544826075.0
1544826075.05
1544826075.1
1544826075.14
1544826075.21
1544826075.27
1544826075.33
1544826075.37
1544826075.43
1544826075.5
1544826075.54
1544826075.59
1544826075.65
1544826075.7
1544826075.74
1544826075.78
1544826075.83
1544826075.89
1544826075.94
1544826075.98
1544826076.04
1544826076.08
1544826076.12
1544826076.16
1544826076.2
1544826076.28
1544826076.34
1544826076.38
1544826076.45
1544826076.5
1544826076.55
1544826076.59
1544826076.63
1544826076.69
1544826076.73
1544826076.77
1544826076.86
1544826076.91
1544826076.96
1544826077.04
1544826077.11
1544826077.15
1544826077.2
1544826077.25
1544826077.3
1544826077.33
1544826077.41
1544826077.47
1544826077.53
1544826077.57
1544826077.61
1544826077.67
1544826077.72
1544826077.76
1544826077.83
1544826077.88
1544826077.94
1544826078.02
1544826078.07
1544826078.16
1544826078.23
1544826078.27
1544826078.35
1544826078.43
1544826078.51
1544826078.58
1544826078.63
1544826078.67
1544826078.71
1544826078.76
1544826078.81
1544826078.85
1544826078.91
1544826078.97
1544826079.03
1544826079.11
1544826079.19
1544826079.25
1544826079.33
1544826079.4
1544826079.47
1544826079.53
1544826079.61
1544826079.67
1544826079.79
1544826079.84
1544826079.89
1544826079.94
1544826080.0
1544826080.05
1544826080.09
1544826080.15
1544826080.19
1544826080.24
1544826080.27
1544826080.32
1544826080.37
1544826080.41
1544826080.45
1544826080.49
1544826080.53
1544826080.59
1544826080.62
1544826080.67
1544826080.71
1544826080.77
1544826080.82
1544826080.86
1544826080.91
1544826080.97
1544826081.02
1544826081.06
1544826081.11
1544826081.19
1544826081.24
1544826081.28
1544826081.33
1544826081.39
1544826081.43
1544826081.48
1544826081.52
1544826081.59
1544826081.63
1544826081.67
1544826081.72
1544826081.76
1544826081.81
1544826081.86
1544826081.9
1544826081.97
1544826082.03
1544826082.06
1544826082.11
1544826082.16
1544826082.21
1544826082.26
1544826082.32
1544826082.36
1544826082.42
1544826082.47
1544826082.51
1544826082.55
1544826082.59
1544826082.63
1544826082.67
1544826082.71
1544826082.75
1544826082.81
1544826082.85
1544826082.89
1544826082.95
1544826083.02
1544826083.05
1544826083.09
1544826083.13
1544826083.2
1544826083.24
1544826083.27
1544826083.31
1544826083.35
1544826083.39
1544826083.44
1544826083.48
1544826083.53
1544826083.57
1544826083.61
1544826083.65
1544826083.69
1544826083.75
1544826083.81
1544826083.84
1544826083.88
1544826083.94
1544826084.01
1544826084.05
1544826084.09
1544826084.15
1544826084.22
1544826084.25
1544826084.29
1544826084.35
1544826084.41
1544826084.45
1544826084.5
1544826084.58
1544826084.64
1544826084.68
1544826084.72
1544826084.8
1544826084.84
1544826084.88
1544826084.95
1544826085.01
1544826085.05
1544826085.1
1544826085.16
1544826085.21
1544826085.25
1544826085.29
1544826085.36
1544826085.43
1544826085.47
1544826085.52
1544826085.57
1544826085.63
1544826085.66
1544826085.72
1544826085.8
1544826085.84
1544826085.88
1544826085.95
1544826086.01
1544826086.05
1544826086.08
1544826086.19
1544826086.24
1544826086.28
1544826086.33
1544826086.38
1544826086.43
1544826086.47
1544826086.52
1544826086.58
1544826086.63
1544826086.67
1544826086.71
1544826086.74
1544826086.79
1544826086.84
1544826086.87
1544826086.92
1544826087.0
1544826087.04
1544826087.08
1544826087.12
1544826087.18
1544826087.23
1544826087.26
1544826087.31
1544826087.39
1544826087.44
1544826087.48
1544826087.55
1544826087.59
1544826087.64
1544826087.69
1544826087.75
1544826087.8
1544826087.84
1544826087.88
1544826087.92
1544826087.97
1544826088.01
1544826088.05
1544826088.09
1544826088.13
1544826088.17
1544826088.22
1544826088.26
1544826088.31
1544826088.37
1544826088.41
1544826088.45
1544826088.49
1544826088.56
1544826088.63
1544826088.67
1544826088.72
1544826088.76
1544826088.83
1544826088.87
1544826088.9
1544826088.97
1544826089.02
1544826089.05
1544826089.09
1544826089.15
1544826089.2
1544826089.25
1544826089.3
1544826089.35
1544826089.4
1544826089.45
1544826089.5
1544826089.55
1544826089.62
1544826089.67
1544826089.74
1544826089.83
1544826089.92
1544826089.99
1544826090.06
1544826090.13
1544826090.19
1544826090.25
1544826090.31
1544826090.37
1544826090.44
1544826090.51
1544826090.56
1544826090.64
1544826090.71
1544826090.77
1544826090.84
1544826090.91
1544826090.96
1544826091.02
1544826091.08
1544826091.13
1544826091.18
1544826091.24
1544826091.31
1544826091.37
1544826091.44
1544826091.5
1544826091.55
1544826091.61
1544826091.67
1544826091.73
1544826091.78
1544826091.83
1544826091.86
1544826091.9
1544826091.97
1544826092.03
1544826092.08
1544826092.14
1544826092.19
1544826092.27
1544826092.33
1544826092.4
1544826092.46
1544826092.52
1544826092.56
1544826092.63
1544826092.7
1544826092.75
1544826092.79
1544826092.84
1544826092.9
1544826092.94
1544826092.98
1544826093.02
1544826093.08
1544826093.14
1544826093.18
1544826093.22
1544826093.28
1544826093.34
1544826093.39
1544826093.45
1544826093.52
1544826093.56
1544826093.62
1544826093.68
1544826093.73
1544826093.77
1544826093.8
1544826093.87
1544826093.92
1544826093.97
1544826094.02
1544826094.07
1544826094.12
1544826094.16
1544826094.2
1544826094.26
1544826094.32
1544826094.35
1544826094.38
1544826094.45
1544826094.51
1544826094.54
1544826094.58
1544826094.63
1544826094.68
1544826094.73
1544826094.76
1544826094.8
1544826094.84
1544826094.89
1544826094.94
1544826094.97
1544826095.01
1544826095.07
1544826095.13
1544826095.16
1544826095.21
1544826095.27
1544826095.32
1544826095.37
1544826095.41
1544826095.48
1544826095.53
1544826095.56
1544826095.63
1544826095.69
1544826095.74
1544826095.78
1544826095.85
1544826095.9
1544826095.94
1544826095.97
1544826096.02
1544826096.06
1544826096.12
1544826096.16
1544826096.21
1544826096.29
1544826096.34
1544826096.38
1544826096.41
1544826096.45
1544826096.52
1544826096.57
1544826096.61
1544826096.67
1544826096.71
1544826096.76
1544826096.82
1544826096.85
1544826096.89
1544826096.94
1544826096.99
1544826097.04
1544826097.1
1544826097.15
1544826097.18
1544826097.23
1544826097.26
1544826097.3
1544826097.34
1544826097.38
1544826097.42
1544826097.46
1544826097.51
1544826097.55
1544826097.62
1544826097.68
1544826097.73
1544826097.76
1544826097.82
1544826097.86
1544826097.91
1544826097.95
1544826097.99
1544826098.03
1544826098.06
1544826098.13
1544826098.17
1544826098.22
1544826098.28
1544826098.34
1544826098.37
1544826098.44
1544826098.49
1544826098.54
1544826098.58
1544826098.63
1544826098.67
1544826098.72
1544826098.76
1544826098.81
1544826098.89
1544826098.95
1544826099.01
1544826099.04
1544826099.1
1544826099.15
1544826099.19
1544826099.24
1544826099.29
1544826099.34
1544826099.38
1544826099.44
1544826099.49
1544826099.52
1544826099.56
1544826099.61
1544826099.67
1544826099.72
1544826099.75
1544826099.8
1544826099.86
1544826099.92
1544826099.98
1544826100.04
1544826100.1
1544826100.15
1544826100.19
1544826100.25
1544826100.31
1544826100.36
1544826100.39
1544826100.44
1544826100.5
1544826100.54
1544826100.59
1544826100.64
1544826100.69
1544826100.74
1544826100.78
1544826100.85
1544826100.91
1544826100.95
1544826100.98
1544826101.04
1544826101.07
1544826101.12
1544826101.16
1544826101.2
1544826101.27
1544826101.31
1544826101.36
1544826101.4
1544826101.45
1544826101.51
1544826101.56
1544826101.6
1544826101.65
1544826101.72
1544826101.76
1544826101.8
1544826101.86
1544826101.93
1544826101.97
1544826102.0
1544826102.1
1544826102.14
1544826102.18
1544826102.23
1544826102.29
1544826102.35
1544826102.39
1544826102.44
1544826102.49
1544826102.54
1544826102.58
1544826102.63
1544826102.68
1544826102.73
1544826102.76
1544826102.8
1544826102.85
1544826102.91
1544826102.95
1544826102.99
1544826103.04
1544826103.09
1544826103.14
1544826103.17
1544826103.21
1544826103.26
1544826103.32
1544826103.37
1544826103.41
1544826103.45
1544826103.52
1544826103.56
1544826103.59
1544826103.65
1544826103.7
1544826103.73
1544826103.77
1544826103.81
1544826103.85
1544826103.89
1544826103.93
1544826103.97
1544826104.01
1544826104.07
1544826104.12
1544826104.15
1544826104.2
1544826104.24
1544826104.29
1544826104.33
1544826104.37
1544826104.42
1544826104.51
1544826104.54
1544826104.59
1544826104.65
1544826104.71
1544826104.75
1544826104.78
1544826104.82
1544826104.88
1544826104.94
1544826105.0
1544826105.06
1544826105.12
1544826105.16
1544826105.22
1544826105.31
1544826105.35
1544826105.38
1544826105.45
1544826105.51
1544826105.55
1544826105.59
1544826105.65
1544826105.7
1544826105.74
1544826105.78
1544826105.82
1544826105.86
1544826105.91
1544826105.95
1544826106.0
1544826106.05
1544826106.12
1544826106.15
1544826106.2
1544826106.25
1544826106.31
1544826106.35
1544826106.39
1544826106.47
1544826106.53
1544826106.59
1544826106.65
1544826106.69
1544826106.74
1544826106.79
1544826106.85
1544826106.92
1544826106.95
1544826106.99
1544826107.05
1544826107.13
1544826107.17
1544826107.22
1544826107.27
1544826107.32
1544826107.36
1544826107.4
1544826107.46
1544826107.53
1544826107.57
1544826107.62
1544826107.67
1544826107.73
1544826107.76
1544826107.8
1544826107.86
1544826107.91
1544826107.96
1544826108.01
1544826108.08
1544826108.13
1544826108.17
1544826108.22
1544826108.25
1544826108.29
1544826108.34
1544826108.38
1544826108.42
1544826108.49
1544826108.53
1544826108.58
1544826108.65
1544826108.7
1544826108.74
1544826108.78
1544826108.84
1544826108.89
1544826108.96
1544826109.0
1544826109.07
1544826109.12
1544826109.17
1544826109.22
1544826109.27
1544826109.33
1544826109.37
1544826109.41
1544826109.48
1544826109.52
1544826109.57
1544826109.63
1544826109.7
1544826109.75
1544826109.81
1544826109.88
1544826109.94
1544826109.97
1544826110.03
1544826110.09
1544826110.14
1544826110.19
1544826110.26
1544826110.31
1544826110.35
1544826110.39
1544826110.47
1544826110.53
1544826110.56
1544826110.61
1544826110.65
1544826110.69
1544826110.73
1544826110.76
1544826110.82
1544826110.86
1544826110.91
1544826110.95
1544826110.99
1544826111.05
1544826111.12
1544826111.16
1544826111.2
1544826111.25
1544826111.3
1544826111.34
1544826111.4
1544826111.47
1544826111.52
1544826111.56
1544826111.62
1544826111.69
1544826111.74
1544826111.79
1544826111.85
1544826111.9
1544826111.94
1544826111.97
1544826112.01
1544826112.07
1544826112.11
1544826112.14
1544826112.18
1544826112.22
1544826112.28
1544826112.35
1544826112.4
1544826112.46
1544826112.53
1544826112.6
1544826112.66
1544826112.71
1544826112.74
1544826112.79
1544826112.85
1544826112.91
1544826112.96
1544826113.03
1544826113.07
1544826113.12
1544826113.17
1544826113.23
1544826113.29
1544826113.33
1544826113.41
1544826113.47
1544826113.56
1544826113.63
1544826113.71
1544826113.78
1544826113.85
1544826113.93
1544826114.04
1544826114.13
1544826114.21
1544826114.25
1544826114.3
1544826114.4
1544826114.45
1544826114.51
1544826114.56
1544826114.63
1544826114.68
1544826114.73
1544826114.79
1544826114.87
1544826114.94
1544826115.0
1544826115.06
1544826115.11
1544826115.15
1544826115.2
1544826115.25
1544826115.3
1544826115.35
1544826115.39
1544826115.42
1544826115.46
1544826115.51
1544826115.56
1544826115.6
1544826115.64
1544826115.69
1544826115.73
1544826115.78
1544826115.84
1544826115.92
1544826115.98
1544826116.06
1544826116.12
1544826116.17
1544826116.23
1544826116.3
1544826116.36
1544826116.42
1544826116.46
1544826116.53
1544826116.59
1544826116.66
1544826116.72
1544826116.79
1544826116.86
1544826116.93
1544826117.0
1544826117.06
1544826117.15
1544826117.23
1544826117.28
1544826117.34
1544826117.4
1544826117.44
1544826117.5
1544826117.56
1544826117.61
1544826117.65
1544826117.68
1544826117.74
1544826117.81
1544826117.85
1544826117.88
1544826117.95
1544826118.01
1544826118.04
1544826118.08
1544826118.16
1544826118.21
1544826118.25
1544826118.29
1544826118.33
1544826118.37
1544826118.43
1544826118.46
1544826118.52
1544826118.59
1544826118.64
1544826118.68
1544826118.71
1544826118.78
1544826118.83
1544826118.88
1544826118.95
1544826119.01
1544826119.05
1544826119.1
1544826119.16
1544826119.22
1544826119.26
1544826119.3
1544826119.39
1544826119.43
1544826119.47
1544826119.52
1544826119.57
1544826119.61
1544826119.65
1544826119.7
1544826119.78
1544826119.83
1544826119.87
1544826119.93
1544826119.99
1544826120.03
1544826120.07
1544826120.1
1544826120.15
1544826120.21
1544826120.26
1544826120.31
1544826120.38
1544826120.42
1544826120.46
1544826120.5
1544826120.55
1544826120.6
1544826120.64
1544826120.69
1544826120.73
1544826120.8
1544826120.84
1544826120.88
1544826120.93
1544826120.98
1544826121.03
1544826121.09
1544826121.13
1544826121.19
1544826121.25
1544826121.32
1544826121.36
1544826121.4
1544826121.45
1544826121.51
1544826121.57
1544826121.64
1544826121.71
1544826121.77
1544826121.84
1544826121.92
1544826121.98
1544826122.06
1544826122.12
1544826122.19
1544826122.26
1544826122.36
1544826122.44
1544826122.5
1544826122.56
1544826122.62
1544826122.66
1544826122.69
1544826122.75
1544826122.81
1544826122.85
1544826122.88
1544826122.96
1544826123.01
1544826123.06
1544826123.1
1544826123.16
1544826123.22
1544826123.25
1544826123.29
1544826123.33
1544826123.37
1544826123.41
1544826123.44
1544826123.47
1544826123.52
1544826123.55
1544826123.59
1544826123.68
1544826123.72
1544826123.76
1544826123.84
1544826123.92
1544826123.97
1544826124.03
1544826124.07
1544826124.16
1544826124.23
1544826124.31
1544826124.36
1544826124.41
1544826124.46
1544826124.51
1544826124.56
1544826124.6
1544826124.65
1544826124.71
1544826124.76
1544826124.83
1544826124.89
1544826124.95
1544826125.02
1544826125.06
1544826125.11
1544826125.17
1544826125.23
1544826125.29
1544826125.34
1544826125.39
1544826125.44
1544826125.51
1544826125.57
1544826125.63
1544826125.7
1544826125.75
1544826125.81
1544826125.87
1544826125.93
1544826125.98
1544826126.04
1544826126.1
1544826126.16
1544826126.22
1544826126.27
1544826126.32
1544826126.37
1544826126.44
1544826126.52
1544826126.59
1544826126.67
1544826126.73
1544826126.78
1544826126.82
1544826126.88
1544826126.95
1544826127.01
1544826127.07
1544826127.12
1544826127.17
1544826127.23
1544826127.29
1544826127.33
1544826127.38
1544826127.43
1544826127.48
1544826127.54
1544826127.6
1544826127.64
1544826127.69
1544826127.74
1544826127.81
