1544825956.61
1544825957.66
1544825957.77
1544825957.88
1544825958.03
1544825958.17
1544825958.3
1544825958.42
1544825958.52
1544825958.64
1544825958.74
1544825958.81
1544825958.9
1544825958.98
1544825959.05
1544825959.14
1544825959.23
1544825959.31
1544825959.4
1544825959.48
1544825959.56
1544825959.64
1544825959.73
1544825959.84
1544825959.93
1544825960.04
1544825960.15
1544825960.26
1544825960.35
1544825960.43
1544825960.5
1544825960.58
1544825960.7
1544825960.81
1544825960.91
1544825961.02
1544825961.11
1544825961.22
1544825961.31
1544825961.42
1544825961.5
1544825961.59
1544825961.66
1544825961.73
1544825961.78
1544825961.83
1544825961.92
1544825961.97
1544825962.06
1544825962.17
1544825962.26
1544825962.36
1544825962.45
1544825962.54
1544825962.63
1544825962.71
1544825962.78
1544825962.87
1544825962.93
1544825963.02
1544825963.1
1544825963.17
1544825963.22
1544825963.28
1544825963.35
1544825963.42
1544825963.49
1544825963.57
1544825963.66
1544825963.75
1544825963.85
1544825963.93
1544825964.01
1544825964.09
1544825964.16
1544825964.25
1544825964.32
1544825964.39
1544825964.45
1544825964.52
1544825964.58
1544825964.66
1544825964.73
1544825964.8
1544825964.87
1544825964.94
1544825965.01
1544825965.09
1544825965.15
1544825965.22
1544825965.31
1544825965.39
1544825965.47
1544825965.57
1544825965.64
1544825965.72
1544825965.79
1544825965.86
1544825965.93
1544825965.99
1544825966.06
1544825966.12
1544825966.18
1544825966.24
1544825966.31
1544825966.37
1544825966.44
1544825966.51
1544825966.57
1544825966.67
1544825966.76
1544825966.86
1544825966.93
1544825966.99
1544825967.06
1544825967.13
1544825967.2
1544825967.28
1544825967.42
1544825967.5
1544825967.59
1544825967.66
1544825967.74
1544825967.8
1544825967.88
1544825967.97
1544825968.03
1544825968.1
1544825968.17
1544825968.22
1544825968.31
1544825968.37
1544825968.45
1544825968.51
1544825968.56
1544825968.63
1544825968.69
1544825968.76
1544825968.82
1544825968.88
1544825968.95
1544825969.01
1544825969.1
1544825969.2
1544825969.26
1544825969.34
1544825969.41
1544825969.48
1544825969.56
1544825969.63
1544825969.7
1544825969.77
1544825969.83
1544825969.92
1544825970.02
1544825970.1
1544825970.16
1544825970.24
1544825970.31
1544825970.39
1544825970.48
1544825970.57
1544825970.66
1544825970.74
1544825970.83
1544825970.91
1544825971.0
1544825971.07
1544825971.14
1544825971.21
1544825971.27
1544825971.36
1544825971.43
1544825971.49
1544825971.55
1544825971.62
1544825971.68
1544825971.76
1544825971.83
1544825971.89
1544825972.01
1544825972.09
1544825972.14
1544825972.2
1544825972.27
1544825972.34
1544825972.4
1544825972.45
1544825972.51
1544825972.56
1544825972.62
1544825972.68
1544825972.74
1544825972.81
1544825972.86
1544825972.94
1544825973.01
1544825973.08
1544825973.15
1544825973.24
1544825973.31
1544825973.38
1544825973.45
1544825973.51
1544825973.57
1544825973.63
1544825973.69
1544825973.75
1544825973.81
1544825973.88
1544825973.93
1544825973.98
1544825974.06
1544825974.14
1544825974.2
1544825974.26
1544825974.32
1544825974.39
1544825974.45
1544825974.51
1544825974.57
1544825974.65
1544825974.74
1544825974.81
1544825974.87
1544825974.93
1544825974.99
1544825975.06
1544825975.12
1544825975.19
1544825975.26
1544825975.33
1544825975.4
1544825975.52
1544825975.64
1544825975.74
1544825975.84
1544825975.93
1544825976.0
1544825976.07
1544825976.15
1544825976.22
1544825976.29
1544825976.37
1544825976.45
1544825976.53
1544825976.6
1544825976.67
1544825976.74
1544825976.8
1544825976.87
1544825976.93
1544825977.0
1544825977.06
1544825977.12
1544825977.19
1544825977.25
1544825977.34
1544825977.41
1544825977.48
1544825977.55
1544825977.62
1544825977.67
1544825977.75
1544825977.81
1544825977.87
1544825977.93
1544825978.01
1544825978.07
1544825978.13
1544825978.19
1544825978.25
1544825978.32
1544825978.41
1544825978.48
1544825978.54
1544825978.6
1544825978.66
1544825978.73
1544825978.79
1544825978.85
1544825978.92
1544825978.98
1544825979.04
1544825979.11
1544825979.19
1544825979.25
1544825979.33
1544825979.39
1544825979.44
1544825979.48
1544825979.52
1544825979.58
1544825979.63
1544825979.67
1544825979.73
1544825979.78
1544825979.83
1544825979.87
1544825979.92
1544825979.98
1544825980.02
1544825980.05
1544825980.1
1544825980.15
1544825980.21
1544825980.25
1544825980.28
1544825980.34
1544825980.39
1544825980.44
1544825980.48
1544825980.53
1544825980.57
1544825980.6
1544825980.64
1544825980.68
1544825980.72
1544825980.77
1544825980.83
1544825980.87
1544825980.91
1544825980.98
1544825981.02
1544825981.05
1544825981.09
1544825981.14
1544825981.2
1544825981.24
1544825981.28
1544825981.32
1544825981.36
1544825981.41
1544825981.45
1544825981.49
1544825981.54
1544825981.59
1544825981.64
1544825981.67
1544825981.74
1544825981.82
1544825981.86
1544825981.91
1544825981.97
1544825982.03
1544825982.06
1544825982.1
1544825982.15
1544825982.23
1544825982.26
1544825982.31
1544825982.35
1544825982.41
1544825982.45
1544825982.5
1544825982.58
1544825982.64
1544825982.68
1544825982.72
1544825982.77
1544825982.82
1544825982.86
1544825982.89
1544825982.95
1544825983.0
1544825983.05
1544825983.1
1544825983.16
1544825983.21
1544825983.25
1544825983.29
1544825983.35
1544825983.39
1544825983.43
1544825983.46
1544825983.5
1544825983.57
1544825983.62
1544825983.66
1544825983.7
1544825983.76
1544825983.81
1544825983.85
1544825983.89
1544825983.95
1544825984.02
1544825984.06
1544825984.1
1544825984.16
1544825984.22
1544825984.28
1544825984.33
1544825984.37
1544825984.42
1544825984.46
1544825984.49
1544825984.56
1544825984.62
1544825984.65
1544825984.69
1544825984.74
1544825984.8
1544825984.84
1544825984.88
1544825984.93
1544825984.98
1544825985.03
1544825985.06
1544825985.09
1544825985.14
1544825985.17
1544825985.22
1544825985.27
1544825985.31
1544825985.36
1544825985.41
1544825985.46
1544825985.52
1544825985.56
1544825985.62
1544825985.66
1544825985.72
1544825985.76
1544825985.83
1544825985.89
1544825985.95
1544825986.01
1544825986.07
1544825986.12
1544825986.16
1544825986.2
1544825986.26
1544825986.32
1544825986.37
1544825986.43
1544825986.48
1544825986.54
1544825986.58
1544825986.63
1544825986.67
1544825986.71
1544825986.79
1544825986.84
1544825986.88
1544825986.92
1544825986.97
1544825987.02
1544825987.06
1544825987.11
1544825987.17
1544825987.22
1544825987.26
1544825987.29
1544825987.34
1544825987.38
1544825987.42
1544825987.46
1544825987.51
1544825987.54
1544825987.6
1544825987.64
1544825987.68
1544825987.72
1544825987.78
1544825987.84
1544825987.9
1544825987.98
1544825988.06
1544825988.14
1544825988.21
1544825988.27
1544825988.35
1544825988.42
1544825988.49
1544825988.56
1544825988.62
1544825988.66
1544825988.7
1544825988.76
1544825988.82
1544825988.86
1544825988.91
1544825988.94
1544825988.98
1544825989.02
1544825989.09
1544825989.16
1544825989.22
1544825989.27
1544825989.32
1544825989.39
1544825989.44
1544825989.48
1544825989.52
1544825989.58
1544825989.65
1544825989.7
1544825989.75
1544825989.81
1544825989.85
1544825989.89
1544825989.96
1544825990.02
1544825990.08
1544825990.15
1544825990.2
1544825990.25
1544825990.32
1544825990.38
1544825990.47
1544825990.54
1544825990.61
1544825990.67
1544825990.74
1544825990.8
1544825990.87
1544825990.93
1544825990.99
1544825991.05
1544825991.12
1544825991.19
1544825991.24
1544825991.31
1544825991.37
1544825991.42
1544825991.48
1544825991.54
1544825991.6
1544825991.66
1544825991.72
1544825991.77
1544825991.84
1544825991.91
1544825991.96
1544825992.03
1544825992.09
1544825992.15
1544825992.21
1544825992.27
1544825992.33
1544825992.41
1544825992.47
1544825992.52
1544825992.58
1544825992.63
1544825992.68
1544825992.72
1544825992.78
1544825992.83
1544825992.86
1544825992.89
1544825992.95
1544825993.0
1544825993.04
1544825993.07
1544825993.11
1544825993.17
1544825993.22
1544825993.26
1544825993.3
1544825993.36
1544825993.42
1544825993.46
1544825993.5
1544825993.58
1544825993.63
1544825993.66
1544825993.7
1544825993.74
1544825993.8
1544825993.86
1544825993.92
1544825993.98
1544825994.04
1544825994.08
1544825994.13
1544825994.18
1544825994.24
1544825994.28
1544825994.33
1544825994.39
1544825994.44
1544825994.5
1544825994.55
1544825994.61
1544825994.66
1544825994.73
1544825994.79
1544825994.84
1544825994.89
1544825994.95
1544825995.02
1544825995.08
1544825995.15
1544825995.2
1544825995.25
1544825995.33
1544825995.39
1544825995.46
1544825995.52
1544825995.59
1544825995.65
1544825995.71
1544825995.77
1544825995.83
1544825995.89
1544825995.95
1544825996.01
1544825996.08
1544825996.13
1544825996.18
1544825996.25
1544825996.3
1544825996.33
1544825996.37
1544825996.42
1544825996.47
1544825996.52
1544825996.57
1544825996.63
1544825996.69
1544825996.76
1544825996.82
1544825996.86
1544825996.9
1544825996.96
1544825997.02
1544825997.08
1544825997.15
1544825997.21
1544825997.25
1544825997.32
1544825997.36
1544825997.4
1544825997.47
1544825997.51
1544825997.55
1544825997.58
1544825997.65
1544825997.69
1544825997.73
1544825997.77
1544825997.81
1544825997.86
1544825997.91
1544825997.95
1544825997.99
1544825998.04
1544825998.1
1544825998.13
1544825998.16
1544825998.2
1544825998.23
1544825998.32
1544825998.36
1544825998.4
1544825998.47
1544825998.53
1544825998.56
1544825998.61
1544825998.67
1544825998.71
1544825998.75
1544825998.79
1544825998.84
1544825998.89
1544825998.93
1544825998.97
1544825999.01
1544825999.06
1544825999.12
1544825999.17
1544825999.21
1544825999.26
1544825999.3
1544825999.34
1544825999.37
1544825999.42
1544825999.51
1544825999.55
1544825999.58
1544825999.63
1544825999.69
1544825999.73
1544825999.76
1544825999.81
1544825999.84
1544825999.89
1544825999.93
1544825999.97
1544826000.01
1544826000.04
1544826000.08
1544826000.13
1544826000.17
1544826000.25
1544826000.3
1544826000.33
1544826000.38
1544826000.42
1544826000.48
1544826000.52
1544826000.55
1544826000.59
1544826000.62
1544826000.68
1544826000.72
1544826000.76
1544826000.81
1544826000.87
1544826000.93
1544826000.96
1544826001.02
1544826001.08
1544826001.13
1544826001.16
1544826001.2
1544826001.24
1544826001.29
1544826001.33
1544826001.37
1544826001.42
1544826001.45
1544826001.49
1544826001.54
1544826001.58
1544826001.63
1544826001.68
1544826001.72
1544826001.76
1544826001.8
1544826001.84
1544826001.88
1544826001.92
1544826001.96
1544826002.0
1544826002.04
1544826002.1
1544826002.14
1544826002.18
1544826002.25
1544826002.3
1544826002.35
1544826002.4
1544826002.44
1544826002.48
1544826002.51
1544826002.55
1544826002.59
1544826002.63
1544826002.71
1544826002.76
1544826002.8
1544826002.84
1544826002.9
1544826002.93
1544826002.97
1544826003.01
1544826003.04
1544826003.09
1544826003.13
1544826003.18
1544826003.22
1544826003.27
1544826003.33
1544826003.36
1544826003.4
1544826003.47
1544826003.52
1544826003.56
1544826003.6
1544826003.7
1544826003.73
1544826003.78
1544826003.83
1544826003.89
1544826003.93
1544826003.97
1544826004.03
1544826004.08
1544826004.14
1544826004.18
1544826004.23
1544826004.29
1544826004.33
1544826004.38
1544826004.43
1544826004.49
1544826004.54
1544826004.58
1544826004.62
1544826004.66
1544826004.7
1544826004.74
1544826004.78
1544826004.83
1544826004.89
1544826004.93
1544826004.97
1544826005.01
1544826005.08
1544826005.13
1544826005.17
1544826005.22
1544826005.26
1544826005.31
1544826005.34
1544826005.39
1544826005.44
1544826005.51
1544826005.54
1544826005.58
1544826005.63
1544826005.7
1544826005.74
1544826005.79
1544826005.83
1544826005.92
1544826005.96
1544826006.01
1544826006.09
1544826006.13
1544826006.17
1544826006.24
1544826006.29
1544826006.34
1544826006.38
1544826006.43
1544826006.49
1544826006.53
1544826006.56
1544826006.61
1544826006.69
1544826006.74
1544826006.77
1544826006.81
1544826006.86
1544826006.92
1544826006.95
1544826006.98
1544826007.02
1544826007.07
1544826007.11
1544826007.15
1544826007.19
1544826007.24
1544826007.29
1544826007.34
1544826007.39
1544826007.43
1544826007.47
1544826007.52
1544826007.56
1544826007.6
1544826007.65
1544826007.71
1544826007.76
1544826007.8
1544826007.84
1544826007.89
1544826007.93
1544826007.98
1544826008.03
1544826008.08
1544826008.12
1544826008.18
1544826008.22
1544826008.27
1544826008.33
1544826008.37
1544826008.43
1544826008.48
1544826008.53
1544826008.57
1544826008.63
1544826008.67
1544826008.72
1544826008.77
1544826008.82
1544826008.88
1544826008.94
1544826009.0
1544826009.05
1544826009.11
1544826009.15
1544826009.2
1544826009.24
1544826009.27
1544826009.31
1544826009.35
1544826009.41
1544826009.45
1544826009.49
1544826009.56
1544826009.61
1544826009.64
1544826009.68
1544826009.74
1544826009.79
1544826009.83
1544826009.87
1544826009.92
1544826009.97
1544826010.02
1544826010.06
1544826010.1
1544826010.16
1544826010.21
1544826010.25
1544826010.3
1544826010.35
1544826010.41
1544826010.45
1544826010.48
1544826010.54
1544826010.61
1544826010.66
1544826010.69
1544826010.73
1544826010.76
1544826010.8
1544826010.83
1544826010.87
1544826010.91
1544826010.96
1544826011.02
1544826011.05
1544826011.09
1544826011.14
1544826011.21
1544826011.26
1544826011.34
1544826011.41
1544826011.46
1544826011.51
1544826011.55
1544826011.61
1544826011.65
1544826011.71
1544826011.78
1544826011.84
1544826011.9
1544826011.96
1544826012.03
1544826012.08
1544826012.15
1544826012.22
1544826012.27
1544826012.33
1544826012.37
1544826012.42
1544826012.5
1544826012.55
1544826012.61
1544826012.68
1544826012.75
1544826012.82
1544826012.88
1544826012.95
1544826013.02
1544826013.05
1544826013.1
1544826013.15
1544826013.21
1544826013.25
1544826013.32
1544826013.38
1544826013.43
1544826013.48
1544826013.54
1544826013.59
1544826013.63
1544826013.67
1544826013.75
1544826013.81
1544826013.85
1544826013.89
1544826013.95
1544826014.0
1544826014.05
1544826014.08
1544826014.14
1544826014.18
1544826014.23
1544826014.26
1544826014.32
1544826014.36
1544826014.41
1544826014.44
1544826014.48
1544826014.53
1544826014.58
1544826014.63
1544826014.67
1544826014.71
1544826014.75
1544826014.81
1544826014.85
1544826014.89
1544826014.95
1544826015.0
1544826015.04
1544826015.07
1544826015.13
1544826015.18
1544826015.23
1544826015.27
1544826015.32
1544826015.37
1544826015.41
1544826015.45
1544826015.5
1544826015.56
1544826015.61
1544826015.64
1544826015.68
1544826015.76
1544826015.81
1544826015.85
1544826015.9
1544826015.93
1544826015.97
1544826016.01
1544826016.05
1544826016.09
1544826016.13
1544826016.17
1544826016.22
1544826016.26
1544826016.31
1544826016.36
1544826016.43
1544826016.47
1544826016.51
1544826016.56
1544826016.61
1544826016.65
1544826016.68
1544826016.73
1544826016.81
1544826016.85
1544826016.9
1544826016.95
1544826017.01
1544826017.05
1544826017.08
1544826017.14
1544826017.2
1544826017.24
1544826017.27
1544826017.32
1544826017.37
1544826017.42
1544826017.45
1544826017.51
1544826017.56
1544826017.6
1544826017.65
1544826017.69
1544826017.73
1544826017.79
1544826017.83
1544826017.87
1544826017.91
1544826017.97
1544826018.01
1544826018.04
1544826018.09
1544826018.13
1544826018.21
1544826018.24
1544826018.28
1544826018.33
1544826018.37
1544826018.42
1544826018.45
1544826018.51
1544826018.56
1544826018.61
1544826018.65
1544826018.69
1544826018.73
1544826018.77
1544826018.81
1544826018.85
1544826018.88
1544826018.92
1544826018.95
1544826018.99
1544826019.03
1544826019.07
1544826019.13
1544826019.17
1544826019.22
1544826019.25
1544826019.3
1544826019.35
1544826019.4
1544826019.43
1544826019.47
1544826019.52
1544826019.57
1544826019.62
1544826019.65
1544826019.68
1544826019.73
1544826019.78
1544826019.82
1544826019.86
1544826019.92
1544826019.96
1544826020.01
1544826020.04
1544826020.09
1544826020.14
1544826020.18
1544826020.22
1544826020.26
1544826020.29
1544826020.35
1544826020.41
1544826020.44
1544826020.48
1544826020.53
1544826020.57
1544826020.62
1544826020.65
1544826020.69
1544826020.76
1544826020.82
1544826020.86
1544826020.92
1544826020.98
1544826021.02
1544826021.06
1544826021.1
1544826021.16
1544826021.21
1544826021.25
1544826021.3
1544826021.37
1544826021.42
1544826021.46
1544826021.51
1544826021.58
1544826021.63
1544826021.66
1544826021.72
1544826021.78
1544826021.83
1544826021.87
1544826021.93
1544826021.97
1544826022.01
1544826022.05
1544826022.09
1544826022.14
1544826022.18
1544826022.22
1544826022.25
1544826022.29
1544826022.33
1544826022.39
1544826022.44
1544826022.47
1544826022.51
1544826022.55
1544826022.6
1544826022.64
1544826022.67
1544826022.73
1544826022.79
1544826022.84
1544826022.9
1544826022.95
1544826023.01
1544826023.07
1544826023.12
1544826023.17
1544826023.22
1544826023.28
1544826023.34
1544826023.39
1544826023.44
1544826023.49
1544826023.54
1544826023.59
1544826023.65
1544826023.71
1544826023.76
1544826023.82
1544826023.86
1544826023.94
1544826023.99
1544826024.05
1544826024.13
1544826024.18
1544826024.25
1544826024.32
1544826024.39
1544826024.45
1544826024.51
1544826024.57
1544826024.64
1544826024.71
1544826024.77
1544826024.83
1544826024.89
1544826024.93
1544826024.97
1544826025.01
1544826025.04
1544826025.08
1544826025.12
1544826025.15
1544826025.19
1544826025.24
1544826025.29
1544826025.34
1544826025.37
1544826025.43
1544826025.49
1544826025.53
1544826025.56
1544826025.61
1544826025.66
1544826025.7
1544826025.74
1544826025.8
1544826025.86
1544826025.92
1544826025.96
1544826026.0
1544826026.07
1544826026.12
1544826026.16
1544826026.21
1544826026.26
1544826026.31
1544826026.35
1544826026.39
1544826026.44
1544826026.48
1544826026.53
1544826026.56
1544826026.61
1544826026.65
1544826026.71
1544826026.74
1544826026.78
1544826026.83
1544826026.89
1544826026.93
1544826026.96
1544826027.03
1544826027.09
1544826027.12
1544826027.17
1544826027.23
1544826027.29
1544826027.34
1544826027.39
1544826027.44
1544826027.49
1544826027.53
1544826027.59
1544826027.65
1544826027.7
1544826027.74
1544826027.79
1544826027.86
1544826027.91
1544826027.95
1544826028.0
1544826028.05
1544826028.1
1544826028.13
1544826028.17
1544826028.21
1544826028.26
1544826028.3
1544826028.35
1544826028.39
1544826028.43
1544826028.47
1544826028.52
1544826028.55
1544826028.59
1544826028.64
1544826028.69
1544826028.75
1544826028.79
1544826028.84
1544826028.87
1544826028.92
1544826028.96
1544826029.01
1544826029.06
1544826029.12
1544826029.19
1544826029.25
1544826029.33
1544826029.39
1544826029.45
1544826029.51
1544826029.56
1544826029.62
1544826029.68
1544826029.75
1544826029.82
1544826029.86
1544826029.93
1544826029.96
1544826030.02
1544826030.08
1544826030.15
1544826030.21
1544826030.28
1544826030.37
1544826030.44
1544826030.5
1544826030.57
1544826030.62
1544826030.65
1544826030.7
1544826030.74
1544826030.78
1544826030.82
1544826030.87
1544826030.91
1544826030.95
1544826031.0
1544826031.03
1544826031.06
1544826031.1
1544826031.14
1544826031.21
1544826031.26
1544826031.3
1544826031.34
1544826031.38
1544826031.43
1544826031.46
1544826031.51
1544826031.54
1544826031.58
1544826031.62
1544826031.65
1544826031.69
1544826031.73
1544826031.79
1544826031.83
1544826031.87
1544826031.92
1544826031.98
1544826032.02
1544826032.06
1544826032.1
1544826032.14
1544826032.19
1544826032.24
1544826032.29
1544826032.35
1544826032.4
1544826032.44
1544826032.49
1544826032.53
1544826032.57
1544826032.62
1544826032.66
1544826032.7
1544826032.78
1544826032.82
1544826032.87
1544826032.95
1544826033.01
1544826033.06
1544826033.09
1544826033.15
1544826033.2
1544826033.24
1544826033.29
1544826033.33
1544826033.39
1544826033.44
1544826033.49
1544826033.52
1544826033.57
1544826033.62
1544826033.65
1544826033.69
1544826033.73
1544826033.79
1544826033.83
1544826033.86
1544826033.91
1544826033.95
1544826033.99
1544826034.03
1544826034.07
1544826034.11
1544826034.15
1544826034.2
1544826034.24
1544826034.27
1544826034.32
1544826034.36
1544826034.42
1544826034.45
1544826034.49
1544826034.53
1544826034.58
1544826034.62
1544826034.66
1544826034.7
1544826034.75
1544826034.8
1544826034.84
1544826034.87
1544826034.93
1544826035.0
1544826035.04
1544826035.08
1544826035.14
1544826035.2
1544826035.24
1544826035.27
1544826035.32
1544826035.38
1544826035.43
1544826035.46
1544826035.51
1544826035.56
1544826035.61
1544826035.65
1544826035.69
1544826035.76
1544826035.83
1544826035.87
1544826035.93
1544826035.99
1544826036.04
1544826036.08
1544826036.15
1544826036.21
1544826036.26
1544826036.31
1544826036.37
1544826036.42
1544826036.46
1544826036.5
1544826036.54
1544826036.58
1544826036.63
1544826036.67
1544826036.72
1544826036.8
1544826036.85
1544826036.9
1544826036.97
1544826037.03
1544826037.08
1544826037.13
1544826037.21
1544826037.24
1544826037.27
1544826037.3
1544826037.35
1544826037.41
1544826037.45
1544826037.49
1544826037.57
1544826037.62
1544826037.66
1544826037.7
1544826037.77
1544826037.83
1544826037.87
1544826037.9
1544826037.98
1544826038.03
1544826038.06
1544826038.1
1544826038.15
1544826038.2
1544826038.24
1544826038.27
1544826038.31
1544826038.35
1544826038.41
1544826038.45
1544826038.5
1544826038.55
1544826038.6
1544826038.64
1544826038.69
1544826038.73
1544826038.77
1544826038.83
1544826038.88
1544826038.94
1544826038.98
1544826039.03
1544826039.06
1544826039.12
1544826039.17
1544826039.24
1544826039.27
1544826039.33
1544826039.42
1544826039.46
1544826039.51
1544826039.55
1544826039.6
1544826039.66
1544826039.73
1544826039.79
1544826039.85
1544826039.93
1544826040.01
1544826040.07
1544826040.15
1544826040.22
1544826040.27
1544826040.34
1544826040.4
1544826040.44
1544826040.49
1544826040.54
1544826040.58
1544826040.63
1544826040.69
1544826040.76
1544826040.84
1544826040.91
1544826040.97
1544826041.05
1544826041.13
1544826041.18
1544826041.25
1544826041.29
1544826041.35
1544826041.38
1544826041.44
1544826041.48
1544826041.52
1544826041.57
1544826041.62
1544826041.65
1544826041.71
1544826041.75
1544826041.81
1544826041.85
1544826041.91
1544826041.97
1544826042.03
1544826042.07
1544826042.16
1544826042.23
1544826042.27
1544826042.31
1544826042.36
1544826042.42
1544826042.46
1544826042.5
1544826042.55
1544826042.6
1544826042.65
1544826042.69
1544826042.75
1544826042.83
1544826042.87
1544826042.93
1544826042.99
1544826043.04
1544826043.09
1544826043.13
1544826043.17
1544826043.21
1544826043.25
1544826043.29
1544826043.35
1544826043.4
1544826043.44
1544826043.48
1544826043.53
1544826043.57
1544826043.62
1544826043.66
1544826043.71
1544826043.79
1544826043.83
1544826043.87
1544826043.93
1544826043.98
1544826044.05
1544826044.1
1544826044.15
1544826044.2
1544826044.25
1544826044.3
1544826044.35
1544826044.41
1544826044.46
1544826044.49
1544826044.54
1544826044.59
1544826044.64
1544826044.67
1544826044.73
1544826044.78
1544826044.83
1544826044.88
1544826044.93
1544826045.0
1544826045.04
1544826045.08
1544826045.12
1544826045.16
1544826045.21
1544826045.25
1544826045.29
1544826045.33
1544826045.4
1544826045.46
1544826045.5
1544826045.53
1544826045.58
1544826045.62
1544826045.67
1544826045.71
1544826045.75
1544826045.8
1544826045.84
1544826045.88
1544826045.92
1544826045.96
1544826046.02
1544826046.07
1544826046.11
1544826046.16
1544826046.22
1544826046.26
1544826046.3
1544826046.35
1544826046.39
1544826046.43
1544826046.47
1544826046.53
1544826046.59
1544826046.63
1544826046.69
1544826046.75
1544826046.82
1544826046.86
1544826046.91
1544826046.99
1544826047.04
1544826047.08
1544826047.15
1544826047.21
1544826047.25
1544826047.29
1544826047.34
1544826047.4
1544826047.45
1544826047.51
1544826047.56
1544826047.63
1544826047.68
1544826047.74
1544826047.82
1544826047.87
1544826047.93
1544826048.0
1544826048.05
1544826048.09
1544826048.16
1544826048.22
1544826048.27
1544826048.33
1544826048.37
1544826048.42
1544826048.45
1544826048.49
1544826048.54
1544826048.6
1544826048.65
1544826048.69
1544826048.73
1544826048.79
1544826048.83
1544826048.87
1544826048.92
1544826049.0
1544826049.04
1544826049.08
1544826049.15
1544826049.23
1544826049.28
1544826049.34
1544826049.38
1544826049.43
1544826049.5
1544826049.55
1544826049.59
1544826049.64
1544826049.68
1544826049.72
1544826049.77
1544826049.82
1544826049.87
1544826049.92
1544826049.97
1544826050.02
1544826050.07
1544826050.11
1544826050.17
1544826050.23
1544826050.28
1544826050.35
1544826050.41
1544826050.48
1544826050.55
1544826050.6
1544826050.66
1544826050.73
1544826050.8
1544826050.86
1544826050.92
1544826050.96
1544826051.0
1544826051.07
1544826051.12
1544826051.16
1544826051.2
1544826051.24
1544826051.28
1544826051.32
1544826051.36
1544826051.4
1544826051.44
1544826051.5
1544826051.56
1544826051.6
1544826051.65
1544826051.72
1544826051.76
1544826051.79
1544826051.84
1544826051.89
1544826051.95
1544826051.99
1544826052.04
1544826052.09
1544826052.14
1544826052.19
1544826052.24
1544826052.29
1544826052.33
1544826052.37
1544826052.41
1544826052.46
1544826052.52
1544826052.56
1544826052.62
1544826052.66
1544826052.71
1544826052.77
1544826052.82
1544826052.89
1544826052.94
1544826052.97
1544826053.01
1544826053.05
1544826053.11
1544826053.17
1544826053.21
1544826053.27
1544826053.32
1544826053.36
1544826053.4
1544826053.48
1544826053.53
1544826053.56
1544826053.6
1544826053.65
1544826053.71
1544826053.74
1544826053.77
1544826053.83
1544826053.89
1544826053.95
1544826054.01
1544826054.05
1544826054.09
1544826054.13
1544826054.17
1544826054.22
1544826054.26
1544826054.31
1544826054.36
1544826054.42
1544826054.47
1544826054.53
1544826054.57
1544826054.63
1544826054.69
1544826054.75
1544826054.84
1544826054.89
1544826054.93
1544826054.97
1544826055.02
1544826055.07
1544826055.12
1544826055.17
1544826055.22
1544826055.26
1544826055.3
1544826055.35
1544826055.39
1544826055.42
1544826055.45
1544826055.5
1544826055.55
1544826055.59
1544826055.64
1544826055.67
1544826055.73
1544826055.79
1544826055.83
1544826055.87
1544826055.93
1544826055.98
1544826056.03
1544826056.07
1544826056.12
1544826056.15
1544826056.2
1544826056.26
1544826056.32
1544826056.37
1544826056.44
1544826056.5
1544826056.55
1544826056.61
1544826056.66
1544826056.73
1544826056.79
1544826056.86
1544826056.92
1544826056.95
1544826057.0
1544826057.04
1544826057.09
1544826057.12
1544826057.15
1544826057.19
1544826057.23
1544826057.27
1544826057.32
1544826057.35
1544826057.39
1544826057.45
1544826057.51
1544826057.55
1544826057.58
1544826057.63
1544826057.68
1544826057.71
1544826057.76
1544826057.82
1544826057.88
1544826057.91
1544826057.96
1544826058.01
1544826058.06
1544826058.12
1544826058.17
1544826058.24
1544826058.34
1544826058.42
1544826058.48
1544826058.55
1544826058.62
1544826058.68
1544826058.77
1544826058.84
1544826058.92
1544826058.98
1544826059.04
1544826059.09
1544826059.15
1544826059.2
1544826059.25
1544826059.3
1544826059.36
1544826059.42
1544826059.48
1544826059.54
1544826059.61
1544826059.65
1544826059.71
1544826059.8
1544826059.85
1544826059.89
1544826059.95
1544826059.99
1544826060.03
1544826060.07
1544826060.13
1544826060.19
1544826060.24
1544826060.3
1544826060.37
1544826060.42
1544826060.46
1544826060.52
1544826060.57
1544826060.6
1544826060.64
1544826060.69
1544826060.75
1544826060.79
1544826060.84
1544826060.88
1544826060.95
1544826060.99
1544826061.04
1544826061.08
1544826061.15
1544826061.21
1544826061.26
1544826061.3
1544826061.35
1544826061.39
1544826061.43
1544826061.47
1544826061.51
1544826061.57
1544826061.61
1544826061.64
1544826061.69
1544826061.74
1544826061.79
1544826061.83
1544826061.86
1544826061.92
1544826061.96
1544826062.01
1544826062.05
1544826062.11
1544826062.18
1544826062.23
1544826062.28
1544826062.32
1544826062.35
1544826062.38
1544826062.43
1544826062.47
1544826062.56
1544826062.6
1544826062.64
1544826062.68
1544826062.73
1544826062.78
1544826062.84
1544826062.88
1544826062.95
1544826063.0
1544826063.04
1544826063.07
1544826063.13
1544826063.18
1544826063.23
1544826063.27
1544826063.31
1544826063.37
1544826063.42
1544826063.46
1544826063.51
1544826063.58
1544826063.62
1544826063.67
1544826063.74
1544826063.8
1544826063.84
1544826063.88
1544826063.95
1544826064.0
1544826064.04
1544826064.08
1544826064.15
1544826064.2
1544826064.24
1544826064.28
1544826064.33
1544826064.38
1544826064.42
1544826064.46
1544826064.53
1544826064.59
1544826064.63
1544826064.67
1544826064.72
1544826064.77
1544826064.82
1544826064.86
1544826064.92
1544826064.97
1544826065.02
1544826065.05
1544826065.09
1544826065.16
1544826065.22
1544826065.27
1544826065.34
1544826065.39
1544826065.43
1544826065.46
1544826065.51
1544826065.56
1544826065.61
1544826065.65
1544826065.69
1544826065.76
1544826065.81
1544826065.85
1544826065.88
1544826065.93
1544826065.97
1544826066.01
1544826066.04
1544826066.08
1544826066.15
1544826066.2
1544826066.24
1544826066.28
1544826066.34
1544826066.4
1544826066.43
1544826066.46
1544826066.52
1544826066.56
1544826066.61
1544826066.65
1544826066.7
1544826066.75
1544826066.8
1544826066.84
1544826066.87
1544826066.93
1544826066.98
1544826067.02
1544826067.06
1544826067.12
1544826067.19
1544826067.23
1544826067.27
1544826067.35
1544826067.41
1544826067.44
1544826067.48
1544826067.55
1544826067.61
1544826067.64
1544826067.68
1544826067.73
1544826067.79
1544826067.83
1544826067.88
1544826067.95
1544826067.99
1544826068.04
1544826068.07
1544826068.12
1544826068.18
1544826068.22
1544826068.26
1544826068.32
1544826068.38
1544826068.43
1544826068.46
1544826068.53
1544826068.58
1544826068.63
1544826068.67
1544826068.73
1544826068.81
1544826068.85
1544826068.89
1544826068.94
1544826068.99
1544826069.03
1544826069.07
1544826069.15
1544826069.21
1544826069.25
1544826069.29
1544826069.38
1544826069.43
1544826069.46
1544826069.52
1544826069.59
1544826069.63
1544826069.66
1544826069.72
1544826069.77
1544826069.81
1544826069.84
1544826069.88
1544826069.92
1544826069.95
1544826069.99
1544826070.03
1544826070.07
1544826070.11
1544826070.15
1544826070.19
1544826070.23
1544826070.27
1544826070.32
1544826070.41
1544826070.45
1544826070.52
1544826070.57
1544826070.63
1544826070.69
1544826070.76
1544826070.82
1544826070.85
1544826070.89
1544826070.93
1544826070.97
1544826071.01
1544826071.05
1544826071.08
1544826071.15
1544826071.2
1544826071.25
1544826071.29
1544826071.36
1544826071.41
1544826071.45
1544826071.48
1544826071.55
1544826071.59
1544826071.65
1544826071.69
1544826071.73
1544826071.78
1544826071.82
1544826071.86
1544826071.92
1544826071.98
1544826072.02
1544826072.06
1544826072.12
1544826072.15
1544826072.2
1544826072.23
1544826072.27
1544826072.32
1544826072.37
1544826072.42
1544826072.49
1544826072.56
1544826072.62
1544826072.68
1544826072.74
1544826072.81
1544826072.86
1544826072.94
1544826072.99
1544826073.04
1544826073.08
1544826073.12
1544826073.18
1544826073.23
1544826073.29
1544826073.36
1544826073.42
1544826073.48
1544826073.55
1544826073.61
1544826073.66
1544826073.73
1544826073.78
1544826073.83
1544826073.9
1544826073.94
1544826073.98
1544826074.02
1544826074.06
1544826074.12
1544826074.2
1544826074.26
1544826074.32
1544826074.39
1544826074.45
1544826074.51
1544826074.55
1544826074.59
1544826074.65
1544826074.7
1544826074.74
1544826074.77
1544826074.84
1544826074.89
1544826074.93
1544826074.97
1544826075.02
1544826075.06
1544826075.12
1544826075.16
1544826075.22
1544826075.3
1544826075.35
1544826075.39
1544826075.45
1544826075.52
1544826075.55
1544826075.62
1544826075.66
1544826075.71
1544826075.75
1544826075.79
1544826075.85
1544826075.91
1544826075.95
1544826076.0
1544826076.05
1544826076.1
1544826076.14
1544826076.18
1544826076.22
1544826076.32
1544826076.35
1544826076.39
1544826076.46
1544826076.52
1544826076.56
1544826076.6
1544826076.65
1544826076.71
1544826076.74
1544826076.81
1544826076.87
1544826076.93
1544826076.97
1544826077.06
1544826077.13
1544826077.17
1544826077.21
1544826077.27
1544826077.31
1544826077.35
1544826077.43
1544826077.5
1544826077.55
1544826077.58
1544826077.64
1544826077.69
1544826077.73
1544826077.77
1544826077.85
1544826077.9
1544826077.96
1544826078.03
1544826078.12
1544826078.18
1544826078.24
1544826078.3
1544826078.38
1544826078.45
1544826078.53
1544826078.61
1544826078.64
1544826078.69
1544826078.73
1544826078.78
1544826078.83
1544826078.86
1544826078.94
1544826078.99
1544826079.06
1544826079.13
1544826079.21
1544826079.27
1544826079.35
1544826079.42
1544826079.49
1544826079.56
1544826079.63
1544826079.71
1544826079.8
1544826079.86
1544826079.9
1544826079.96
1544826080.02
1544826080.06
1544826080.1
1544826080.17
1544826080.21
1544826080.25
1544826080.29
1544826080.34
1544826080.38
1544826080.42
1544826080.46
1544826080.5
1544826080.55
1544826080.6
1544826080.64
1544826080.68
1544826080.72
1544826080.79
1544826080.83
1544826080.88
1544826080.93
1544826080.99
1544826081.03
1544826081.07
1544826081.14
1544826081.22
1544826081.25
1544826081.3
1544826081.35
1544826081.41
1544826081.45
1544826081.5
1544826081.55
1544826081.61
1544826081.65
1544826081.68
1544826081.73
1544826081.78
1544826081.83
1544826081.87
1544826081.92
1544826082.0
1544826082.04
1544826082.08
1544826082.12
1544826082.17
1544826082.22
1544826082.27
1544826082.34
1544826082.39
1544826082.43
1544826082.48
1544826082.52
1544826082.56
1544826082.61
1544826082.64
1544826082.68
1544826082.73
1544826082.77
1544826082.82
1544826082.86
1544826082.91
1544826082.98
1544826083.03
1544826083.06
1544826083.1
1544826083.15
1544826083.22
1544826083.25
1544826083.28
1544826083.32
1544826083.37
1544826083.41
1544826083.45
1544826083.49
1544826083.54
1544826083.58
1544826083.62
1544826083.66
1544826083.71
1544826083.76
1544826083.82
1544826083.86
1544826083.9
1544826083.96
1544826084.03
1544826084.06
1544826084.11
1544826084.17
1544826084.23
1544826084.26
1544826084.3
1544826084.37
1544826084.43
1544826084.46
1544826084.53
1544826084.6
1544826084.65
1544826084.69
1544826084.75
1544826084.81
1544826084.86
1544826084.91
1544826084.98
1544826085.02
1544826085.06
1544826085.13
1544826085.18
1544826085.22
1544826085.26
1544826085.31
1544826085.39
1544826085.44
1544826085.48
1544826085.53
1544826085.59
1544826085.64
1544826085.68
1544826085.75
1544826085.81
1544826085.85
1544826085.91
1544826085.97
1544826086.02
1544826086.06
1544826086.1
1544826086.21
1544826086.26
1544826086.3
1544826086.34
1544826086.4
1544826086.44
1544826086.49
1544826086.54
1544826086.6
1544826086.64
1544826086.68
1544826086.72
1544826086.76
1544826086.81
1544826086.85
1544826086.89
1544826086.95
1544826087.01
1544826087.05
1544826087.09
1544826087.13
1544826087.2
1544826087.24
1544826087.28
1544826087.33
1544826087.41
1544826087.45
1544826087.5
1544826087.56
1544826087.61
1544826087.65
1544826087.7
1544826087.76
1544826087.82
1544826087.85
1544826087.89
1544826087.94
1544826087.98
1544826088.03
1544826088.06
1544826088.1
1544826088.14
1544826088.19
1544826088.23
1544826088.27
1544826088.33
1544826088.38
1544826088.43
1544826088.46
1544826088.5
1544826088.59
1544826088.65
1544826088.69
1544826088.73
1544826088.78
1544826088.84
1544826088.88
1544826088.93
1544826088.99
1544826089.03
1544826089.07
1544826089.1
1544826089.16
1544826089.22
1544826089.26
1544826089.32
1544826089.36
1544826089.41
1544826089.46
1544826089.52
1544826089.57
1544826089.64
1544826089.7
1544826089.77
1544826089.86
1544826089.94
1544826090.03
1544826090.08
1544826090.15
1544826090.21
1544826090.27
1544826090.33
1544826090.39
1544826090.46
1544826090.53
1544826090.58
1544826090.66
1544826090.73
1544826090.79
1544826090.86
1544826090.93
1544826090.97
1544826091.04
1544826091.1
1544826091.15
1544826091.2
1544826091.26
1544826091.33
1544826091.4
1544826091.46
1544826091.52
1544826091.57
1544826091.63
1544826091.69
1544826091.75
1544826091.8
1544826091.83
1544826091.87
1544826091.94
1544826091.98
1544826092.04
1544826092.1
1544826092.15
1544826092.21
1544826092.29
1544826092.35
1544826092.42
1544826092.48
1544826092.53
1544826092.58
1544826092.66
1544826092.72
1544826092.76
1544826092.81
1544826092.86
1544826092.92
1544826092.95
1544826092.99
1544826093.04
1544826093.11
1544826093.15
1544826093.2
1544826093.24
1544826093.3
1544826093.36
1544826093.41
1544826093.48
1544826093.54
1544826093.58
1544826093.64
1544826093.71
1544826093.74
1544826093.78
1544826093.82
1544826093.89
1544826093.93
1544826093.99
1544826094.04
1544826094.09
1544826094.14
1544826094.17
1544826094.23
1544826094.28
1544826094.33
1544826094.36
1544826094.4
1544826094.47
1544826094.52
1544826094.55
1544826094.59
1544826094.65
1544826094.7
1544826094.74
1544826094.77
1544826094.81
1544826094.85
1544826094.91
1544826094.95
1544826094.98
1544826095.03
1544826095.09
1544826095.14
1544826095.18
1544826095.24
1544826095.29
1544826095.34
1544826095.39
1544826095.45
1544826095.5
1544826095.54
1544826095.58
1544826095.65
1544826095.72
1544826095.75
1544826095.79
1544826095.87
1544826095.92
1544826095.95
1544826095.99
1544826096.04
1544826096.09
1544826096.14
1544826096.17
1544826096.24
1544826096.31
1544826096.35
1544826096.39
1544826096.42
1544826096.46
1544826096.54
1544826096.58
1544826096.62
1544826096.68
1544826096.73
1544826096.77
1544826096.83
1544826096.87
1544826096.9
1544826096.95
1544826097.0
1544826097.06
1544826097.12
1544826097.16
1544826097.2
1544826097.24
1544826097.28
1544826097.32
1544826097.35
1544826097.4
1544826097.44
1544826097.48
1544826097.53
1544826097.57
1544826097.64
1544826097.7
1544826097.74
1544826097.78
1544826097.84
1544826097.88
1544826097.93
1544826097.96
1544826098.0
1544826098.04
1544826098.08
1544826098.14
1544826098.18
1544826098.24
1544826098.31
1544826098.35
1544826098.38
1544826098.46
1544826098.51
1544826098.55
1544826098.6
1544826098.65
1544826098.69
1544826098.74
1544826098.78
1544826098.84
1544826098.91
1544826098.97
1544826099.02
1544826099.06
1544826099.12
1544826099.17
1544826099.21
1544826099.25
1544826099.31
1544826099.35
1544826099.4
1544826099.45
1544826099.5
1544826099.54
1544826099.58
1544826099.63
1544826099.69
1544826099.73
1544826099.77
1544826099.81
1544826099.88
1544826099.94
1544826100.0
1544826100.05
1544826100.11
1544826100.16
1544826100.22
1544826100.28
1544826100.33
1544826100.37
1544826100.41
1544826100.45
1544826100.52
1544826100.56
1544826100.61
1544826100.66
1544826100.71
1544826100.75
1544826100.8
1544826100.87
1544826100.92
1544826100.96
1544826100.99
1544826101.05
1544826101.09
1544826101.13
1544826101.17
1544826101.22
1544826101.28
1544826101.33
1544826101.38
1544826101.42
1544826101.46
1544826101.53
1544826101.57
1544826101.61
1544826101.67
1544826101.73
1544826101.77
1544826101.82
1544826101.88
1544826101.94
1544826101.98
1544826102.03
1544826102.12
1544826102.15
1544826102.19
1544826102.25
1544826102.31
1544826102.36
1544826102.41
1544826102.46
1544826102.51
1544826102.55
1544826102.6
1544826102.65
1544826102.7
1544826102.74
1544826102.78
1544826102.81
1544826102.88
1544826102.92
1544826102.97
1544826103.01
1544826103.06
1544826103.12
1544826103.15
1544826103.18
1544826103.23
1544826103.29
1544826103.34
1544826103.38
1544826103.43
1544826103.48
1544826103.53
1544826103.57
1544826103.61
1544826103.66
1544826103.71
1544826103.74
1544826103.78
1544826103.82
1544826103.86
1544826103.91
1544826103.95
1544826103.98
1544826104.03
1544826104.09
1544826104.13
1544826104.17
1544826104.21
1544826104.25
1544826104.3
1544826104.34
1544826104.38
1544826104.45
1544826104.51
1544826104.55
1544826104.61
1544826104.67
1544826104.73
1544826104.76
1544826104.79
1544826104.84
1544826104.91
1544826104.95
1544826105.02
1544826105.08
1544826105.14
1544826105.17
1544826105.25
1544826105.32
1544826105.36
1544826105.39
1544826105.47
1544826105.52
1544826105.56
1544826105.61
1544826105.66
1544826105.71
1544826105.75
1544826105.79
1544826105.84
1544826105.88
1544826105.93
1544826105.96
1544826106.02
1544826106.08
1544826106.13
1544826106.17
1544826106.21
1544826106.26
1544826106.32
1544826106.36
1544826106.42
1544826106.5
1544826106.55
1544826106.6
1544826106.67
1544826106.71
1544826106.75
1544826106.81
1544826106.88
1544826106.93
1544826106.97
1544826107.01
1544826107.08
1544826107.14
1544826107.19
1544826107.24
1544826107.29
1544826107.33
1544826107.37
1544826107.42
1544826107.49
1544826107.55
1544826107.59
1544826107.63
1544826107.69
1544826107.74
1544826107.78
1544826107.82
1544826107.88
1544826107.92
1544826107.98
1544826108.03
1544826108.09
1544826108.15
1544826108.19
1544826108.23
1544826108.26
1544826108.31
1544826108.35
1544826108.39
1544826108.45
1544826108.51
1544826108.55
1544826108.6
1544826108.67
1544826108.71
1544826108.75
1544826108.79
1544826108.86
1544826108.92
1544826108.97
1544826109.02
1544826109.09
1544826109.15
1544826109.19
1544826109.24
1544826109.3
1544826109.34
1544826109.39
1544826109.44
1544826109.5
1544826109.53
1544826109.59
1544826109.65
1544826109.72
1544826109.77
1544826109.82
1544826109.9
1544826109.95
1544826110.0
1544826110.05
1544826110.1
1544826110.15
1544826110.21
1544826110.27
1544826110.32
1544826110.37
1544826110.43
1544826110.49
1544826110.54
1544826110.58
1544826110.62
1544826110.66
1544826110.71
1544826110.74
1544826110.79
1544826110.83
1544826110.88
1544826110.93
1544826110.96
1544826111.01
1544826111.07
1544826111.13
1544826111.17
1544826111.22
1544826111.27
1544826111.31
1544826111.35
1544826111.42
1544826111.49
1544826111.53
1544826111.57
1544826111.64
1544826111.71
1544826111.76
1544826111.8
1544826111.86
1544826111.92
1544826111.95
1544826111.99
1544826112.03
1544826112.08
1544826112.12
1544826112.15
1544826112.2
1544826112.24
1544826112.31
1544826112.37
1544826112.42
1544826112.49
1544826112.56
1544826112.62
1544826112.68
1544826112.72
1544826112.76
1544826112.81
1544826112.86
1544826112.93
1544826112.98
1544826113.04
1544826113.09
1544826113.14
1544826113.19
1544826113.25
1544826113.3
1544826113.36
1544826113.44
1544826113.5
1544826113.58
1544826113.66
1544826113.74
1544826113.81
1544826113.88
1544826113.96
1544826114.06
1544826114.16
1544826114.23
1544826114.27
1544826114.35
1544826114.43
1544826114.47
1544826114.53
1544826114.59
1544826114.65
1544826114.7
1544826114.75
1544826114.82
1544826114.9
1544826114.96
1544826115.02
1544826115.07
1544826115.12
1544826115.17
1544826115.22
1544826115.26
1544826115.33
1544826115.36
1544826115.4
1544826115.44
1544826115.48
1544826115.53
1544826115.57
1544826115.62
1544826115.66
1544826115.71
1544826115.75
1544826115.81
1544826115.87
1544826115.94
1544826116.01
1544826116.08
1544826116.13
1544826116.2
1544826116.25
1544826116.33
1544826116.38
1544826116.43
1544826116.48
1544826116.55
1544826116.63
1544826116.68
1544826116.74
1544826116.82
1544826116.88
1544826116.95
1544826117.02
1544826117.09
1544826117.17
1544826117.24
1544826117.3
1544826117.35
1544826117.41
1544826117.45
1544826117.51
1544826117.57
1544826117.62
1544826117.66
1544826117.7
1544826117.76
1544826117.82
1544826117.86
1544826117.9
1544826117.97
1544826118.02
1544826118.06
1544826118.12
1544826118.18
1544826118.22
1544826118.26
1544826118.3
1544826118.35
1544826118.39
1544826118.44
1544826118.48
1544826118.54
1544826118.61
1544826118.65
1544826118.69
1544826118.73
1544826118.79
1544826118.85
1544826118.9
1544826118.98
1544826119.03
1544826119.07
1544826119.12
1544826119.19
1544826119.23
1544826119.27
1544826119.34
1544826119.41
1544826119.45
1544826119.49
1544826119.53
1544826119.59
1544826119.62
1544826119.67
1544826119.72
1544826119.8
1544826119.85
1544826119.9
1544826119.95
1544826120.01
1544826120.04
1544826120.08
1544826120.12
1544826120.18
1544826120.23
1544826120.28
1544826120.33
1544826120.39
1544826120.43
1544826120.47
1544826120.51
1544826120.56
1544826120.61
1544826120.65
1544826120.7
1544826120.75
1544826120.82
1544826120.85
1544826120.89
1544826120.95
1544826121.0
1544826121.05
1544826121.11
1544826121.15
1544826121.22
1544826121.28
1544826121.33
1544826121.37
1544826121.42
1544826121.47
1544826121.53
1544826121.6
1544826121.66
1544826121.73
1544826121.79
1544826121.87
1544826121.93
1544826122.01
1544826122.08
1544826122.15
1544826122.21
1544826122.28
1544826122.39
1544826122.46
1544826122.52
1544826122.58
1544826122.63
1544826122.67
1544826122.71
1544826122.77
1544826122.82
1544826122.86
1544826122.9
1544826122.97
1544826123.03
1544826123.07
1544826123.11
1544826123.18
1544826123.23
1544826123.26
1544826123.31
1544826123.34
1544826123.38
1544826123.42
1544826123.45
1544826123.49
1544826123.53
1544826123.57
1544826123.62
1544826123.69
1544826123.73
1544826123.78
1544826123.87
1544826123.93
1544826124.0
1544826124.05
1544826124.11
1544826124.19
1544826124.26
1544826124.33
1544826124.38
1544826124.42
1544826124.47
1544826124.53
1544826124.57
1544826124.62
1544826124.67
1544826124.72
1544826124.78
1544826124.84
1544826124.91
1544826124.98
1544826125.03
1544826125.07
1544826125.13
1544826125.2
1544826125.25
1544826125.31
1544826125.35
1544826125.41
1544826125.46
1544826125.53
1544826125.59
1544826125.65
1544826125.71
1544826125.77
1544826125.83
1544826125.88
1544826125.94
1544826126.0
1544826126.05
1544826126.12
1544826126.17
1544826126.23
1544826126.29
1544826126.34
1544826126.4
1544826126.46
1544826126.54
1544826126.62
1544826126.71
1544826126.75
1544826126.79
1544826126.85
1544826126.9
1544826126.97
1544826127.03
1544826127.09
1544826127.13
1544826127.19
1544826127.25
1544826127.31
1544826127.35
1544826127.4
1544826127.44
1544826127.51
1544826127.55
1544826127.61
1544826127.65
1544826127.71
1544826127.76
