1544824785.93
1544824786.17
1544824786.25
1544824786.34
1544824786.5
1544824786.62
1544824786.69
1544824786.76
1544824786.81
1544824786.86
1544824786.91
1544824786.96
1544824787.02
1544824787.08
1544824787.15
1544824787.2
1544824787.28
1544824787.36
1544824787.43
1544824787.53
1544824787.63
1544824787.71
1544824787.78
1544824787.88
1544824787.94
1544824787.99
1544824788.08
1544824788.19
1544824788.31
1544824788.4
1544824788.47
1544824788.53
1544824788.58
1544824788.65
1544824788.75
1544824788.85
1544824788.93
1544824788.99
1544824789.03
1544824789.11
1544824789.21
1544824789.29
1544824789.37
1544824789.46
1544824789.55
1544824789.64
1544824789.74
1544824789.84
1544824789.91
1544824789.96
1544824790.02
1544824790.07
1544824790.13
1544824790.2
1544824790.27
1544824790.31
1544824790.37
1544824790.42
1544824790.51
1544824790.6
1544824790.68
1544824790.78
1544824790.87
1544824790.97
1544824791.04
1544824791.09
1544824791.14
1544824791.19
1544824791.27
1544824791.32
1544824791.35
1544824791.41
1544824791.46
1544824791.51
1544824791.54
1544824791.59
1544824791.64
1544824791.67
1544824791.71
1544824791.75
1544824791.81
1544824791.88
1544824791.93
1544824791.99
1544824792.05
1544824792.09
1544824792.14
1544824792.19
1544824792.25
1544824792.3
1544824792.34
1544824792.41
1544824792.47
1544824792.51
1544824792.55
1544824792.62
1544824792.66
1544824792.71
1544824792.76
1544824792.84
1544824792.9
1544824792.95
1544824793.01
1544824793.06
1544824793.09
1544824793.13
1544824793.17
1544824793.22
1544824793.27
1544824793.31
1544824793.35
1544824793.4
1544824793.45
1544824793.49
1544824793.53
1544824793.56
1544824793.63
1544824793.67
1544824793.72
1544824793.78
1544824793.84
1544824793.88
1544824793.93
1544824793.99
1544824794.04
1544824794.09
1544824794.13
1544824794.16
1544824794.2
1544824794.24
1544824794.29
1544824794.32
1544824794.36
1544824794.41
1544824794.47
1544824794.51
1544824794.56
1544824794.64
1544824794.69
1544824794.73
1544824794.78
1544824794.82
1544824794.88
1544824794.92
1544824794.98
1544824795.04
1544824795.09
1544824795.14
1544824795.18
1544824795.24
1544824795.29
1544824795.33
1544824795.37
1544824795.42
1544824795.48
1544824795.52
1544824795.57
1544824795.63
1544824795.68
1544824795.73
1544824795.77
1544824795.81
1544824795.87
1544824795.91
1544824795.95
1544824796.0
1544824796.05
1544824796.09
1544824796.14
1544824796.19
1544824796.27
1544824796.31
1544824796.35
1544824796.39
1544824796.45
1544824796.5
1544824796.55
1544824796.61
1544824796.68
1544824796.74
1544824796.78
1544824796.82
1544824796.88
1544824796.92
1544824796.97
1544824797.03
1544824797.08
1544824797.12
1544824797.17
1544824797.22
1544824797.28
1544824797.33
1544824797.39
1544824797.45
1544824797.49
1544824797.53
1544824797.57
1544824797.62
1544824797.66
1544824797.72
1544824797.76
1544824797.83
1544824797.88
1544824797.92
1544824797.97
1544824798.04
1544824798.08
1544824798.12
1544824798.17
1544824798.24
1544824798.29
1544824798.33
1544824798.41
1544824798.46
1544824798.49
1544824798.54
1544824798.59
1544824798.63
1544824798.67
1544824798.72
1544824798.76
1544824798.81
1544824798.88
1544824798.91
1544824798.96
1544824799.02
1544824799.07
1544824799.12
1544824799.16
1544824799.22
1544824799.27
1544824799.31
1544824799.36
1544824799.41
1544824799.47
1544824799.5
1544824799.53
1544824799.57
1544824799.61
1544824799.65
1544824799.69
1544824799.73
1544824799.78
1544824799.86
1544824799.91
1544824799.96
1544824800.03
1544824800.08
1544824800.12
1544824800.18
1544824800.24
1544824800.29
1544824800.35
1544824800.4
1544824800.46
1544824800.51
1544824800.54
1544824800.59
1544824800.66
1544824800.71
1544824800.76
1544824800.85
1544824800.91
1544824800.96
1544824801.03
1544824801.1
1544824801.19
1544824801.26
1544824801.34
1544824801.43
1544824801.51
1544824801.59
1544824801.68
1544824801.77
1544824801.85
1544824801.92
1544824801.99
1544824802.06
1544824802.11
1544824802.21
1544824802.29
1544824802.38
1544824802.49
1544824802.56
1544824802.63
1544824802.69
1544824802.78
1544824802.83
1544824802.86
1544824802.91
1544824802.98
1544824803.02
1544824803.07
1544824803.1
1544824803.15
1544824803.19
1544824803.24
1544824803.29
1544824803.34
1544824803.4
1544824803.46
1544824803.51
1544824803.58
1544824803.64
1544824803.71
1544824803.76
1544824803.81
1544824803.85
1544824803.92
1544824803.98
1544824804.02
1544824804.07
1544824804.18
1544824804.22
1544824804.26
1544824804.35
1544824804.41
1544824804.45
1544824804.52
1544824804.57
1544824804.62
1544824804.67
1544824804.73
1544824804.77
1544824804.82
1544824804.86
1544824804.9
1544824804.94
1544824805.0
1544824805.05
1544824805.1
1544824805.17
1544824805.22
1544824805.27
1544824805.34
1544824805.38
1544824805.43
1544824805.5
1544824805.58
1544824805.62
1544824805.65
1544824805.72
1544824805.77
1544824805.81
1544824805.85
1544824805.91
1544824805.96
1544824806.03
1544824806.08
1544824806.14
1544824806.17
1544824806.21
1544824806.25
1544824806.29
1544824806.39
1544824806.44
1544824806.5
1544824806.57
1544824806.63
1544824806.72
1544824806.79
1544824806.87
1544824806.95
1544824807.03
1544824807.11
1544824807.19
1544824807.27
1544824807.39
1544824807.5
1544824807.61
1544824807.69
1544824807.76
1544824807.82
1544824807.89
1544824807.97
1544824808.04
1544824808.09
1544824808.17
1544824808.25
1544824808.36
1544824808.43
1544824808.51
1544824808.58
1544824808.65
1544824808.69
1544824808.73
1544824808.78
1544824808.86
1544824808.9
1544824808.96
1544824809.03
1544824809.1
1544824809.17
1544824809.24
1544824809.32
1544824809.41
1544824809.49
1544824809.55
1544824809.64
1544824809.69
1544824809.73
1544824809.77
1544824809.82
1544824809.85
1544824809.88
1544824809.92
1544824809.99
1544824810.07
1544824810.11
1544824810.14
1544824810.18
1544824810.23
1544824810.27
1544824810.31
1544824810.35
1544824810.39
1544824810.43
1544824810.49
1544824810.52
1544824810.57
1544824810.6
1544824810.64
1544824810.69
1544824810.72
1544824810.77
1544824810.82
1544824810.85
1544824810.89
1544824810.94
1544824810.99
1544824811.03
1544824811.08
1544824811.11
1544824811.15
1544824811.19
1544824811.23
1544824811.27
1544824811.31
1544824811.34
1544824811.38
1544824811.44
1544824811.48
1544824811.52
1544824811.56
1544824811.61
1544824811.64
1544824811.67
1544824811.71
1544824811.77
1544824811.82
1544824811.88
1544824811.92
1544824811.96
1544824812.01
1544824812.06
1544824812.1
1544824812.15
1544824812.18
1544824812.23
1544824812.28
1544824812.31
1544824812.36
1544824812.4
1544824812.44
1544824812.48
1544824812.52
1544824812.55
1544824812.62
1544824812.68
1544824812.71
1544824812.76
1544824812.82
1544824812.87
1544824812.91
1544824812.97
1544824813.03
1544824813.07
1544824813.11
1544824813.14
1544824813.2
1544824813.25
1544824813.28
1544824813.32
1544824813.37
1544824813.42
1544824813.45
1544824813.49
1544824813.52
1544824813.55
1544824813.61
1544824813.67
1544824813.7
1544824813.74
1544824813.79
1544824813.86
1544824813.9
1544824813.95
1544824813.99
1544824814.05
1544824814.1
1544824814.14
1544824814.18
1544824814.22
1544824814.28
1544824814.32
1544824814.37
1544824814.46
1544824814.49
1544824814.54
1544824814.57
1544824814.61
1544824814.65
1544824814.69
1544824814.72
1544824814.75
1544824814.81
1544824814.87
1544824814.89
1544824814.93
1544824814.97
1544824815.01
1544824815.06
1544824815.09
1544824815.13
1544824815.19
1544824815.27
1544824815.31
1544824815.35
1544824815.39
1544824815.43
1544824815.48
1544824815.51
1544824815.56
1544824815.63
1544824815.69
1544824815.74
1544824815.78
1544824815.82
1544824815.87
1544824815.9
1544824815.94
1544824815.97
1544824816.02
1544824816.07
1544824816.1
1544824816.16
1544824816.24
1544824816.29
1544824816.33
1544824816.38
1544824816.44
1544824816.52
1544824816.63
1544824816.68
1544824816.72
1544824816.76
1544824816.84
1544824816.94
1544824816.99
1544824817.03
1544824817.11
1544824817.18
1544824817.22
1544824817.27
1544824817.33
1544824817.38
1544824817.45
1544824817.51
1544824817.55
1544824817.6
1544824817.66
1544824817.71
1544824817.77
1544824817.81
1544824817.86
1544824817.91
1544824817.99
1544824818.05
1544824818.15
1544824818.24
1544824818.31
1544824818.41
1544824818.49
1544824818.56
1544824818.62
1544824818.69
1544824818.76
1544824818.83
1544824818.91
1544824818.97
1544824819.04
1544824819.08
1544824819.13
1544824819.17
1544824819.22
1544824819.26
1544824819.3
1544824819.34
1544824819.38
1544824819.42
1544824819.48
1544824819.54
1544824819.58
1544824819.63
1544824819.69
1544824819.74
1544824819.78
1544824819.84
1544824819.92
1544824819.98
1544824820.03
1544824820.1
1544824820.14
1544824820.17
1544824820.23
1544824820.29
1544824820.33
1544824820.36
1544824820.42
1544824820.5
1544824820.56
1544824820.59
1544824820.67
1544824820.72
1544824820.76
1544824820.8
1544824820.86
1544824820.93
1544824820.97
1544824821.06
1544824821.11
1544824821.16
1544824821.21
1544824821.25
1544824821.3
1544824821.34
1544824821.39
1544824821.44
1544824821.5
1544824821.55
1544824821.6
1544824821.65
1544824821.7
1544824821.75
1544824821.79
1544824821.84
1544824821.87
1544824821.92
1544824821.96
1544824822.0
1544824822.07
1544824822.12
1544824822.16
1544824822.19
1544824822.26
1544824822.3
1544824822.34
1544824822.38
1544824822.47
1544824822.53
1544824822.57
1544824822.61
1544824822.68
1544824822.74
1544824822.78
1544824822.82
1544824822.88
1544824822.92
1544824822.96
1544824823.0
1544824823.07
1544824823.14
1544824823.18
1544824823.25
1544824823.31
1544824823.37
1544824823.43
1544824823.47
1544824823.52
1544824823.56
1544824823.59
1544824823.65
1544824823.7
1544824823.73
1544824823.77
1544824823.83
1544824823.89
1544824823.93
1544824823.97
1544824824.01
1544824824.08
1544824824.13
1544824824.17
1544824824.21
1544824824.28
1544824824.33
1544824824.36
1544824824.4
1544824824.46
1544824824.51
1544824824.55
1544824824.59
1544824824.66
1544824824.72
1544824824.77
1544824824.8
1544824824.84
1544824824.89
1544824824.94
1544824824.98
1544824825.04
1544824825.1
1544824825.14
1544824825.18
1544824825.24
1544824825.31
1544824825.35
1544824825.4
1544824825.46
1544824825.52
1544824825.55
1544824825.59
1544824825.69
1544824825.75
1544824825.79
1544824825.85
1544824825.92
1544824825.97
1544824826.01
1544824826.06
1544824826.12
1544824826.15
1544824826.2
1544824826.24
1544824826.3
1544824826.35
1544824826.4
1544824826.46
1544824826.51
1544824826.57
1544824826.61
1544824826.69
1544824826.74
1544824826.79
1544824826.85
1544824826.93
1544824826.98
1544824827.02
1544824827.09
1544824827.14
1544824827.18
1544824827.23
1544824827.3
1544824827.35
1544824827.42
1544824827.49
1544824827.54
1544824827.6
1544824827.68
1544824827.74
1544824827.8
1544824827.87
1544824827.92
1544824827.97
1544824828.01
1544824828.07
1544824828.11
1544824828.16
1544824828.19
1544824828.24
1544824828.31
1544824828.35
1544824828.39
1544824828.46
1544824828.51
1544824828.55
1544824828.6
1544824828.64
1544824828.7
1544824828.75
1544824828.81
1544824828.87
1544824828.94
1544824828.98
1544824829.02
1544824829.07
1544824829.12
1544824829.18
1544824829.29
1544824829.39
1544824829.47
1544824829.51
1544824829.56
1544824829.59
1544824829.67
1544824829.74
1544824829.82
1544824829.89
1544824829.98
1544824830.07
1544824830.12
1544824830.17
1544824830.23
1544824830.28
1544824830.33
1544824830.36
1544824830.42
1544824830.49
1544824830.55
1544824830.6
1544824830.67
1544824830.72
1544824830.77
1544824830.81
1544824830.87
1544824830.93
1544824830.98
1544824831.01
1544824831.07
1544824831.12
1544824831.16
1544824831.19
1544824831.25
1544824831.29
1544824831.33
1544824831.37
1544824831.44
1544824831.51
1544824831.56
1544824831.59
1544824831.66
1544824831.73
1544824831.79
1544824831.83
1544824831.9
1544824831.94
1544824831.99
1544824832.05
1544824832.12
1544824832.17
1544824832.21
1544824832.24
1544824832.29
1544824832.34
1544824832.41
1544824832.5
1544824832.58
1544824832.67
1544824832.74
1544824832.81
1544824832.87
1544824832.91
1544824832.97
1544824833.03
1544824833.08
1544824833.12
1544824833.17
1544824833.21
1544824833.26
1544824833.3
1544824833.36
1544824833.42
1544824833.51
1544824833.61
1544824833.71
1544824833.78
1544824833.84
1544824833.88
1544824833.93
1544824833.97
1544824834.01
1544824834.08
1544824834.12
1544824834.17
1544824834.24
1544824834.28
1544824834.32
1544824834.35
1544824834.41
1544824834.46
1544824834.51
1544824834.56
1544824834.62
1544824834.68
1544824834.72
1544824834.77
1544824834.81
1544824834.86
1544824834.9
1544824834.94
1544824834.99
1544824835.05
1544824835.09
1544824835.13
1544824835.17
1544824835.24
1544824835.29
1544824835.33
1544824835.37
1544824835.43
1544824835.48
1544824835.51
1544824835.57
1544824835.65
1544824835.69
1544824835.75
1544824835.8
1544824835.84
1544824835.88
1544824835.91
1544824835.95
1544824836.01
1544824836.08
1544824836.13
1544824836.18
1544824836.25
1544824836.29
1544824836.34
1544824836.38
1544824836.42
1544824836.47
1544824836.51
1544824836.56
1544824836.59
1544824836.63
1544824836.67
1544824836.71
1544824836.76
1544824836.8
1544824836.84
1544824836.88
1544824836.93
1544824836.99
1544824837.06
1544824837.1
1544824837.15
1544824837.19
1544824837.23
1544824837.27
1544824837.31
1544824837.36
1544824837.44
1544824837.52
1544824837.56
1544824837.62
1544824837.67
1544824837.71
1544824837.76
1544824837.83
1544824837.88
1544824837.92
1544824837.97
1544824838.04
1544824838.09
1544824838.14
1544824838.19
1544824838.25
1544824838.3
1544824838.35
1544824838.43
1544824838.49
1544824838.51
1544824838.55
1544824838.59
1544824838.63
1544824838.68
1544824838.72
1544824838.81
1544824838.88
1544824838.92
1544824838.98
1544824839.04
1544824839.09
1544824839.12
1544824839.16
1544824839.24
1544824839.29
1544824839.33
1544824839.38
1544824839.46
1544824839.51
1544824839.56
1544824839.63
1544824839.69
1544824839.74
1544824839.81
1544824839.87
1544824839.91
1544824839.95
1544824840.01
1544824840.05
1544824840.09
1544824840.13
1544824840.18
1544824840.25
1544824840.29
1544824840.34
1544824840.39
1544824840.44
1544824840.47
1544824840.51
1544824840.55
1544824840.58
1544824840.65
1544824840.7
1544824840.74
1544824840.78
1544824840.85
1544824840.89
1544824840.95
1544824841.03
1544824841.09
1544824841.14
1544824841.18
1544824841.22
1544824841.26
1544824841.3
1544824841.34
1544824841.4
1544824841.48
1544824841.53
1544824841.58
1544824841.65
1544824841.71
1544824841.74
1544824841.79
1544824841.84
1544824841.89
1544824841.97
1544824842.03
1544824842.11
1544824842.19
1544824842.28
1544824842.34
1544824842.43
1544824842.51
1544824842.59
1544824842.67
1544824842.75
1544824842.83
1544824842.91
1544824842.99
1544824843.08
1544824843.15
1544824843.24
1544824843.29
1544824843.33
1544824843.39
1544824843.47
1544824843.52
1544824843.6
1544824843.65
1544824843.71
1544824843.76
1544824843.81
1544824843.86
1544824843.92
1544824843.96
1544824844.0
1544824844.04
1544824844.1
1544824844.16
1544824844.21
1544824844.25
1544824844.29
1544824844.34
1544824844.38
1544824844.43
1544824844.47
1544824844.53
1544824844.58
1544824844.63
1544824844.69
1544824844.78
1544824844.83
1544824844.88
1544824844.96
1544824845.01
1544824845.05
1544824845.12
1544824845.19
1544824845.23
1544824845.28
1544824845.32
1544824845.36
1544824845.41
1544824845.46
1544824845.51
1544824845.57
1544824845.6
1544824845.64
1544824845.68
1544824845.74
1544824845.78
1544824845.82
1544824845.87
1544824845.93
1544824845.99
1544824846.03
1544824846.08
1544824846.13
1544824846.19
1544824846.23
1544824846.26
1544824846.33
1544824846.38
1544824846.43
1544824846.48
1544824846.54
1544824846.61
1544824846.66
1544824846.71
1544824846.76
1544824846.81
1544824846.86
1544824846.92
1544824846.96
1544824847.02
1544824847.09
1544824847.17
1544824847.25
1544824847.34
1544824847.43
1544824847.52
1544824847.58
1544824847.63
1544824847.7
1544824847.76
1544824847.84
1544824847.9
1544824847.99
1544824848.07
1544824848.13
1544824848.19
1544824848.26
1544824848.3
1544824848.36
1544824848.43
1544824848.47
1544824848.51
1544824848.58
1544824848.62
1544824848.66
1544824848.7
1544824848.75
1544824848.8
1544824848.84
1544824848.88
1544824848.93
1544824848.99
1544824849.04
1544824849.08
1544824849.13
1544824849.2
1544824849.25
1544824849.3
1544824849.35
1544824849.39
1544824849.44
1544824849.47
1544824849.53
1544824849.59
1544824849.63
1544824849.69
1544824849.78
1544824849.84
1544824849.9
1544824849.99
1544824850.04
1544824850.08
1544824850.13
1544824850.16
1544824850.21
1544824850.24
1544824850.28
1544824850.35
1544824850.41
1544824850.46
1544824850.5
1544824850.56
1544824850.61
1544824850.66
1544824850.7
1544824850.76
1544824850.83
1544824850.86
1544824850.9
1544824850.95
1544824851.0
1544824851.03
1544824851.06
1544824851.11
1544824851.2
1544824851.24
1544824851.29
1544824851.34
1544824851.38
1544824851.43
1544824851.48
1544824851.52
1544824851.62
1544824851.67
1544824851.71
1544824851.76
1544824851.82
1544824851.87
1544824851.92
1544824851.98
1544824852.02
1544824852.06
1544824852.11
1544824852.16
1544824852.21
1544824852.25
1544824852.3
1544824852.39
1544824852.44
1544824852.48
1544824852.52
1544824852.56
1544824852.63
1544824852.67
1544824852.71
1544824852.75
1544824852.8
1544824852.85
1544824852.89
1544824852.93
1544824853.02
1544824853.07
1544824853.12
1544824853.17
1544824853.23
1544824853.31
1544824853.4
1544824853.46
1544824853.51
1544824853.54
1544824853.61
1544824853.69
1544824853.76
1544824853.84
1544824853.93
1544824854.01
1544824854.07
1544824854.16
1544824854.27
1544824854.34
1544824854.44
1544824854.5
1544824854.54
1544824854.58
1544824854.64
1544824854.71
1544824854.78
1544824854.86
1544824854.95
1544824855.04
1544824855.14
1544824855.23
1544824855.33
1544824855.43
1544824855.51
1544824855.61
1544824855.68
1544824855.73
1544824855.79
1544824855.86
1544824855.92
1544824855.97
1544824856.02
1544824856.11
1544824856.15
1544824856.21
1544824856.25
1544824856.3
1544824856.35
1544824856.39
1544824856.44
1544824856.51
1544824856.56
1544824856.61
1544824856.7
1544824856.76
1544824856.8
1544824856.84
1544824856.91
1544824856.94
1544824857.0
1544824857.06
1544824857.14
1544824857.19
1544824857.25
1544824857.3
1544824857.34
1544824857.39
1544824857.46
1544824857.52
1544824857.56
1544824857.62
1544824857.67
1544824857.73
1544824857.78
1544824857.84
1544824857.89
1544824857.94
1544824857.99
1544824858.07
1544824858.13
1544824858.17
1544824858.24
1544824858.31
1544824858.35
1544824858.39
1544824858.44
1544824858.5
1544824858.55
1544824858.59
1544824858.62
1544824858.66
1544824858.73
1544824858.77
1544824858.82
1544824858.89
1544824858.93
1544824858.97
1544824859.0
1544824859.06
1544824859.1
1544824859.13
1544824859.18
1544824859.23
1544824859.31
1544824859.36
1544824859.41
1544824859.45
1544824859.53
1544824859.57
1544824859.62
1544824859.67
1544824859.72
1544824859.77
1544824859.82
1544824859.87
1544824859.91
1544824859.94
1544824859.99
1544824860.07
1544824860.11
1544824860.14
1544824860.18
1544824860.23
1544824860.3
1544824860.36
1544824860.41
1544824860.47
1544824860.53
1544824860.58
1544824860.62
1544824860.7
1544824860.74
1544824860.78
1544824860.83
1544824860.87
1544824860.92
1544824860.97
1544824861.01
1544824861.08
1544824861.15
1544824861.2
1544824861.24
1544824861.29
1544824861.38
1544824861.46
1544824861.53
1544824861.61
1544824861.67
1544824861.75
1544824861.82
1544824861.87
1544824861.93
1544824861.98
1544824862.04
1544824862.09
1544824862.14
1544824862.19
1544824862.25
1544824862.31
1544824862.37
1544824862.44
1544824862.51
1544824862.58
1544824862.64
1544824862.7
1544824862.78
1544824862.86
1544824862.93
1544824862.98
1544824863.02
1544824863.06
1544824863.11
1544824863.17
1544824863.23
1544824863.26
1544824863.32
1544824863.37
1544824863.42
1544824863.45
1544824863.51
1544824863.55
1544824863.6
1544824863.64
1544824863.68
1544824863.71
1544824863.77
1544824863.82
1544824863.86
1544824863.9
1544824863.96
1544824864.0
1544824864.04
1544824864.08
1544824864.14
1544824864.2
1544824864.25
1544824864.31
1544824864.37
1544824864.44
1544824864.5
1544824864.54
1544824864.61
1544824864.65
1544824864.7
1544824864.8
1544824864.86
1544824864.91
1544824864.98
1544824865.04
1544824865.08
1544824865.13
1544824865.22
1544824865.26
1544824865.31
1544824865.37
1544824865.43
1544824865.47
1544824865.53
1544824865.6
1544824865.64
1544824865.7
1544824865.76
1544824865.83
1544824865.86
1544824865.89
1544824865.94
1544824866.0
1544824866.04
1544824866.07
1544824866.13
1544824866.21
1544824866.26
1544824866.31
1544824866.34
1544824866.38
1544824866.41
1544824866.45
1544824866.49
1544824866.57
1544824866.62
1544824866.69
1544824866.75
1544824866.83
1544824866.9
1544824866.96
1544824867.01
1544824867.09
1544824867.17
1544824867.24
1544824867.32
1544824867.4
1544824867.48
1544824867.54
1544824867.63
1544824867.71
1544824867.82
1544824867.92
1544824868.02
1544824868.11
1544824868.19
1544824868.28
1544824868.37
1544824868.44
1544824868.52
1544824868.59
1544824868.67
1544824868.73
1544824868.78
1544824868.83
1544824868.87
1544824868.93
1544824868.98
1544824869.04
1544824869.08
1544824869.15
1544824869.22
1544824869.26
1544824869.31
1544824869.38
1544824869.42
1544824869.47
1544824869.55
1544824869.59
1544824869.64
1544824869.68
1544824869.76
1544824869.79
1544824869.84
1544824869.91
1544824869.97
1544824870.01
1544824870.07
1544824870.14
1544824870.19
1544824870.23
1544824870.27
1544824870.32
1544824870.37
1544824870.43
1544824870.46
1544824870.53
1544824870.58
1544824870.62
1544824870.67
1544824870.72
1544824870.8
1544824870.86
1544824870.91
1544824870.95
1544824871.01
1544824871.05
1544824871.11
1544824871.17
1544824871.22
1544824871.25
1544824871.3
1544824871.36
1544824871.4
1544824871.44
1544824871.48
1544824871.55
1544824871.61
1544824871.66
1544824871.74
1544824871.78
1544824871.82
1544824871.86
1544824871.93
1544824871.99
1544824872.04
1544824872.08
1544824872.17
1544824872.23
1544824872.28
1544824872.34
1544824872.38
1544824872.44
1544824872.53
1544824872.58
1544824872.64
1544824872.71
1544824872.78
1544824872.82
1544824872.85
1544824872.89
1544824872.95
1544824873.01
1544824873.07
1544824873.13
1544824873.18
1544824873.23
1544824873.27
1544824873.34
1544824873.4
1544824873.44
1544824873.47
1544824873.54
1544824873.61
1544824873.68
1544824873.74
1544824873.78
1544824873.83
1544824873.88
1544824873.93
1544824873.98
1544824874.02
1544824874.05
1544824874.11
1544824874.15
1544824874.19
1544824874.24
1544824874.28
1544824874.36
1544824874.4
1544824874.44
1544824874.51
1544824874.56
1544824874.61
1544824874.65
1544824874.71
1544824874.76
1544824874.81
1544824874.85
1544824874.89
1544824874.94
1544824875.0
1544824875.05
1544824875.09
1544824875.12
1544824875.16
1544824875.21
1544824875.25
1544824875.29
1544824875.35
1544824875.39
1544824875.44
1544824875.51
1544824875.56
1544824875.59
1544824875.63
1544824875.68
1544824875.73
1544824875.77
1544824875.81
1544824875.84
1544824875.88
1544824875.93
1544824875.97
1544824876.01
1544824876.06
1544824876.09
1544824876.16
1544824876.21
1544824876.27
1544824876.33
1544824876.38
1544824876.42
1544824876.47
1544824876.52
1544824876.57
1544824876.61
1544824876.66
1544824876.72
1544824876.76
1544824876.82
1544824876.88
1544824876.94
1544824876.98
1544824877.02
1544824877.06
1544824877.11
1544824877.17
1544824877.21
1544824877.26
1544824877.37
1544824877.46
1544824877.56
1544824877.64
1544824877.68
1544824877.75
1544824877.82
1544824877.89
1544824877.96
1544824878.03
1544824878.11
1544824878.18
1544824878.27
1544824878.31
1544824878.36
1544824878.43
1544824878.51
1544824878.59
1544824878.67
1544824878.73
1544824878.78
1544824878.85
1544824878.91
1544824878.95
1544824878.99
1544824879.03
1544824879.08
1544824879.14
1544824879.22
1544824879.26
1544824879.3
1544824879.35
1544824879.39
1544824879.44
1544824879.49
1544824879.56
1544824879.62
1544824879.7
1544824879.78
1544824879.89
1544824880.0
1544824880.11
1544824880.19
1544824880.24
1544824880.31
1544824880.42
1544824880.51
1544824880.58
1544824880.63
1544824880.68
1544824880.74
1544824880.8
1544824880.89
1544824880.98
1544824881.04
1544824881.1
1544824881.17
1544824881.24
1544824881.33
1544824881.42
1544824881.52
1544824881.62
1544824881.73
1544824881.79
1544824881.86
1544824881.92
1544824881.96
1544824882.04
1544824882.11
1544824882.18
1544824882.23
1544824882.27
1544824882.33
1544824882.39
1544824882.44
1544824882.51
1544824882.62
1544824882.72
1544824882.81
1544824882.88
1544824882.92
1544824882.98
1544824883.03
1544824883.1
1544824883.14
1544824883.18
1544824883.22
1544824883.29
1544824883.38
1544824883.46
1544824883.52
1544824883.63
1544824883.72
1544824883.82
1544824883.94
1544824884.04
1544824884.15
1544824884.2
1544824884.25
1544824884.3
1544824884.36
1544824884.4
1544824884.45
1544824884.52
1544824884.58
1544824884.62
1544824884.67
1544824884.72
1544824884.76
1544824884.81
1544824884.86
1544824884.94
1544824884.99
1544824885.02
1544824885.06
1544824885.11
1544824885.17
1544824885.21
1544824885.25
1544824885.31
1544824885.38
1544824885.44
1544824885.48
1544824885.53
1544824885.58
1544824885.63
1544824885.66
1544824885.73
1544824885.78
1544824885.83
1544824885.89
1544824885.96
1544824886.01
1544824886.07
1544824886.11
1544824886.16
1544824886.19
1544824886.23
1544824886.29
1544824886.36
1544824886.4
1544824886.44
1544824886.48
1544824886.52
1544824886.57
1544824886.61
1544824886.66
1544824886.72
1544824886.79
1544824886.83
1544824886.9
1544824886.97
1544824887.03
1544824887.08
1544824887.14
1544824887.2
1544824887.25
1544824887.31
1544824887.38
1544824887.44
1544824887.49
1544824887.57
1544824887.6
1544824887.64
1544824887.69
1544824887.77
1544824887.81
1544824887.87
1544824887.92
1544824887.95
1544824887.99
1544824888.04
1544824888.11
1544824888.18
1544824888.22
1544824888.27
1544824888.33
1544824888.39
1544824888.43
1544824888.5
1544824888.56
1544824888.6
1544824888.64
1544824888.73
1544824888.78
1544824888.84
1544824888.9
1544824888.98
1544824889.03
1544824889.08
1544824889.14
1544824889.21
1544824889.24
1544824889.3
1544824889.37
1544824889.42
1544824889.48
1544824889.54
1544824889.58
1544824889.62
1544824889.68
1544824889.75
1544824889.79
1544824889.84
1544824889.88
1544824889.93
1544824889.97
1544824890.04
1544824890.09
1544824890.12
1544824890.17
1544824890.24
1544824890.29
1544824890.33
1544824890.38
1544824890.44
1544824890.52
1544824890.59
1544824890.67
1544824890.73
1544824890.81
1544824890.89
1544824890.94
1544824891.02
1544824891.09
1544824891.17
1544824891.23
1544824891.32
1544824891.4
1544824891.48
1544824891.56
1544824891.63
1544824891.73
1544824891.78
1544824891.83
1544824891.88
1544824891.93
1544824891.99
1544824892.05
1544824892.14
1544824892.21
1544824892.27
1544824892.33
1544824892.39
1544824892.44
1544824892.5
1544824892.55
1544824892.6
1544824892.64
1544824892.69
1544824892.74
1544824892.78
1544824892.81
1544824892.86
1544824892.92
1544824892.97
1544824893.01
1544824893.06
1544824893.1
1544824893.18
1544824893.22
1544824893.27
1544824893.34
1544824893.38
1544824893.41
1544824893.45
1544824893.49
1544824893.55
1544824893.59
1544824893.63
1544824893.65
1544824893.73
1544824893.78
1544824893.81
1544824893.84
1544824893.89
1544824893.97
1544824894.03
1544824894.08
1544824894.14
1544824894.2
1544824894.25
1544824894.29
1544824894.37
1544824894.42
1544824894.45
1544824894.52
1544824894.57
1544824894.62
1544824894.67
1544824894.73
1544824894.78
1544824894.83
1544824894.87
1544824894.92
1544824894.97
1544824895.01
1544824895.06
1544824895.11
1544824895.16
1544824895.21
1544824895.25
1544824895.3
1544824895.37
1544824895.44
1544824895.53
1544824895.61
1544824895.69
1544824895.79
1544824895.88
1544824895.96
1544824896.04
1544824896.13
1544824896.21
1544824896.29
1544824896.38
1544824896.48
1544824896.56
1544824896.6
1544824896.64
1544824896.68
1544824896.73
1544824896.81
1544824896.85
1544824896.89
1544824896.92
1544824896.97
1544824897.01
1544824897.09
1544824897.13
1544824897.16
1544824897.21
1544824897.25
1544824897.28
1544824897.32
1544824897.36
1544824897.4
1544824897.44
1544824897.48
1544824897.52
1544824897.56
1544824897.59
1544824897.62
1544824897.67
1544824897.71
1544824897.75
1544824897.81
1544824897.85
1544824897.9
1544824897.94
1544824897.99
1544824898.02
1544824898.06
1544824898.09
1544824898.12
1544824898.19
1544824898.27
1544824898.34
1544824898.39
1544824898.46
1544824898.51
1544824898.54
1544824898.59
1544824898.64
1544824898.68
1544824898.72
1544824898.76
1544824898.81
1544824898.88
1544824898.91
1544824898.95
1544824898.98
1544824899.02
1544824899.06
1544824899.09
1544824899.13
1544824899.18
1544824899.25
1544824899.29
1544824899.33
1544824899.36
1544824899.4
1544824899.44
1544824899.47
1544824899.51
1544824899.54
1544824899.58
1544824899.62
1544824899.67
1544824899.71
1544824899.73
1544824899.77
1544824899.81
1544824899.85
1544824899.89
1544824899.93
1544824899.96
1544824900.01
1544824900.05
1544824900.09
1544824900.14
1544824900.17
1544824900.2
1544824900.24
1544824900.28
1544824900.31
1544824900.34
1544824900.38
1544824900.45
1544824900.49
1544824900.52
1544824900.56
1544824900.63
1544824900.67
1544824900.7
1544824900.74
1544824900.77
1544824900.81
1544824900.86
1544824900.91
1544824900.95
1544824900.99
1544824901.03
1544824901.06
1544824901.13
1544824901.17
1544824901.2
1544824901.24
1544824901.28
1544824901.34
1544824901.39
1544824901.45
1544824901.49
1544824901.55
1544824901.61
1544824901.71
1544824901.76
1544824901.83
1544824901.88
1544824901.94
1544824902.0
1544824902.05
1544824902.11
1544824902.15
1544824902.24
1544824902.31
1544824902.36
1544824902.43
1544824902.5
1544824902.56
1544824902.64
1544824902.68
1544824902.74
1544824902.78
1544824902.83
1544824902.89
1544824902.93
1544824902.97
1544824903.01
1544824903.06
1544824903.11
1544824903.16
1544824903.21
1544824903.28
1544824903.33
1544824903.41
1544824903.47
1544824903.53
1544824903.57
1544824903.63
1544824903.69
1544824903.73
1544824903.77
1544824903.87
1544824903.91
1544824903.96
1544824904.01
1544824904.07
1544824904.11
1544824904.14
1544824904.2
1544824904.25
1544824904.29
1544824904.33
1544824904.37
1544824904.44
1544824904.49
1544824904.54
1544824904.59
1544824904.64
1544824904.69
1544824904.73
1544824904.77
1544824904.84
1544824904.88
1544824904.92
1544824904.97
1544824905.06
1544824905.11
1544824905.21
1544824905.29
1544824905.35
1544824905.39
1544824905.43
1544824905.49
1544824905.54
1544824905.61
1544824905.68
1544824905.77
1544824905.82
1544824905.86
1544824905.9
1544824905.97
1544824906.02
1544824906.06
1544824906.11
1544824906.17
1544824906.22
1544824906.26
1544824906.3
1544824906.34
1544824906.38
1544824906.43
1544824906.47
1544824906.54
1544824906.61
1544824906.66
1544824906.71
1544824906.75
1544824906.8
1544824906.84
1544824906.89
1544824906.93
1544824906.99
1544824907.03
1544824907.08
1544824907.13
1544824907.19
1544824907.23
1544824907.27
1544824907.33
1544824907.38
1544824907.42
1544824907.46
1544824907.51
1544824907.57
1544824907.61
1544824907.66
1544824907.71
1544824907.76
1544824907.81
1544824907.84
1544824907.88
1544824907.95
1544824908.01
1544824908.05
1544824908.09
1544824908.14
1544824908.22
1544824908.31
1544824908.38
1544824908.43
1544824908.47
1544824908.54
1544824908.6
1544824908.65
1544824908.72
1544824908.77
1544824908.83
1544824908.91
1544824908.98
1544824909.05
1544824909.13
1544824909.19
1544824909.26
1544824909.33
1544824909.4
1544824909.46
1544824909.5
1544824909.58
1544824909.67
1544824909.73
1544824909.78
1544824909.87
1544824909.95
1544824910.02
1544824910.11
1544824910.19
1544824910.24
1544824910.31
1544824910.41
1544824910.52
1544824910.61
1544824910.66
1544824910.71
1544824910.75
1544824910.81
1544824910.85
1544824910.91
1544824910.96
1544824911.01
1544824911.06
1544824911.11
1544824911.15
1544824911.19
1544824911.27
1544824911.33
1544824911.37
1544824911.41
1544824911.47
1544824911.54
1544824911.58
1544824911.63
1544824911.71
1544824911.76
1544824911.81
1544824911.88
1544824911.92
1544824911.96
1544824912.02
1544824912.1
1544824912.14
1544824912.19
1544824912.24
1544824912.31
1544824912.36
1544824912.4
1544824912.46
1544824912.52
1544824912.56
1544824912.61
1544824912.67
1544824912.74
1544824912.77
1544824912.81
1544824912.91
1544824912.96
1544824913.02
1544824913.08
1544824913.14
1544824913.18
1544824913.23
1544824913.3
1544824913.34
1544824913.39
1544824913.44
1544824913.51
1544824913.56
1544824913.59
1544824913.65
1544824913.71
1544824913.75
1544824913.79
1544824913.87
1544824913.93
1544824913.97
1544824914.03
1544824914.09
1544824914.14
1544824914.2
1544824914.26
1544824914.33
1544824914.37
1544824914.41
1544824914.46
1544824914.51
1544824914.57
1544824914.64
1544824914.71
1544824914.77
1544824914.83
1544824914.9
1544824914.95
1544824915.01
1544824915.07
1544824915.13
1544824915.18
1544824915.21
1544824915.27
1544824915.32
1544824915.37
1544824915.41
1544824915.46
1544824915.51
1544824915.57
1544824915.62
1544824915.68
1544824915.74
1544824915.79
1544824915.87
1544824915.92
1544824915.96
1544824916.01
1544824916.06
1544824916.11
1544824916.15
1544824916.2
1544824916.26
1544824916.33
1544824916.37
1544824916.43
1544824916.52
1544824916.56
1544824916.61
1544824916.69
1544824916.74
1544824916.79
1544824916.84
1544824916.91
1544824916.97
1544824917.01
1544824917.05
1544824917.12
1544824917.17
1544824917.24
1544824917.29
1544824917.34
1544824917.38
1544824917.43
1544824917.47
1544824917.53
1544824917.57
1544824917.65
1544824917.72
1544824917.77
1544824917.83
1544824917.87
1544824917.92
1544824917.95
1544824918.01
1544824918.08
1544824918.14
1544824918.19
1544824918.24
1544824918.28
1544824918.33
1544824918.37
1544824918.43
1544824918.48
1544824918.53
1544824918.57
1544824918.62
1544824918.68
1544824918.74
1544824918.79
1544824918.86
1544824918.91
1544824918.95
1544824919.0
1544824919.07
1544824919.11
1544824919.14
1544824919.19
1544824919.25
1544824919.31
1544824919.35
1544824919.4
1544824919.44
1544824919.5
1544824919.54
1544824919.57
1544824919.62
1544824919.67
1544824919.71
1544824919.76
1544824919.82
1544824919.9
1544824919.95
1544824919.98
1544824920.02
1544824920.11
1544824920.15
1544824920.19
1544824920.26
1544824920.32
1544824920.35
1544824920.39
1544824920.43
1544824920.52
1544824920.56
1544824920.59
1544824920.67
1544824920.73
1544824920.77
1544824920.82
1544824920.88
1544824920.93
1544824920.98
1544824921.03
1544824921.11
1544824921.17
1544824921.21
1544824921.25
1544824921.3
1544824921.35
1544824921.39
1544824921.46
1544824921.51
1544824921.56
1544824921.63
1544824921.7
1544824921.75
1544824921.79
1544824921.85
1544824921.91
1544824921.96
1544824922.03
1544824922.1
1544824922.18
1544824922.27
1544824922.34
1544824922.44
1544824922.51
1544824922.6
1544824922.69
1544824922.77
1544824922.87
1544824922.91
1544824922.95
1544824922.99
1544824923.05
1544824923.11
1544824923.18
1544824923.26
1544824923.35
1544824923.44
1544824923.53
1544824923.63
1544824923.71
1544824923.76
1544824923.81
1544824923.85
1544824923.89
1544824923.96
1544824924.02
1544824924.05
1544824924.1
1544824924.14
1544824924.19
1544824924.23
1544824924.28
1544824924.32
1544824924.4
1544824924.44
1544824924.49
1544824924.57
1544824924.62
1544824924.66
1544824924.69
1544824924.76
1544824924.81
1544824924.85
1544824924.88
1544824924.92
1544824924.96
1544824925.02
1544824925.06
1544824925.09
1544824925.13
1544824925.17
1544824925.24
1544824925.29
1544824925.36
1544824925.41
1544824925.45
1544824925.51
1544824925.58
1544824925.63
1544824925.67
1544824925.71
1544824925.75
1544824925.81
1544824925.85
1544824925.89
1544824925.95
1544824926.01
1544824926.05
1544824926.09
1544824926.14
1544824926.22
1544824926.26
1544824926.3
1544824926.36
1544824926.44
1544824926.5
1544824926.54
1544824926.6
1544824926.65
1544824926.73
1544824926.82
1544824926.91
1544824927.02
1544824927.11
1544824927.2
1544824927.27
1544824927.36
1544824927.45
1544824927.54
1544824927.61
1544824927.67
1544824927.76
1544824927.85
1544824927.95
1544824928.02
