1544824498.85
1544824499.29
1544824499.39
1544824499.51
1544824499.62
1544824499.69
1544824499.73
1544824499.79
1544824499.86
1544824499.98
1544824500.06
1544824500.13
1544824500.19
1544824500.26
1544824500.32
1544824500.39
1544824500.46
1544824500.55
1544824500.68
1544824500.76
1544824500.82
1544824500.88
1544824500.92
1544824500.97
1544824501.02
1544824501.08
1544824501.16
1544824501.22
1544824501.33
1544824501.44
1544824501.55
1544824501.65
1544824501.75
1544824501.83
1544824501.93
1544824502.03
1544824502.13
1544824502.23
1544824502.3
1544824502.38
1544824502.45
1544824502.55
1544824502.65
1544824502.75
1544824502.79
1544824502.84
1544824502.87
1544824502.92
1544824503.01
1544824503.05
1544824503.11
1544824503.19
1544824503.23
1544824503.26
1544824503.32
1544824503.38
1544824503.42
1544824503.46
1544824503.51
1544824503.55
1544824503.59
1544824503.62
1544824503.67
1544824503.71
1544824503.75
1544824503.79
1544824503.86
1544824503.91
1544824503.96
1544824503.99
1544824504.04
1544824504.09
1544824504.12
1544824504.16
1544824504.2
1544824504.27
1544824504.32
1544824504.38
1544824504.44
1544824504.51
1544824504.58
1544824504.64
1544824504.74
1544824504.84
1544824504.91
1544824504.97
1544824505.03
1544824505.09
1544824505.14
1544824505.21
1544824505.25
1544824505.3
1544824505.38
1544824505.45
1544824505.49
1544824505.53
1544824505.6
1544824505.66
1544824505.71
1544824505.78
1544824505.83
1544824505.87
1544824505.92
1544824505.98
1544824506.04
1544824506.08
1544824506.13
1544824506.18
1544824506.22
1544824506.26
1544824506.3
1544824506.37
1544824506.42
1544824506.46
1544824506.52
1544824506.58
1544824506.64
1544824506.69
1544824506.76
1544824506.83
1544824506.88
1544824506.92
1544824506.98
1544824507.03
1544824507.08
1544824507.14
1544824507.19
1544824507.23
1544824507.28
1544824507.32
1544824507.39
1544824507.44
1544824507.48
1544824507.51
1544824507.56
1544824507.63
1544824507.68
1544824507.72
1544824507.79
1544824507.84
1544824507.88
1544824507.92
1544824507.98
1544824508.04
1544824508.1
1544824508.17
1544824508.23
1544824508.28
1544824508.35
1544824508.4
1544824508.44
1544824508.5
1544824508.58
1544824508.67
1544824508.73
1544824508.78
1544824508.84
1544824508.91
1544824508.99
1544824509.03
1544824509.09
1544824509.15
1544824509.24
1544824509.31
1544824509.37
1544824509.43
1544824509.46
1544824509.51
1544824509.59
1544824509.64
1544824509.7
1544824509.75
1544824509.81
1544824509.85
1544824509.9
1544824509.95
1544824510.01
1544824510.04
1544824510.09
1544824510.13
1544824510.19
1544824510.24
1544824510.28
1544824510.33
1544824510.41
1544824510.46
1544824510.49
1544824510.52
1544824510.56
1544824510.64
1544824510.68
1544824510.72
1544824510.79
1544824510.84
1544824510.9
1544824510.96
1544824511.01
1544824511.05
1544824511.1
1544824511.15
1544824511.2
1544824511.25
1544824511.3
1544824511.39
1544824511.45
1544824511.51
1544824511.61
1544824511.65
1544824511.7
1544824511.76
1544824511.81
1544824511.85
1544824511.89
1544824511.93
1544824511.99
1544824512.04
1544824512.07
1544824512.13
1544824512.17
1544824512.22
1544824512.27
1544824512.34
1544824512.41
1544824512.48
1544824512.53
1544824512.61
1544824512.68
1544824512.77
1544824512.86
1544824512.95
1544824513.01
1544824513.07
1544824513.13
1544824513.19
1544824513.23
1544824513.28
1544824513.33
1544824513.38
1544824513.44
1544824513.52
1544824513.59
1544824513.65
1544824513.69
1544824513.76
1544824513.83
1544824513.89
1544824513.94
1544824514.01
1544824514.05
1544824514.09
1544824514.14
1544824514.19
1544824514.23
1544824514.27
1544824514.31
1544824514.35
1544824514.4
1544824514.45
1544824514.5
1544824514.56
1544824514.64
1544824514.68
1544824514.74
1544824514.8
1544824514.86
1544824514.9
1544824514.96
1544824515.03
1544824515.08
1544824515.13
1544824515.19
1544824515.24
1544824515.28
1544824515.33
1544824515.39
1544824515.45
1544824515.49
1544824515.54
1544824515.6
1544824515.64
1544824515.7
1544824515.75
1544824515.8
1544824515.86
1544824515.91
1544824515.97
1544824516.02
1544824516.06
1544824516.1
1544824516.16
1544824516.21
1544824516.25
1544824516.28
1544824516.32
1544824516.36
1544824516.42
1544824516.47
1544824516.54
1544824516.62
1544824516.66
1544824516.71
1544824516.75
1544824516.8
1544824516.85
1544824516.89
1544824516.94
1544824516.98
1544824517.04
1544824517.09
1544824517.14
1544824517.18
1544824517.24
1544824517.28
1544824517.33
1544824517.4
1544824517.45
1544824517.48
1544824517.53
1544824517.59
1544824517.64
1544824517.68
1544824517.73
1544824517.78
1544824517.82
1544824517.87
1544824517.91
1544824517.97
1544824518.02
1544824518.06
1544824518.1
1544824518.16
1544824518.23
1544824518.27
1544824518.31
1544824518.37
1544824518.45
1544824518.51
1544824518.57
1544824518.64
1544824518.68
1544824518.73
1544824518.79
1544824518.85
1544824518.89
1544824518.96
1544824519.03
1544824519.08
1544824519.12
1544824519.18
1544824519.25
1544824519.28
1544824519.36
1544824519.43
1544824519.48
1544824519.55
1544824519.62
1544824519.67
1544824519.72
1544824519.81
1544824519.87
1544824519.9
1544824519.97
1544824520.02
1544824520.06
1544824520.11
1544824520.17
1544824520.23
1544824520.28
1544824520.31
1544824520.4
1544824520.45
1544824520.5
1544824520.55
1544824520.62
1544824520.67
1544824520.72
1544824520.82
1544824520.86
1544824520.9
1544824520.95
1544824521.01
1544824521.05
1544824521.1
1544824521.16
1544824521.2
1544824521.26
1544824521.29
1544824521.35
1544824521.41
1544824521.45
1544824521.48
1544824521.52
1544824521.59
1544824521.63
1544824521.67
1544824521.71
1544824521.78
1544824521.84
1544824521.88
1544824521.92
1544824521.99
1544824522.05
1544824522.09
1544824522.14
1544824522.2
1544824522.26
1544824522.31
1544824522.35
1544824522.44
1544824522.49
1544824522.53
1544824522.62
1544824522.67
1544824522.72
1544824522.79
1544824522.84
1544824522.88
1544824522.93
1544824522.98
1544824523.02
1544824523.07
1544824523.12
1544824523.16
1544824523.25
1544824523.33
1544824523.42
1544824523.48
1544824523.55
1544824523.64
1544824523.72
1544824523.8
1544824523.89
1544824523.97
1544824524.05
1544824524.1
1544824524.15
1544824524.19
1544824524.23
1544824524.27
1544824524.31
1544824524.37
1544824524.45
1544824524.52
1544824524.6
1544824524.68
1544824524.77
1544824524.81
1544824524.87
1544824524.93
1544824525.0
1544824525.12
1544824525.17
1544824525.21
1544824525.26
1544824525.37
1544824525.41
1544824525.46
1544824525.5
1544824525.54
1544824525.58
1544824525.63
1544824525.69
1544824525.74
1544824525.78
1544824525.87
1544824525.93
1544824525.99
1544824526.04
1544824526.11
1544824526.16
1544824526.2
1544824526.27
1544824526.34
1544824526.38
1544824526.42
1544824526.48
1544824526.53
1544824526.58
1544824526.61
1544824526.65
1544824526.73
1544824526.77
1544824526.84
1544824526.91
1544824526.97
1544824527.04
1544824527.1
1544824527.17
1544824527.25
1544824527.34
1544824527.42
1544824527.47
1544824527.52
1544824527.57
1544824527.61
1544824527.65
1544824527.69
1544824527.74
1544824527.79
1544824527.83
1544824527.88
1544824527.94
1544824527.99
1544824528.04
1544824528.1
1544824528.18
1544824528.25
1544824528.31
1544824528.35
1544824528.43
1544824528.48
1544824528.53
1544824528.58
1544824528.65
1544824528.7
1544824528.75
1544824528.8
1544824528.86
1544824528.95
1544824529.02
1544824529.11
1544824529.19
1544824529.28
1544824529.37
1544824529.41
1544824529.47
1544824529.57
1544824529.63
1544824529.68
1544824529.75
1544824529.81
1544824529.88
1544824529.93
1544824529.98
1544824530.03
1544824530.06
1544824530.11
1544824530.21
1544824530.26
1544824530.29
1544824530.35
1544824530.44
1544824530.48
1544824530.55
1544824530.61
1544824530.65
1544824530.69
1544824530.75
1544824530.81
1544824530.85
1544824530.9
1544824530.95
1544824530.99
1544824531.03
1544824531.06
1544824531.09
1544824531.14
1544824531.2
1544824531.24
1544824531.28
1544824531.33
1544824531.39
1544824531.43
1544824531.47
1544824531.51
1544824531.56
1544824531.61
1544824531.65
1544824531.71
1544824531.76
1544824531.81
1544824531.85
1544824531.89
1544824531.92
1544824531.96
1544824532.0
1544824532.05
1544824532.09
1544824532.15
1544824532.22
1544824532.26
1544824532.31
1544824532.38
1544824532.43
1544824532.46
1544824532.51
1544824532.58
1544824532.63
1544824532.68
1544824532.74
1544824532.79
1544824532.84
1544824532.88
1544824532.93
1544824532.98
1544824533.02
1544824533.06
1544824533.09
1544824533.13
1544824533.18
1544824533.22
1544824533.25
1544824533.3
1544824533.36
1544824533.41
1544824533.46
1544824533.52
1544824533.59
1544824533.64
1544824533.68
1544824533.72
1544824533.78
1544824533.82
1544824533.86
1544824533.9
1544824533.96
1544824534.02
1544824534.08
1544824534.14
1544824534.2
1544824534.24
1544824534.29
1544824534.34
1544824534.39
1544824534.44
1544824534.48
1544824534.51
1544824534.58
1544824534.62
1544824534.67
1544824534.71
1544824534.78
1544824534.82
1544824534.87
1544824534.91
1544824534.97
1544824535.03
1544824535.08
1544824535.11
1544824535.15
1544824535.18
1544824535.24
1544824535.28
1544824535.34
1544824535.4
1544824535.45
1544824535.5
1544824535.55
1544824535.61
1544824535.68
1544824535.72
1544824535.78
1544824535.83
1544824535.86
1544824535.9
1544824535.95
1544824536.01
1544824536.06
1544824536.11
1544824536.16
1544824536.22
1544824536.27
1544824536.3
1544824536.34
1544824536.42
1544824536.47
1544824536.51
1544824536.55
1544824536.61
1544824536.66
1544824536.7
1544824536.75
1544824536.81
1544824536.85
1544824536.89
1544824536.94
1544824537.0
1544824537.06
1544824537.11
1544824537.17
1544824537.23
1544824537.29
1544824537.34
1544824537.41
1544824537.46
1544824537.53
1544824537.59
1544824537.65
1544824537.69
1544824537.75
1544824537.83
1544824537.87
1544824537.91
1544824537.97
1544824538.02
1544824538.07
1544824538.11
1544824538.21
1544824538.25
1544824538.29
1544824538.35
1544824538.41
1544824538.46
1544824538.5
1544824538.56
1544824538.63
1544824538.68
1544824538.72
1544824538.79
1544824538.84
1544824538.88
1544824538.91
1544824538.96
1544824539.03
1544824539.09
1544824539.16
1544824539.23
1544824539.28
1544824539.33
1544824539.39
1544824539.44
1544824539.48
1544824539.52
1544824539.57
1544824539.62
1544824539.66
1544824539.72
1544824539.79
1544824539.84
1544824539.88
1544824539.94
1544824540.04
1544824540.09
1544824540.17
1544824540.21
1544824540.26
1544824540.3
1544824540.39
1544824540.45
1544824540.51
1544824540.58
1544824540.64
1544824540.68
1544824540.73
1544824540.79
1544824540.83
1544824540.86
1544824540.9
1544824540.94
1544824540.98
1544824541.02
1544824541.06
1544824541.11
1544824541.18
1544824541.23
1544824541.26
1544824541.32
1544824541.39
1544824541.43
1544824541.46
1544824541.52
1544824541.58
1544824541.63
1544824541.67
1544824541.72
1544824541.79
1544824541.84
1544824541.9
1544824541.94
1544824542.0
1544824542.03
1544824542.07
1544824542.13
1544824542.21
1544824542.26
1544824542.31
1544824542.38
1544824542.44
1544824542.49
1544824542.55
1544824542.61
1544824542.65
1544824542.68
1544824542.73
1544824542.79
1544824542.84
1544824542.89
1544824542.95
1544824543.01
1544824543.05
1544824543.1
1544824543.17
1544824543.23
1544824543.27
1544824543.33
1544824543.43
1544824543.52
1544824543.58
1544824543.66
1544824543.75
1544824543.83
1544824543.89
1544824543.94
1544824543.97
1544824544.01
1544824544.1
1544824544.15
1544824544.21
1544824544.29
1544824544.34
1544824544.38
1544824544.43
1544824544.51
1544824544.57
1544824544.65
1544824544.74
1544824544.8
1544824544.88
1544824544.95
1544824545.03
1544824545.1
1544824545.15
1544824545.2
1544824545.25
1544824545.3
1544824545.34
1544824545.38
1544824545.43
1544824545.51
1544824545.55
1544824545.59
1544824545.71
1544824545.75
1544824545.79
1544824545.83
1544824545.88
1544824545.93
1544824545.98
1544824546.04
1544824546.13
1544824546.19
1544824546.23
1544824546.29
1544824546.34
1544824546.39
1544824546.47
1544824546.52
1544824546.56
1544824546.6
1544824546.65
1544824546.71
1544824546.75
1544824546.79
1544824546.84
1544824546.89
1544824546.94
1544824546.99
1544824547.03
1544824547.12
1544824547.17
1544824547.25
1544824547.33
1544824547.37
1544824547.43
1544824547.49
1544824547.55
1544824547.59
1544824547.65
1544824547.74
1544824547.79
1544824547.83
1544824547.89
1544824547.93
1544824547.97
1544824548.02
1544824548.05
1544824548.1
1544824548.17
1544824548.21
1544824548.25
1544824548.32
1544824548.37
1544824548.41
1544824548.46
1544824548.53
1544824548.57
1544824548.63
1544824548.7
1544824548.74
1544824548.79
1544824548.83
1544824548.88
1544824548.96
1544824549.04
1544824549.13
1544824549.24
1544824549.32
1544824549.39
1544824549.46
1544824549.56
1544824549.63
1544824549.72
1544824549.81
1544824549.88
1544824549.95
1544824550.03
1544824550.13
1544824550.23
1544824550.34
1544824550.39
1544824550.44
1544824550.52
1544824550.59
1544824550.65
1544824550.71
1544824550.78
1544824550.87
1544824550.93
1544824551.01
1544824551.1
1544824551.18
1544824551.23
1544824551.3
1544824551.35
1544824551.4
1544824551.46
1544824551.5
1544824551.53
1544824551.59
1544824551.64
1544824551.68
1544824551.72
1544824551.77
1544824551.81
1544824551.86
1544824551.9
1544824551.94
1544824552.02
1544824552.06
1544824552.12
1544824552.16
1544824552.2
1544824552.26
1544824552.31
1544824552.35
1544824552.41
1544824552.47
1544824552.51
1544824552.56
1544824552.62
1544824552.66
1544824552.7
1544824552.74
1544824552.78
1544824552.84
1544824552.89
1544824552.93
1544824552.98
1544824553.05
1544824553.09
1544824553.14
1544824553.19
1544824553.24
1544824553.29
1544824553.34
1544824553.44
1544824553.5
1544824553.54
1544824553.6
1544824553.66
1544824553.72
1544824553.76
1544824553.81
1544824553.87
1544824553.91
1544824553.96
1544824553.99
1544824554.05
1544824554.1
1544824554.13
1544824554.17
1544824554.21
1544824554.28
1544824554.33
1544824554.38
1544824554.47
1544824554.51
1544824554.55
1544824554.61
1544824554.68
1544824554.73
1544824554.76
1544824554.84
1544824554.89
1544824554.93
1544824554.98
1544824555.06
1544824555.13
1544824555.17
1544824555.22
1544824555.29
1544824555.33
1544824555.38
1544824555.46
1544824555.53
1544824555.56
1544824555.59
1544824555.64
1544824555.7
1544824555.74
1544824555.77
1544824555.84
1544824555.89
1544824555.93
1544824555.98
1544824556.02
1544824556.07
1544824556.11
1544824556.16
1544824556.21
1544824556.26
1544824556.3
1544824556.35
1544824556.44
1544824556.48
1544824556.53
1544824556.57
1544824556.64
1544824556.69
1544824556.73
1544824556.78
1544824556.83
1544824556.89
1544824556.95
1544824557.0
1544824557.05
1544824557.1
1544824557.14
1544824557.19
1544824557.26
1544824557.3
1544824557.34
1544824557.4
1544824557.46
1544824557.5
1544824557.55
1544824557.6
1544824557.65
1544824557.69
1544824557.75
1544824557.79
1544824557.85
1544824557.89
1544824557.92
1544824557.96
1544824558.03
1544824558.08
1544824558.11
1544824558.15
1544824558.19
1544824558.29
1544824558.34
1544824558.41
1544824558.49
1544824558.59
1544824558.66
1544824558.73
1544824558.81
1544824558.89
1544824558.95
1544824559.0
1544824559.05
1544824559.09
1544824559.14
1544824559.18
1544824559.24
1544824559.31
1544824559.38
1544824559.45
1544824559.51
1544824559.59
1544824559.66
1544824559.74
1544824559.8
1544824559.85
1544824559.93
1544824559.99
1544824560.06
1544824560.14
1544824560.2
1544824560.28
1544824560.34
1544824560.39
1544824560.45
1544824560.51
1544824560.58
1544824560.65
1544824560.7
1544824560.74
1544824560.81
1544824560.87
1544824560.93
1544824561.02
1544824561.13
1544824561.25
1544824561.34
1544824561.38
1544824561.42
1544824561.48
1544824561.58
1544824561.67
1544824561.78
1544824561.88
1544824561.97
1544824562.06
1544824562.14
1544824562.22
1544824562.29
1544824562.33
1544824562.41
1544824562.47
1544824562.52
1544824562.56
1544824562.61
1544824562.67
1544824562.73
1544824562.77
1544824562.81
1544824562.86
1544824562.93
1544824562.98
1544824563.02
1544824563.05
1544824563.12
1544824563.16
1544824563.21
1544824563.26
1544824563.31
1544824563.35
1544824563.39
1544824563.46
1544824563.52
1544824563.56
1544824563.6
1544824563.68
1544824563.75
1544824563.8
1544824563.89
1544824563.95
1544824563.99
1544824564.07
1544824564.12
1544824564.16
1544824564.23
1544824564.3
1544824564.38
1544824564.43
1544824564.48
1544824564.53
1544824564.61
1544824564.67
1544824564.73
1544824564.77
1544824564.92
1544824564.99
1544824565.06
1544824565.13
1544824565.2
1544824565.28
1544824565.35
1544824565.41
1544824565.48
1544824565.55
1544824565.63
1544824565.71
1544824565.78
1544824565.82
1544824565.88
1544824565.93
1544824565.98
1544824566.06
1544824566.1
1544824566.14
1544824566.2
1544824566.27
1544824566.32
1544824566.36
1544824566.4
1544824566.45
1544824566.49
1544824566.52
1544824566.55
1544824566.61
1544824566.68
1544824566.72
1544824566.77
1544824566.84
1544824566.9
1544824566.95
1544824567.0
1544824567.05
1544824567.09
1544824567.13
1544824567.19
1544824567.26
1544824567.31
1544824567.36
1544824567.43
1544824567.48
1544824567.53
1544824567.59
1544824567.64
1544824567.68
1544824567.73
1544824567.76
1544824567.83
1544824567.88
1544824567.93
1544824567.98
1544824568.05
1544824568.09
1544824568.13
1544824568.16
1544824568.23
1544824568.28
1544824568.33
1544824568.37
1544824568.45
1544824568.49
1544824568.54
1544824568.58
1544824568.66
1544824568.71
1544824568.75
1544824568.79
1544824568.83
1544824568.89
1544824568.93
1544824568.98
1544824569.03
1544824569.09
1544824569.14
1544824569.21
1544824569.26
1544824569.31
1544824569.35
1544824569.41
1544824569.47
1544824569.51
1544824569.55
1544824569.58
1544824569.66
1544824569.69
1544824569.73
1544824569.78
1544824569.84
1544824569.88
1544824569.93
1544824569.98
1544824570.04
1544824570.1
1544824570.14
1544824570.19
1544824570.24
1544824570.28
1544824570.33
1544824570.38
1544824570.44
1544824570.48
1544824570.53
1544824570.57
1544824570.61
1544824570.67
1544824570.72
1544824570.77
1544824570.81
1544824570.86
1544824570.91
1544824570.95
1544824571.0
1544824571.05
1544824571.09
1544824571.14
1544824571.18
1544824571.25
1544824571.31
1544824571.34
1544824571.39
1544824571.5
1544824571.54
1544824571.62
1544824571.68
1544824571.74
1544824571.78
1544824571.87
1544824571.92
1544824571.99
1544824572.05
1544824572.08
1544824572.12
1544824572.17
1544824572.21
1544824572.28
1544824572.32
1544824572.36
1544824572.42
1544824572.47
1544824572.52
1544824572.57
1544824572.61
1544824572.64
1544824572.7
1544824572.75
1544824572.79
1544824572.88
1544824572.93
1544824572.97
1544824573.01
1544824573.05
1544824573.09
1544824573.13
1544824573.17
1544824573.22
1544824573.27
1544824573.32
1544824573.38
1544824573.42
1544824573.48
1544824573.53
1544824573.59
1544824573.66
1544824573.71
1544824573.76
1544824573.84
1544824573.88
1544824573.92
1544824573.98
1544824574.05
1544824574.11
1544824574.15
1544824574.18
1544824574.25
1544824574.3
1544824574.34
1544824574.39
1544824574.45
1544824574.49
1544824574.54
1544824574.58
1544824574.66
1544824574.7
1544824574.74
1544824574.78
1544824574.86
1544824574.91
1544824574.95
1544824575.02
1544824575.08
1544824575.11
1544824575.15
1544824575.23
1544824575.33
1544824575.44
1544824575.54
1544824575.63
1544824575.69
1544824575.75
1544824575.82
1544824575.9
1544824575.97
1544824576.05
1544824576.14
1544824576.23
1544824576.32
1544824576.39
1544824576.43
1544824576.48
1544824576.54
1544824576.59
1544824576.64
1544824576.69
1544824576.76
1544824576.8
1544824576.84
1544824576.89
1544824576.93
1544824576.99
1544824577.03
1544824577.07
1544824577.14
1544824577.2
1544824577.26
1544824577.35
1544824577.43
1544824577.49
1544824577.54
1544824577.61
1544824577.67
1544824577.72
1544824577.79
1544824577.85
1544824577.89
1544824577.93
1544824577.98
1544824578.05
1544824578.1
1544824578.13
1544824578.16
1544824578.21
1544824578.24
1544824578.28
1544824578.33
1544824578.39
1544824578.44
1544824578.49
1544824578.53
1544824578.59
1544824578.67
1544824578.7
1544824578.75
1544824578.8
1544824578.86
1544824578.9
1544824578.94
1544824578.99
1544824579.06
1544824579.1
1544824579.14
1544824579.19
1544824579.25
1544824579.29
1544824579.34
1544824579.39
1544824579.46
1544824579.49
1544824579.53
1544824579.58
1544824579.64
1544824579.69
1544824579.73
1544824579.77
1544824579.83
1544824579.87
1544824579.91
1544824579.96
1544824580.0
1544824580.04
1544824580.08
1544824580.12
1544824580.16
1544824580.2
1544824580.24
1544824580.29
1544824580.36
1544824580.4
1544824580.46
1544824580.52
1544824580.58
1544824580.64
1544824580.72
1544824580.79
1544824580.88
1544824580.96
1544824581.02
1544824581.06
1544824581.11
1544824581.15
1544824581.22
1544824581.29
1544824581.37
1544824581.45
1544824581.53
1544824581.6
1544824581.67
1544824581.72
1544824581.77
1544824581.83
1544824581.88
1544824581.93
1544824582.0
1544824582.08
1544824582.15
1544824582.2
1544824582.26
1544824582.31
1544824582.36
1544824582.41
1544824582.47
1544824582.51
1544824582.57
1544824582.66
1544824582.73
1544824582.79
1544824582.88
1544824582.96
1544824583.01
1544824583.07
1544824583.12
1544824583.16
1544824583.19
1544824583.24
1544824583.29
1544824583.32
1544824583.36
1544824583.4
1544824583.45
1544824583.5
1544824583.55
1544824583.59
1544824583.66
1544824583.73
1544824583.76
1544824583.81
1544824583.91
1544824583.95
1544824584.0
1544824584.05
1544824584.1
1544824584.15
1544824584.19
1544824584.27
1544824584.32
1544824584.37
1544824584.43
1544824584.47
1544824584.52
1544824584.56
1544824584.61
1544824584.65
1544824584.7
1544824584.75
1544824584.8
1544824584.84
1544824584.89
1544824584.94
1544824584.98
1544824585.03
1544824585.08
1544824585.13
1544824585.16
1544824585.21
1544824585.27
1544824585.32
1544824585.35
1544824585.4
1544824585.44
1544824585.48
1544824585.53
1544824585.57
1544824585.62
1544824585.66
1544824585.73
1544824585.77
1544824585.82
1544824585.89
1544824585.94
1544824585.99
1544824586.05
1544824586.12
1544824586.16
1544824586.21
1544824586.25
1544824586.31
1544824586.34
1544824586.41
1544824586.47
1544824586.54
1544824586.59
1544824586.63
1544824586.7
1544824586.75
1544824586.79
1544824586.84
1544824586.92
1544824586.96
1544824587.04
1544824587.11
1544824587.18
1544824587.22
1544824587.32
1544824587.37
1544824587.43
1544824587.5
1544824587.55
1544824587.58
1544824587.63
1544824587.67
1544824587.72
1544824587.76
1544824587.79
1544824587.84
1544824587.89
1544824587.93
1544824587.98
1544824588.02
1544824588.06
1544824588.12
1544824588.16
1544824588.21
1544824588.29
1544824588.34
1544824588.39
1544824588.44
1544824588.49
1544824588.54
1544824588.59
1544824588.67
1544824588.73
1544824588.78
1544824588.86
1544824588.93
1544824588.97
1544824589.02
1544824589.1
1544824589.16
1544824589.2
1544824589.25
1544824589.29
1544824589.34
1544824589.38
1544824589.42
1544824589.5
1544824589.55
1544824589.59
1544824589.66
1544824589.73
1544824589.78
1544824589.82
1544824589.9
1544824589.94
1544824589.99
1544824590.02
1544824590.09
1544824590.15
1544824590.18
1544824590.23
1544824590.32
1544824590.37
1544824590.41
1544824590.47
1544824590.52
1544824590.57
1544824590.61
1544824590.67
1544824590.72
1544824590.75
1544824590.79
1544824590.83
1544824590.9
1544824590.94
1544824590.98
1544824591.03
1544824591.08
1544824591.14
1544824591.18
1544824591.26
1544824591.34
1544824591.39
1544824591.43
1544824591.53
1544824591.57
1544824591.62
1544824591.68
1544824591.73
1544824591.77
1544824591.83
1544824591.93
1544824591.98
1544824592.01
1544824592.05
1544824592.1
1544824592.14
1544824592.2
1544824592.29
1544824592.34
1544824592.39
1544824592.44
1544824592.49
1544824592.54
1544824592.58
1544824592.62
1544824592.71
1544824592.76
1544824592.81
1544824592.89
1544824592.95
1544824593.03
1544824593.11
1544824593.2
1544824593.27
1544824593.34
1544824593.42
1544824593.49
1544824593.58
1544824593.68
1544824593.72
1544824593.75
1544824593.79
1544824593.84
1544824593.88
1544824593.92
1544824593.96
1544824594.01
1544824594.1
1544824594.17
1544824594.24
1544824594.3
1544824594.37
1544824594.42
1544824594.48
1544824594.55
1544824594.61
1544824594.69
1544824594.77
1544824594.84
1544824594.92
1544824594.98
1544824595.03
1544824595.08
1544824595.12
1544824595.17
1544824595.25
1544824595.3
1544824595.39
1544824595.45
1544824595.5
1544824595.58
1544824595.64
1544824595.72
1544824595.81
1544824595.88
1544824595.94
1544824595.99
1544824596.07
1544824596.12
1544824596.17
1544824596.23
1544824596.29
1544824596.36
1544824596.45
1544824596.52
1544824596.6
1544824596.68
1544824596.78
1544824596.83
1544824596.87
1544824596.91
1544824597.0
1544824597.04
1544824597.12
1544824597.18
1544824597.27
1544824597.33
1544824597.39
1544824597.44
1544824597.5
1544824597.54
1544824597.58
1544824597.66
1544824597.71
1544824597.76
1544824597.79
1544824597.84
1544824597.88
1544824597.93
1544824597.98
1544824598.01
1544824598.09
1544824598.14
1544824598.18
1544824598.24
1544824598.3
1544824598.35
1544824598.38
1544824598.46
1544824598.51
1544824598.57
1544824598.62
1544824598.68
1544824598.73
1544824598.77
1544824598.82
1544824598.88
1544824598.92
1544824598.95
1544824599.0
1544824599.06
1544824599.13
1544824599.17
1544824599.21
1544824599.26
1544824599.32
1544824599.36
1544824599.43
1544824599.47
1544824599.53
1544824599.57
1544824599.67
1544824599.73
1544824599.78
1544824599.84
1544824599.9
1544824599.98
1544824600.08
1544824600.19
1544824600.29
1544824600.4
1544824600.48
1544824600.52
1544824600.57
1544824600.62
1544824600.67
1544824600.73
1544824600.8
1544824600.86
1544824600.93
1544824600.99
1544824601.03
1544824601.09
1544824601.17
1544824601.21
1544824601.28
1544824601.37
1544824601.42
1544824601.48
1544824601.56
1544824601.63
1544824601.73
1544824601.78
1544824601.82
1544824601.86
1544824601.9
1544824601.98
1544824602.03
1544824602.08
1544824602.15
1544824602.2
1544824602.26
1544824602.32
1544824602.36
1544824602.42
1544824602.5
1544824602.55
1544824602.59
1544824602.63
1544824602.7
1544824602.76
1544824602.8
1544824602.84
1544824602.9
1544824602.95
1544824602.99
1544824603.05
1544824603.1
1544824603.14
1544824603.17
1544824603.21
1544824603.28
1544824603.33
1544824603.4
1544824603.45
1544824603.51
1544824603.55
1544824603.59
1544824603.65
1544824603.71
1544824603.75
1544824603.79
1544824603.84
1544824603.92
1544824603.96
1544824604.01
1544824604.12
1544824604.16
1544824604.2
1544824604.28
1544824604.33
1544824604.38
1544824604.42
1544824604.49
1544824604.54
1544824604.58
1544824604.63
1544824604.68
1544824604.73
1544824604.77
1544824604.82
1544824604.91
1544824604.95
1544824604.99
1544824605.06
1544824605.13
1544824605.18
1544824605.21
1544824605.26
1544824605.31
1544824605.34
1544824605.38
1544824605.42
1544824605.48
1544824605.52
1544824605.56
1544824605.61
1544824605.66
1544824605.71
1544824605.75
1544824605.79
1544824605.83
1544824605.89
1544824605.94
1544824605.98
1544824606.01
1544824606.09
1544824606.15
1544824606.19
1544824606.25
1544824606.34
1544824606.4
1544824606.44
1544824606.48
1544824606.54
1544824606.59
1544824606.63
1544824606.71
1544824606.75
1544824606.8
1544824606.85
1544824606.92
1544824606.96
1544824607.0
1544824607.06
1544824607.12
1544824607.17
1544824607.22
1544824607.26
1544824607.32
1544824607.37
1544824607.41
1544824607.46
1544824607.51
1544824607.55
1544824607.6
1544824607.66
1544824607.71
1544824607.75
1544824607.79
1544824607.83
1544824607.9
1544824607.94
1544824607.98
1544824608.05
1544824608.11
1544824608.19
1544824608.28
1544824608.37
1544824608.45
1544824608.52
1544824608.6
1544824608.67
1544824608.74
1544824608.81
1544824608.9
1544824608.96
1544824609.05
1544824609.1
1544824609.19
1544824609.26
1544824609.34
1544824609.44
1544824609.53
1544824609.65
1544824609.75
1544824609.84
1544824609.94
1544824610.02
1544824610.1
1544824610.18
1544824610.23
1544824610.28
1544824610.33
1544824610.38
1544824610.48
1544824610.58
1544824610.68
1544824610.78
1544824610.84
1544824610.93
1544824610.98
1544824611.01
1544824611.05
1544824611.11
1544824611.16
1544824611.19
1544824611.24
1544824611.29
1544824611.34
1544824611.37
1544824611.41
1544824611.47
1544824611.53
1544824611.58
1544824611.62
1544824611.71
1544824611.76
1544824611.8
1544824611.85
1544824611.96
1544824612.02
1544824612.07
1544824612.11
1544824612.16
1544824612.22
1544824612.29
1544824612.37
1544824612.45
1544824612.55
1544824612.64
1544824612.74
1544824612.83
1544824612.89
1544824612.97
1544824613.03
1544824613.07
1544824613.13
1544824613.18
1544824613.26
1544824613.34
1544824613.41
1544824613.45
1544824613.49
1544824613.56
1544824613.62
1544824613.65
1544824613.7
1544824613.76
1544824613.81
1544824613.85
1544824613.89
1544824613.95
1544824614.02
1544824614.06
1544824614.13
1544824614.19
1544824614.23
1544824614.27
1544824614.32
1544824614.38
1544824614.44
1544824614.48
1544824614.52
1544824614.58
1544824614.65
1544824614.7
1544824614.75
1544824614.8
1544824614.85
1544824614.89
1544824614.96
1544824615.02
1544824615.06
1544824615.12
1544824615.17
1544824615.23
1544824615.27
1544824615.32
1544824615.38
1544824615.42
1544824615.46
1544824615.5
1544824615.58
1544824615.63
1544824615.67
1544824615.71
1544824615.77
1544824615.82
1544824615.86
1544824615.92
1544824615.98
1544824616.01
1544824616.05
1544824616.09
1544824616.15
1544824616.21
1544824616.25
1544824616.31
1544824616.38
1544824616.43
1544824616.5
1544824616.55
1544824616.63
1544824616.71
1544824616.81
1544824616.89
1544824616.97
1544824617.05
1544824617.12
1544824617.2
1544824617.29
1544824617.36
1544824617.45
1544824617.55
1544824617.61
1544824617.69
1544824617.78
1544824617.87
1544824617.91
1544824617.95
1544824618.02
1544824618.09
1544824618.16
1544824618.27
1544824618.34
1544824618.37
1544824618.44
1544824618.53
1544824618.57
1544824618.62
1544824618.68
1544824618.73
1544824618.78
1544824618.82
1544824618.87
1544824618.92
1544824618.96
1544824619.0
1544824619.04
1544824619.1
1544824619.14
1544824619.18
1544824619.23
1544824619.31
1544824619.36
1544824619.4
1544824619.44
1544824619.48
1544824619.53
1544824619.58
1544824619.63
1544824619.7
1544824619.76
1544824619.81
1544824619.89
1544824619.93
1544824619.98
1544824620.01
1544824620.06
1544824620.13
1544824620.18
1544824620.24
1544824620.32
1544824620.36
1544824620.42
1544824620.52
1544824620.57
1544824620.61
1544824620.67
1544824620.74
1544824620.78
1544824620.82
1544824620.89
1544824620.94
1544824620.99
1544824621.04
1544824621.11
1544824621.15
1544824621.2
1544824621.25
1544824621.33
1544824621.37
1544824621.4
1544824621.45
1544824621.52
1544824621.6
1544824621.7
1544824621.79
1544824621.86
1544824621.93
1544824622.01
1544824622.09
1544824622.16
1544824622.21
1544824622.29
1544824622.38
1544824622.47
1544824622.55
1544824622.62
1544824622.7
1544824622.81
1544824622.89
1544824622.98
1544824623.04
1544824623.1
1544824623.15
1544824623.23
1544824623.29
1544824623.33
1544824623.37
1544824623.43
1544824623.47
1544824623.53
1544824623.58
1544824623.62
1544824623.66
1544824623.72
1544824623.78
1544824623.83
1544824623.88
1544824623.95
1544824623.99
1544824624.03
1544824624.06
1544824624.1
1544824624.15
1544824624.2
1544824624.23
1544824624.28
1544824624.35
1544824624.4
1544824624.45
1544824624.51
1544824624.55
1544824624.61
1544824624.66
1544824624.73
1544824624.78
1544824624.81
1544824624.85
1544824624.89
1544824624.97
1544824625.01
1544824625.06
1544824625.1
1544824625.14
1544824625.18
1544824625.22
1544824625.25
1544824625.3
1544824625.38
1544824625.43
1544824625.47
1544824625.55
1544824625.6
1544824625.64
1544824625.7
1544824625.78
1544824625.81
1544824625.85
1544824625.89
1544824625.94
1544824625.99
1544824626.03
1544824626.07
1544824626.13
1544824626.18
1544824626.23
1544824626.27
1544824626.35
1544824626.41
1544824626.45
1544824626.49
1544824626.55
1544824626.6
1544824626.65
1544824626.68
1544824626.75
1544824626.8
1544824626.87
1544824626.95
1544824627.01
1544824627.06
1544824627.12
1544824627.22
1544824627.3
1544824627.37
1544824627.43
1544824627.47
1544824627.53
1544824627.57
1544824627.62
1544824627.66
1544824627.72
1544824627.77
1544824627.8
1544824627.84
1544824627.9
1544824627.96
1544824627.99
1544824628.04
1544824628.07
1544824628.12
1544824628.18
1544824628.22
1544824628.26
1544824628.31
1544824628.36
1544824628.4
1544824628.44
1544824628.51
1544824628.57
1544824628.61
1544824628.66
1544824628.72
1544824628.76
1544824628.81
1544824628.85
1544824628.89
1544824628.96
1544824629.01
1544824629.06
1544824629.13
1544824629.2
1544824629.28
1544824629.34
1544824629.4
1544824629.46
1544824629.52
1544824629.58
1544824629.64
1544824629.69
1544824629.73
1544824629.77
1544824629.86
1544824629.95
1544824630.04
1544824630.1
1544824630.18
1544824630.24
1544824630.32
1544824630.4
1544824630.49
1544824630.55
1544824630.62
1544824630.7
1544824630.78
1544824630.83
1544824630.88
1544824630.92
1544824630.99
1544824631.07
1544824631.15
1544824631.23
1544824631.31
1544824631.34
1544824631.39
1544824631.43
1544824631.48
1544824631.53
1544824631.58
1544824631.64
1544824631.7
1544824631.78
1544824631.87
1544824631.94
1544824632.03
1544824632.11
1544824632.2
1544824632.28
1544824632.34
1544824632.39
1544824632.43
1544824632.49
1544824632.57
1544824632.62
1544824632.67
1544824632.71
1544824632.75
1544824632.79
1544824632.85
1544824632.94
1544824633.0
1544824633.04
1544824633.08
1544824633.16
1544824633.24
1544824633.3
1544824633.35
1544824633.4
1544824633.44
1544824633.48
1544824633.55
1544824633.6
1544824633.64
1544824633.68
1544824633.74
1544824633.79
1544824633.85
1544824633.9
1544824633.96
1544824634.01
1544824634.06
1544824634.09
1544824634.16
1544824634.2
1544824634.24
1544824634.29
1544824634.38
1544824634.41
1544824634.46
1544824634.53
1544824634.58
1544824634.64
1544824634.68
1544824634.75
1544824634.81
1544824634.85
1544824634.9
1544824634.96
1544824635.0
1544824635.04
1544824635.08
1544824635.13
1544824635.17
1544824635.22
1544824635.26
1544824635.32
1544824635.37
1544824635.41
1544824635.45
1544824635.49
1544824635.54
1544824635.59
1544824635.63
1544824635.67
1544824635.74
1544824635.8
1544824635.84
1544824635.88
1544824635.99
1544824636.04
1544824636.08
1544824636.13
1544824636.18
1544824636.23
1544824636.27
1544824636.3
1544824636.36
1544824636.4
1544824636.45
1544824636.49
1544824636.56
1544824636.61
1544824636.67
1544824636.73
1544824636.78
1544824636.83
1544824636.87
1544824636.91
1544824636.97
1544824637.01
1544824637.05
1544824637.1
1544824637.16
1544824637.21
1544824637.27
1544824637.35
1544824637.41
1544824637.45
1544824637.5
1544824637.56
1544824637.61
1544824637.65
1544824637.71
1544824637.76
1544824637.8
1544824637.84
1544824637.88
1544824637.97
1544824638.04
1544824638.08
1544824638.14
1544824638.19
1544824638.24
1544824638.31
1544824638.37
1544824638.41
1544824638.45
1544824638.53
1544824638.61
1544824638.65
1544824638.71
1544824638.78
1544824638.83
1544824638.87
1544824638.96
1544824639.0
1544824639.04
1544824639.08
1544824639.14
1544824639.2
1544824639.24
1544824639.3
1544824639.36
1544824639.4
1544824639.44
1544824639.48
1544824639.53
1544824639.58
1544824639.63
1544824639.67
1544824639.73
1544824639.8
1544824639.84
1544824639.88
1544824639.95
1544824639.99
1544824640.03
1544824640.07
1544824640.12
1544824640.17
1544824640.23
1544824640.27
1544824640.31
1544824640.37
1544824640.42
1544824640.46
1544824640.52
1544824640.57
1544824640.62
1544824640.67
1544824640.74
1544824640.78
1544824640.83
1544824640.87
1544824640.93
1544824640.98
1544824641.03
1544824641.08
1544824641.15
1544824641.19
1544824641.23
1544824641.26
1544824641.31
1544824641.37
1544824641.41
1544824641.45
1544824641.5
1544824641.55
1544824641.61
1544824641.65
1544824641.7
1544824641.76
1544824641.81
1544824641.85
1544824641.9
1544824641.95
1544824641.99
1544824642.03
1544824642.07
1544824642.16
1544824642.2
1544824642.29
1544824642.33
1544824642.38
1544824642.47
1544824642.55
1544824642.6
1544824642.65
1544824642.7
1544824642.75
1544824642.85
1544824642.93
1544824643.01
1544824643.09
1544824643.17
1544824643.23
1544824643.31
1544824643.36
1544824643.45
1544824643.51
1544824643.58
1544824643.66
1544824643.77
1544824643.86
1544824643.96
1544824644.07
1544824644.15
1544824644.24
1544824644.31
1544824644.38
1544824644.46
1544824644.54
1544824644.59
1544824644.63
1544824644.7
1544824644.74
1544824644.79
1544824644.85
1544824644.9
1544824644.95
1544824645.01
1544824645.06
1544824645.1
1544824645.15
1544824645.21
1544824645.26
1544824645.31
1544824645.34
1544824645.38
1544824645.42
1544824645.45
1544824645.5
1544824645.54
1544824645.58
1544824645.63
1544824645.69
1544824645.74
1544824645.78
1544824645.85
1544824645.91
1544824645.95
1544824646.0
1544824646.05
1544824646.1
1544824646.14
1544824646.18
1544824646.24
1544824646.28
1544824646.32
1544824646.37
1544824646.43
1544824646.49
1544824646.54
1544824646.58
1544824646.62
1544824646.67
1544824646.72
1544824646.76
1544824646.84
1544824646.89
1544824646.94
1544824646.98
1544824647.04
1544824647.09
1544824647.14
1544824647.18
1544824647.28
1544824647.37
1544824647.45
1544824647.54
1544824647.63
1544824647.72
1544824647.78
1544824647.84
1544824647.91
1544824647.97
1544824648.04
1544824648.1
1544824648.18
1544824648.22
1544824648.25
1544824648.3
1544824648.35
1544824648.39
1544824648.43
1544824648.48
1544824648.57
1544824648.61
1544824648.66
1544824648.7
1544824648.77
1544824648.82
1544824648.88
1544824648.95
1544824649.02
1544824649.09
1544824649.18
1544824649.25
1544824649.33
1544824649.39
1544824649.43
1544824649.48
1544824649.57
1544824649.61
1544824649.68
1544824649.78
1544824649.83
1544824649.87
1544824649.93
1544824649.97
1544824650.02
1544824650.08
1544824650.13
1544824650.17
1544824650.25
1544824650.32
1544824650.37
1544824650.4
1544824650.44
1544824650.48
1544824650.53
1544824650.57
1544824650.6
1544824650.65
1544824650.73
1544824650.78
1544824650.83
1544824650.9
1544824650.94
1544824651.01
1544824651.05
1544824651.09
1544824651.13
1544824651.17
1544824651.22
1544824651.28
1544824651.34
1544824651.38
1544824651.42
1544824651.45
1544824651.51
1544824651.55
1544824651.6
1544824651.66
1544824651.73
1544824651.76
1544824651.81
1544824651.88
1544824651.94
1544824651.98
1544824652.05
1544824652.11
1544824652.15
1544824652.19
1544824652.23
1544824652.28
1544824652.33
1544824652.37
1544824652.41
1544824652.45
1544824652.5
1544824652.54
1544824652.58
1544824652.62
1544824652.68
1544824652.73
1544824652.77
1544824652.81
1544824652.93
1544824652.97
1544824653.02
1544824653.07
1544824653.11
1544824653.15
1544824653.19
1544824653.23
1544824653.27
1544824653.31
1544824653.36
1544824653.41
1544824653.46
1544824653.53
1544824653.57
1544824653.62
1544824653.68
1544824653.73
1544824653.78
1544824653.83
1544824653.87
1544824653.93
1544824653.98
1544824654.02
1544824654.07
1544824654.11
1544824654.16
1544824654.2
1544824654.26
1544824654.31
1544824654.35
1544824654.38
1544824654.43
1544824654.53
1544824654.57
1544824654.62
1544824654.65
1544824654.71
1544824654.77
1544824654.82
1544824654.87
1544824654.92
1544824654.98
1544824655.03
1544824655.09
1544824655.13
1544824655.18
1544824655.24
1544824655.32
1544824655.36
1544824655.42
1544824655.5
1544824655.55
1544824655.59
1544824655.64
1544824655.7
1544824655.74
1544824655.77
1544824655.82
1544824655.88
1544824655.95
1544824655.98
1544824656.02
1544824656.1
1544824656.14
1544824656.18
1544824656.24
1544824656.29
1544824656.36
1544824656.41
1544824656.46
1544824656.53
1544824656.59
1544824656.65
1544824656.72
1544824656.76
1544824656.8
1544824656.85
1544824656.91
1544824656.95
1544824656.99
1544824657.07
1544824657.12
1544824657.17
1544824657.23
1544824657.29
1544824657.34
1544824657.38
1544824657.43
1544824657.49
1544824657.53
1544824657.57
1544824657.6
1544824657.66
1544824657.7
1544824657.73
1544824657.78
1544824657.82
1544824657.91
1544824657.96
1544824658.01
1544824658.06
1544824658.11
1544824658.16
1544824658.2
1544824658.24
1544824658.28
1544824658.33
1544824658.39
1544824658.44
1544824658.51
1544824658.55
1544824658.61
1544824658.69
1544824658.72
1544824658.76
1544824658.8
1544824658.87
1544824658.92
1544824659.0
1544824659.08
1544824659.15
1544824659.23
1544824659.3
1544824659.37
1544824659.43
1544824659.5
1544824659.57
1544824659.64
1544824659.7
1544824659.78
1544824659.84
1544824659.92
1544824659.97
1544824660.04
1544824660.11
1544824660.18
1544824660.25
1544824660.36
1544824660.51
1544824660.59
1544824660.64
1544824660.69
1544824660.75
1544824660.79
1544824660.84
1544824660.88
1544824660.94
1544824660.99
1544824661.05
1544824661.11
1544824661.15
1544824661.21
1544824661.28
1544824661.34
1544824661.39
1544824661.45
1544824661.5
1544824661.56
1544824661.6
1544824661.65
1544824661.71
1544824661.75
1544824661.78
1544824661.82
1544824661.86
1544824661.9
1544824661.95
1544824661.98
1544824662.04
1544824662.11
1544824662.16
1544824662.21
1544824662.31
1544824662.36
1544824662.39
1544824662.44
1544824662.49
1544824662.52
1544824662.58
1544824662.63
1544824662.68
1544824662.76
1544824662.8
1544824662.84
1544824662.88
1544824662.92
1544824662.97
1544824663.02
1544824663.07
1544824663.11
1544824663.16
1544824663.2
1544824663.24
1544824663.28
1544824663.32
1544824663.36
1544824663.4
1544824663.44
1544824663.48
1544824663.53
1544824663.58
1544824663.69
1544824663.77
1544824663.84
1544824663.93
1544824663.97
1544824664.03
1544824664.11
1544824664.19
1544824664.26
1544824664.34
1544824664.42
1544824664.51
1544824664.59
1544824664.67
1544824664.74
1544824664.81
1544824664.88
1544824664.95
1544824665.03
1544824665.08
1544824665.14
1544824665.19
1544824665.26
1544824665.32
1544824665.37
1544824665.4
1544824665.47
1544824665.52
1544824665.57
1544824665.64
1544824665.68
1544824665.73
1544824665.78
1544824665.83
1544824665.88
1544824665.94
1544824666.0
1544824666.06
1544824666.11
1544824666.17
1544824666.23
1544824666.27
1544824666.32
1544824666.36
1544824666.39
1544824666.43
1544824666.47
1544824666.51
1544824666.56
1544824666.63
1544824666.71
1544824666.74
1544824666.79
1544824666.83
1544824666.88
1544824666.93
1544824666.99
1544824667.05
1544824667.09
1544824667.14
1544824667.18
1544824667.22
1544824667.27
1544824667.31
1544824667.35
1544824667.41
1544824667.46
1544824667.51
1544824667.55
1544824667.63
1544824667.69
1544824667.73
1544824667.76
1544824667.82
1544824667.88
1544824667.92
1544824667.96
1544824668.04
1544824668.12
1544824668.17
1544824668.26
1544824668.29
1544824668.33
1544824668.38
1544824668.47
1544824668.51
1544824668.55
1544824668.59
1544824668.63
1544824668.68
1544824668.72
1544824668.75
1544824668.81
1544824668.87
1544824668.93
1544824668.97
1544824669.02
1544824669.09
1544824669.13
1544824669.19
1544824669.27
1544824669.3
1544824669.34
1544824669.38
1544824669.46
1544824669.51
1544824669.55
1544824669.59
1544824669.64
1544824669.68
1544824669.73
1544824669.78
1544824669.85
1544824669.89
1544824669.94
1544824669.99
1544824670.05
1544824670.11
1544824670.16
1544824670.23
1544824670.29
1544824670.33
1544824670.4
1544824670.47
1544824670.55
1544824670.63
1544824670.69
1544824670.73
1544824670.77
1544824670.85
1544824670.93
1544824671.0
1544824671.06
1544824671.13
1544824671.21
1544824671.28
1544824671.32
1544824671.39
1544824671.43
1544824671.5
1544824671.56
1544824671.63
1544824671.74
1544824671.81
1544824671.9
1544824672.0
1544824672.09
1544824672.15
1544824672.27
1544824672.35
1544824672.44
1544824672.53
1544824672.62
1544824672.68
1544824672.79
1544824672.9
1544824673.0
1544824673.09
1544824673.19
1544824673.23
1544824673.28
1544824673.37
1544824673.48
1544824673.57
1544824673.67
1544824673.73
1544824673.81
1544824673.86
1544824673.91
1544824673.98
1544824674.03
1544824674.06
1544824674.13
1544824674.18
1544824674.22
1544824674.28
1544824674.37
1544824674.42
1544824674.46
1544824674.5
1544824674.55
1544824674.61
1544824674.66
1544824674.71
1544824674.8
1544824674.84
1544824674.88
1544824674.93
1544824674.98
1544824675.02
1544824675.06
1544824675.13
1544824675.18
1544824675.22
1544824675.27
1544824675.32
1544824675.39
1544824675.44
1544824675.49
1544824675.53
1544824675.58
1544824675.63
1544824675.69
1544824675.74
1544824675.79
1544824675.83
1544824675.88
1544824675.94
1544824675.99
1544824676.03
1544824676.09
1544824676.14
1544824676.19
1544824676.23
1544824676.27
1544824676.32
1544824676.37
1544824676.41
1544824676.46
1544824676.5
1544824676.55
1544824676.61
1544824676.65
1544824676.73
1544824676.78
1544824676.82
1544824676.87
1544824676.94
1544824677.01
1544824677.05
1544824677.12
1544824677.16
1544824677.2
1544824677.24
1544824677.31
1544824677.37
1544824677.42
1544824677.47
1544824677.53
1544824677.57
1544824677.61
1544824677.65
1544824677.69
1544824677.77
1544824677.83
1544824677.88
1544824677.95
1544824678.0
1544824678.05
1544824678.11
1544824678.15
1544824678.2
1544824678.25
1544824678.29
1544824678.34
1544824678.38
1544824678.41
1544824678.45
1544824678.5
1544824678.54
1544824678.6
1544824678.65
1544824678.72
1544824678.79
1544824678.83
1544824678.88
1544824678.94
1544824678.98
1544824679.02
1544824679.06
1544824679.13
1544824679.19
1544824679.24
1544824679.28
1544824679.34
1544824679.39
1544824679.43
1544824679.46
1544824679.52
1544824679.56
1544824679.59
1544824679.63
1544824679.68
1544824679.74
1544824679.78
1544824679.82
1544824679.86
1544824679.91
1544824679.97
1544824680.01
1544824680.06
1544824680.11
1544824680.16
1544824680.21
1544824680.25
1544824680.3
1544824680.37
1544824680.4
1544824680.46
1544824680.53
1544824680.59
1544824680.63
1544824680.68
1544824680.74
1544824680.79
1544824680.83
1544824680.88
1544824680.92
1544824680.99
1544824681.03
1544824681.09
1544824681.16
1544824681.21
1544824681.26
1544824681.33
1544824681.37
1544824681.43
1544824681.48
1544824681.53
1544824681.6
1544824681.64
1544824681.7
1544824681.79
1544824681.84
1544824681.87
1544824681.95
1544824682.0
1544824682.03
1544824682.07
1544824682.13
1544824682.18
1544824682.22
1544824682.28
1544824682.35
1544824682.41
1544824682.45
1544824682.52
1544824682.57
1544824682.6
1544824682.65
1544824682.73
1544824682.78
1544824682.83
1544824682.9
1544824682.98
1544824683.02
1544824683.06
1544824683.11
1544824683.18
1544824683.21
1544824683.26
1544824683.33
1544824683.42
1544824683.46
1544824683.55
1544824683.6
1544824683.64
1544824683.69
1544824683.77
1544824683.83
1544824683.87
1544824683.94
1544824683.99
1544824684.04
1544824684.1
1544824684.15
1544824684.21
1544824684.25
1544824684.32
1544824684.38
1544824684.43
1544824684.48
1544824684.52
1544824684.58
1544824684.62
1544824684.66
1544824684.7
1544824684.74
1544824684.78
1544824684.82
1544824684.86
1544824684.93
1544824684.98
1544824685.01
1544824685.06
1544824685.12
1544824685.17
1544824685.2
1544824685.24
1544824685.3
1544824685.36
1544824685.41
1544824685.45
1544824685.51
1544824685.56
1544824685.62
1544824685.66
1544824685.74
1544824685.81
1544824685.9
1544824685.97
1544824686.01
1544824686.09
1544824686.17
1544824686.24
1544824686.31
1544824686.38
1544824686.44
1544824686.51
1544824686.58
1544824686.62
1544824686.67
1544824686.75
1544824686.8
1544824686.84
1544824686.88
1544824686.99
1544824687.12
1544824687.23
1544824687.29
1544824687.35
1544824687.45
1544824687.51
1544824687.56
1544824687.6
1544824687.66
1544824687.69
1544824687.74
1544824687.78
1544824687.84
1544824687.88
1544824687.92
1544824687.99
1544824688.06
1544824688.12
1544824688.17
1544824688.23
1544824688.28
1544824688.34
1544824688.39
1544824688.46
1544824688.5
1544824688.55
1544824688.62
1544824688.67
1544824688.71
1544824688.77
1544824688.84
1544824688.89
1544824688.94
1544824689.02
1544824689.06
1544824689.1
1544824689.15
1544824689.24
1544824689.28
1544824689.33
1544824689.37
1544824689.42
1544824689.46
1544824689.51
1544824689.55
1544824689.6
1544824689.65
1544824689.73
1544824689.79
1544824689.86
1544824689.9
1544824689.95
1544824690.0
1544824690.04
1544824690.08
1544824690.18
1544824690.23
1544824690.29
1544824690.33
1544824690.37
1544824690.43
1544824690.48
1544824690.52
1544824690.56
1544824690.62
1544824690.67
1544824690.71
1544824690.76
1544824690.79
1544824690.84
1544824690.88
1544824690.94
1544824690.98
1544824691.03
1544824691.08
1544824691.16
1544824691.23
1544824691.31
1544824691.37
1544824691.41
1544824691.45
1544824691.5
1544824691.55
1544824691.59
1544824691.63
1544824691.67
1544824691.73
1544824691.82
1544824691.88
1544824691.95
1544824692.03
1544824692.11
1544824692.19
1544824692.27
1544824692.36
1544824692.45
1544824692.58
1544824692.68
1544824692.78
1544824692.88
1544824692.98
1544824693.02
