1544824279.9
1544824280.08
1544824280.16
1544824280.24
1544824280.32
1544824280.39
1544824280.48
1544824280.55
1544824280.63
1544824280.69
1544824280.75
1544824280.82
1544824280.93
1544824280.97
1544824281.04
1544824281.1
1544824281.17
1544824281.24
1544824281.33
1544824281.42
1544824281.51
1544824281.58
1544824281.66
1544824281.76
1544824281.85
1544824281.93
1544824282.0
1544824282.08
1544824282.16
1544824282.2
1544824282.25
1544824282.31
1544824282.36
1544824282.44
1544824282.52
1544824282.59
1544824282.66
1544824282.71
1544824282.78
1544824282.83
1544824282.89
1544824282.94
1544824282.99
1544824283.04
1544824283.08
1544824283.14
1544824283.19
1544824283.23
1544824283.28
1544824283.35
1544824283.41
1544824283.45
1544824283.49
1544824283.55
1544824283.61
1544824283.67
1544824283.74
1544824283.79
1544824283.83
1544824283.88
1544824283.96
1544824284.0
1544824284.04
1544824284.08
1544824284.15
1544824284.2
1544824284.24
1544824284.3
1544824284.38
1544824284.44
1544824284.48
1544824284.58
1544824284.63
1544824284.66
1544824284.72
1544824284.79
1544824284.83
1544824284.86
1544824284.94
1544824285.0
1544824285.05
1544824285.11
1544824285.17
1544824285.21
1544824285.26
1544824285.33
1544824285.39
1544824285.43
1544824285.47
1544824285.56
1544824285.61
1544824285.64
1544824285.68
1544824285.72
1544824285.77
1544824285.81
1544824285.85
1544824285.89
1544824285.95
1544824286.0
1544824286.04
1544824286.09
1544824286.14
1544824286.18
1544824286.22
1544824286.26
1544824286.31
1544824286.35
1544824286.4
1544824286.43
1544824286.47
1544824286.53
1544824286.58
1544824286.62
1544824286.67
1544824286.7
1544824286.74
1544824286.78
1544824286.83
1544824286.87
1544824286.94
1544824286.98
1544824287.03
1544824287.06
1544824287.12
1544824287.18
1544824287.23
1544824287.27
1544824287.34
1544824287.39
1544824287.44
1544824287.49
1544824287.53
1544824287.58
1544824287.64
1544824287.69
1544824287.73
1544824287.77
1544824287.82
1544824287.87
1544824287.92
1544824287.98
1544824288.03
1544824288.08
1544824288.15
1544824288.18
1544824288.23
1544824288.28
1544824288.35
1544824288.39
1544824288.45
1544824288.54
1544824288.59
1544824288.63
1544824288.67
1544824288.73
1544824288.78
1544824288.82
1544824288.88
1544824288.93
1544824288.98
1544824289.03
1544824289.07
1544824289.17
1544824289.22
1544824289.27
1544824289.35
1544824289.4
1544824289.45
1544824289.49
1544824289.57
1544824289.62
1544824289.67
1544824289.75
1544824289.81
1544824289.86
1544824289.92
1544824289.99
1544824290.04
1544824290.09
1544824290.14
1544824290.18
1544824290.23
1544824290.27
1544824290.35
1544824290.41
1544824290.45
1544824290.55
1544824290.6
1544824290.65
1544824290.68
1544824290.73
1544824290.77
1544824290.8
1544824290.85
1544824290.9
1544824290.97
1544824291.01
1544824291.04
1544824291.08
1544824291.13
1544824291.21
1544824291.26
1544824291.3
1544824291.37
1544824291.42
1544824291.46
1544824291.55
1544824291.6
1544824291.64
1544824291.69
1544824291.79
1544824291.82
1544824291.86
1544824291.91
1544824291.98
1544824292.01
1544824292.04
1544824292.09
1544824292.14
1544824292.19
1544824292.23
1544824292.28
1544824292.34
1544824292.4
1544824292.44
1544824292.5
1544824292.58
1544824292.62
1544824292.66
1544824292.72
1544824292.77
1544824292.82
1544824292.86
1544824292.93
1544824292.98
1544824293.04
1544824293.08
1544824293.14
1544824293.19
1544824293.23
1544824293.27
1544824293.32
1544824293.36
1544824293.41
1544824293.44
1544824293.48
1544824293.56
1544824293.64
1544824293.69
1544824293.73
1544824293.8
1544824293.86
1544824293.92
1544824293.99
1544824294.05
1544824294.12
1544824294.19
1544824294.27
1544824294.34
1544824294.43
1544824294.51
1544824294.55
1544824294.59
1544824294.64
1544824294.68
1544824294.73
1544824294.8
1544824294.84
1544824294.9
1544824294.96
1544824295.04
1544824295.12
1544824295.19
1544824295.24
1544824295.29
1544824295.34
1544824295.38
1544824295.42
1544824295.46
1544824295.52
1544824295.59
1544824295.64
1544824295.69
1544824295.74
1544824295.8
1544824295.85
1544824295.91
1544824295.98
1544824296.01
1544824296.05
1544824296.14
1544824296.19
1544824296.24
1544824296.29
1544824296.36
1544824296.42
1544824296.47
1544824296.53
1544824296.59
1544824296.63
1544824296.66
1544824296.74
1544824296.8
1544824296.84
1544824296.88
1544824296.95
1544824297.01
1544824297.04
1544824297.08
1544824297.16
1544824297.19
1544824297.23
1544824297.26
1544824297.29
1544824297.33
1544824297.36
1544824297.41
1544824297.46
1544824297.51
1544824297.56
1544824297.62
1544824297.66
1544824297.7
1544824297.73
1544824297.76
1544824297.85
1544824297.9
1544824297.93
1544824297.98
1544824298.05
1544824298.1
1544824298.17
1544824298.23
1544824298.31
1544824298.37
1544824298.46
1544824298.52
1544824298.57
1544824298.61
1544824298.66
1544824298.73
1544824298.81
1544824298.85
1544824298.89
1544824298.95
1544824299.02
1544824299.06
1544824299.18
1544824299.26
1544824299.32
1544824299.36
1544824299.42
1544824299.48
1544824299.54
1544824299.64
1544824299.73
1544824299.84
1544824299.92
1544824299.97
1544824300.01
1544824300.06
1544824300.15
1544824300.24
1544824300.29
1544824300.34
1544824300.41
1544824300.46
1544824300.51
1544824300.54
1544824300.58
1544824300.62
1544824300.67
1544824300.72
1544824300.77
1544824300.81
1544824300.87
1544824300.92
1544824300.97
1544824301.0
1544824301.05
1544824301.1
1544824301.14
1544824301.17
1544824301.22
1544824301.26
1544824301.32
1544824301.36
1544824301.42
1544824301.46
1544824301.51
1544824301.55
1544824301.59
1544824301.63
1544824301.68
1544824301.72
1544824301.76
1544824301.81
1544824301.86
1544824301.92
1544824301.96
1544824302.0
1544824302.1
1544824302.15
1544824302.2
1544824302.26
1544824302.32
1544824302.35
1544824302.39
1544824302.42
1544824302.48
1544824302.53
1544824302.58
1544824302.62
1544824302.69
1544824302.74
1544824302.77
1544824302.82
1544824302.92
1544824302.96
1544824303.01
1544824303.06
1544824303.11
1544824303.15
1544824303.18
1544824303.25
1544824303.3
1544824303.35
1544824303.39
1544824303.45
1544824303.49
1544824303.53
1544824303.56
1544824303.6
1544824303.66
1544824303.71
1544824303.75
1544824303.8
1544824303.89
1544824303.95
1544824304.0
1544824304.04
1544824304.08
1544824304.13
1544824304.17
1544824304.21
1544824304.27
1544824304.34
1544824304.38
1544824304.43
1544824304.46
1544824304.54
1544824304.58
1544824304.62
1544824304.66
1544824304.72
1544824304.77
1544824304.81
1544824304.87
1544824304.93
1544824304.97
1544824305.01
1544824305.05
1544824305.1
1544824305.15
1544824305.19
1544824305.27
1544824305.32
1544824305.37
1544824305.4
1544824305.48
1544824305.53
1544824305.57
1544824305.61
1544824305.68
1544824305.74
1544824305.78
1544824305.81
1544824305.87
1544824305.91
1544824305.96
1544824306.01
1544824306.08
1544824306.15
1544824306.19
1544824306.26
1544824306.31
1544824306.35
1544824306.38
1544824306.42
1544824306.49
1544824306.54
1544824306.59
1544824306.66
1544824306.73
1544824306.78
1544824306.82
1544824306.88
1544824306.92
1544824306.96
1544824307.01
1544824307.08
1544824307.13
1544824307.19
1544824307.28
1544824307.34
1544824307.38
1544824307.42
1544824307.48
1544824307.53
1544824307.58
1544824307.64
1544824307.7
1544824307.75
1544824307.8
1544824307.84
1544824307.91
1544824307.97
1544824308.01
1544824308.05
1544824308.12
1544824308.17
1544824308.21
1544824308.28
1544824308.33
1544824308.38
1544824308.43
1544824308.5
1544824308.55
1544824308.58
1544824308.66
1544824308.71
1544824308.75
1544824308.79
1544824308.84
1544824308.89
1544824308.93
1544824308.96
1544824309.0
1544824309.09
1544824309.15
1544824309.2
1544824309.27
1544824309.33
1544824309.37
1544824309.41
1544824309.47
1544824309.51
1544824309.58
1544824309.64
1544824309.68
1544824309.75
1544824309.81
1544824309.85
1544824309.9
1544824309.95
1544824310.03
1544824310.1
1544824310.18
1544824310.26
1544824310.33
1544824310.39
1544824310.44
1544824310.51
1544824310.61
1544824310.67
1544824310.71
1544824310.78
1544824310.85
1544824310.91
1544824310.95
1544824311.01
1544824311.07
1544824311.12
1544824311.17
1544824311.22
1544824311.29
1544824311.36
1544824311.45
1544824311.53
1544824311.58
1544824311.63
1544824311.69
1544824311.76
1544824311.83
1544824311.89
1544824311.96
1544824312.02
1544824312.09
1544824312.15
1544824312.22
1544824312.28
1544824312.34
1544824312.45
1544824312.55
1544824312.63
1544824312.69
1544824312.75
1544824312.83
1544824312.91
1544824312.97
1544824313.02
1544824313.1
1544824313.15
1544824313.19
1544824313.24
1544824313.29
1544824313.34
1544824313.42
1544824313.49
1544824313.58
1544824313.67
1544824313.71
1544824313.75
1544824313.79
1544824313.85
1544824313.92
1544824313.99
1544824314.03
1544824314.07
1544824314.1
1544824314.14
1544824314.19
1544824314.23
1544824314.27
1544824314.31
1544824314.38
1544824314.44
1544824314.49
1544824314.53
1544824314.61
1544824314.67
1544824314.72
1544824314.78
1544824314.82
1544824314.86
1544824314.89
1544824314.96
1544824315.02
1544824315.06
1544824315.1
1544824315.17
1544824315.23
1544824315.28
1544824315.32
1544824315.39
1544824315.44
1544824315.49
1544824315.53
1544824315.58
1544824315.63
1544824315.67
1544824315.7
1544824315.74
1544824315.8
1544824315.84
1544824315.88
1544824315.91
1544824315.95
1544824315.98
1544824316.05
1544824316.08
1544824316.13
1544824316.19
1544824316.24
1544824316.27
1544824316.32
1544824316.38
1544824316.44
1544824316.48
1544824316.54
1544824316.61
1544824316.66
1544824316.7
1544824316.74
1544824316.79
1544824316.83
1544824316.88
1544824316.91
1544824316.95
1544824317.0
1544824317.06
1544824317.09
1544824317.15
1544824317.2
1544824317.24
1544824317.28
1544824317.33
1544824317.38
1544824317.43
1544824317.47
1544824317.51
1544824317.58
1544824317.62
1544824317.66
1544824317.71
1544824317.77
1544824317.81
1544824317.86
1544824317.9
1544824317.98
1544824318.02
1544824318.07
1544824318.12
1544824318.19
1544824318.23
1544824318.27
1544824318.33
1544824318.39
1544824318.44
1544824318.48
1544824318.55
1544824318.61
1544824318.68
1544824318.73
1544824318.79
1544824318.84
1544824318.89
1544824318.95
1544824319.02
1544824319.06
1544824319.1
1544824319.18
1544824319.25
1544824319.29
1544824319.34
1544824319.39
1544824319.43
1544824319.47
1544824319.52
1544824319.57
1544824319.61
1544824319.65
1544824319.68
1544824319.74
1544824319.8
1544824319.85
1544824319.9
1544824319.94
1544824319.98
1544824320.04
1544824320.08
1544824320.12
1544824320.16
1544824320.22
1544824320.26
1544824320.32
1544824320.38
1544824320.45
1544824320.5
1544824320.58
1544824320.63
1544824320.68
1544824320.74
1544824320.79
1544824320.85
1544824320.89
1544824320.96
1544824321.02
1544824321.08
1544824321.16
1544824321.22
1544824321.27
1544824321.3
1544824321.35
1544824321.4
1544824321.45
1544824321.5
1544824321.56
1544824321.62
1544824321.67
1544824321.75
1544824321.82
1544824321.87
1544824321.93
1544824322.0
1544824322.06
1544824322.11
1544824322.16
1544824322.21
1544824322.25
1544824322.29
1544824322.33
1544824322.4
1544824322.44
1544824322.48
1544824322.57
1544824322.61
1544824322.65
1544824322.69
1544824322.74
1544824322.79
1544824322.85
1544824322.88
1544824322.93
1544824322.99
1544824323.04
1544824323.08
1544824323.13
1544824323.16
1544824323.2
1544824323.25
1544824323.28
1544824323.34
1544824323.4
1544824323.44
1544824323.47
1544824323.53
1544824323.57
1544824323.64
1544824323.68
1544824323.73
1544824323.82
1544824323.87
1544824323.93
1544824324.0
1544824324.09
1544824324.16
1544824324.22
1544824324.3
1544824324.38
1544824324.45
1544824324.52
1544824324.58
1544824324.64
1544824324.72
1544824324.78
1544824324.82
1544824324.89
1544824324.94
1544824324.99
1544824325.03
1544824325.08
1544824325.15
1544824325.22
1544824325.28
1544824325.32
1544824325.4
1544824325.48
1544824325.54
1544824325.59
1544824325.64
1544824325.7
1544824325.76
1544824325.8
1544824325.88
1544824325.92
1544824326.0
1544824326.07
1544824326.15
1544824326.19
1544824326.25
1544824326.3
1544824326.36
1544824326.41
1544824326.47
1544824326.5
1544824326.58
1544824326.64
1544824326.68
1544824326.72
1544824326.77
1544824326.82
1544824326.86
1544824326.9
1544824326.94
1544824327.02
1544824327.07
1544824327.13
1544824327.18
1544824327.23
1544824327.28
1544824327.37
1544824327.43
1544824327.47
1544824327.52
1544824327.57
1544824327.62
1544824327.66
1544824327.71
1544824327.77
1544824327.82
1544824327.87
1544824327.91
1544824327.95
1544824328.01
1544824328.05
1544824328.09
1544824328.14
1544824328.19
1544824328.23
1544824328.28
1544824328.32
1544824328.37
1544824328.44
1544824328.53
1544824328.61
1544824328.71
1544824328.81
1544824328.91
1544824328.98
1544824329.03
1544824329.1
1544824329.16
1544824329.24
1544824329.32
1544824329.4
1544824329.48
1544824329.54
1544824329.58
1544824329.65
1544824329.73
1544824329.81
1544824329.87
1544824329.92
1544824329.96
1544824330.02
1544824330.06
1544824330.13
1544824330.2
1544824330.24
1544824330.28
1544824330.32
1544824330.38
1544824330.41
1544824330.44
1544824330.48
1544824330.57
1544824330.62
1544824330.66
1544824330.71
1544824330.78
1544824330.83
1544824330.87
1544824330.92
1544824330.98
1544824331.02
1544824331.06
1544824331.09
1544824331.16
1544824331.21
1544824331.25
1544824331.3
1544824331.37
1544824331.43
1544824331.46
1544824331.53
1544824331.58
1544824331.62
1544824331.66
1544824331.74
1544824331.79
1544824331.84
1544824331.88
1544824331.94
1544824331.98
1544824332.01
1544824332.05
1544824332.1
1544824332.15
1544824332.2
1544824332.24
1544824332.3
1544824332.38
1544824332.43
1544824332.47
1544824332.54
1544824332.6
1544824332.65
1544824332.69
1544824332.75
1544824332.79
1544824332.84
1544824332.88
1544824332.93
1544824332.98
1544824333.02
1544824333.06
1544824333.11
1544824333.18
1544824333.22
1544824333.27
1544824333.33
1544824333.39
1544824333.43
1544824333.46
1544824333.53
1544824333.57
1544824333.62
1544824333.68
1544824333.75
1544824333.83
1544824333.87
1544824333.93
1544824333.98
1544824334.02
1544824334.06
1544824334.14
1544824334.19
1544824334.23
1544824334.27
1544824334.34
1544824334.39
1544824334.43
1544824334.47
1544824334.51
1544824334.57
1544824334.62
1544824334.67
1544824334.69
1544824334.74
1544824334.78
1544824334.82
1544824334.87
1544824334.91
1544824334.95
1544824334.99
1544824335.03
1544824335.07
1544824335.13
1544824335.2
1544824335.25
1544824335.3
1544824335.37
1544824335.43
1544824335.49
1544824335.56
1544824335.61
1544824335.65
1544824335.69
1544824335.76
1544824335.81
1544824335.86
1544824335.9
1544824335.96
1544824336.01
1544824336.05
1544824336.09
1544824336.15
1544824336.2
1544824336.24
1544824336.31
1544824336.37
1544824336.42
1544824336.47
1544824336.53
1544824336.58
1544824336.63
1544824336.66
1544824336.74
1544824336.78
1544824336.83
1544824336.88
1544824336.93
1544824336.99
1544824337.03
1544824337.06
1544824337.12
1544824337.18
1544824337.24
1544824337.28
1544824337.32
1544824337.37
1544824337.41
1544824337.44
1544824337.48
1544824337.55
1544824337.62
1544824337.66
1544824337.73
1544824337.8
1544824337.84
1544824337.88
1544824337.92
1544824338.0
1544824338.04
1544824338.07
1544824338.11
1544824338.16
1544824338.21
1544824338.26
1544824338.29
1544824338.35
1544824338.39
1544824338.43
1544824338.46
1544824338.52
1544824338.58
1544824338.63
1544824338.67
1544824338.74
1544824338.79
1544824338.85
1544824338.89
1544824338.95
1544824339.0
1544824339.05
1544824339.1
1544824339.16
1544824339.21
1544824339.25
1544824339.32
1544824339.37
1544824339.42
1544824339.46
1544824339.52
1544824339.58
1544824339.62
1544824339.66
1544824339.71
1544824339.74
1544824339.78
1544824339.82
1544824339.85
1544824339.9
1544824339.99
1544824340.03
1544824340.08
1544824340.17
1544824340.21
1544824340.25
1544824340.29
1544824340.37
1544824340.42
1544824340.46
1544824340.52
1544824340.59
1544824340.65
1544824340.72
1544824340.78
1544824340.86
1544824340.93
1544824340.99
1544824341.03
1544824341.07
1544824341.12
1544824341.17
1544824341.24
1544824341.31
1544824341.38
1544824341.42
1544824341.49
1544824341.57
1544824341.64
1544824341.7
1544824341.74
1544824341.82
1544824341.87
1544824341.93
1544824341.99
1544824342.05
1544824342.1
1544824342.14
1544824342.18
1544824342.25
1544824342.32
1544824342.38
1544824342.42
1544824342.46
1544824342.53
1544824342.59
1544824342.67
1544824342.74
1544824342.81
1544824342.88
1544824342.93
1544824343.0
1544824343.07
1544824343.12
1544824343.18
1544824343.25
1544824343.33
1544824343.4
1544824343.46
1544824343.52
1544824343.57
1544824343.65
1544824343.72
1544824343.77
1544824343.84
1544824343.88
1544824343.93
1544824343.96
1544824344.02
1544824344.07
1544824344.11
1544824344.15
1544824344.2
1544824344.25
1544824344.3
1544824344.35
1544824344.43
1544824344.49
1544824344.55
1544824344.61
1544824344.67
1544824344.72
1544824344.77
1544824344.85
1544824344.91
1544824344.95
1544824345.01
1544824345.09
1544824345.14
1544824345.21
1544824345.27
1544824345.3
1544824345.34
1544824345.38
1544824345.47
1544824345.52
1544824345.56
1544824345.64
1544824345.68
1544824345.72
1544824345.76
1544824345.81
1544824345.86
1544824345.89
1544824345.93
1544824345.97
1544824346.05
1544824346.1
1544824346.14
1544824346.18
1544824346.21
1544824346.26
1544824346.31
1544824346.36
1544824346.42
1544824346.47
1544824346.51
1544824346.54
1544824346.58
1544824346.64
1544824346.68
1544824346.72
1544824346.75
1544824346.79
1544824346.85
1544824346.89
1544824346.94
1544824347.02
1544824347.07
1544824347.11
1544824347.15
1544824347.21
1544824347.26
1544824347.31
1544824347.34
1544824347.39
1544824347.49
1544824347.54
1544824347.59
1544824347.68
1544824347.73
1544824347.79
1544824347.86
1544824347.91
1544824347.95
1544824348.02
1544824348.06
1544824348.1
1544824348.14
1544824348.18
1544824348.25
1544824348.31
1544824348.38
1544824348.43
1544824348.49
1544824348.54
1544824348.61
1544824348.65
1544824348.68
1544824348.72
1544824348.76
1544824348.79
1544824348.83
1544824348.86
1544824348.93
1544824348.97
1544824349.0
1544824349.04
1544824349.1
1544824349.14
1544824349.17
1544824349.22
1544824349.27
1544824349.32
1544824349.35
1544824349.39
1544824349.44
1544824349.5
1544824349.54
1544824349.57
1544824349.61
1544824349.65
1544824349.68
1544824349.72
1544824349.75
1544824349.79
1544824349.84
1544824349.87
1544824349.92
1544824349.95
1544824349.99
1544824350.04
1544824350.09
1544824350.14
1544824350.17
1544824350.22
1544824350.26
1544824350.31
1544824350.35
1544824350.38
1544824350.42
1544824350.46
1544824350.51
1544824350.55
1544824350.58
1544824350.62
1544824350.68
1544824350.74
1544824350.77
1544824350.82
1544824350.91
1544824350.94
1544824350.98
1544824351.03
1544824351.08
1544824351.12
1544824351.16
1544824351.2
1544824351.25
1544824351.3
1544824351.34
1544824351.38
1544824351.41
1544824351.45
1544824351.49
1544824351.53
1544824351.56
1544824351.6
1544824351.65
1544824351.68
1544824351.72
1544824351.75
1544824351.79
1544824351.83
1544824351.88
1544824351.93
1544824351.97
1544824352.04
1544824352.1
1544824352.15
1544824352.18
1544824352.23
1544824352.27
1544824352.32
1544824352.36
1544824352.42
1544824352.48
1544824352.52
1544824352.56
1544824352.61
1544824352.66
1544824352.71
1544824352.75
1544824352.83
1544824352.88
1544824352.94
1544824353.0
1544824353.04
1544824353.09
1544824353.13
1544824353.17
1544824353.26
1544824353.3
1544824353.35
1544824353.39
1544824353.49
1544824353.54
1544824353.61
1544824353.67
1544824353.71
1544824353.78
1544824353.85
1544824353.9
1544824353.94
1544824353.99
1544824354.05
1544824354.08
1544824354.12
1544824354.17
1544824354.24
1544824354.28
1544824354.32
1544824354.36
1544824354.4
1544824354.44
1544824354.48
1544824354.52
1544824354.55
1544824354.62
1544824354.67
1544824354.69
1544824354.73
1544824354.79
1544824354.85
1544824354.89
1544824354.93
1544824354.99
1544824355.07
1544824355.1
1544824355.15
1544824355.19
1544824355.24
1544824355.29
1544824355.33
1544824355.38
1544824355.43
1544824355.48
1544824355.52
1544824355.55
1544824355.59
1544824355.65
1544824355.7
1544824355.74
1544824355.78
1544824355.84
1544824355.89
1544824355.94
1544824355.99
1544824356.06
1544824356.11
1544824356.15
1544824356.2
1544824356.26
1544824356.3
1544824356.34
1544824356.38
1544824356.43
1544824356.47
1544824356.51
1544824356.55
1544824356.6
1544824356.66
1544824356.7
1544824356.74
1544824356.82
1544824356.88
1544824356.92
1544824356.96
1544824357.01
1544824357.09
1544824357.14
1544824357.21
1544824357.26
1544824357.3
1544824357.35
1544824357.42
1544824357.47
1544824357.51
1544824357.56
1544824357.65
1544824357.69
1544824357.72
1544824357.77
1544824357.83
1544824357.88
1544824357.92
1544824357.97
1544824358.03
1544824358.08
1544824358.14
1544824358.18
1544824358.25
1544824358.29
1544824358.35
1544824358.45
1544824358.52
1544824358.56
1544824358.62
1544824358.68
1544824358.74
1544824358.79
1544824358.86
1544824358.9
1544824358.94
1544824358.98
1544824359.05
1544824359.1
1544824359.14
1544824359.19
1544824359.26
1544824359.32
1544824359.36
1544824359.4
1544824359.48
1544824359.53
1544824359.57
1544824359.65
1544824359.71
1544824359.74
1544824359.79
1544824359.83
1544824359.87
1544824359.91
1544824359.96
1544824360.03
1544824360.08
1544824360.13
1544824360.18
1544824360.23
1544824360.28
1544824360.32
1544824360.35
1544824360.39
1544824360.48
1544824360.51
1544824360.55
1544824360.59
1544824360.65
1544824360.7
1544824360.74
1544824360.78
1544824360.83
1544824360.88
1544824360.92
1544824360.96
1544824361.02
1544824361.06
1544824361.1
1544824361.14
1544824361.18
1544824361.21
1544824361.25
1544824361.28
1544824361.32
1544824361.37
1544824361.43
1544824361.48
1544824361.52
1544824361.56
1544824361.62
1544824361.68
1544824361.73
1544824361.77
1544824361.84
1544824361.88
1544824361.92
1544824361.97
1544824362.04
1544824362.08
1544824362.13
1544824362.17
1544824362.22
1544824362.28
1544824362.31
1544824362.36
1544824362.4
1544824362.45
1544824362.5
1544824362.57
1544824362.63
1544824362.69
1544824362.76
1544824362.84
1544824362.91
1544824363.0
1544824363.1
1544824363.19
1544824363.26
1544824363.33
1544824363.41
1544824363.49
1544824363.57
1544824363.65
1544824363.71
1544824363.77
1544824363.84
1544824363.91
1544824363.99
1544824364.06
1544824364.13
1544824364.21
1544824364.29
1544824364.36
1544824364.43
1544824364.47
1544824364.51
1544824364.56
1544824364.6
1544824364.65
1544824364.72
1544824364.76
1544824364.82
1544824364.87
1544824364.92
1544824364.97
1544824365.04
1544824365.11
1544824365.16
1544824365.2
1544824365.27
1544824365.32
1544824365.36
1544824365.4
1544824365.49
1544824365.54
1544824365.59
1544824365.64
1544824365.71
1544824365.75
1544824365.79
1544824365.83
1544824365.87
1544824365.93
1544824365.97
1544824366.01
1544824366.05
1544824366.09
1544824366.14
1544824366.19
1544824366.23
1544824366.3
1544824366.34
1544824366.4
1544824366.45
1544824366.52
1544824366.56
1544824366.59
1544824366.67
1544824366.73
1544824366.77
1544824366.81
1544824366.87
1544824366.92
1544824366.96
1544824367.0
1544824367.08
1544824367.13
1544824367.18
1544824367.23
1544824367.29
1544824367.33
1544824367.38
1544824367.44
1544824367.5
1544824367.54
1544824367.58
1544824367.62
1544824367.69
1544824367.73
1544824367.76
1544824367.8
1544824367.88
1544824367.92
1544824367.96
1544824367.99
1544824368.05
1544824368.12
1544824368.17
1544824368.21
1544824368.26
1544824368.31
1544824368.36
1544824368.42
1544824368.48
1544824368.53
1544824368.58
1544824368.63
1544824368.71
1544824368.75
1544824368.8
1544824368.85
1544824368.93
1544824368.97
1544824369.02
1544824369.08
1544824369.13
1544824369.17
1544824369.22
1544824369.29
1544824369.34
1544824369.38
1544824369.43
1544824369.48
1544824369.53
1544824369.59
1544824369.62
1544824369.66
1544824369.71
1544824369.75
1544824369.8
1544824369.86
1544824369.92
1544824369.96
1544824370.01
1544824370.04
1544824370.12
1544824370.16
1544824370.2
1544824370.28
1544824370.35
1544824370.41
1544824370.49
1544824370.57
1544824370.63
1544824370.7
1544824370.77
1544824370.85
1544824370.93
1544824370.98
1544824371.02
1544824371.06
1544824371.1
1544824371.15
1544824371.22
1544824371.29
1544824371.37
1544824371.46
1544824371.53
1544824371.58
1544824371.63
1544824371.69
1544824371.76
1544824371.85
1544824371.92
1544824371.97
1544824372.02
1544824372.08
1544824372.15
1544824372.21
1544824372.26
1544824372.33
1544824372.39
1544824372.44
1544824372.51
1544824372.54
1544824372.58
1544824372.64
1544824372.7
1544824372.74
1544824372.78
1544824372.85
1544824372.92
1544824372.96
1544824373.01
1544824373.1
1544824373.15
1544824373.2
1544824373.27
1544824373.3
1544824373.35
1544824373.41
1544824373.47
1544824373.52
1544824373.56
1544824373.6
1544824373.65
1544824373.7
1544824373.74
1544824373.78
1544824373.84
1544824373.89
1544824373.93
1544824373.97
1544824374.01
1544824374.08
1544824374.13
1544824374.16
1544824374.21
1544824374.28
1544824374.33
1544824374.37
1544824374.41
1544824374.47
1544824374.53
1544824374.57
1544824374.62
1544824374.69
1544824374.75
1544824374.81
1544824374.87
1544824374.93
1544824374.99
1544824375.07
1544824375.13
1544824375.18
1544824375.28
1544824375.34
1544824375.38
1544824375.43
1544824375.49
1544824375.55
1544824375.6
1544824375.64
1544824375.68
1544824375.75
1544824375.81
1544824375.85
1544824375.93
1544824375.98
1544824376.02
1544824376.07
1544824376.15
1544824376.21
1544824376.27
1544824376.34
1544824376.41
1544824376.45
1544824376.52
1544824376.57
1544824376.6
1544824376.64
1544824376.68
1544824376.74
1544824376.79
1544824376.83
1544824376.88
1544824376.95
1544824377.0
1544824377.04
1544824377.09
1544824377.14
1544824377.19
1544824377.24
1544824377.3
1544824377.35
1544824377.39
1544824377.43
1544824377.48
1544824377.53
1544824377.58
1544824377.63
1544824377.66
1544824377.72
1544824377.78
1544824377.82
1544824377.86
1544824377.91
1544824377.97
1544824378.02
1544824378.08
1544824378.16
1544824378.2
1544824378.24
1544824378.28
1544824378.34
1544824378.38
1544824378.43
1544824378.48
1544824378.56
1544824378.62
1544824378.66
1544824378.76
1544824378.8
1544824378.84
1544824378.88
1544824378.95
1544824379.0
1544824379.04
1544824379.09
1544824379.18
1544824379.22
1544824379.27
1544824379.34
1544824379.38
1544824379.42
1544824379.47
1544824379.51
1544824379.58
1544824379.62
1544824379.66
1544824379.75
1544824379.82
1544824379.86
1544824379.94
1544824379.98
1544824380.03
1544824380.08
1544824380.15
1544824380.2
1544824380.25
1544824380.3
1544824380.35
1544824380.39
1544824380.43
1544824380.48
1544824380.55
1544824380.61
1544824380.67
1544824380.73
1544824380.78
1544824380.82
1544824380.88
1544824380.93
1544824380.99
1544824381.03
1544824381.08
1544824381.14
1544824381.18
1544824381.23
1544824381.28
1544824381.34
1544824381.39
1544824381.44
1544824381.48
1544824381.52
1544824381.58
1544824381.62
1544824381.67
1544824381.72
1544824381.79
1544824381.83
1544824381.86
1544824381.91
1544824381.97
1544824382.01
1544824382.06
1544824382.12
1544824382.17
1544824382.21
1544824382.25
1544824382.31
1544824382.36
1544824382.4
1544824382.45
1544824382.53
1544824382.61
1544824382.66
1544824382.71
1544824382.78
1544824382.82
1544824382.87
1544824382.94
1544824382.99
1544824383.03
1544824383.07
1544824383.13
1544824383.18
1544824383.21
1544824383.27
1544824383.35
1544824383.39
1544824383.43
1544824383.47
1544824383.51
1544824383.57
1544824383.62
1544824383.66
1544824383.73
1544824383.78
1544824383.81
1544824383.86
1544824383.94
1544824383.98
1544824384.02
1544824384.07
1544824384.13
1544824384.18
1544824384.22
1544824384.28
1544824384.36
1544824384.39
1544824384.43
1544824384.49
1544824384.54
1544824384.57
1544824384.62
1544824384.65
1544824384.71
1544824384.76
1544824384.81
1544824384.84
1544824384.91
1544824384.95
1544824385.0
1544824385.04
1544824385.09
1544824385.14
1544824385.21
1544824385.26
1544824385.32
1544824385.4
1544824385.45
1544824385.52
1544824385.59
1544824385.66
1544824385.74
1544824385.8
1544824385.86
1544824385.93
1544824385.99
1544824386.06
1544824386.13
1544824386.19
1544824386.25
1544824386.33
1544824386.4
1544824386.49
1544824386.58
1544824386.66
1544824386.72
1544824386.77
1544824386.85
1544824386.9
1544824386.96
1544824387.01
1544824387.07
1544824387.13
1544824387.19
1544824387.24
1544824387.29
1544824387.34
1544824387.39
1544824387.43
1544824387.47
1544824387.52
1544824387.56
1544824387.6
1544824387.64
1544824387.69
1544824387.73
1544824387.79
1544824387.83
1544824387.88
1544824387.94
1544824387.98
1544824388.03
1544824388.09
1544824388.16
1544824388.21
1544824388.28
1544824388.32
1544824388.36
1544824388.41
1544824388.45
1544824388.51
1544824388.56
1544824388.59
1544824388.64
1544824388.71
1544824388.79
1544824388.83
1544824388.87
1544824388.92
1544824388.96
1544824389.0
1544824389.03
1544824389.08
1544824389.16
1544824389.19
1544824389.24
1544824389.29
1544824389.37
1544824389.41
1544824389.45
1544824389.51
1544824389.56
1544824389.61
1544824389.64
1544824389.69
1544824389.76
1544824389.79
1544824389.83
1544824389.87
1544824389.94
1544824389.99
1544824390.03
1544824390.07
1544824390.13
1544824390.19
1544824390.23
1544824390.28
1544824390.35
1544824390.41
1544824390.45
1544824390.52
1544824390.58
1544824390.64
1544824390.67
1544824390.72
1544824390.76
1544824390.8
1544824390.84
1544824390.87
1544824390.93
1544824390.98
1544824391.02
1544824391.05
1544824391.09
1544824391.14
1544824391.18
1544824391.23
1544824391.26
1544824391.31
1544824391.36
1544824391.43
1544824391.46
1544824391.51
1544824391.55
1544824391.6
1544824391.64
1544824391.67
1544824391.72
1544824391.75
1544824391.8
1544824391.83
1544824391.87
1544824391.91
1544824391.94
1544824391.97
1544824392.02
1544824392.05
1544824392.1
1544824392.15
1544824392.18
1544824392.22
1544824392.25
1544824392.28
1544824392.34
1544824392.4
1544824392.44
1544824392.47
1544824392.52
1544824392.56
1544824392.61
1544824392.65
1544824392.68
1544824392.72
1544824392.78
1544824392.83
1544824392.86
1544824392.92
1544824392.96
1544824393.0
1544824393.05
1544824393.08
1544824393.15
1544824393.2
1544824393.24
1544824393.28
1544824393.33
1544824393.37
1544824393.41
1544824393.45
1544824393.48
1544824393.53
1544824393.57
1544824393.62
1544824393.65
1544824393.7
1544824393.75
1544824393.81
1544824393.84
1544824393.88
1544824393.92
1544824393.98
1544824394.02
1544824394.06
1544824394.11
1544824394.15
1544824394.21
1544824394.24
1544824394.28
1544824394.34
1544824394.39
1544824394.44
1544824394.48
1544824394.54
1544824394.59
1544824394.63
1544824394.7
1544824394.77
1544824394.81
1544824394.86
1544824394.96
1544824395.01
1544824395.05
1544824395.11
1544824395.17
1544824395.21
1544824395.25
1544824395.3
1544824395.36
1544824395.41
1544824395.46
1544824395.52
1544824395.58
1544824395.62
1544824395.66
1544824395.7
1544824395.73
1544824395.77
1544824395.84
1544824395.88
1544824395.93
1544824395.97
1544824396.01
1544824396.04
1544824396.08
1544824396.16
1544824396.2
1544824396.23
1544824396.27
1544824396.35
1544824396.39
1544824396.42
1544824396.49
1544824396.58
1544824396.61
1544824396.65
1544824396.69
1544824396.74
1544824396.78
1544824396.81
1544824396.85
1544824396.89
1544824396.92
1544824396.96
1544824396.99
1544824397.03
1544824397.07
1544824397.12
1544824397.16
1544824397.19
1544824397.23
1544824397.27
1544824397.32
1544824397.37
1544824397.4
1544824397.44
1544824397.49
1544824397.53
1544824397.56
1544824397.6
1544824397.64
1544824397.68
1544824397.71
1544824397.76
1544824397.8
1544824397.84
1544824397.88
1544824397.92
1544824397.97
1544824398.0
1544824398.05
1544824398.12
1544824398.17
1544824398.21
1544824398.25
1544824398.3
1544824398.35
1544824398.39
1544824398.42
1544824398.45
1544824398.53
1544824398.59
1544824398.62
1544824398.65
1544824398.7
1544824398.76
1544824398.8
1544824398.84
1544824398.9
1544824398.94
1544824398.98
1544824399.02
1544824399.06
1544824399.13
1544824399.17
1544824399.21
1544824399.25
1544824399.3
1544824399.35
1544824399.39
1544824399.43
1544824399.47
1544824399.51
1544824399.55
1544824399.58
1544824399.62
1544824399.67
1544824399.73
1544824399.77
1544824399.82
1544824399.87
1544824399.91
1544824399.95
1544824399.99
1544824400.03
1544824400.08
1544824400.11
1544824400.15
1544824400.19
1544824400.22
1544824400.27
1544824400.32
1544824400.36
1544824400.4
1544824400.43
1544824400.49
1544824400.56
1544824400.6
1544824400.65
1544824400.69
1544824400.74
1544824400.79
1544824400.83
1544824400.86
1544824400.9
1544824400.95
1544824401.0
1544824401.04
1544824401.08
1544824401.15
1544824401.2
1544824401.24
1544824401.28
1544824401.33
1544824401.39
1544824401.43
1544824401.49
1544824401.55
1544824401.6
1544824401.63
1544824401.71
1544824401.77
1544824401.81
1544824401.84
1544824401.88
1544824401.96
1544824402.01
1544824402.04
1544824402.09
1544824402.14
1544824402.19
1544824402.23
1544824402.27
1544824402.33
1544824402.4
1544824402.44
1544824402.49
1544824402.55
1544824402.59
1544824402.64
1544824402.71
1544824402.77
1544824402.82
1544824402.86
1544824402.91
1544824402.95
1544824402.99
1544824403.03
1544824403.09
1544824403.16
1544824403.2
1544824403.26
1544824403.31
1544824403.37
1544824403.44
1544824403.5
1544824403.58
1544824403.63
1544824403.67
1544824403.74
1544824403.8
1544824403.86
1544824403.94
1544824404.03
1544824404.13
1544824404.23
1544824404.38
1544824404.48
1544824404.54
1544824404.59
1544824404.66
1544824404.73
1544824404.81
1544824404.9
1544824405.0
1544824405.09
1544824405.18
1544824405.26
1544824405.31
1544824405.37
1544824405.43
1544824405.47
1544824405.52
1544824405.58
1544824405.64
1544824405.69
1544824405.73
1544824405.78
1544824405.82
1544824405.87
1544824405.92
1544824405.98
1544824406.04
1544824406.08
1544824406.13
1544824406.17
1544824406.21
1544824406.25
1544824406.34
1544824406.4
1544824406.44
1544824406.53
1544824406.57
1544824406.61
1544824406.66
1544824406.72
1544824406.76
1544824406.8
1544824406.85
1544824406.93
1544824406.97
1544824407.01
1544824407.09
1544824407.14
1544824407.18
1544824407.22
1544824407.26
1544824407.32
1544824407.36
1544824407.4
1544824407.47
1544824407.52
1544824407.58
1544824407.62
1544824407.67
1544824407.75
1544824407.8
1544824407.88
1544824407.93
1544824407.97
1544824408.01
1544824408.07
1544824408.14
1544824408.18
1544824408.21
1544824408.27
1544824408.32
1544824408.36
1544824408.41
1544824408.48
1544824408.54
1544824408.57
1544824408.63
1544824408.7
1544824408.76
1544824408.8
1544824408.87
1544824408.93
1544824408.97
1544824409.02
1544824409.08
1544824409.12
1544824409.16
1544824409.19
1544824409.26
1544824409.32
1544824409.37
1544824409.41
1544824409.49
1544824409.55
1544824409.58
1544824409.65
1544824409.71
1544824409.76
1544824409.79
1544824409.83
1544824409.88
1544824409.93
1544824409.96
1544824410.01
1544824410.06
1544824410.11
1544824410.15
1544824410.2
1544824410.25
1544824410.29
1544824410.33
1544824410.37
1544824410.42
1544824410.46
1544824410.5
1544824410.55
1544824410.59
1544824410.63
1544824410.71
1544824410.75
1544824410.8
1544824410.84
1544824410.88
1544824410.94
1544824410.98
1544824411.03
1544824411.08
1544824411.14
1544824411.18
1544824411.23
1544824411.3
1544824411.35
1544824411.4
1544824411.46
1544824411.54
1544824411.58
1544824411.62
1544824411.66
1544824411.71
1544824411.75
1544824411.79
1544824411.82
1544824411.89
1544824411.94
1544824411.99
1544824412.02
1544824412.06
1544824412.09
1544824412.14
1544824412.18
1544824412.22
1544824412.27
1544824412.33
1544824412.38
1544824412.41
1544824412.47
1544824412.53
1544824412.57
1544824412.61
1544824412.64
1544824412.68
1544824412.73
1544824412.77
1544824412.81
1544824412.87
1544824412.93
1544824412.97
1544824413.01
1544824413.07
1544824413.12
1544824413.16
1544824413.2
1544824413.24
1544824413.3
1544824413.34
1544824413.38
1544824413.44
1544824413.52
1544824413.58
1544824413.66
1544824413.72
1544824413.76
1544824413.8
1544824413.84
1544824413.92
1544824413.98
1544824414.03
1544824414.11
1544824414.19
1544824414.26
1544824414.33
1544824414.4
1544824414.45
1544824414.51
1544824414.59
1544824414.68
1544824414.78
1544824414.84
1544824414.89
1544824414.93
1544824414.97
1544824415.03
1544824415.09
1544824415.18
1544824415.25
1544824415.33
1544824415.41
1544824415.48
1544824415.54
1544824415.58
1544824415.65
1544824415.69
1544824415.74
1544824415.78
1544824415.85
1544824415.91
1544824415.94
1544824416.0
1544824416.06
1544824416.09
1544824416.14
1544824416.19
1544824416.22
1544824416.26
1544824416.34
1544824416.43
1544824416.51
1544824416.58
1544824416.66
1544824416.7
1544824416.73
1544824416.78
1544824416.84
1544824416.88
1544824416.92
1544824416.98
1544824417.04
1544824417.09
1544824417.13
1544824417.19
1544824417.24
1544824417.29
1544824417.34
1544824417.4
1544824417.45
1544824417.49
1544824417.57
1544824417.62
1544824417.66
1544824417.7
1544824417.77
1544824417.81
1544824417.86
1544824417.9
1544824417.96
1544824418.02
1544824418.07
1544824418.12
1544824418.19
1544824418.24
1544824418.28
1544824418.33
1544824418.41
1544824418.45
1544824418.5
1544824418.59
1544824418.66
1544824418.69
1544824418.74
1544824418.81
1544824418.86
1544824418.9
1544824418.98
1544824419.03
1544824419.08
1544824419.13
1544824419.18
1544824419.22
1544824419.25
1544824419.28
1544824419.37
1544824419.43
1544824419.49
1544824419.55
1544824419.61
1544824419.69
1544824419.75
1544824419.81
1544824419.88
1544824419.93
1544824420.0
1544824420.05
1544824420.12
1544824420.18
1544824420.26
1544824420.33
1544824420.4
1544824420.44
1544824420.5
1544824420.6
1544824420.69
1544824420.78
1544824420.87
1544824420.93
1544824420.98
1544824421.05
1544824421.13
1544824421.22
