1544816557.73
1544816558.48
1544816558.62
1544816558.75
1544816558.86
1544816558.96
1544816559.05
1544816559.13
1544816559.23
1544816559.3
1544816559.4
1544816559.51
1544816559.6
1544816559.69
1544816559.77
1544816559.87
1544816559.97
1544816560.07
1544816560.16
1544816560.26
1544816560.34
1544816560.43
1544816560.51
1544816560.57
1544816560.66
1544816560.75
1544816560.82
1544816560.91
1544816561.02
1544816561.12
1544816561.22
1544816561.3
1544816561.39
1544816561.49
1544816561.59
1544816561.67
1544816561.76
1544816561.85
1544816561.93
1544816562.02
1544816562.13
1544816562.21
1544816562.27
1544816562.33
1544816562.38
1544816562.45
1544816562.51
1544816562.55
1544816562.61
1544816562.67
1544816562.71
1544816562.8
1544816562.86
1544816562.94
1544816563.01
1544816563.08
1544816563.15
1544816563.22
1544816563.27
1544816563.33
1544816563.37
1544816563.44
1544816563.5
1544816563.58
1544816563.65
1544816563.72
1544816563.8
1544816563.87
1544816563.94
1544816564.0
1544816564.06
1544816564.14
1544816564.19
1544816564.26
1544816564.3
1544816564.35
1544816564.4
1544816564.46
1544816564.51
1544816564.56
1544816564.62
1544816564.68
1544816564.77
1544816564.87
1544816564.95
1544816565.02
1544816565.1
1544816565.18
1544816565.25
1544816565.3
1544816565.38
1544816565.45
1544816565.52
1544816565.59
1544816565.66
1544816565.73
1544816565.79
1544816565.86
1544816565.91
1544816565.98
1544816566.04
1544816566.1
1544816566.16
1544816566.22
1544816566.3
1544816566.35
1544816566.38
1544816566.44
1544816566.51
1544816566.57
1544816566.63
1544816566.71
1544816566.76
1544816566.84
1544816566.9
1544816566.97
1544816567.04
1544816567.11
1544816567.17
1544816567.24
1544816567.29
1544816567.34
1544816567.39
1544816567.45
1544816567.52
1544816567.59
1544816567.65
1544816567.71
1544816567.77
1544816567.85
1544816567.92
1544816568.0
1544816568.06
1544816568.12
1544816568.19
1544816568.27
1544816568.34
1544816568.43
1544816568.53
1544816568.59
1544816568.65
1544816568.72
1544816568.8
1544816568.87
1544816568.94
1544816569.02
1544816569.07
1544816569.13
1544816569.19
1544816569.26
1544816569.33
1544816569.39
1544816569.45
1544816569.53
1544816569.61
1544816569.69
1544816569.75
1544816569.81
1544816569.87
1544816569.94
1544816569.99
1544816570.06
1544816570.11
1544816570.17
1544816570.23
1544816570.28
1544816570.34
1544816570.41
1544816570.46
1544816570.53
1544816570.59
1544816570.66
1544816570.75
1544816570.82
1544816570.89
1544816570.96
1544816571.03
1544816571.09
1544816571.15
1544816571.22
1544816571.28
1544816571.35
1544816571.39
1544816571.46
1544816571.52
1544816571.58
1544816571.65
1544816571.72
1544816571.79
1544816571.87
1544816571.94
1544816572.0
1544816572.09
1544816572.16
1544816572.22
1544816572.28
1544816572.35
1544816572.42
1544816572.48
1544816572.55
1544816572.61
1544816572.68
1544816572.73
1544816572.79
1544816572.85
1544816572.91
1544816572.96
1544816573.02
1544816573.08
1544816573.14
1544816573.19
1544816573.24
1544816573.3
1544816573.36
1544816573.41
1544816573.46
1544816573.52
1544816573.58
1544816573.63
1544816573.69
1544816573.75
1544816573.81
1544816573.87
1544816573.94
1544816574.0
1544816574.05
1544816574.11
1544816574.16
1544816574.22
1544816574.32
1544816574.41
1544816574.49
1544816574.55
1544816574.62
1544816574.67
1544816574.74
1544816574.8
1544816574.87
1544816574.93
1544816574.99
1544816575.04
1544816575.11
1544816575.16
1544816575.22
1544816575.28
1544816575.33
1544816575.39
1544816575.46
1544816575.52
1544816575.57
1544816575.62
1544816575.68
1544816575.74
1544816575.8
1544816575.85
1544816575.91
1544816575.97
1544816576.03
1544816576.09
1544816576.14
1544816576.2
1544816576.26
1544816576.32
1544816576.37
1544816576.43
1544816576.49
1544816576.54
1544816576.6
1544816576.67
1544816576.73
1544816576.78
1544816576.84
1544816576.91
1544816576.96
1544816577.04
1544816577.15
1544816577.22
1544816577.29
1544816577.35
1544816577.41
1544816577.47
1544816577.54
1544816577.59
1544816577.68
1544816577.76
1544816577.83
1544816577.88
1544816577.95
1544816578.01
1544816578.08
1544816578.14
1544816578.22
1544816578.28
1544816578.35
1544816578.41
1544816578.48
1544816578.53
1544816578.59
1544816578.65
1544816578.71
1544816578.77
1544816578.83
1544816578.88
1544816578.95
1544816579.01
1544816579.07
1544816579.15
1544816579.22
1544816579.29
1544816579.36
1544816579.42
1544816579.49
1544816579.56
1544816579.62
1544816579.68
1544816579.75
1544816579.82
1544816579.89
1544816579.95
1544816580.03
1544816580.1
1544816580.16
1544816580.23
1544816580.3
1544816580.37
1544816580.43
1544816580.49
1544816580.57
1544816580.66
1544816580.75
1544816580.82
1544816580.89
1544816580.97
1544816581.04
1544816581.1
1544816581.13
1544816581.18
1544816581.22
1544816581.26
1544816581.32
1544816581.35
1544816581.39
1544816581.42
1544816581.48
1544816581.53
1544816581.56
1544816581.62
1544816581.68
1544816581.73
1544816581.77
1544816581.82
1544816581.86
1544816581.93
1544816581.96
1544816582.01
1544816582.06
1544816582.12
1544816582.16
1544816582.2
1544816582.27
1544816582.32
1544816582.36
1544816582.39
1544816582.43
1544816582.49
1544816582.53
1544816582.58
1544816582.62
1544816582.68
1544816582.73
1544816582.76
1544816582.8
1544816582.86
1544816582.91
1544816582.94
1544816582.98
1544816583.03
1544816583.09
1544816583.14
1544816583.17
1544816583.21
1544816583.27
1544816583.33
1544816583.37
1544816583.42
1544816583.49
1544816583.52
1544816583.56
1544816583.6
1544816583.65
1544816583.71
1544816583.76
1544816583.81
1544816583.85
1544816583.89
1544816583.93
1544816583.97
1544816584.0
1544816584.05
1544816584.1
1544816584.15
1544816584.18
1544816584.23
1544816584.3
1544816584.34
1544816584.38
1544816584.42
1544816584.47
1544816584.53
1544816584.57
1544816584.62
1544816584.67
1544816584.72
1544816584.76
1544816584.8
1544816584.84
1544816584.89
1544816584.94
1544816584.97
1544816585.03
1544816585.08
1544816585.13
1544816585.16
1544816585.23
1544816585.28
1544816585.32
1544816585.36
1544816585.39
1544816585.46
1544816585.53
1544816585.56
1544816585.6
1544816585.65
1544816585.69
1544816585.73
1544816585.77
1544816585.81
1544816585.86
1544816585.91
1544816585.96
1544816586.0
1544816586.05
1544816586.1
1544816586.14
1544816586.17
1544816586.21
1544816586.25
1544816586.3
1544816586.34
1544816586.37
1544816586.42
1544816586.46
1544816586.51
1544816586.55
1544816586.58
1544816586.64
1544816586.68
1544816586.73
1544816586.77
1544816586.82
1544816586.87
1544816586.92
1544816586.96
1544816587.0
1544816587.04
1544816587.1
1544816587.14
1544816587.18
1544816587.25
1544816587.31
1544816587.34
1544816587.38
1544816587.43
1544816587.48
1544816587.53
1544816587.58
1544816587.64
1544816587.68
1544816587.73
1544816587.79
1544816587.85
1544816587.9
1544816587.94
1544816587.99
1544816588.03
1544816588.09
1544816588.13
1544816588.19
1544816588.24
1544816588.29
1544816588.34
1544816588.39
1544816588.43
1544816588.47
1544816588.5
1544816588.56
1544816588.63
1544816588.67
1544816588.72
1544816588.78
1544816588.84
1544816588.9
1544816588.97
1544816589.03
1544816589.07
1544816589.15
1544816589.21
1544816589.25
1544816589.31
1544816589.37
1544816589.42
1544816589.47
1544816589.52
1544816589.56
1544816589.61
1544816589.66
1544816589.71
1544816589.76
1544816589.81
1544816589.86
1544816589.92
1544816589.98
1544816590.04
1544816590.1
1544816590.15
1544816590.2
1544816590.26
1544816590.31
1544816590.36
1544816590.42
1544816590.47
1544816590.54
1544816590.6
1544816590.66
1544816590.72
1544816590.78
1544816590.83
1544816590.88
1544816590.94
1544816591.0
1544816591.07
1544816591.13
1544816591.17
1544816591.23
1544816591.28
1544816591.32
1544816591.36
1544816591.41
1544816591.46
1544816591.5
1544816591.57
1544816591.62
1544816591.66
1544816591.7
1544816591.74
1544816591.81
1544816591.86
1544816591.91
1544816591.95
1544816592.0
1544816592.05
1544816592.09
1544816592.13
1544816592.17
1544816592.22
1544816592.25
1544816592.29
1544816592.34
1544816592.41
1544816592.45
1544816592.49
1544816592.53
1544816592.62
1544816592.66
1544816592.69
1544816592.73
1544816592.78
1544816592.83
1544816592.85
1544816592.89
1544816592.93
1544816592.98
1544816593.03
1544816593.07
1544816593.11
1544816593.2
1544816593.26
1544816593.3
1544816593.34
1544816593.4
1544816593.43
1544816593.46
1544816593.51
1544816593.55
1544816593.61
1544816593.66
1544816593.7
1544816593.74
1544816593.78
1544816593.82
1544816593.85
1544816593.89
1544816593.95
1544816594.0
1544816594.05
1544816594.09
1544816594.13
1544816594.17
1544816594.21
1544816594.26
1544816594.29
1544816594.34
1544816594.38
1544816594.42
1544816594.46
1544816594.49
1544816594.54
1544816594.62
1544816594.67
1544816594.71
1544816594.75
1544816594.8
1544816594.84
1544816594.87
1544816594.92
1544816594.96
1544816595.0
1544816595.05
1544816595.08
1544816595.12
1544816595.17
1544816595.22
1544816595.26
1544816595.3
1544816595.34
1544816595.37
1544816595.4
1544816595.44
1544816595.47
1544816595.51
1544816595.55
1544816595.6
1544816595.64
1544816595.68
1544816595.72
1544816595.77
1544816595.82
1544816595.85
1544816595.88
1544816595.93
1544816595.99
1544816596.03
1544816596.07
1544816596.12
1544816596.15
1544816596.2
1544816596.24
1544816596.27
1544816596.3
1544816596.35
1544816596.4
1544816596.45
1544816596.48
1544816596.52
1544816596.57
1544816596.62
1544816596.66
1544816596.7
1544816596.74
1544816596.79
1544816596.84
1544816596.88
1544816596.94
1544816597.01
1544816597.05
1544816597.09
1544816597.15
1544816597.22
1544816597.25
1544816597.29
1544816597.32
1544816597.36
1544816597.44
1544816597.48
1544816597.54
1544816597.6
1544816597.64
1544816597.68
1544816597.73
1544816597.77
1544816597.81
1544816597.86
1544816597.91
1544816597.97
1544816598.02
1544816598.06
1544816598.1
1544816598.14
1544816598.17
1544816598.22
1544816598.28
1544816598.33
1544816598.36
1544816598.39
1544816598.46
1544816598.52
1544816598.57
1544816598.65
1544816598.72
1544816598.75
1544816598.8
1544816598.85
1544816598.9
1544816598.96
1544816599.01
1544816599.1
1544816599.15
1544816599.2
1544816599.26
1544816599.31
1544816599.37
1544816599.42
1544816599.49
1544816599.54
1544816599.58
1544816599.63
1544816599.68
1544816599.72
1544816599.75
1544816599.8
1544816599.85
1544816599.92
1544816599.96
1544816600.01
1544816600.05
1544816600.09
1544816600.14
1544816600.18
1544816600.22
1544816600.27
1544816600.33
1544816600.36
1544816600.41
1544816600.45
1544816600.49
1544816600.53
1544816600.57
1544816600.63
1544816600.69
1544816600.73
1544816600.77
1544816600.81
1544816600.9
1544816600.94
1544816600.98
1544816601.01
1544816601.07
1544816601.12
1544816601.16
1544816601.2
1544816601.24
1544816601.29
1544816601.34
1544816601.37
1544816601.42
1544816601.48
1544816601.53
1544816601.57
1544816601.61
1544816601.68
1544816601.72
1544816601.75
1544816601.8
1544816601.85
1544816601.91
1544816601.95
1544816601.98
1544816602.03
1544816602.07
1544816602.13
1544816602.17
1544816602.22
1544816602.26
1544816602.32
1544816602.36
1544816602.41
1544816602.46
1544816602.52
1544816602.56
1544816602.59
1544816602.63
1544816602.69
1544816602.72
1544816602.76
1544816602.79
1544816602.84
1544816602.9
1544816602.94
1544816602.98
1544816603.02
1544816603.08
1544816603.13
1544816603.19
1544816603.26
1544816603.3
1544816603.34
1544816603.38
1544816603.44
1544816603.49
1544816603.55
1544816603.62
1544816603.68
1544816603.75
1544816603.81
1544816603.86
1544816603.94
1544816603.99
1544816604.06
1544816604.13
1544816604.19
1544816604.25
1544816604.31
1544816604.38
1544816604.43
1544816604.47
1544816604.51
1544816604.56
1544816604.6
1544816604.65
1544816604.7
1544816604.74
1544816604.79
1544816604.84
1544816604.9
1544816604.95
1544816605.0
1544816605.05
1544816605.11
1544816605.17
1544816605.22
1544816605.26
1544816605.3
1544816605.35
1544816605.41
1544816605.45
1544816605.5
1544816605.55
1544816605.61
1544816605.66
1544816605.72
1544816605.77
1544816605.82
1544816605.87
1544816605.92
1544816605.96
1544816606.0
1544816606.04
1544816606.08
1544816606.12
1544816606.18
1544816606.23
1544816606.27
1544816606.32
1544816606.39
1544816606.43
1544816606.47
1544816606.51
1544816606.58
1544816606.62
1544816606.65
1544816606.69
1544816606.76
1544816606.81
1544816606.84
1544816606.88
1544816606.93
1544816606.98
1544816607.02
1544816607.06
1544816607.1
1544816607.16
1544816607.21
1544816607.25
1544816607.28
1544816607.33
1544816607.36
1544816607.4
1544816607.44
1544816607.47
1544816607.52
1544816607.57
1544816607.61
1544816607.65
1544816607.69
1544816607.75
1544816607.79
1544816607.83
1544816607.87
1544816607.9
1544816607.94
1544816608.0
1544816608.04
1544816608.08
1544816608.13
1544816608.17
1544816608.2
1544816608.24
1544816608.27
1544816608.34
1544816608.39
1544816608.43
1544816608.47
1544816608.52
1544816608.59
1544816608.63
1544816608.67
1544816608.71
1544816608.76
1544816608.81
1544816608.85
1544816608.9
1544816608.96
1544816609.01
1544816609.06
1544816609.11
1544816609.17
1544816609.21
1544816609.26
1544816609.31
1544816609.4
1544816609.44
1544816609.48
1544816609.52
1544816609.59
1544816609.63
1544816609.66
1544816609.71
1544816609.76
1544816609.8
1544816609.84
1544816609.87
1544816609.9
1544816609.95
1544816610.0
1544816610.04
1544816610.08
1544816610.13
1544816610.19
1544816610.23
1544816610.26
1544816610.32
1544816610.38
1544816610.42
1544816610.46
1544816610.51
1544816610.55
1544816610.6
1544816610.64
1544816610.68
1544816610.72
1544816610.77
1544816610.83
1544816610.86
1544816610.9
1544816610.97
1544816611.01
1544816611.06
1544816611.1
1544816611.16
1544816611.21
1544816611.25
1544816611.29
1544816611.36
1544816611.42
1544816611.45
1544816611.51
1544816611.57
1544816611.62
1544816611.66
1544816611.69
1544816611.77
1544816611.83
1544816611.86
1544816611.91
1544816611.95
1544816612.0
1544816612.04
1544816612.08
1544816612.14
1544816612.19
1544816612.23
1544816612.26
1544816612.3
1544816612.35
1544816612.4
1544816612.44
1544816612.48
1544816612.55
1544816612.61
1544816612.65
1544816612.74
1544816612.81
1544816612.84
1544816612.89
1544816612.94
1544816612.99
1544816613.04
1544816613.08
1544816613.12
1544816613.16
1544816613.21
1544816613.24
1544816613.28
1544816613.32
1544816613.35
1544816613.39
1544816613.43
1544816613.47
1544816613.53
1544816613.59
1544816613.63
1544816613.67
1544816613.71
1544816613.76
1544816613.81
1544816613.85
1544816613.89
1544816613.93
1544816613.97
1544816614.01
1544816614.04
1544816614.08
1544816614.11
1544816614.16
1544816614.2
1544816614.24
1544816614.27
1544816614.34
1544816614.39
1544816614.43
1544816614.46
1544816614.5
1544816614.56
1544816614.62
1544816614.65
1544816614.69
1544816614.73
1544816614.77
1544816614.82
1544816614.85
1544816614.91
1544816614.99
1544816615.02
1544816615.05
1544816615.09
1544816615.16
1544816615.21
1544816615.24
1544816615.28
1544816615.33
1544816615.38
1544816615.42
1544816615.45
1544816615.49
1544816615.54
1544816615.59
1544816615.62
1544816615.66
1544816615.7
1544816615.74
1544816615.78
1544816615.82
1544816615.85
1544816615.88
1544816615.92
1544816615.98
1544816616.02
1544816616.06
1544816616.1
1544816616.19
1544816616.23
1544816616.26
1544816616.31
1544816616.37
1544816616.41
1544816616.45
1544816616.48
1544816616.53
1544816616.6
1544816616.64
1544816616.69
1544816616.75
1544816616.81
1544816616.86
1544816616.92
1544816616.99
1544816617.04
1544816617.09
1544816617.15
1544816617.2
1544816617.25
1544816617.31
1544816617.35
1544816617.39
1544816617.42
1544816617.46
1544816617.5
1544816617.55
1544816617.59
1544816617.63
1544816617.67
1544816617.72
1544816617.77
1544816617.82
1544816617.86
1544816617.9
1544816617.97
1544816618.02
1544816618.06
1544816618.1
1544816618.17
1544816618.22
1544816618.25
1544816618.29
1544816618.34
1544816618.39
1544816618.43
1544816618.47
1544816618.52
1544816618.57
1544816618.62
1544816618.66
1544816618.71
1544816618.75
1544816618.79
1544816618.84
1544816618.88
1544816618.93
1544816618.99
1544816619.04
1544816619.09
1544816619.13
1544816619.17
1544816619.23
1544816619.27
1544816619.32
1544816619.37
1544816619.41
1544816619.46
1544816619.5
1544816619.56
1544816619.62
1544816619.66
1544816619.72
1544816619.76
1544816619.8
1544816619.86
1544816619.92
1544816619.96
1544816620.02
1544816620.08
1544816620.14
1544816620.19
1544816620.23
1544816620.29
1544816620.35
1544816620.4
1544816620.45
1544816620.49
1544816620.52
1544816620.56
1544816620.61
1544816620.66
1544816620.71
1544816620.75
1544816620.78
1544816620.84
1544816620.89
1544816620.93
1544816620.96
1544816621.01
1544816621.05
1544816621.09
1544816621.13
1544816621.17
1544816621.21
1544816621.25
1544816621.29
1544816621.34
1544816621.38
1544816621.42
1544816621.47
1544816621.51
1544816621.55
1544816621.59
1544816621.66
1544816621.72
1544816621.76
1544816621.82
1544816621.88
1544816621.92
1544816621.96
1544816622.0
1544816622.07
1544816622.12
1544816622.16
1544816622.19
1544816622.24
1544816622.31
1544816622.35
1544816622.39
1544816622.45
1544816622.5
1544816622.54
1544816622.57
1544816622.63
1544816622.7
1544816622.74
1544816622.77
1544816622.83
1544816622.89
1544816622.94
1544816622.98
1544816623.02
1544816623.06
1544816623.11
1544816623.14
1544816623.17
1544816623.23
1544816623.29
1544816623.34
1544816623.37
1544816623.42
1544816623.47
1544816623.52
1544816623.55
1544816623.6
1544816623.66
1544816623.7
1544816623.75
1544816623.79
1544816623.84
1544816623.88
1544816623.92
1544816623.96
1544816623.99
1544816624.05
1544816624.11
1544816624.15
1544816624.2
1544816624.24
1544816624.29
1544816624.33
1544816624.37
1544816624.43
1544816624.49
1544816624.53
1544816624.57
1544816624.64
1544816624.72
1544816624.79
1544816624.86
1544816624.94
1544816625.0
1544816625.05
1544816625.09
1544816625.14
1544816625.21
1544816625.25
1544816625.3
1544816625.35
1544816625.4
1544816625.45
1544816625.5
1544816625.56
1544816625.62
1544816625.66
1544816625.72
1544816625.76
1544816625.82
1544816625.87
1544816625.93
1544816625.99
1544816626.04
1544816626.1
1544816626.16
1544816626.23
1544816626.31
1544816626.37
1544816626.44
1544816626.49
1544816626.54
1544816626.6
1544816626.65
1544816626.7
1544816626.77
1544816626.84
1544816626.91
1544816626.97
1544816627.03
1544816627.07
1544816627.12
1544816627.19
1544816627.27
1544816627.35
1544816627.4
1544816627.45
1544816627.48
1544816627.52
1544816627.57
1544816627.63
1544816627.67
1544816627.72
1544816627.79
1544816627.83
1544816627.87
1544816627.92
1544816627.96
1544816628.01
1544816628.06
1544816628.1
1544816628.14
1544816628.17
1544816628.22
1544816628.25
1544816628.3
1544816628.34
1544816628.39
1544816628.44
1544816628.47
1544816628.52
1544816628.6
1544816628.64
1544816628.69
1544816628.74
1544816628.8
1544816628.84
1544816628.87
1544816628.92
1544816628.98
1544816629.03
1544816629.06
1544816629.12
1544816629.19
1544816629.24
1544816629.27
1544816629.3
1544816629.36
1544816629.42
1544816629.45
1544816629.49
1544816629.55
1544816629.6
1544816629.64
1544816629.68
1544816629.72
1544816629.77
1544816629.81
1544816629.85
1544816629.89
1544816629.94
1544816630.0
1544816630.04
1544816630.07
1544816630.11
1544816630.18
1544816630.23
1544816630.26
1544816630.31
1544816630.35
1544816630.39
1544816630.44
1544816630.47
1544816630.51
1544816630.55
1544816630.59
1544816630.64
1544816630.67
1544816630.72
1544816630.78
1544816630.82
1544816630.86
1544816630.9
1544816631.01
1544816631.05
1544816631.09
1544816631.13
1544816631.19
1544816631.23
1544816631.27
1544816631.32
1544816631.38
1544816631.42
1544816631.47
1544816631.5
1544816631.54
1544816631.59
1544816631.64
1544816631.68
1544816631.73
1544816631.78
1544816631.82
1544816631.87
1544816631.92
1544816631.99
1544816632.03
1544816632.07
1544816632.11
1544816632.15
1544816632.22
1544816632.26
1544816632.31
1544816632.37
1544816632.42
1544816632.46
1544816632.5
1544816632.55
1544816632.61
1544816632.64
1544816632.68
1544816632.73
1544816632.79
1544816632.83
1544816632.87
1544816632.92
1544816632.98
1544816633.02
1544816633.07
1544816633.1
1544816633.15
1544816633.19
1544816633.23
1544816633.27
1544816633.32
1544816633.37
1544816633.43
1544816633.47
1544816633.52
1544816633.56
1544816633.61
1544816633.65
1544816633.69
1544816633.74
1544816633.8
1544816633.84
1544816633.88
1544816633.93
1544816633.97
1544816634.03
1544816634.09
1544816634.15
1544816634.22
1544816634.29
1544816634.34
1544816634.37
1544816634.43
1544816634.5
1544816634.55
1544816634.59
1544816634.63
1544816634.68
1544816634.72
1544816634.76
1544816634.81
1544816634.88
1544816634.93
1544816634.97
1544816635.04
1544816635.1
1544816635.16
1544816635.21
1544816635.25
1544816635.32
1544816635.37
1544816635.44
1544816635.49
1544816635.54
1544816635.58
1544816635.62
1544816635.66
1544816635.72
1544816635.76
1544816635.81
1544816635.85
1544816635.9
1544816635.96
1544816636.02
1544816636.07
1544816636.14
1544816636.21
1544816636.26
1544816636.31
1544816636.36
1544816636.41
1544816636.45
1544816636.51
1544816636.55
1544816636.59
1544816636.65
1544816636.73
1544816636.79
1544816636.84
1544816636.89
1544816636.96
1544816637.03
1544816637.09
1544816637.16
1544816637.23
1544816637.28
1544816637.34
1544816637.37
1544816637.42
1544816637.47
1544816637.55
1544816637.62
1544816637.68
1544816637.75
1544816637.81
1544816637.86
1544816637.92
1544816637.98
1544816638.04
1544816638.1
1544816638.17
1544816638.22
1544816638.25
1544816638.29
1544816638.34
1544816638.38
1544816638.44
1544816638.48
1544816638.53
1544816638.57
1544816638.62
1544816638.67
1544816638.72
1544816638.76
1544816638.79
1544816638.82
1544816638.88
1544816638.93
1544816638.97
1544816639.02
1544816639.07
1544816639.12
1544816639.16
1544816639.2
1544816639.24
1544816639.29
1544816639.34
1544816639.37
1544816639.41
1544816639.46
1544816639.51
1544816639.55
1544816639.59
1544816639.63
1544816639.7
1544816639.74
1544816639.78
1544816639.84
1544816639.9
1544816639.94
1544816639.98
1544816640.04
1544816640.1
1544816640.14
1544816640.18
1544816640.22
1544816640.27
1544816640.32
1544816640.36
1544816640.4
1544816640.46
1544816640.51
1544816640.54
1544816640.59
1544816640.62
1544816640.65
1544816640.69
1544816640.73
1544816640.77
1544816640.82
1544816640.87
1544816640.92
1544816640.96
1544816640.99
1544816641.03
1544816641.09
1544816641.15
1544816641.19
1544816641.24
1544816641.28
1544816641.32
1544816641.36
1544816641.41
1544816641.47
1544816641.52
1544816641.55
1544816641.59
1544816641.67
1544816641.73
1544816641.76
1544816641.79
1544816641.85
1544816641.9
1544816641.94
1544816641.97
1544816642.03
1544816642.08
1544816642.12
1544816642.15
1544816642.19
1544816642.23
1544816642.28
1544816642.32
1544816642.36
1544816642.41
1544816642.47
1544816642.53
1544816642.57
1544816642.61
1544816642.67
1544816642.73
1544816642.76
1544816642.79
1544816642.83
1544816642.88
1544816642.92
1544816642.95
1544816643.01
1544816643.05
1544816643.1
1544816643.14
1544816643.18
1544816643.22
1544816643.27
1544816643.32
1544816643.36
1544816643.41
1544816643.45
1544816643.51
1544816643.55
1544816643.59
1544816643.64
1544816643.7
1544816643.74
1544816643.78
1544816643.82
1544816643.9
1544816643.94
1544816643.97
1544816644.01
1544816644.08
1544816644.14
1544816644.19
1544816644.23
1544816644.27
1544816644.3
1544816644.35
1544816644.39
1544816644.45
1544816644.51
1544816644.55
1544816644.59
1544816644.64
1544816644.68
1544816644.73
1544816644.76
1544816644.82
1544816644.88
1544816644.93
1544816644.97
1544816645.01
1544816645.07
1544816645.12
1544816645.15
1544816645.19
1544816645.23
1544816645.28
1544816645.33
1544816645.36
1544816645.39
1544816645.45
1544816645.49
1544816645.53
1544816645.57
1544816645.63
1544816645.69
1544816645.73
1544816645.77
1544816645.8
1544816645.84
1544816645.89
1544816645.93
1544816645.96
1544816646.0
1544816646.05
1544816646.09
1544816646.15
1544816646.19
1544816646.23
1544816646.27
1544816646.32
1544816646.35
1544816646.39
1544816646.43
1544816646.52
1544816646.56
1544816646.62
1544816646.67
1544816646.72
1544816646.79
1544816646.86
1544816646.94
1544816647.02
1544816647.07
1544816647.12
1544816647.15
1544816647.21
1544816647.26
1544816647.32
1544816647.37
1544816647.44
1544816647.49
1544816647.56
1544816647.61
1544816647.66
1544816647.72
1544816647.78
1544816647.83
1544816647.87
1544816647.94
1544816647.99
1544816648.03
1544816648.08
1544816648.15
1544816648.21
1544816648.27
1544816648.33
1544816648.39
1544816648.45
1544816648.51
1544816648.56
1544816648.62
1544816648.69
1544816648.74
1544816648.79
1544816648.83
1544816648.87
1544816648.91
1544816648.96
1544816649.01
1544816649.05
1544816649.08
1544816649.15
1544816649.22
1544816649.29
1544816649.35
1544816649.42
1544816649.47
1544816649.52
1544816649.57
1544816649.61
1544816649.66
1544816649.71
1544816649.75
1544816649.79
1544816649.84
1544816649.89
1544816649.94
1544816649.99
1544816650.03
1544816650.08
1544816650.13
1544816650.19
1544816650.25
1544816650.32
1544816650.37
1544816650.43
1544816650.48
1544816650.53
1544816650.56
1544816650.61
1544816650.65
1544816650.68
1544816650.71
1544816650.75
1544816650.79
1544816650.83
1544816650.87
1544816650.94
1544816650.99
1544816651.03
1544816651.07
1544816651.12
1544816651.2
1544816651.24
1544816651.27
1544816651.32
1544816651.4
1544816651.44
1544816651.47
1544816651.53
1544816651.58
1544816651.62
1544816651.66
1544816651.7
1544816651.74
1544816651.79
1544816651.85
1544816651.92
1544816651.96
1544816651.99
1544816652.02
1544816652.08
1544816652.12
1544816652.17
1544816652.22
1544816652.27
1544816652.32
1544816652.37
1544816652.43
1544816652.48
1544816652.53
1544816652.59
1544816652.65
1544816652.72
1544816652.76
1544816652.81
1544816652.87
1544816652.94
1544816653.0
1544816653.07
1544816653.16
1544816653.23
1544816653.29
1544816653.34
1544816653.38
1544816653.43
1544816653.47
1544816653.52
1544816653.56
1544816653.6
1544816653.64
1544816653.7
1544816653.74
1544816653.78
1544816653.82
1544816653.85
1544816653.9
1544816653.94
1544816653.98
1544816654.02
1544816654.08
1544816654.13
1544816654.17
1544816654.23
1544816654.31
1544816654.34
1544816654.37
1544816654.42
1544816654.46
1544816654.52
1544816654.56
1544816654.6
1544816654.66
1544816654.7
1544816654.74
1544816654.78
1544816654.83
1544816654.89
1544816654.94
1544816655.0
1544816655.04
1544816655.09
1544816655.15
1544816655.19
1544816655.24
1544816655.31
1544816655.36
1544816655.4
1544816655.46
1544816655.51
1544816655.56
1544816655.61
1544816655.66
1544816655.71
1544816655.76
1544816655.82
1544816655.87
1544816655.92
1544816655.96
1544816656.0
1544816656.04
1544816656.09
1544816656.15
1544816656.2
1544816656.25
1544816656.29
1544816656.34
1544816656.39
1544816656.45
1544816656.51
1544816656.56
1544816656.61
1544816656.67
1544816656.73
1544816656.79
1544816656.85
1544816656.9
1544816656.96
1544816657.02
1544816657.08
1544816657.14
1544816657.21
1544816657.27
1544816657.33
1544816657.39
1544816657.43
1544816657.47
1544816657.54
1544816657.57
1544816657.62
1544816657.66
1544816657.71
1544816657.74
1544816657.78
1544816657.84
1544816657.89
1544816657.93
1544816657.96
1544816658.0
1544816658.03
1544816658.07
1544816658.12
1544816658.15
1544816658.2
1544816658.25
1544816658.3
1544816658.34
1544816658.37
1544816658.43
1544816658.49
1544816658.56
1544816658.63
1544816658.69
1544816658.74
1544816658.79
1544816658.86
1544816658.92
1544816658.96
1544816659.01
1544816659.07
1544816659.13
1544816659.19
1544816659.24
1544816659.29
1544816659.33
1544816659.38
1544816659.43
1544816659.49
1544816659.55
1544816659.62
1544816659.67
1544816659.75
1544816659.81
1544816659.86
1544816659.92
1544816659.96
1544816660.01
1544816660.05
1544816660.09
1544816660.15
1544816660.2
1544816660.25
1544816660.3
1544816660.35
1544816660.44
1544816660.5
1544816660.58
1544816660.64
1544816660.69
1544816660.76
1544816660.83
1544816660.9
1544816660.96
1544816661.02
1544816661.07
1544816661.12
1544816661.17
1544816661.24
1544816661.29
1544816661.35
1544816661.39
1544816661.45
1544816661.51
1544816661.57
1544816661.64
1544816661.71
1544816661.77
1544816661.84
1544816661.91
1544816661.97
1544816662.05
1544816662.12
1544816662.14
1544816662.18
1544816662.23
1544816662.28
1544816662.33
1544816662.37
1544816662.42
1544816662.49
1544816662.54
1544816662.57
1544816662.61
1544816662.67
1544816662.71
1544816662.74
1544816662.78
1544816662.83
1544816662.88
1544816662.92
1544816662.96
1544816662.99
1544816663.07
1544816663.12
1544816663.16
1544816663.19
1544816663.24
1544816663.29
1544816663.33
1544816663.39
1544816663.45
1544816663.5
1544816663.55
1544816663.59
1544816663.65
1544816663.7
1544816663.75
1544816663.79
1544816663.84
1544816663.91
1544816663.94
1544816663.98
1544816664.05
1544816664.1
1544816664.14
1544816664.2
1544816664.29
1544816664.33
1544816664.36
1544816664.39
1544816664.48
1544816664.53
1544816664.57
1544816664.64
1544816664.69
1544816664.74
1544816664.78
1544816664.84
1544816664.9
1544816664.94
1544816664.99
1544816665.04
1544816665.08
1544816665.12
1544816665.16
1544816665.22
1544816665.26
1544816665.3
1544816665.34
1544816665.38
1544816665.44
1544816665.5
1544816665.53
1544816665.57
1544816665.63
1544816665.69
1544816665.73
1544816665.77
1544816665.83
1544816665.88
1544816665.92
1544816665.96
1544816666.02
1544816666.07
1544816666.11
1544816666.15
1544816666.19
1544816666.26
1544816666.31
1544816666.35
1544816666.39
1544816666.43
1544816666.46
1544816666.51
1544816666.55
1544816666.59
1544816666.66
1544816666.71
1544816666.74
1544816666.79
1544816666.87
1544816666.92
1544816666.95
1544816667.0
1544816667.05
1544816667.09
1544816667.14
1544816667.19
1544816667.24
1544816667.27
1544816667.31
1544816667.35
1544816667.39
1544816667.44
1544816667.49
1544816667.54
1544816667.57
1544816667.63
1544816667.7
1544816667.76
1544816667.83
1544816667.89
1544816667.92
1544816667.96
1544816668.03
1544816668.09
1544816668.12
1544816668.16
1544816668.23
1544816668.28
1544816668.32
1544816668.36
1544816668.42
1544816668.47
1544816668.52
1544816668.56
1544816668.61
1544816668.66
1544816668.7
1544816668.74
1544816668.77
1544816668.81
1544816668.89
1544816668.93
1544816668.97
1544816669.02
1544816669.07
1544816669.11
1544816669.15
1544816669.18
1544816669.24
1544816669.28
1544816669.33
1544816669.38
1544816669.43
1544816669.5
1544816669.54
1544816669.59
1544816669.64
1544816669.68
1544816669.72
1544816669.76
1544816669.8
1544816669.87
1544816669.91
1544816669.95
1544816670.0
1544816670.07
1544816670.11
1544816670.16
1544816670.19
1544816670.24
1544816670.31
1544816670.35
1544816670.4
1544816670.46
1544816670.51
1544816670.54
1544816670.58
1544816670.62
1544816670.67
1544816670.73
1544816670.76
1544816670.82
1544816670.86
1544816670.91
1544816670.95
1544816671.0
1544816671.08
1544816671.13
1544816671.17
1544816671.22
1544816671.26
1544816671.3
1544816671.36
1544816671.42
1544816671.46
1544816671.5
1544816671.56
1544816671.62
1544816671.68
1544816671.75
1544816671.83
1544816671.89
1544816671.94
1544816671.99
1544816672.04
1544816672.11
1544816672.15
1544816672.2
1544816672.26
1544816672.33
1544816672.39
1544816672.46
1544816672.51
1544816672.55
1544816672.59
1544816672.64
1544816672.7
1544816672.74
1544816672.78
1544816672.82
1544816672.86
1544816672.91
1544816672.94
1544816672.98
1544816673.02
1544816673.06
1544816673.09
1544816673.14
1544816673.19
1544816673.23
1544816673.27
1544816673.34
1544816673.39
1544816673.44
1544816673.47
1544816673.52
1544816673.56
1544816673.6
1544816673.63
1544816673.67
1544816673.72
1544816673.77
1544816673.81
1544816673.84
1544816673.88
1544816673.94
1544816673.99
1544816674.04
1544816674.08
1544816674.13
1544816674.17
1544816674.22
1544816674.26
1544816674.31
1544816674.35
1544816674.4
1544816674.44
1544816674.47
1544816674.51
1544816674.56
1544816674.61
1544816674.65
1544816674.69
1544816674.77
1544816674.81
1544816674.85
1544816674.89
1544816674.94
1544816674.98
1544816675.02
1544816675.07
1544816675.16
1544816675.21
1544816675.25
1544816675.29
1544816675.35
1544816675.4
1544816675.45
1544816675.49
1544816675.52
1544816675.56
1544816675.6
1544816675.64
1544816675.67
1544816675.74
1544816675.79
1544816675.84
1544816675.88
1544816675.93
1544816675.96
1544816676.01
1544816676.05
1544816676.09
1544816676.15
1544816676.2
1544816676.23
1544816676.27
1544816676.32
1544816676.36
1544816676.41
1544816676.45
1544816676.48
1544816676.54
1544816676.6
1544816676.64
1544816676.68
1544816676.74
1544816676.8
1544816676.84
1544816676.87
1544816676.93
1544816676.98
1544816677.02
1544816677.05
1544816677.1
1544816677.14
1544816677.21
1544816677.24
1544816677.28
1544816677.36
1544816677.41
1544816677.45
1544816677.51
1544816677.57
1544816677.61
1544816677.65
1544816677.7
1544816677.77
1544816677.82
1544816677.86
1544816677.91
1544816677.96
1544816678.02
1544816678.05
1544816678.09
1544816678.16
1544816678.2
1544816678.24
1544816678.28
1544816678.33
1544816678.37
1544816678.43
1544816678.47
1544816678.53
1544816678.58
1544816678.63
1544816678.68
1544816678.72
1544816678.76
1544816678.82
1544816678.88
1544816678.94
1544816679.0
1544816679.07
1544816679.13
1544816679.19
1544816679.25
1544816679.32
1544816679.38
1544816679.44
1544816679.51
1544816679.58
1544816679.64
1544816679.72
1544816679.77
1544816679.84
1544816679.91
1544816679.97
1544816680.04
1544816680.11
1544816680.18
1544816680.26
1544816680.29
1544816680.33
1544816680.38
1544816680.43
1544816680.48
1544816680.54
1544816680.61
1544816680.67
1544816680.74
1544816680.8
1544816680.86
1544816680.93
1544816681.0
1544816681.06
1544816681.13
1544816681.19
1544816681.23
1544816681.28
1544816681.33
1544816681.37
1544816681.41
1544816681.44
1544816681.51
1544816681.54
1544816681.59
1544816681.63
1544816681.7
1544816681.74
1544816681.79
1544816681.84
1544816681.91
1544816681.95
1544816682.0
1544816682.05
1544816682.12
1544816682.17
1544816682.23
1544816682.28
1544816682.32
1544816682.36
1544816682.41
1544816682.46
1544816682.53
1544816682.57
1544816682.61
1544816682.66
1544816682.7
1544816682.75
1544816682.78
1544816682.82
1544816682.87
1544816682.92
1544816682.95
1544816682.98
1544816683.03
1544816683.07
1544816683.13
1544816683.19
1544816683.27
1544816683.33
1544816683.35
1544816683.39
1544816683.43
1544816683.49
1544816683.54
1544816683.58
1544816683.63
1544816683.68
1544816683.72
1544816683.76
1544816683.8
1544816683.85
1544816683.92
1544816683.96
1544816684.0
1544816684.09
1544816684.14
1544816684.18
1544816684.22
1544816684.26
1544816684.31
1544816684.34
1544816684.39
1544816684.45
1544816684.51
1544816684.55
1544816684.6
1544816684.67
1544816684.72
1544816684.77
1544816684.81
1544816684.87
1544816684.93
1544816684.97
1544816685.02
1544816685.09
1544816685.14
1544816685.17
1544816685.23
1544816685.28
1544816685.32
1544816685.37
1544816685.41
1544816685.49
1544816685.54
1544816685.58
1544816685.62
1544816685.66
1544816685.69
1544816685.74
1544816685.78
1544816685.84
1544816685.91
1544816685.95
1544816685.99
1544816686.04
1544816686.09
1544816686.12
1544816686.17
1544816686.21
1544816686.25
1544816686.3
1544816686.34
1544816686.37
1544816686.42
1544816686.45
1544816686.5
1544816686.55
1544816686.59
1544816686.64
1544816686.7
1544816686.75
1544816686.78
1544816686.83
1544816686.89
1544816686.95
1544816686.99
1544816687.04
1544816687.12
1544816687.16
1544816687.21
1544816687.26
1544816687.31
1544816687.35
1544816687.39
1544816687.45
1544816687.51
1544816687.55
1544816687.59
1544816687.68
1544816687.74
1544816687.78
1544816687.82
1544816687.89
1544816687.94
1544816687.98
1544816688.01
1544816688.06
1544816688.13
1544816688.17
1544816688.22
1544816688.28
1544816688.33
1544816688.37
1544816688.41
1544816688.47
1544816688.53
1544816688.56
1544816688.59
1544816688.63
1544816688.71
1544816688.75
1544816688.78
1544816688.84
1544816688.89
1544816688.94
1544816688.98
1544816689.04
1544816689.11
1544816689.15
1544816689.19
1544816689.23
1544816689.27
1544816689.33
1544816689.37
1544816689.43
1544816689.49
1544816689.54
1544816689.61
1544816689.66
1544816689.72
1544816689.77
1544816689.82
1544816689.86
1544816689.92
1544816689.97
1544816690.03
1544816690.09
1544816690.15
1544816690.2
1544816690.26
1544816690.31
1544816690.37
1544816690.42
1544816690.45
1544816690.49
1544816690.54
1544816690.59
1544816690.63
1544816690.67
1544816690.74
1544816690.79
1544816690.84
1544816690.88
1544816690.92
1544816690.99
1544816691.06
1544816691.14
1544816691.21
1544816691.26
1544816691.32
1544816691.39
1544816691.45
1544816691.51
1544816691.57
1544816691.62
1544816691.69
1544816691.75
1544816691.81
1544816691.85
1544816691.89
1544816691.93
1544816691.99
1544816692.04
1544816692.08
1544816692.14
1544816692.18
1544816692.23
1544816692.28
1544816692.35
1544816692.42
1544816692.46
1544816692.52
1544816692.56
1544816692.64
1544816692.71
1544816692.77
1544816692.85
1544816692.94
1544816693.01
1544816693.05
1544816693.12
1544816693.17
1544816693.23
1544816693.29
1544816693.36
1544816693.43
1544816693.47
1544816693.54
1544816693.59
1544816693.65
1544816693.7
1544816693.74
1544816693.79
1544816693.83
1544816693.87
1544816693.91
1544816694.0
1544816694.05
1544816694.1
1544816694.15
1544816694.2
1544816694.25
1544816694.28
1544816694.35
1544816694.4
1544816694.44
1544816694.49
1544816694.55
1544816694.62
1544816694.66
1544816694.71
1544816694.77
1544816694.81
1544816694.85
1544816694.88
1544816694.92
1544816694.99
1544816695.03
1544816695.07
1544816695.11
1544816695.16
1544816695.21
1544816695.25
1544816695.3
1544816695.35
1544816695.39
1544816695.43
1544816695.47
1544816695.52
1544816695.55
1544816695.63
1544816695.66
1544816695.71
1544816695.77
1544816695.83
1544816695.87
1544816695.93
1544816695.96
1544816696.01
1544816696.05
1544816696.09
1544816696.13
1544816696.19
1544816696.23
1544816696.28
1544816696.32
1544816696.38
1544816696.42
1544816696.46
1544816696.51
1544816696.59
1544816696.64
1544816696.67
1544816696.72
1544816696.79
1544816696.83
1544816696.87
1544816696.92
1544816696.95
1544816696.99
1544816697.04
1544816697.08
1544816697.13
1544816697.19
1544816697.23
1544816697.27
1544816697.32
1544816697.36
1544816697.42
1544816697.46
1544816697.5
1544816697.56
1544816697.62
1544816697.66
1544816697.72
1544816697.78
1544816697.82
1544816697.86
1544816697.91
1544816697.96
1544816698.02
1544816698.05
1544816698.09
1544816698.14
1544816698.22
1544816698.26
1544816698.3
1544816698.35
1544816698.4
1544816698.44
1544816698.48
1544816698.52
1544816698.6
1544816698.65
1544816698.69
1544816698.75
1544816698.81
1544816698.85
1544816698.89
1544816698.94
1544816698.99
1544816699.03
1544816699.08
1544816699.13
1544816699.17
1544816699.22
1544816699.26
1544816699.3
1544816699.35
1544816699.42
1544816699.46
1544816699.49
1544816699.54
1544816699.57
1544816699.63
1544816699.67
1544816699.73
1544816699.79
1544816699.83
1544816699.86
1544816699.9
1544816699.95
1544816700.02
1544816700.06
1544816700.11
1544816700.16
1544816700.22
1544816700.26
1544816700.3
1544816700.35
1544816700.4
1544816700.44
1544816700.49
1544816700.55
1544816700.62
1544816700.66
1544816700.7
1544816700.77
1544816700.83
1544816700.86
1544816700.9
1544816700.95
1544816701.0
1544816701.04
1544816701.09
1544816701.13
1544816701.19
1544816701.23
1544816701.27
1544816701.3
1544816701.36
1544816701.41
1544816701.46
1544816701.51
1544816701.56
1544816701.62
1544816701.66
1544816701.7
1544816701.75
1544816701.81
1544816701.85
1544816701.89
1544816701.94
1544816702.0
1544816702.05
1544816702.08
1544816702.12
1544816702.2
1544816702.25
1544816702.28
1544816702.34
1544816702.39
1544816702.43
1544816702.47
1544816702.52
1544816702.58
1544816702.63
1544816702.66
1544816702.71
1544816702.79
1544816702.84
1544816702.89
1544816702.95
1544816703.0
1544816703.04
1544816703.07
1544816703.12
1544816703.17
1544816703.22
1544816703.26
1544816703.3
1544816703.35
1544816703.4
1544816703.44
1544816703.47
1544816703.52
1544816703.57
1544816703.62
1544816703.66
1544816703.72
1544816703.8
1544816703.84
1544816703.88
1544816703.92
1544816703.99
1544816704.05
1544816704.09
1544816704.13
1544816704.16
1544816704.2
1544816704.24
1544816704.27
1544816704.32
1544816704.36
1544816704.42
1544816704.46
1544816704.5
1544816704.54
1544816704.57
1544816704.63
1544816704.69
1544816704.73
1544816704.78
1544816704.84
1544816704.89
1544816704.94
1544816704.99
1544816705.05
1544816705.12
1544816705.17
1544816705.23
1544816705.29
1544816705.35
1544816705.4
1544816705.47
1544816705.54
1544816705.59
1544816705.63
1544816705.68
1544816705.73
1544816705.78
1544816705.82
1544816705.87
1544816705.93
1544816705.98
1544816706.03
1544816706.09
1544816706.14
1544816706.19
1544816706.24
1544816706.29
1544816706.35
1544816706.4
1544816706.45
1544816706.51
1544816706.57
1544816706.62
1544816706.67
1544816706.74
1544816706.8
1544816706.84
1544816706.89
1544816706.94
1544816706.99
1544816707.03
1544816707.08
1544816707.12
1544816707.16
1544816707.22
1544816707.25
1544816707.29
1544816707.35
1544816707.41
1544816707.44
1544816707.47
1544816707.52
1544816707.57
1544816707.62
1544816707.66
1544816707.69
1544816707.75
1544816707.81
1544816707.84
1544816707.89
1544816707.93
1544816707.96
1544816708.0
1544816708.05
1544816708.08
1544816708.13
1544816708.18
1544816708.24
1544816708.29
1544816708.35
1544816708.43
1544816708.47
1544816708.54
1544816708.61
1544816708.65
1544816708.7
1544816708.74
1544816708.78
1544816708.83
1544816708.86
1544816708.9
1544816708.94
1544816709.0
1544816709.05
1544816709.09
1544816709.14
1544816709.21
1544816709.24
1544816709.28
1544816709.32
1544816709.37
1544816709.42
1544816709.47
1544816709.52
1544816709.6
1544816709.64
1544816709.67
1544816709.7
1544816709.75
1544816709.82
1544816709.85
1544816709.88
1544816709.94
1544816710.0
1544816710.04
1544816710.08
1544816710.14
1544816710.19
1544816710.24
1544816710.28
1544816710.33
1544816710.39
1544816710.45
1544816710.51
1544816710.57
1544816710.64
1544816710.71
1544816710.75
1544816710.79
1544816710.83
1544816710.89
1544816710.94
1544816710.99
1544816711.06
1544816711.14
1544816711.22
1544816711.28
1544816711.34
1544816711.4
1544816711.46
1544816711.51
1544816711.56
1544816711.61
1544816711.67
1544816711.72
1544816711.76
1544816711.81
1544816711.87
1544816711.96
1544816712.03
1544816712.11
1544816712.17
1544816712.22
1544816712.27
1544816712.32
1544816712.37
1544816712.42
1544816712.52
1544816712.59
1544816712.67
1544816712.76
1544816712.83
1544816712.91
1544816712.97
1544816713.05
1544816713.11
1544816713.16
1544816713.21
1544816713.26
1544816713.33
1544816713.39
1544816713.43
1544816713.48
1544816713.54
1544816713.6
1544816713.66
1544816713.74
1544816713.8
