1544814302.08
1544814302.57
1544814302.67
1544814302.77
1544814302.86
1544814302.94
1544814302.99
1544814303.04
1544814303.09
1544814303.15
1544814303.2
1544814303.25
1544814303.31
1544814303.37
1544814303.42
1544814303.48
1544814303.54
1544814303.6
1544814303.65
1544814303.7
1544814303.75
1544814303.8
1544814303.86
1544814303.91
1544814303.97
1544814304.02
1544814304.08
1544814304.14
1544814304.18
1544814304.24
1544814304.3
1544814304.37
1544814304.44
1544814304.5
1544814304.57
1544814304.63
1544814304.69
1544814304.75
1544814304.8
1544814304.86
1544814304.9
1544814304.96
1544814305.0
1544814305.05
1544814305.1
1544814305.15
1544814305.21
1544814305.27
1544814305.31
1544814305.35
1544814305.39
1544814305.44
1544814305.49
1544814305.53
1544814305.58
1544814305.62
1544814305.66
1544814305.7
1544814305.75
1544814305.8
1544814305.85
1544814305.88
1544814305.92
1544814305.99
1544814306.05
1544814306.1
1544814306.14
1544814306.19
1544814306.24
1544814306.28
1544814306.32
1544814306.38
1544814306.44
1544814306.49
1544814306.52
1544814306.58
1544814306.63
1544814306.68
1544814306.72
1544814306.75
1544814306.8
1544814306.84
1544814306.87
1544814306.91
1544814306.97
1544814307.02
1544814307.06
1544814307.1
1544814307.15
1544814307.21
1544814307.27
1544814307.31
1544814307.36
1544814307.39
1544814307.44
1544814307.47
1544814307.51
1544814307.55
1544814307.59
1544814307.65
1544814307.7
1544814307.74
1544814307.8
1544814307.86
1544814307.91
1544814307.96
1544814308.02
1544814308.07
1544814308.11
1544814308.15
1544814308.18
1544814308.26
1544814308.3
1544814308.34
1544814308.38
1544814308.43
1544814308.47
1544814308.5
1544814308.54
1544814308.6
1544814308.66
1544814308.7
1544814308.75
1544814308.81
1544814308.85
1544814308.89
1544814308.95
1544814309.01
1544814309.06
1544814309.1
1544814309.15
1544814309.22
1544814309.26
1544814309.31
1544814309.36
1544814309.41
1544814309.45
1544814309.49
1544814309.54
1544814309.63
1544814309.67
1544814309.71
1544814309.76
1544814309.8
1544814309.84
1544814309.88
1544814309.9
1544814309.94
1544814310.02
1544814310.07
1544814310.1
1544814310.14
1544814310.22
1544814310.27
1544814310.31
1544814310.4
1544814310.46
1544814310.49
1544814310.52
1544814310.57
1544814310.6
1544814310.65
1544814310.7
1544814310.75
1544814310.81
1544814310.86
1544814310.91
1544814310.96
1544814311.02
1544814311.06
1544814311.09
1544814311.16
1544814311.23
1544814311.27
1544814311.32
1544814311.38
1544814311.45
1544814311.49
1544814311.52
1544814311.57
1544814311.61
1544814311.66
1544814311.69
1544814311.74
1544814311.79
1544814311.84
1544814311.88
1544814311.92
1544814311.98
1544814312.02
1544814312.07
1544814312.11
1544814312.16
1544814312.25
1544814312.29
1544814312.32
1544814312.4
1544814312.45
1544814312.49
1544814312.54
1544814312.59
1544814312.65
1544814312.68
1544814312.72
1544814312.78
1544814312.82
1544814312.86
1544814312.9
1544814312.93
1544814313.0
1544814313.05
1544814313.09
1544814313.13
1544814313.21
1544814313.26
1544814313.3
1544814313.36
1544814313.43
1544814313.47
1544814313.51
1544814313.55
1544814313.59
1544814313.65
1544814313.69
1544814313.73
1544814313.79
1544814313.85
1544814313.88
1544814313.92
1544814313.98
1544814314.04
1544814314.07
1544814314.11
1544814314.16
1544814314.2
1544814314.24
1544814314.28
1544814314.32
1544814314.38
1544814314.44
1544814314.48
1544814314.52
1544814314.58
1544814314.62
1544814314.67
1544814314.7
1544814314.74
1544814314.8
1544814314.85
1544814314.9
1544814314.96
1544814315.05
1544814315.09
1544814315.12
1544814315.19
1544814315.23
1544814315.27
1544814315.31
1544814315.36
1544814315.41
1544814315.46
1544814315.5
1544814315.54
1544814315.64
1544814315.68
1544814315.73
1544814315.78
1544814315.84
1544814315.89
1544814315.92
1544814315.98
1544814316.02
1544814316.09
1544814316.14
1544814316.18
1544814316.22
1544814316.29
1544814316.38
1544814316.44
1544814316.48
1544814316.54
1544814316.59
1544814316.65
1544814316.7
1544814316.75
1544814316.8
1544814316.87
1544814316.92
1544814316.99
1544814317.06
1544814317.12
1544814317.2
1544814317.28
1544814317.37
1544814317.45
1544814317.5
1544814317.58
1544814317.66
1544814317.71
1544814317.76
1544814317.81
1544814317.87
1544814317.91
1544814317.96
1544814318.01
1544814318.05
1544814318.08
1544814318.14
1544814318.18
1544814318.22
1544814318.27
1544814318.32
1544814318.37
1544814318.41
1544814318.45
1544814318.5
1544814318.54
1544814318.59
1544814318.62
1544814318.67
1544814318.71
1544814318.76
1544814318.8
1544814318.85
1544814318.89
1544814318.94
1544814318.97
1544814319.0
1544814319.05
1544814319.09
1544814319.13
1544814319.17
1544814319.2
1544814319.25
1544814319.28
1544814319.32
1544814319.36
1544814319.39
1544814319.42
1544814319.47
1544814319.54
1544814319.57
1544814319.6
1544814319.66
1544814319.7
1544814319.75
1544814319.8
1544814319.84
1544814319.88
1544814319.94
1544814319.98
1544814320.02
1544814320.07
1544814320.12
1544814320.17
1544814320.2
1544814320.24
1544814320.28
1544814320.33
1544814320.37
1544814320.4
1544814320.46
1544814320.5
1544814320.56
1544814320.6
1544814320.63
1544814320.68
1544814320.74
1544814320.78
1544814320.81
1544814320.85
1544814320.89
1544814320.94
1544814320.99
1544814321.02
1544814321.07
1544814321.1
1544814321.15
1544814321.19
1544814321.27
1544814321.3
1544814321.36
1544814321.41
1544814321.45
1544814321.49
1544814321.52
1544814321.57
1544814321.62
1544814321.66
1544814321.69
1544814321.73
1544814321.79
1544814321.83
1544814321.87
1544814321.91
1544814321.95
1544814321.98
1544814322.02
1544814322.06
1544814322.1
1544814322.15
1544814322.18
1544814322.23
1544814322.29
1544814322.35
1544814322.41
1544814322.48
1544814322.53
1544814322.57
1544814322.62
1544814322.67
1544814322.72
1544814322.76
1544814322.81
1544814322.86
1544814322.9
1544814322.96
1544814323.02
1544814323.1
1544814323.16
1544814323.2
1544814323.25
1544814323.3
1544814323.37
1544814323.42
1544814323.49
1544814323.55
1544814323.62
1544814323.69
1544814323.76
1544814323.83
1544814323.9
1544814323.97
1544814324.04
1544814324.07
1544814324.12
1544814324.17
1544814324.23
1544814324.27
1544814324.32
1544814324.36
1544814324.41
1544814324.46
1544814324.5
1544814324.56
1544814324.59
1544814324.63
1544814324.7
1544814324.78
1544814324.84
1544814324.89
1544814324.96
1544814325.0
1544814325.08
1544814325.13
1544814325.2
1544814325.25
1544814325.29
1544814325.32
1544814325.37
1544814325.42
1544814325.46
1544814325.49
1544814325.53
1544814325.57
1544814325.62
1544814325.67
1544814325.7
1544814325.74
1544814325.83
1544814325.87
1544814325.9
1544814325.94
1544814326.02
1544814326.06
1544814326.1
1544814326.16
1544814326.21
1544814326.26
1544814326.29
1544814326.33
1544814326.41
1544814326.46
1544814326.5
1544814326.57
1544814326.62
1544814326.67
1544814326.71
1544814326.76
1544814326.8
1544814326.84
1544814326.88
1544814326.92
1544814326.97
1544814327.0
1544814327.05
1544814327.09
1544814327.13
1544814327.2
1544814327.25
1544814327.29
1544814327.32
1544814327.36
1544814327.41
1544814327.47
1544814327.51
1544814327.56
1544814327.62
1544814327.66
1544814327.7
1544814327.74
1544814327.8
1544814327.85
1544814327.89
1544814327.93
1544814327.97
1544814328.01
1544814328.06
1544814328.09
1544814328.14
1544814328.19
1544814328.26
1544814328.31
1544814328.36
1544814328.4
1544814328.44
1544814328.47
1544814328.51
1544814328.55
1544814328.6
1544814328.64
1544814328.69
1544814328.72
1544814328.78
1544814328.85
1544814328.91
1544814328.97
1544814329.04
1544814329.08
1544814329.14
1544814329.21
1544814329.27
1544814329.31
1544814329.36
1544814329.41
1544814329.46
1544814329.5
1544814329.57
1544814329.64
1544814329.69
1544814329.73
1544814329.77
1544814329.8
1544814329.85
1544814329.88
1544814329.92
1544814329.97
1544814330.01
1544814330.05
1544814330.09
1544814330.13
1544814330.19
1544814330.25
1544814330.29
1544814330.34
1544814330.39
1544814330.43
1544814330.48
1544814330.52
1544814330.55
1544814330.6
1544814330.64
1544814330.68
1544814330.73
1544814330.77
1544814330.82
1544814330.86
1544814330.9
1544814330.94
1544814331.01
1544814331.07
1544814331.11
1544814331.15
1544814331.2
1544814331.25
1544814331.3
1544814331.34
1544814331.4
1544814331.46
1544814331.5
1544814331.54
1544814331.6
1544814331.65
1544814331.69
1544814331.72
1544814331.8
1544814331.85
1544814331.89
1544814331.94
1544814331.98
1544814332.02
1544814332.06
1544814332.09
1544814332.13
1544814332.19
1544814332.24
1544814332.28
1544814332.32
1544814332.38
1544814332.46
1544814332.5
1544814332.55
1544814332.61
1544814332.65
1544814332.7
1544814332.75
1544814332.8
1544814332.85
1544814332.89
1544814332.93
1544814332.97
1544814333.05
1544814333.09
1544814333.13
1544814333.17
1544814333.22
1544814333.26
1544814333.31
1544814333.35
1544814333.39
1544814333.44
1544814333.48
1544814333.52
1544814333.59
1544814333.64
1544814333.68
1544814333.71
1544814333.77
1544814333.81
1544814333.85
1544814333.9
1544814333.93
1544814333.98
1544814334.02
1544814334.07
1544814334.13
1544814334.18
1544814334.25
1544814334.29
1544814334.34
1544814334.44
1544814334.49
1544814334.54
1544814334.62
1544814334.66
1544814334.7
1544814334.76
1544814334.82
1544814334.87
1544814334.91
1544814334.97
1544814335.04
1544814335.08
1544814335.11
1544814335.17
1544814335.21
1544814335.27
1544814335.3
1544814335.34
1544814335.39
1544814335.45
1544814335.49
1544814335.53
1544814335.6
1544814335.66
1544814335.7
1544814335.75
1544814335.8
1544814335.84
1544814335.89
1544814335.92
1544814335.96
1544814336.0
1544814336.06
1544814336.1
1544814336.15
1544814336.24
1544814336.28
1544814336.31
1544814336.38
1544814336.44
1544814336.5
1544814336.57
1544814336.63
1544814336.68
1544814336.72
1544814336.79
1544814336.85
1544814336.88
1544814336.91
1544814336.96
1544814337.04
1544814337.09
1544814337.12
1544814337.2
1544814337.25
1544814337.3
1544814337.34
1544814337.4
1544814337.46
1544814337.5
1544814337.55
1544814337.62
1544814337.66
1544814337.7
1544814337.76
1544814337.81
1544814337.88
1544814337.94
1544814338.0
1544814338.06
1544814338.11
1544814338.17
1544814338.22
1544814338.28
1544814338.34
1544814338.4
1544814338.46
1544814338.52
1544814338.58
1544814338.65
1544814338.7
1544814338.77
1544814338.8
1544814338.87
1544814338.94
1544814338.98
1544814339.03
1544814339.08
1544814339.14
1544814339.2
1544814339.26
1544814339.32
1544814339.38
1544814339.44
1544814339.49
1544814339.56
1544814339.65
1544814339.74
1544814339.82
1544814339.9
1544814339.99
1544814340.05
1544814340.11
1544814340.18
1544814340.25
1544814340.31
1544814340.38
1544814340.42
1544814340.5
1544814340.56
1544814340.61
1544814340.68
1544814340.76
1544814340.82
1544814340.86
1544814340.91
1544814340.95
1544814340.98
1544814341.03
1544814341.07
1544814341.1
1544814341.15
1544814341.2
1544814341.25
1544814341.29
1544814341.34
1544814341.39
1544814341.43
1544814341.48
1544814341.53
1544814341.58
1544814341.63
1544814341.7
1544814341.75
1544814341.78
1544814341.82
1544814341.85
1544814341.92
1544814341.98
1544814342.02
1544814342.08
1544814342.12
1544814342.17
1544814342.19
1544814342.24
1544814342.29
1544814342.34
1544814342.38
1544814342.42
1544814342.5
1544814342.54
1544814342.58
1544814342.62
1544814342.67
1544814342.73
1544814342.77
1544814342.8
1544814342.86
1544814342.9
1544814342.95
1544814343.0
1544814343.06
1544814343.14
1544814343.18
1544814343.22
1544814343.26
1544814343.3
1544814343.34
1544814343.39
1544814343.45
1544814343.53
1544814343.57
1544814343.61
1544814343.66
1544814343.7
1544814343.76
1544814343.79
1544814343.82
1544814343.91
1544814343.96
1544814344.0
1544814344.05
1544814344.12
1544814344.16
1544814344.19
1544814344.23
1544814344.28
1544814344.34
1544814344.38
1544814344.41
1544814344.48
1544814344.54
1544814344.6
1544814344.65
1544814344.74
1544814344.79
1544814344.84
1544814344.89
1544814344.95
1544814344.98
1544814345.01
1544814345.04
1544814345.11
1544814345.14
1544814345.18
1544814345.21
1544814345.25
1544814345.29
1544814345.34
1544814345.38
1544814345.42
1544814345.47
1544814345.54
1544814345.58
1544814345.62
1544814345.66
1544814345.71
1544814345.76
1544814345.8
1544814345.84
1544814345.9
1544814345.95
1544814346.01
1544814346.07
1544814346.12
1544814346.17
1544814346.21
1544814346.27
1544814346.35
1544814346.4
1544814346.47
1544814346.54
1544814346.59
1544814346.65
1544814346.69
1544814346.74
1544814346.78
1544814346.82
1544814346.88
1544814346.93
1544814346.99
1544814347.06
1544814347.11
1544814347.17
1544814347.21
1544814347.26
1544814347.32
1544814347.36
1544814347.41
1544814347.47
1544814347.52
1544814347.57
1544814347.61
1544814347.65
1544814347.69
1544814347.74
1544814347.77
1544814347.81
1544814347.88
1544814347.95
1544814347.99
1544814348.03
1544814348.1
1544814348.14
1544814348.19
1544814348.22
1544814348.27
1544814348.34
1544814348.38
1544814348.41
1544814348.45
1544814348.48
1544814348.52
1544814348.56
1544814348.6
1544814348.65
1544814348.7
1544814348.75
1544814348.8
1544814348.84
1544814348.91
1544814348.97
1544814349.02
1544814349.06
1544814349.11
1544814349.15
1544814349.18
1544814349.24
1544814349.3
1544814349.35
1544814349.39
1544814349.43
1544814349.49
1544814349.54
1544814349.57
1544814349.6
1544814349.65
1544814349.7
1544814349.75
1544814349.79
1544814349.84
1544814349.9
1544814349.95
1544814350.0
1544814350.06
1544814350.12
1544814350.17
1544814350.21
1544814350.27
1544814350.33
1544814350.37
1544814350.4
1544814350.44
1544814350.48
1544814350.52
1544814350.56
1544814350.6
1544814350.64
1544814350.72
1544814350.77
1544814350.81
1544814350.87
1544814350.91
1544814350.95
1544814350.99
1544814351.02
1544814351.08
1544814351.12
1544814351.16
1544814351.2
1544814351.24
1544814351.3
1544814351.34
1544814351.38
1544814351.41
1544814351.45
1544814351.51
1544814351.56
1544814351.59
1544814351.64
1544814351.74
1544814351.78
1544814351.82
1544814351.86
1544814351.9
1544814351.95
1544814351.99
1544814352.05
1544814352.11
1544814352.16
1544814352.2
1544814352.24
1544814352.32
1544814352.37
1544814352.41
1544814352.47
1544814352.53
1544814352.57
1544814352.61
1544814352.68
1544814352.74
1544814352.78
1544814352.82
1544814352.88
1544814352.94
1544814352.98
1544814353.02
1544814353.08
1544814353.14
1544814353.18
1544814353.21
1544814353.27
1544814353.32
1544814353.36
1544814353.4
1544814353.45
1544814353.51
1544814353.56
1544814353.6
1544814353.65
1544814353.7
1544814353.75
1544814353.78
1544814353.81
1544814353.86
1544814353.9
1544814353.95
1544814353.99
1544814354.03
1544814354.1
1544814354.15
1544814354.2
1544814354.24
1544814354.34
1544814354.39
1544814354.42
1544814354.5
1544814354.56
1544814354.59
1544814354.65
1544814354.71
1544814354.76
1544814354.81
1544814354.88
1544814354.92
1544814354.97
1544814355.01
1544814355.07
1544814355.14
1544814355.18
1544814355.21
1544814355.26
1544814355.32
1544814355.39
1544814355.45
1544814355.51
1544814355.56
1544814355.6
1544814355.63
1544814355.7
1544814355.76
1544814355.8
1544814355.84
1544814355.89
1544814355.94
1544814355.97
1544814356.01
1544814356.07
1544814356.14
1544814356.18
1544814356.22
1544814356.28
1544814356.33
1544814356.38
1544814356.42
1544814356.51
1544814356.57
1544814356.61
1544814356.68
1544814356.74
1544814356.78
1544814356.82
1544814356.92
1544814356.97
1544814357.01
1544814357.08
1544814357.14
1544814357.19
1544814357.24
1544814357.31
1544814357.37
1544814357.42
1544814357.49
1544814357.53
1544814357.58
1544814357.61
1544814357.65
1544814357.71
1544814357.76
1544814357.79
1544814357.84
1544814357.9
1544814357.94
1544814357.97
1544814358.01
1544814358.06
1544814358.11
1544814358.15
1544814358.19
1544814358.25
1544814358.3
1544814358.34
1544814358.38
1544814358.42
1544814358.49
1544814358.54
1544814358.58
1544814358.61
1544814358.68
1544814358.74
1544814358.8
1544814358.86
1544814358.89
1544814358.94
1544814359.01
1544814359.07
1544814359.11
1544814359.2
1544814359.28
1544814359.35
1544814359.42
1544814359.48
1544814359.55
1544814359.63
1544814359.68
1544814359.74
1544814359.79
1544814359.85
1544814359.91
1544814359.98
1544814360.04
1544814360.08
1544814360.13
1544814360.19
1544814360.26
1544814360.33
1544814360.39
1544814360.45
1544814360.52
1544814360.59
1544814360.66
1544814360.72
1544814360.81
1544814360.89
1544814360.95
1544814360.99
1544814361.05
1544814361.09
1544814361.13
1544814361.17
1544814361.22
1544814361.26
1544814361.3
1544814361.33
1544814361.37
1544814361.41
1544814361.46
1544814361.49
1544814361.53
1544814361.59
1544814361.63
1544814361.67
1544814361.71
1544814361.76
1544814361.8
1544814361.85
1544814361.9
1544814361.94
1544814362.0
1544814362.04
1544814362.08
1544814362.13
1544814362.21
1544814362.26
1544814362.29
1544814362.32
1544814362.39
1544814362.44
1544814362.48
1544814362.51
1544814362.58
1544814362.64
1544814362.68
1544814362.72
1544814362.75
1544814362.79
1544814362.84
1544814362.88
1544814362.92
1544814362.98
1544814363.06
1544814363.1
1544814363.15
1544814363.21
1544814363.27
1544814363.31
1544814363.36
1544814363.43
1544814363.46
1544814363.5
1544814363.57
1544814363.63
1544814363.68
1544814363.72
1544814363.79
1544814363.84
1544814363.87
1544814363.9
1544814363.94
1544814363.99
1544814364.04
1544814364.08
1544814364.13
1544814364.18
1544814364.23
1544814364.27
1544814364.3
1544814364.34
1544814364.42
1544814364.47
1544814364.52
1544814364.58
1544814364.63
1544814364.68
1544814364.72
1544814364.77
1544814364.84
1544814364.9
1544814364.96
1544814365.02
1544814365.09
1544814365.17
1544814365.23
1544814365.31
1544814365.4
1544814365.47
1544814365.55
1544814365.62
1544814365.69
1544814365.74
1544814365.8
1544814365.85
1544814365.91
1544814365.98
1544814366.03
1544814366.09
1544814366.14
1544814366.2
1544814366.26
1544814366.33
1544814366.4
1544814366.47
1544814366.52
1544814366.59
1544814366.67
1544814366.72
1544814366.77
1544814366.83
1544814366.88
1544814366.94
1544814367.0
1544814367.06
1544814367.11
1544814367.17
1544814367.2
1544814367.25
1544814367.3
1544814367.38
1544814367.44
1544814367.51
1544814367.59
1544814367.66
1544814367.71
1544814367.77
1544814367.82
1544814367.88
1544814367.95
1544814368.0
1544814368.04
1544814368.1
1544814368.15
1544814368.19
1544814368.24
1544814368.33
1544814368.4
1544814368.46
1544814368.52
1544814368.57
1544814368.61
1544814368.67
1544814368.73
1544814368.77
1544814368.8
1544814368.86
1544814368.92
1544814368.97
1544814369.0
1544814369.04
1544814369.09
1544814369.14
1544814369.2
1544814369.26
1544814369.32
1544814369.39
1544814369.44
1544814369.5
1544814369.56
1544814369.62
1544814369.68
1544814369.74
1544814369.8
1544814369.86
1544814369.92
1544814369.97
1544814370.04
1544814370.09
1544814370.15
1544814370.18
1544814370.22
1544814370.27
1544814370.33
1544814370.38
1544814370.46
1544814370.53
1544814370.58
1544814370.61
1544814370.67
1544814370.75
1544814370.84
1544814370.92
1544814371.0
1544814371.09
1544814371.16
1544814371.24
1544814371.31
1544814371.38
1544814371.44
1544814371.48
1544814371.54
1544814371.6
1544814371.65
1544814371.71
1544814371.77
1544814371.82
1544814371.89
1544814371.94
1544814371.99
1544814372.06
1544814372.11
1544814372.18
1544814372.25
1544814372.32
1544814372.39
1544814372.47
1544814372.54
1544814372.61
1544814372.7
1544814372.78
1544814372.85
1544814372.9
1544814372.95
1544814373.0
1544814373.05
1544814373.1
1544814373.16
1544814373.22
1544814373.28
1544814373.34
1544814373.39
1544814373.45
1544814373.51
1544814373.56
1544814373.65
1544814373.7
1544814373.76
1544814373.83
1544814373.86
1544814373.89
1544814373.94
1544814373.98
1544814374.04
1544814374.08
1544814374.11
1544814374.15
1544814374.21
1544814374.25
1544814374.29
1544814374.32
1544814374.36
1544814374.42
1544814374.47
1544814374.53
1544814374.57
1544814374.61
1544814374.65
1544814374.7
1544814374.74
1544814374.8
1544814374.85
1544814374.89
1544814374.93
1544814374.99
1544814375.03
1544814375.08
1544814375.11
1544814375.15
1544814375.21
1544814375.27
1544814375.3
1544814375.34
1544814375.39
1544814375.44
1544814375.49
1544814375.55
1544814375.59
1544814375.64
1544814375.69
1544814375.74
1544814375.78
1544814375.82
1544814375.87
1544814375.9
1544814375.94
1544814375.98
1544814376.02
1544814376.07
1544814376.11
1544814376.15
1544814376.19
1544814376.24
1544814376.29
1544814376.35
1544814376.4
1544814376.46
1544814376.53
1544814376.59
1544814376.67
1544814376.74
1544814376.82
1544814376.9
1544814376.98
1544814377.07
1544814377.16
1544814377.26
1544814377.35
1544814377.42
1544814377.51
1544814377.6
1544814377.68
1544814377.77
1544814377.86
1544814377.92
1544814378.0
1544814378.09
1544814378.15
1544814378.21
1544814378.27
1544814378.32
1544814378.37
1544814378.42
1544814378.48
1544814378.53
1544814378.59
1544814378.65
1544814378.71
1544814378.77
1544814378.83
1544814378.89
1544814378.95
1544814379.01
1544814379.07
1544814379.14
1544814379.2
1544814379.26
1544814379.33
1544814379.38
1544814379.43
1544814379.5
1544814379.56
1544814379.61
1544814379.68
1544814379.73
1544814379.78
1544814379.84
1544814379.91
1544814379.97
1544814380.02
1544814380.08
1544814380.12
1544814380.18
1544814380.22
1544814380.29
1544814380.34
1544814380.37
1544814380.4
1544814380.44
1544814380.49
1544814380.55
1544814380.59
1544814380.64
1544814380.71
1544814380.76
1544814380.79
1544814380.83
1544814380.87
1544814380.91
1544814380.97
1544814381.01
1544814381.07
1544814381.14
1544814381.18
1544814381.21
1544814381.25
1544814381.3
1544814381.34
1544814381.38
1544814381.42
1544814381.46
1544814381.5
1544814381.54
1544814381.58
1544814381.61
1544814381.66
1544814381.7
1544814381.76
1544814381.8
1544814381.84
1544814381.89
1544814381.94
1544814381.97
1544814382.0
1544814382.05
1544814382.11
1544814382.15
1544814382.19
1544814382.24
1544814382.31
1544814382.36
1544814382.4
1544814382.43
1544814382.48
1544814382.54
1544814382.59
1544814382.62
1544814382.67
1544814382.75
1544814382.79
1544814382.82
1544814382.91
1544814382.99
1544814383.07
1544814383.14
1544814383.21
1544814383.28
1544814383.37
1544814383.45
1544814383.51
1544814383.59
1544814383.65
1544814383.71
1544814383.78
1544814383.84
1544814383.88
1544814383.92
1544814383.96
1544814384.01
1544814384.05
1544814384.09
1544814384.15
1544814384.21
1544814384.26
1544814384.29
1544814384.35
1544814384.41
1544814384.47
1544814384.51
1544814384.56
1544814384.6
1544814384.65
1544814384.68
1544814384.71
1544814384.75
1544814384.8
1544814384.85
1544814384.89
1544814384.94
1544814384.98
1544814385.03
1544814385.07
1544814385.1
1544814385.15
1544814385.19
1544814385.24
1544814385.28
1544814385.32
1544814385.37
1544814385.41
1544814385.46
1544814385.49
1544814385.54
1544814385.6
1544814385.66
1544814385.7
1544814385.75
1544814385.81
1544814385.85
1544814385.89
1544814385.93
1544814385.98
1544814386.04
1544814386.09
1544814386.14
1544814386.18
1544814386.21
1544814386.26
1544814386.29
1544814386.32
1544814386.37
1544814386.42
1544814386.46
1544814386.49
1544814386.53
1544814386.57
1544814386.65
1544814386.68
1544814386.71
1544814386.76
1544814386.81
1544814386.85
1544814386.88
1544814386.92
1544814386.97
1544814387.02
1544814387.05
1544814387.09
1544814387.14
1544814387.18
1544814387.22
1544814387.26
1544814387.3
1544814387.34
1544814387.4
1544814387.45
1544814387.49
1544814387.54
1544814387.61
1544814387.67
1544814387.71
1544814387.76
1544814387.8
1544814387.85
1544814387.89
1544814387.92
1544814387.98
1544814388.04
1544814388.07
1544814388.12
1544814388.19
1544814388.26
1544814388.29
1544814388.34
1544814388.37
1544814388.42
1544814388.47
1544814388.51
1544814388.56
1544814388.63
1544814388.67
1544814388.71
1544814388.74
1544814388.79
1544814388.84
1544814388.88
1544814388.91
1544814388.97
1544814389.02
1544814389.06
1544814389.12
1544814389.19
1544814389.25
1544814389.29
1544814389.35
1544814389.4
1544814389.45
1544814389.49
1544814389.55
1544814389.61
1544814389.66
1544814389.7
1544814389.74
1544814389.78
1544814389.84
1544814389.88
1544814389.92
1544814389.97
1544814390.01
1544814390.05
1544814390.09
1544814390.14
1544814390.2
1544814390.25
1544814390.28
1544814390.32
1544814390.39
1544814390.44
1544814390.48
1544814390.52
1544814390.57
1544814390.62
1544814390.66
1544814390.7
1544814390.74
1544814390.81
1544814390.87
1544814390.91
1544814390.97
1544814391.04
1544814391.09
1544814391.12
1544814391.16
1544814391.21
1544814391.24
1544814391.28
1544814391.32
1544814391.37
1544814391.44
1544814391.47
1544814391.5
1544814391.55
1544814391.6
1544814391.65
1544814391.69
1544814391.74
1544814391.78
1544814391.82
1544814391.87
1544814391.91
1544814391.96
1544814392.03
1544814392.08
1544814392.12
1544814392.19
1544814392.22
1544814392.27
1544814392.3
1544814392.35
1544814392.39
1544814392.45
1544814392.5
1544814392.53
1544814392.57
1544814392.62
1544814392.67
1544814392.72
1544814392.77
1544814392.82
1544814392.87
1544814392.9
1544814392.95
1544814393.0
1544814393.05
1544814393.09
1544814393.15
1544814393.24
1544814393.28
1544814393.32
1544814393.39
1544814393.45
1544814393.49
1544814393.52
1544814393.58
1544814393.62
1544814393.67
1544814393.7
1544814393.75
1544814393.83
1544814393.88
1544814393.91
1544814393.95
1544814394.0
1544814394.04
1544814394.07
1544814394.1
1544814394.14
1544814394.24
1544814394.28
1544814394.32
1544814394.38
1544814394.43
1544814394.46
1544814394.5
1544814394.53
1544814394.58
1544814394.62
1544814394.67
1544814394.7
1544814394.73
1544814394.79
1544814394.84
1544814394.88
1544814394.92
1544814395.0
1544814395.05
1544814395.09
1544814395.12
1544814395.18
1544814395.25
1544814395.29
1544814395.34
1544814395.38
1544814395.44
1544814395.47
1544814395.52
1544814395.57
1544814395.64
1544814395.69
1544814395.73
1544814395.76
1544814395.8
1544814395.86
1544814395.9
1544814395.95
1544814396.01
1544814396.05
1544814396.09
1544814396.14
1544814396.19
1544814396.24
1544814396.3
1544814396.36
1544814396.42
1544814396.49
1544814396.56
1544814396.62
1544814396.69
1544814396.75
1544814396.8
1544814396.86
1544814396.92
1544814396.97
1544814397.01
1544814397.06
1544814397.11
1544814397.17
1544814397.22
1544814397.27
1544814397.33
1544814397.38
1544814397.44
1544814397.49
1544814397.56
1544814397.61
1544814397.67
1544814397.73
1544814397.77
1544814397.81
1544814397.86
1544814397.9
1544814397.94
1544814397.99
1544814398.03
1544814398.08
1544814398.12
1544814398.17
1544814398.21
1544814398.26
1544814398.31
1544814398.39
1544814398.46
1544814398.51
1544814398.56
1544814398.61
1544814398.65
1544814398.68
1544814398.72
1544814398.79
1544814398.84
1544814398.88
1544814398.91
1544814398.95
1544814399.0
1544814399.05
1544814399.09
1544814399.13
1544814399.17
1544814399.21
1544814399.25
1544814399.28
1544814399.32
1544814399.36
1544814399.41
1544814399.46
1544814399.49
1544814399.54
1544814399.58
1544814399.65
1544814399.69
1544814399.74
1544814399.81
1544814399.85
1544814399.9
1544814399.94
1544814399.98
1544814400.01
1544814400.05
1544814400.09
1544814400.14
1544814400.22
1544814400.26
1544814400.3
1544814400.35
1544814400.4
1544814400.46
1544814400.49
1544814400.55
1544814400.6
1544814400.65
1544814400.69
1544814400.73
1544814400.8
1544814400.84
1544814400.88
1544814400.91
1544814400.96
1544814401.03
1544814401.07
1544814401.11
1544814401.15
1544814401.19
1544814401.23
1544814401.27
1544814401.31
1544814401.38
1544814401.44
1544814401.49
1544814401.52
1544814401.57
1544814401.61
1544814401.65
1544814401.69
1544814401.75
1544814401.81
1544814401.86
1544814401.9
1544814401.97
1544814402.04
1544814402.07
1544814402.11
1544814402.16
1544814402.2
1544814402.28
1544814402.32
1544814402.37
1544814402.42
1544814402.46
1544814402.51
1544814402.56
1544814402.61
1544814402.67
1544814402.71
1544814402.75
1544814402.79
1544814402.83
1544814402.88
1544814402.92
1544814402.97
1544814403.01
1544814403.06
1544814403.12
1544814403.16
1544814403.2
1544814403.28
1544814403.35
1544814403.39
1544814403.43
1544814403.5
1544814403.58
1544814403.64
1544814403.7
1544814403.77
1544814403.83
1544814403.91
1544814403.98
1544814404.03
1544814404.1
1544814404.16
1544814404.23
1544814404.29
1544814404.36
1544814404.44
1544814404.5
1544814404.58
1544814404.65
1544814404.72
1544814404.79
1544814404.87
1544814404.94
1544814405.03
1544814405.08
1544814405.14
1544814405.18
1544814405.24
1544814405.28
1544814405.34
1544814405.39
1544814405.45
1544814405.51
1544814405.59
1544814405.66
1544814405.69
1544814405.73
1544814405.77
1544814405.81
1544814405.85
1544814405.89
1544814405.95
1544814406.0
1544814406.06
1544814406.1
1544814406.17
1544814406.23
1544814406.26
1544814406.3
1544814406.34
1544814406.38
1544814406.42
1544814406.46
1544814406.5
1544814406.55
1544814406.6
1544814406.66
1544814406.7
1544814406.74
1544814406.8
1544814406.84
1544814406.88
1544814406.92
1544814406.96
1544814407.01
1544814407.06
1544814407.1
1544814407.15
1544814407.2
1544814407.25
1544814407.29
1544814407.34
1544814407.4
1544814407.45
1544814407.49
1544814407.54
1544814407.6
1544814407.68
1544814407.72
1544814407.77
1544814407.84
1544814407.89
1544814407.93
1544814408.0
1544814408.06
1544814408.09
1544814408.14
1544814408.23
1544814408.28
1544814408.32
1544814408.37
1544814408.44
1544814408.49
1544814408.53
1544814408.59
1544814408.64
1544814408.68
1544814408.72
1544814408.77
1544814408.84
1544814408.88
1544814408.93
1544814408.97
1544814409.02
1544814409.06
1544814409.1
1544814409.14
1544814409.18
1544814409.24
1544814409.29
1544814409.34
1544814409.37
1544814409.43
1544814409.5
1544814409.58
1544814409.66
1544814409.71
1544814409.77
1544814409.84
1544814409.88
1544814409.91
1544814409.96
1544814410.01
1544814410.06
1544814410.1
1544814410.15
1544814410.2
1544814410.26
1544814410.3
1544814410.36
1544814410.43
1544814410.47
1544814410.51
1544814410.56
1544814410.6
1544814410.65
1544814410.69
1544814410.73
1544814410.81
1544814410.86
1544814410.9
1544814410.95
1544814411.0
1544814411.04
1544814411.08
1544814411.11
1544814411.16
1544814411.23
1544814411.28
1544814411.33
1544814411.37
1544814411.42
1544814411.46
1544814411.5
1544814411.57
1544814411.63
1544814411.68
1544814411.72
1544814411.79
1544814411.84
1544814411.9
1544814411.94
1544814412.02
1544814412.08
1544814412.13
1544814412.18
1544814412.25
1544814412.28
1544814412.34
1544814412.4
1544814412.46
1544814412.5
1544814412.55
1544814412.59
1544814412.64
1544814412.68
1544814412.73
1544814412.77
1544814412.83
1544814412.86
1544814412.9
1544814412.97
1544814413.02
1544814413.06
1544814413.09
1544814413.16
1544814413.2
1544814413.25
1544814413.29
1544814413.32
1544814413.38
1544814413.42
1544814413.48
1544814413.52
1544814413.57
1544814413.63
1544814413.67
1544814413.7
1544814413.75
1544814413.8
1544814413.86
1544814413.9
1544814413.94
1544814413.99
1544814414.05
1544814414.09
1544814414.14
1544814414.21
1544814414.28
1544814414.35
1544814414.41
1544814414.48
1544814414.54
1544814414.62
1544814414.69
1544814414.76
1544814414.85
1544814414.91
1544814414.99
1544814415.08
1544814415.14
1544814415.2
1544814415.27
1544814415.33
1544814415.39
1544814415.44
1544814415.49
1544814415.54
1544814415.6
1544814415.64
1544814415.68
1544814415.71
1544814415.76
1544814415.82
1544814415.89
1544814415.94
1544814416.02
1544814416.08
1544814416.14
1544814416.19
1544814416.25
1544814416.3
1544814416.36
1544814416.42
1544814416.5
1544814416.58
1544814416.64
1544814416.7
1544814416.79
1544814416.86
1544814416.91
1544814416.97
1544814417.01
1544814417.06
1544814417.1
1544814417.15
1544814417.19
1544814417.24
1544814417.28
1544814417.32
1544814417.36
1544814417.41
1544814417.45
1544814417.49
1544814417.52
1544814417.57
1544814417.62
1544814417.67
1544814417.71
1544814417.75
1544814417.8
1544814417.87
1544814417.9
1544814417.95
1544814418.0
1544814418.05
1544814418.09
1544814418.14
1544814418.18
1544814418.23
1544814418.27
1544814418.32
1544814418.35
1544814418.4
1544814418.45
1544814418.48
1544814418.53
1544814418.58
1544814418.62
1544814418.68
1544814418.72
1544814418.79
1544814418.84
1544814418.88
1544814418.93
1544814419.0
1544814419.05
1544814419.09
1544814419.14
1544814419.26
1544814419.3
1544814419.35
1544814419.4
1544814419.45
1544814419.49
1544814419.52
1544814419.57
1544814419.64
1544814419.69
1544814419.74
1544814419.8
1544814419.86
1544814419.91
1544814419.98
1544814420.05
1544814420.11
1544814420.16
1544814420.2
1544814420.26
1544814420.3
1544814420.35
1544814420.4
1544814420.45
1544814420.49
1544814420.54
1544814420.59
1544814420.65
1544814420.71
1544814420.77
1544814420.83
1544814420.9
1544814420.96
1544814421.03
1544814421.09
1544814421.16
1544814421.21
1544814421.26
1544814421.3
1544814421.38
1544814421.44
1544814421.49
1544814421.54
1544814421.64
1544814421.67
1544814421.72
1544814421.78
1544814421.86
1544814421.94
1544814422.05
1544814422.11
1544814422.15
1544814422.19
1544814422.24
1544814422.34
1544814422.42
1544814422.5
1544814422.57
1544814422.62
1544814422.69
1544814422.73
1544814422.78
1544814422.85
1544814422.88
1544814422.94
1544814423.01
1544814423.06
1544814423.1
1544814423.17
1544814423.28
1544814423.36
1544814423.42
1544814423.46
1544814423.51
1544814423.55
1544814423.59
1544814423.63
1544814423.69
1544814423.74
1544814423.79
1544814423.85
1544814423.91
1544814423.96
1544814424.0
1544814424.05
1544814424.11
1544814424.16
1544814424.2
1544814424.25
1544814424.32
1544814424.4
1544814424.45
1544814424.5
1544814424.55
1544814424.59
1544814424.64
1544814424.68
1544814424.72
1544814424.76
1544814424.8
1544814424.86
1544814424.91
1544814424.97
1544814425.01
1544814425.09
1544814425.15
1544814425.2
1544814425.25
1544814425.31
1544814425.35
1544814425.39
1544814425.43
1544814425.48
1544814425.54
1544814425.57
1544814425.61
1544814425.67
1544814425.71
1544814425.76
1544814425.81
1544814425.87
1544814425.91
1544814425.97
1544814426.0
1544814426.05
1544814426.14
1544814426.19
1544814426.22
1544814426.28
1544814426.35
1544814426.4
1544814426.49
1544814426.57
1544814426.63
1544814426.71
1544814426.81
1544814426.92
1544814427.0
1544814427.13
1544814427.21
1544814427.36
1544814427.42
1544814427.51
1544814427.56
1544814427.6
1544814427.64
1544814427.73
1544814427.77
1544814427.81
1544814427.85
1544814427.9
1544814427.94
1544814427.97
1544814428.01
1544814428.1
1544814428.14
1544814428.2
1544814428.24
1544814428.3
1544814428.36
1544814428.4
1544814428.48
1544814428.55
1544814428.6
1544814428.68
1544814428.76
1544814428.82
1544814428.9
1544814428.96
1544814429.02
1544814429.08
1544814429.12
1544814429.19
1544814429.25
1544814429.29
1544814429.35
1544814429.39
1544814429.43
1544814429.48
1544814429.51
1544814429.56
1544814429.6
1544814429.65
1544814429.71
1544814429.79
1544814429.87
1544814429.94
1544814430.01
1544814430.09
1544814430.17
1544814430.27
1544814430.37
1544814430.45
1544814430.51
1544814430.58
1544814430.64
1544814430.7
1544814430.77
1544814430.84
1544814430.91
1544814430.97
1544814431.02
1544814431.08
1544814431.14
1544814431.18
1544814431.23
1544814431.28
1544814431.33
1544814431.4
1544814431.46
1544814431.53
1544814431.58
1544814431.65
1544814431.71
1544814431.77
1544814431.84
1544814431.9
1544814431.97
1544814432.04
1544814432.08
1544814432.12
1544814432.17
1544814432.24
1544814432.27
1544814432.31
1544814432.38
1544814432.43
1544814432.47
1544814432.5
1544814432.56
1544814432.61
1544814432.66
1544814432.7
1544814432.75
1544814432.79
1544814432.84
1544814432.87
1544814432.91
1544814432.96
1544814433.03
1544814433.07
1544814433.11
1544814433.15
1544814433.21
1544814433.25
1544814433.29
1544814433.33
1544814433.39
1544814433.45
1544814433.5
1544814433.53
1544814433.62
1544814433.65
1544814433.69
1544814433.72
1544814433.79
1544814433.85
1544814433.9
1544814433.96
1544814434.02
1544814434.08
1544814434.11
1544814434.17
1544814434.24
1544814434.27
1544814434.32
1544814434.37
1544814434.4
1544814434.45
1544814434.49
1544814434.52
1544814434.58
1544814434.64
1544814434.68
1544814434.73
1544814434.8
1544814434.85
1544814434.89
1544814434.92
1544814434.99
1544814435.04
1544814435.08
1544814435.13
1544814435.19
1544814435.25
1544814435.29
1544814435.34
1544814435.39
1544814435.44
1544814435.49
1544814435.53
1544814435.58
1544814435.62
1544814435.67
1544814435.72
1544814435.77
1544814435.85
1544814435.89
1544814435.93
1544814435.97
1544814436.01
1544814436.05
1544814436.09
1544814436.14
1544814436.18
1544814436.24
1544814436.28
1544814436.32
1544814436.4
1544814436.46
1544814436.55
1544814436.62
1544814436.67
1544814436.71
1544814436.78
1544814436.83
1544814436.89
1544814436.95
1544814436.99
1544814437.03
1544814437.1
1544814437.19
1544814437.27
1544814437.34
1544814437.39
1544814437.47
1544814437.52
1544814437.59
1544814437.65
1544814437.7
1544814437.77
1544814437.83
1544814437.9
1544814437.96
1544814438.0
1544814438.06
1544814438.1
1544814438.17
1544814438.21
1544814438.27
1544814438.31
1544814438.38
1544814438.45
1544814438.51
1544814438.57
1544814438.62
1544814438.66
1544814438.7
1544814438.74
1544814438.79
1544814438.83
1544814438.87
1544814438.91
1544814438.98
1544814439.03
1544814439.07
1544814439.12
1544814439.19
1544814439.25
1544814439.3
1544814439.33
1544814439.38
1544814439.42
1544814439.46
1544814439.5
1544814439.54
1544814439.62
1544814439.68
1544814439.72
1544814439.79
1544814439.86
1544814439.9
1544814439.93
1544814439.98
1544814440.04
1544814440.07
1544814440.11
1544814440.16
1544814440.2
1544814440.25
1544814440.3
1544814440.34
1544814440.39
1544814440.44
1544814440.48
1544814440.53
1544814440.59
1544814440.65
1544814440.69
1544814440.75
1544814440.83
1544814440.87
1544814440.91
1544814440.96
1544814441.01
1544814441.05
1544814441.1
1544814441.14
1544814441.19
1544814441.24
1544814441.29
1544814441.35
1544814441.4
1544814441.46
1544814441.5
1544814441.53
1544814441.58
1544814441.64
1544814441.68
1544814441.72
1544814441.78
1544814441.85
1544814441.9
1544814441.94
1544814442.02
1544814442.06
1544814442.1
1544814442.15
1544814442.19
1544814442.25
1544814442.28
1544814442.33
1544814442.39
1544814442.44
1544814442.48
1544814442.54
1544814442.58
1544814442.68
1544814442.79
1544814442.95
1544814443.01
1544814443.06
1544814443.1
1544814443.16
1544814443.2
1544814443.26
1544814443.33
1544814443.38
1544814443.42
1544814443.5
1544814443.56
1544814443.6
1544814443.66
1544814443.74
1544814443.78
1544814443.82
1544814443.88
1544814443.95
1544814443.99
1544814444.03
1544814444.1
1544814444.16
1544814444.2
1544814444.23
1544814444.28
1544814444.34
1544814444.37
1544814444.4
1544814444.45
1544814444.48
1544814444.54
1544814444.59
1544814444.63
1544814444.67
1544814444.72
1544814444.76
1544814444.8
1544814444.85
1544814444.9
1544814444.96
1544814445.0
1544814445.06
1544814445.14
1544814445.18
1544814445.27
1544814445.34
1544814445.39
1544814445.43
1544814445.5
1544814445.55
1544814445.59
1544814445.64
1544814445.67
1544814445.71
1544814445.76
1544814445.8
1544814445.86
1544814445.92
1544814445.97
1544814446.01
1544814446.08
1544814446.15
1544814446.19
1544814446.24
1544814446.3
1544814446.36
1544814446.4
1544814446.46
1544814446.53
1544814446.58
1544814446.63
1544814446.7
1544814446.74
1544814446.78
1544814446.8
1544814446.84
1544814446.9
1544814446.95
1544814446.99
1544814447.05
1544814447.09
1544814447.14
1544814447.18
1544814447.21
1544814447.26
1544814447.32
1544814447.36
1544814447.4
1544814447.46
1544814447.54
1544814447.58
1544814447.64
1544814447.69
1544814447.76
1544814447.8
1544814447.86
1544814447.93
1544814447.97
1544814448.01
1544814448.07
1544814448.12
1544814448.17
1544814448.21
1544814448.25
1544814448.3
1544814448.35
1544814448.39
1544814448.44
1544814448.48
1544814448.54
1544814448.57
1544814448.6
1544814448.66
1544814448.73
1544814448.77
1544814448.81
1544814448.86
1544814448.91
1544814448.95
1544814448.98
1544814449.01
1544814449.06
1544814449.1
1544814449.16
1544814449.2
1544814449.24
1544814449.28
1544814449.33
1544814449.37
1544814449.41
1544814449.45
1544814449.48
1544814449.52
1544814449.57
1544814449.62
1544814449.68
1544814449.72
1544814449.76
1544814449.84
1544814449.9
1544814449.96
1544814450.0
1544814450.07
1544814450.13
1544814450.17
1544814450.21
1544814450.24
1544814450.28
1544814450.31
1544814450.36
1544814450.43
1544814450.48
1544814450.54
1544814450.59
1544814450.64
1544814450.68
1544814450.72
1544814450.8
1544814450.85
1544814450.88
1544814450.92
1544814450.96
1544814451.0
1544814451.05
1544814451.1
1544814451.13
1544814451.17
1544814451.21
1544814451.25
1544814451.29
1544814451.32
1544814451.36
1544814451.4
1544814451.46
1544814451.51
1544814451.57
1544814451.61
1544814451.67
1544814451.72
1544814451.77
1544814451.8
1544814451.85
1544814451.89
1544814451.94
1544814451.98
1544814452.02
1544814452.06
1544814452.12
1544814452.18
1544814452.22
1544814452.26
1544814452.3
1544814452.35
1544814452.38
1544814452.41
1544814452.46
1544814452.52
1544814452.59
1544814452.66
1544814452.73
1544814452.77
1544814452.81
1544814452.87
1544814452.95
1544814452.99
1544814453.05
1544814453.12
1544814453.18
1544814453.24
1544814453.3
1544814453.37
1544814453.4
1544814453.46
1544814453.51
1544814453.56
1544814453.6
1544814453.66
1544814453.7
1544814453.75
1544814453.81
1544814453.9
1544814453.98
1544814454.07
1544814454.14
1544814454.2
1544814454.28
1544814454.34
1544814454.39
1544814454.44
1544814454.49
1544814454.54
1544814454.59
1544814454.64
1544814454.71
1544814454.75
1544814454.79
1544814454.82
1544814454.88
1544814454.94
1544814454.98
1544814455.01
1544814455.07
1544814455.13
1544814455.17
1544814455.2
1544814455.25
1544814455.29
1544814455.33
1544814455.37
1544814455.42
1544814455.47
1544814455.54
1544814455.59
1544814455.64
1544814455.69
1544814455.75
1544814455.79
1544814455.84
1544814455.9
1544814455.97
1544814456.01
1544814456.06
1544814456.11
1544814456.17
1544814456.2
1544814456.24
1544814456.3
1544814456.36
1544814456.4
1544814456.46
1544814456.51
1544814456.57
1544814456.62
1544814456.67
1544814456.75
1544814456.8
1544814456.88
1544814456.94
1544814456.99
1544814457.04
1544814457.07
1544814457.14
1544814457.18
1544814457.22
1544814457.25
1544814457.3
1544814457.35
1544814457.38
1544814457.42
1544814457.47
1544814457.54
1544814457.59
1544814457.64
1544814457.69
1544814457.75
1544814457.8
1544814457.85
1544814457.93
1544814457.96
1544814458.0
1544814458.06
1544814458.12
1544814458.17
1544814458.21
1544814458.25
1544814458.29
1544814458.34
1544814458.38
1544814458.42
1544814458.48
1544814458.54
1544814458.6
1544814458.66
1544814458.73
1544814458.77
1544814458.81
1544814458.89
1544814458.95
1544814459.0
1544814459.04
1544814459.1
1544814459.15
1544814459.2
1544814459.24
1544814459.3
1544814459.35
1544814459.39
1544814459.42
1544814459.48
1544814459.54
1544814459.58
1544814459.61
1544814459.67
1544814459.72
1544814459.76
1544814459.81
1544814459.85
1544814459.9
1544814459.93
1544814459.98
1544814460.01
1544814460.06
1544814460.14
1544814460.18
1544814460.21
1544814460.25
1544814460.31
1544814460.36
1544814460.4
1544814460.44
1544814460.47
1544814460.52
1544814460.57
1544814460.61
1544814460.67
1544814460.73
1544814460.81
1544814460.86
1544814460.91
1544814460.98
1544814461.07
1544814461.14
1544814461.19
1544814461.27
1544814461.35
1544814461.42
1544814461.47
1544814461.53
1544814461.59
1544814461.65
1544814461.71
1544814461.79
1544814461.85
1544814461.89
1544814461.95
1544814462.01
1544814462.09
1544814462.15
1544814462.19
1544814462.27
1544814462.33
1544814462.39
1544814462.46
1544814462.52
1544814462.6
1544814462.67
1544814462.72
1544814462.78
1544814462.84
1544814462.91
1544814462.96
1544814463.0
1544814463.05
1544814463.11
1544814463.17
1544814463.22
1544814463.26
1544814463.3
1544814463.34
1544814463.39
1544814463.46
1544814463.5
1544814463.56
1544814463.62
1544814463.67
1544814463.7
1544814463.75
1544814463.81
1544814463.86
1544814463.9
1544814463.94
1544814463.98
1544814464.04
1544814464.08
1544814464.13
1544814464.17
1544814464.21
1544814464.26
1544814464.3
1544814464.36
1544814464.41
1544814464.45
1544814464.48
1544814464.52
1544814464.56
1544814464.65
1544814464.69
1544814464.74
1544814464.78
1544814464.84
1544814464.88
1544814464.92
1544814464.98
1544814465.05
1544814465.09
1544814465.12
1544814465.17
1544814465.22
1544814465.26
1544814465.3
1544814465.33
1544814465.39
1544814465.45
1544814465.49
1544814465.52
1544814465.56
1544814465.6
1544814465.67
1544814465.7
1544814465.75
1544814465.81
1544814465.85
1544814465.89
1544814465.93
1544814465.99
1544814466.04
1544814466.08
1544814466.13
1544814466.17
1544814466.25
1544814466.29
1544814466.32
1544814466.36
1544814466.42
1544814466.46
1544814466.5
1544814466.57
1544814466.63
1544814466.67
1544814466.7
1544814466.74
1544814466.84
1544814466.88
1544814466.92
1544814467.0
1544814467.07
1544814467.11
1544814467.19
1544814467.28
1544814467.35
1544814467.4
1544814467.47
1544814467.52
1544814467.6
1544814467.67
1544814467.75
1544814467.82
1544814467.9
1544814467.99
1544814468.08
1544814468.18
1544814468.26
1544814468.31
1544814468.37
1544814468.41
1544814468.46
1544814468.5
1544814468.55
1544814468.61
1544814468.69
1544814468.76
1544814468.84
1544814468.9
1544814468.96
1544814469.02
1544814469.1
1544814469.14
1544814469.2
1544814469.25
1544814469.29
1544814469.35
1544814469.43
1544814469.48
1544814469.52
1544814469.58
1544814469.64
1544814469.7
1544814469.74
1544814469.79
1544814469.86
1544814469.93
1544814469.99
1544814470.05
1544814470.1
1544814470.17
1544814470.25
1544814470.3
1544814470.38
1544814470.45
1544814470.49
1544814470.52
1544814470.57
1544814470.64
1544814470.71
1544814470.78
1544814470.85
1544814470.9
1544814470.96
1544814471.01
1544814471.07
1544814471.15
1544814471.24
1544814471.3
1544814471.38
1544814471.46
1544814471.54
1544814471.59
1544814471.62
1544814471.67
1544814471.74
1544814471.78
1544814471.81
1544814471.87
1544814471.92
1544814471.97
1544814472.01
1544814472.08
1544814472.14
1544814472.17
1544814472.21
1544814472.24
1544814472.3
1544814472.35
1544814472.39
1544814472.44
1544814472.49
1544814472.55
1544814472.59
1544814472.62
1544814472.68
1544814472.74
1544814472.78
1544814472.82
1544814472.89
1544814472.95
1544814472.99
1544814473.03
1544814473.09
1544814473.14
1544814473.18
1544814473.21
1544814473.26
1544814473.32
1544814473.37
1544814473.41
1544814473.46
1544814473.51
1544814473.57
1544814473.6
1544814473.64
1544814473.7
1544814473.75
1544814473.8
1544814473.84
1544814473.89
1544814473.94
1544814473.98
1544814474.03
1544814474.09
1544814474.15
1544814474.19
1544814474.22
1544814474.28
1544814474.35
1544814474.39
1544814474.43
1544814474.5
1544814474.55
1544814474.6
1544814474.65
1544814474.73
1544814474.78
1544814474.82
1544814474.9
1544814474.95
1544814475.0
1544814475.04
1544814475.1
1544814475.16
1544814475.2
1544814475.26
1544814475.35
1544814475.4
1544814475.45
1544814475.5
1544814475.55
1544814475.58
1544814475.62
1544814475.72
1544814475.79
1544814475.82
1544814475.89
1544814475.95
1544814476.01
1544814476.05
1544814476.09
1544814476.14
1544814476.18
1544814476.21
1544814476.29
1544814476.34
1544814476.39
1544814476.44
1544814476.49
1544814476.54
1544814476.59
1544814476.64
1544814476.7
1544814476.79
1544814476.86
1544814476.91
1544814476.98
1544814477.05
1544814477.08
1544814477.12
1544814477.18
1544814477.22
1544814477.27
1544814477.34
1544814477.41
1544814477.47
1544814477.53
1544814477.59
1544814477.65
1544814477.71
1544814477.77
1544814477.84
1544814477.88
1544814477.93
1544814478.0
1544814478.05
1544814478.14
1544814478.23
1544814478.29
1544814478.34
1544814478.41
1544814478.45
1544814478.53
1544814478.59
1544814478.66
1544814478.71
1544814478.77
1544814478.82
1544814478.89
1544814478.96
1544814479.01
1544814479.08
1544814479.18
1544814479.24
1544814479.29
1544814479.34
1544814479.39
1544814479.46
1544814479.49
1544814479.55
1544814479.61
1544814479.68
1544814479.75
1544814479.8
1544814479.86
1544814479.93
1544814479.99
1544814480.04
1544814480.08
1544814480.13
1544814480.21
1544814480.26
1544814480.3
1544814480.39
1544814480.44
1544814480.48
1544814480.53
1544814480.58
1544814480.64
1544814480.69
1544814480.73
1544814480.78
1544814480.84
1544814480.88
1544814480.92
1544814480.99
1544814481.04
1544814481.08
1544814481.13
1544814481.17
1544814481.24
1544814481.28
1544814481.33
1544814481.4
1544814481.44
1544814481.49
1544814481.54
1544814481.61
1544814481.65
1544814481.69
1544814481.72
1544814481.77
1544814481.82
1544814481.86
1544814481.93
1544814481.97
1544814482.02
1544814482.08
1544814482.14
1544814482.19
1544814482.25
1544814482.3
1544814482.37
1544814482.44
1544814482.49
1544814482.54
1544814482.62
1544814482.67
1544814482.71
1544814482.76
1544814482.84
1544814482.93
1544814483.01
1544814483.09
1544814483.17
1544814483.24
1544814483.3
1544814483.35
1544814483.4
1544814483.45
1544814483.49
1544814483.57
1544814483.65
1544814483.72
1544814483.8
1544814483.86
1544814483.9
1544814483.97
1544814484.06
1544814484.15
1544814484.21
1544814484.28
1544814484.36
1544814484.42
1544814484.49
1544814484.55
1544814484.59
1544814484.64
1544814484.69
1544814484.73
1544814484.79
1544814484.84
1544814484.88
1544814484.92
1544814484.97
1544814485.05
1544814485.09
1544814485.14
1544814485.2
1544814485.25
1544814485.29
1544814485.33
1544814485.38
1544814485.44
1544814485.49
1544814485.52
1544814485.57
1544814485.61
1544814485.67
1544814485.7
1544814485.76
1544814485.79
1544814485.84
1544814485.87
1544814485.92
1544814485.98
1544814486.02
1544814486.06
1544814486.1
1544814486.14
1544814486.2
1544814486.24
1544814486.29
1544814486.33
1544814486.38
1544814486.44
1544814486.48
1544814486.52
1544814486.58
1544814486.64
1544814486.68
1544814486.71
1544814486.77
1544814486.83
1544814486.87
1544814486.9
1544814486.95
1544814486.99
1544814487.04
1544814487.08
1544814487.12
1544814487.17
1544814487.22
1544814487.28
1544814487.32
1544814487.38
1544814487.45
1544814487.5
1544814487.57
1544814487.64
1544814487.68
1544814487.72
1544814487.79
1544814487.85
1544814487.89
1544814487.94
1544814488.04
1544814488.08
1544814488.14
1544814488.2
1544814488.25
1544814488.28
1544814488.31
1544814488.35
1544814488.38
1544814488.42
1544814488.47
1544814488.5
1544814488.54
1544814488.59
1544814488.64
1544814488.68
1544814488.73
1544814488.84
1544814488.87
1544814488.91
1544814488.99
1544814489.03
1544814489.07
1544814489.12
1544814489.16
1544814489.21
1544814489.25
1544814489.28
1544814489.33
1544814489.38
1544814489.42
1544814489.46
1544814489.5
1544814489.56
1544814489.65
1544814489.7
1544814489.74
1544814489.8
1544814489.88
1544814489.92
1544814489.96
1544814490.0
1544814490.04
1544814490.08
1544814490.13
1544814490.2
1544814490.26
1544814490.3
1544814490.34
1544814490.42
1544814490.47
1544814490.52
1544814490.58
1544814490.64
1544814490.69
1544814490.74
1544814490.81
1544814490.87
1544814490.91
1544814490.96
1544814491.04
1544814491.08
1544814491.14
1544814491.2
1544814491.24
1544814491.28
1544814491.33
1544814491.39
1544814491.44
1544814491.47
1544814491.51
1544814491.57
1544814491.65
1544814491.68
1544814491.72
1544814491.76
1544814491.82
1544814491.88
1544814491.94
1544814491.99
1544814492.05
1544814492.09
1544814492.12
1544814492.17
1544814492.24
1544814492.28
1544814492.33
1544814492.38
1544814492.44
1544814492.48
1544814492.53
1544814492.6
1544814492.64
1544814492.68
1544814492.73
1544814492.8
1544814492.85
1544814492.89
1544814492.94
1544814492.99
1544814493.05
1544814493.09
1544814493.14
1544814493.23
1544814493.28
1544814493.34
1544814493.38
1544814493.43
1544814493.48
1544814493.51
1544814493.57
1544814493.63
1544814493.67
1544814493.71
1544814493.75
1544814493.8
1544814493.85
1544814493.89
1544814493.93
1544814494.0
1544814494.06
1544814494.12
1544814494.17
1544814494.21
1544814494.26
1544814494.3
1544814494.37
1544814494.42
1544814494.49
1544814494.55
1544814494.61
1544814494.66
1544814494.7
1544814494.74
1544814494.81
1544814494.88
1544814494.93
1544814494.99
1544814495.07
1544814495.15
1544814495.23
1544814495.3
1544814495.37
1544814495.45
1544814495.48
1544814495.53
1544814495.58
1544814495.61
1544814495.68
1544814495.74
1544814495.8
1544814495.87
1544814495.92
1544814495.98
1544814496.03
1544814496.08
1544814496.17
1544814496.24
1544814496.32
1544814496.39
1544814496.49
1544814496.55
1544814496.66
1544814496.71
1544814496.77
1544814496.82
1544814496.88
1544814496.94
1544814496.97
1544814497.01
1544814497.06
1544814497.1
1544814497.16
1544814497.23
1544814497.29
1544814497.34
1544814497.4
1544814497.44
1544814497.48
1544814497.54
1544814497.61
1544814497.66
1544814497.69
1544814497.74
1544814497.82
1544814497.87
1544814497.91
1544814497.97
1544814498.02
1544814498.07
1544814498.11
1544814498.17
1544814498.24
1544814498.29
1544814498.34
1544814498.39
1544814498.45
1544814498.5
1544814498.55
1544814498.61
1544814498.67
1544814498.71
1544814498.79
1544814498.84
1544814498.89
1544814498.94
1544814498.99
1544814499.04
1544814499.08
1544814499.12
1544814499.18
1544814499.25
1544814499.28
1544814499.31
1544814499.37
1544814499.44
1544814499.48
1544814499.53
1544814499.58
1544814499.62
1544814499.67
1544814499.71
1544814499.77
1544814499.82
1544814499.88
1544814499.92
1544814499.98
1544814500.03
1544814500.08
1544814500.11
1544814500.18
1544814500.24
1544814500.29
1544814500.32
1544814500.36
1544814500.4
1544814500.44
1544814500.47
1544814500.52
1544814500.58
1544814500.64
1544814500.68
1544814500.73
1544814500.79
1544814500.86
1544814500.91
1544814500.97
1544814501.05
1544814501.1
1544814501.16
1544814501.2
1544814501.24
1544814501.29
1544814501.34
1544814501.38
1544814501.45
1544814501.55
1544814501.63
1544814501.75
1544814501.81
1544814501.87
1544814501.93
1544814501.97
1544814502.02
1544814502.08
1544814502.14
1544814502.2
1544814502.27
1544814502.34
1544814502.4
1544814502.48
1544814502.55
1544814502.6
1544814502.65
1544814502.71
1544814502.78
1544814502.84
1544814502.88
1544814502.92
1544814502.97
1544814503.04
1544814503.1
1544814503.16
1544814503.19
1544814503.23
1544814503.27
1544814503.31
1544814503.38
1544814503.42
1544814503.5
1544814503.58
1544814503.64
