1544815977.44
1544815978.01
1544815978.11
1544815978.2
1544815978.28
1544815978.37
1544815978.41
1544815978.46
1544815978.54
1544815978.6
1544815978.65
1544815978.71
1544815978.77
1544815978.82
1544815978.88
1544815978.96
1544815979.03
1544815979.1
1544815979.15
1544815979.22
1544815979.27
1544815979.31
1544815979.35
1544815979.4
1544815979.44
1544815979.49
1544815979.52
1544815979.55
1544815979.62
1544815979.7
1544815979.78
1544815979.82
1544815979.88
1544815979.94
1544815980.01
1544815980.07
1544815980.16
1544815980.23
1544815980.3
1544815980.36
1544815980.44
1544815980.52
1544815980.61
1544815980.69
1544815980.75
1544815980.83
1544815980.91
1544815980.99
1544815981.07
1544815981.14
1544815981.21
1544815981.29
1544815981.35
1544815981.43
1544815981.48
1544815981.53
1544815981.59
1544815981.65
1544815981.71
1544815981.76
1544815981.82
1544815981.87
1544815981.91
1544815981.95
1544815982.01
1544815982.09
1544815982.14
1544815982.2
1544815982.24
1544815982.32
1544815982.42
1544815982.49
1544815982.56
1544815982.6
1544815982.65
1544815982.73
1544815982.82
1544815982.91
1544815983.0
1544815983.08
1544815983.16
1544815983.24
1544815983.31
1544815983.4
1544815983.48
1544815983.54
1544815983.62
1544815983.73
1544815983.81
1544815983.9
1544815983.95
1544815983.99
1544815984.08
1544815984.14
1544815984.21
1544815984.26
1544815984.32
1544815984.36
1544815984.45
1544815984.5
1544815984.53
1544815984.58
1544815984.65
1544815984.7
1544815984.74
1544815984.78
1544815984.82
1544815984.89
1544815984.92
1544815984.97
1544815985.01
1544815985.05
1544815985.1
1544815985.13
1544815985.18
1544815985.22
1544815985.25
1544815985.29
1544815985.33
1544815985.37
1544815985.44
1544815985.5
1544815985.53
1544815985.57
1544815985.64
1544815985.69
1544815985.72
1544815985.75
1544815985.79
1544815985.88
1544815985.93
1544815985.98
1544815986.05
1544815986.1
1544815986.12
1544815986.17
1544815986.25
1544815986.29
1544815986.33
1544815986.38
1544815986.42
1544815986.45
1544815986.49
1544815986.54
1544815986.61
1544815986.66
1544815986.71
1544815986.75
1544815986.81
1544815986.88
1544815986.92
1544815986.99
1544815987.08
1544815987.15
1544815987.23
1544815987.3
1544815987.34
1544815987.38
1544815987.45
1544815987.51
1544815987.56
1544815987.63
1544815987.71
1544815987.8
1544815987.9
1544815988.0
1544815988.08
1544815988.17
1544815988.26
1544815988.36
1544815988.45
1544815988.55
1544815988.62
1544815988.71
1544815988.79
1544815988.86
1544815988.95
1544815989.0
1544815989.06
1544815989.12
1544815989.19
1544815989.25
1544815989.3
1544815989.37
1544815989.41
1544815989.44
1544815989.5
1544815989.55
1544815989.6
1544815989.65
1544815989.71
1544815989.8
1544815989.88
1544815989.97
1544815990.01
1544815990.08
1544815990.14
1544815990.19
1544815990.25
1544815990.31
1544815990.37
1544815990.42
1544815990.46
1544815990.51
1544815990.55
1544815990.59
1544815990.63
1544815990.67
1544815990.73
1544815990.79
1544815990.83
1544815990.88
1544815990.98
1544815991.02
1544815991.06
1544815991.1
1544815991.17
1544815991.2
1544815991.23
1544815991.29
1544815991.34
1544815991.4
1544815991.43
1544815991.48
1544815991.52
1544815991.55
1544815991.59
1544815991.63
1544815991.69
1544815991.74
1544815991.79
1544815991.83
1544815991.88
1544815991.94
1544815991.99
1544815992.03
1544815992.07
1544815992.14
1544815992.2
1544815992.24
1544815992.28
1544815992.32
1544815992.37
1544815992.42
1544815992.47
1544815992.57
1544815992.62
1544815992.67
1544815992.72
1544815992.77
1544815992.8
1544815992.83
1544815992.89
1544815992.97
1544815993.0
1544815993.04
1544815993.08
1544815993.12
1544815993.18
1544815993.22
1544815993.26
1544815993.31
1544815993.38
1544815993.42
1544815993.47
1544815993.54
1544815993.6
1544815993.65
1544815993.71
1544815993.77
1544815993.8
1544815993.84
1544815993.89
1544815993.97
1544815994.02
1544815994.05
1544815994.1
1544815994.15
1544815994.2
1544815994.24
1544815994.3
1544815994.35
1544815994.4
1544815994.44
1544815994.51
1544815994.58
1544815994.62
1544815994.68
1544815994.74
1544815994.78
1544815994.81
1544815994.85
1544815994.89
1544815994.95
1544815995.0
1544815995.04
1544815995.09
1544815995.14
1544815995.19
1544815995.22
1544815995.26
1544815995.3
1544815995.34
1544815995.4
1544815995.43
1544815995.48
1544815995.57
1544815995.63
1544815995.67
1544815995.72
1544815995.79
1544815995.83
1544815995.88
1544815995.92
1544815995.97
1544815996.01
1544815996.05
1544815996.1
1544815996.15
1544815996.19
1544815996.23
1544815996.28
1544815996.33
1544815996.4
1544815996.44
1544815996.49
1544815996.57
1544815996.62
1544815996.67
1544815996.72
1544815996.78
1544815996.83
1544815996.87
1544815996.95
1544815997.0
1544815997.04
1544815997.08
1544815997.14
1544815997.19
1544815997.24
1544815997.28
1544815997.34
1544815997.4
1544815997.43
1544815997.48
1544815997.52
1544815997.57
1544815997.61
1544815997.65
1544815997.72
1544815997.77
1544815997.82
1544815997.85
1544815997.9
1544815997.97
1544815998.0
1544815998.04
1544815998.1
1544815998.2
1544815998.24
1544815998.29
1544815998.36
1544815998.4
1544815998.44
1544815998.5
1544815998.58
1544815998.63
1544815998.67
1544815998.77
1544815998.81
1544815998.86
1544815998.91
1544815998.96
1544815999.01
1544815999.04
1544815999.08
1544815999.13
1544815999.2
1544815999.24
1544815999.31
1544815999.39
1544815999.42
1544815999.46
1544815999.49
1544815999.55
1544815999.59
1544815999.63
1544815999.69
1544815999.74
1544815999.81
1544815999.85
1544815999.91
1544815999.99
1544816000.04
1544816000.08
1544816000.13
1544816000.18
1544816000.23
1544816000.28
1544816000.32
1544816000.37
1544816000.42
1544816000.49
1544816000.54
1544816000.61
1544816000.68
1544816000.75
1544816000.83
1544816000.91
1544816000.99
1544816001.05
1544816001.13
1544816001.19
1544816001.26
1544816001.32
1544816001.39
1544816001.45
1544816001.53
1544816001.6
1544816001.67
1544816001.73
1544816001.79
1544816001.85
1544816001.91
1544816001.99
1544816002.04
1544816002.09
1544816002.14
1544816002.2
1544816002.25
1544816002.3
1544816002.35
1544816002.4
1544816002.45
1544816002.5
1544816002.55
1544816002.61
1544816002.65
1544816002.7
1544816002.75
1544816002.81
1544816002.9
1544816002.99
1544816003.07
1544816003.11
1544816003.15
1544816003.2
1544816003.25
1544816003.3
1544816003.34
1544816003.4
1544816003.44
1544816003.48
1544816003.53
1544816003.59
1544816003.63
1544816003.67
1544816003.74
1544816003.78
1544816003.81
1544816003.86
1544816003.9
1544816003.97
1544816004.01
1544816004.07
1544816004.13
1544816004.19
1544816004.23
1544816004.27
1544816004.3
1544816004.34
1544816004.38
1544816004.42
1544816004.47
1544816004.51
1544816004.55
1544816004.6
1544816004.63
1544816004.68
1544816004.72
1544816004.79
1544816004.82
1544816004.86
1544816004.93
1544816005.02
1544816005.12
1544816005.19
1544816005.23
1544816005.3
1544816005.41
1544816005.45
1544816005.51
1544816005.6
1544816005.67
1544816005.74
1544816005.82
1544816005.88
1544816005.92
1544816005.97
1544816006.01
1544816006.09
1544816006.15
1544816006.22
1544816006.3
1544816006.37
1544816006.42
1544816006.45
1544816006.51
1544816006.58
1544816006.64
1544816006.69
1544816006.73
1544816006.77
1544816006.84
1544816006.9
1544816006.93
1544816006.98
1544816007.02
1544816007.07
1544816007.11
1544816007.16
1544816007.2
1544816007.24
1544816007.31
1544816007.34
1544816007.38
1544816007.43
1544816007.47
1544816007.51
1544816007.55
1544816007.59
1544816007.64
1544816007.68
1544816007.72
1544816007.76
1544816007.8
1544816007.88
1544816007.92
1544816007.97
1544816008.02
1544816008.07
1544816008.13
1544816008.17
1544816008.24
1544816008.29
1544816008.32
1544816008.35
1544816008.39
1544816008.47
1544816008.51
1544816008.54
1544816008.6
1544816008.64
1544816008.69
1544816008.73
1544816008.78
1544816008.83
1544816008.89
1544816008.93
1544816008.99
1544816009.04
1544816009.09
1544816009.13
1544816009.18
1544816009.26
1544816009.3
1544816009.34
1544816009.38
1544816009.43
1544816009.49
1544816009.52
1544816009.57
1544816009.61
1544816009.67
1544816009.71
1544816009.74
1544816009.78
1544816009.83
1544816009.88
1544816009.91
1544816009.95
1544816010.0
1544816010.04
1544816010.08
1544816010.12
1544816010.17
1544816010.21
1544816010.26
1544816010.3
1544816010.37
1544816010.45
1544816010.51
1544816010.55
1544816010.65
1544816010.71
1544816010.76
1544816010.8
1544816010.84
1544816010.89
1544816010.93
1544816010.98
1544816011.04
1544816011.08
1544816011.13
1544816011.17
1544816011.23
1544816011.29
1544816011.32
1544816011.36
1544816011.44
1544816011.48
1544816011.52
1544816011.62
1544816011.69
1544816011.72
1544816011.78
1544816011.85
1544816011.91
1544816011.95
1544816012.04
1544816012.11
1544816012.17
1544816012.24
1544816012.3
1544816012.34
1544816012.4
1544816012.44
1544816012.5
1544816012.57
1544816012.63
1544816012.76
1544816012.83
1544816012.92
1544816013.0
1544816013.07
1544816013.15
1544816013.22
1544816013.31
1544816013.38
1544816013.45
1544816013.53
1544816013.62
1544816013.7
1544816013.79
1544816013.84
1544816013.91
1544816013.97
1544816014.02
1544816014.09
1544816014.18
1544816014.23
1544816014.32
1544816014.38
1544816014.45
1544816014.52
1544816014.58
1544816014.65
1544816014.74
1544816014.83
1544816014.91
1544816015.01
1544816015.07
1544816015.13
1544816015.19
1544816015.23
1544816015.31
1544816015.39
1544816015.43
1544816015.49
1544816015.53
1544816015.57
1544816015.61
1544816015.69
1544816015.73
1544816015.77
1544816015.81
1544816015.84
1544816015.89
1544816015.94
1544816016.0
1544816016.05
1544816016.11
1544816016.15
1544816016.22
1544816016.28
1544816016.32
1544816016.36
1544816016.42
1544816016.49
1544816016.53
1544816016.59
1544816016.67
1544816016.73
1544816016.79
1544816016.87
1544816016.91
1544816016.96
1544816017.04
1544816017.09
1544816017.13
1544816017.17
1544816017.21
1544816017.27
1544816017.32
1544816017.35
1544816017.41
1544816017.45
1544816017.5
1544816017.54
1544816017.6
1544816017.65
1544816017.71
1544816017.75
1544816017.79
1544816017.83
1544816017.88
1544816017.93
1544816017.98
1544816018.03
1544816018.08
1544816018.12
1544816018.17
1544816018.21
1544816018.26
1544816018.32
1544816018.36
1544816018.41
1544816018.46
1544816018.5
1544816018.53
1544816018.58
1544816018.63
1544816018.68
1544816018.73
1544816018.8
1544816018.87
1544816018.93
1544816018.99
1544816019.03
1544816019.1
1544816019.14
1544816019.2
1544816019.25
1544816019.3
1544816019.34
1544816019.39
1544816019.43
1544816019.49
1544816019.54
1544816019.59
1544816019.68
1544816019.72
1544816019.78
1544816019.87
1544816019.92
1544816019.97
1544816020.02
1544816020.08
1544816020.11
1544816020.15
1544816020.2
1544816020.24
1544816020.29
1544816020.33
1544816020.36
1544816020.42
1544816020.47
1544816020.52
1544816020.56
1544816020.62
1544816020.67
1544816020.71
1544816020.74
1544816020.78
1544816020.84
1544816020.91
1544816020.95
1544816021.0
1544816021.04
1544816021.09
1544816021.12
1544816021.16
1544816021.2
1544816021.25
1544816021.3
1544816021.34
1544816021.39
1544816021.43
1544816021.5
1544816021.54
1544816021.6
1544816021.65
1544816021.7
1544816021.73
1544816021.77
1544816021.82
1544816021.89
1544816021.94
1544816021.98
1544816022.04
1544816022.11
1544816022.15
1544816022.2
1544816022.26
1544816022.31
1544816022.35
1544816022.4
1544816022.46
1544816022.51
1544816022.54
1544816022.61
1544816022.65
1544816022.69
1544816022.73
1544816022.77
1544816022.84
1544816022.89
1544816022.93
1544816022.97
1544816023.08
1544816023.12
1544816023.17
1544816023.24
1544816023.3
1544816023.33
1544816023.38
1544816023.48
1544816023.53
1544816023.57
1544816023.62
1544816023.68
1544816023.71
1544816023.77
1544816023.82
1544816023.86
1544816023.9
1544816023.94
1544816024.02
1544816024.09
1544816024.13
1544816024.21
1544816024.28
1544816024.32
1544816024.36
1544816024.45
1544816024.5
1544816024.54
1544816024.58
1544816024.66
1544816024.71
1544816024.75
1544816024.8
1544816024.86
1544816024.9
1544816024.93
1544816024.97
1544816025.02
1544816025.06
1544816025.1
1544816025.13
1544816025.16
1544816025.22
1544816025.27
1544816025.3
1544816025.34
1544816025.4
1544816025.45
1544816025.5
1544816025.54
1544816025.6
1544816025.66
1544816025.72
1544816025.77
1544816025.84
1544816025.9
1544816025.94
1544816025.99
1544816026.05
1544816026.1
1544816026.14
1544816026.19
1544816026.27
1544816026.32
1544816026.38
1544816026.45
1544816026.53
1544816026.6
1544816026.67
1544816026.73
1544816026.81
1544816026.88
1544816026.93
1544816027.0
1544816027.06
1544816027.11
1544816027.2
1544816027.27
1544816027.35
1544816027.44
1544816027.52
1544816027.57
1544816027.62
1544816027.71
1544816027.79
1544816027.83
1544816027.89
1544816027.94
1544816028.02
1544816028.1
1544816028.19
1544816028.23
1544816028.3
1544816028.38
1544816028.45
1544816028.52
1544816028.61
1544816028.67
1544816028.73
1544816028.82
1544816028.92
1544816029.02
1544816029.12
1544816029.2
1544816029.29
1544816029.36
1544816029.42
1544816029.49
1544816029.55
1544816029.62
1544816029.68
1544816029.75
1544816029.81
1544816029.9
1544816029.99
1544816030.07
1544816030.14
1544816030.2
1544816030.26
1544816030.32
1544816030.39
1544816030.44
1544816030.5
1544816030.56
1544816030.62
1544816030.68
1544816030.74
1544816030.81
1544816030.88
1544816030.94
1544816031.01
1544816031.07
1544816031.14
1544816031.2
1544816031.26
1544816031.32
1544816031.35
1544816031.41
1544816031.46
1544816031.5
1544816031.54
1544816031.59
1544816031.65
1544816031.7
1544816031.77
1544816031.85
1544816031.9
1544816031.93
1544816032.0
1544816032.07
1544816032.11
1544816032.14
1544816032.2
1544816032.26
1544816032.3
1544816032.34
1544816032.39
1544816032.45
1544816032.5
1544816032.54
1544816032.58
1544816032.64
1544816032.7
1544816032.75
1544816032.82
1544816032.87
1544816032.92
1544816032.97
1544816033.04
1544816033.09
1544816033.13
1544816033.17
1544816033.24
1544816033.29
1544816033.34
1544816033.37
1544816033.41
1544816033.47
1544816033.51
1544816033.54
1544816033.6
1544816033.66
1544816033.7
1544816033.74
1544816033.78
1544816033.83
1544816033.87
1544816033.91
1544816033.95
1544816034.03
1544816034.09
1544816034.13
1544816034.19
1544816034.24
1544816034.31
1544816034.38
1544816034.44
1544816034.51
1544816034.57
1544816034.61
1544816034.64
1544816034.7
1544816034.77
1544816034.83
1544816034.89
1544816034.93
1544816034.99
1544816035.07
1544816035.14
1544816035.21
1544816035.3
1544816035.36
1544816035.43
1544816035.49
1544816035.54
1544816035.62
1544816035.68
1544816035.75
1544816035.8
1544816035.84
1544816035.92
1544816036.01
1544816036.09
1544816036.14
1544816036.2
1544816036.25
1544816036.34
1544816036.42
1544816036.49
1544816036.56
1544816036.61
1544816036.67
1544816036.72
1544816036.81
1544816036.89
1544816036.92
1544816036.97
1544816037.03
1544816037.1
1544816037.13
1544816037.17
1544816037.22
1544816037.27
1544816037.32
1544816037.38
1544816037.42
1544816037.46
1544816037.5
1544816037.54
1544816037.6
1544816037.67
1544816037.7
1544816037.73
1544816037.77
1544816037.85
1544816037.91
1544816037.95
1544816038.01
1544816038.08
1544816038.13
1544816038.18
1544816038.22
1544816038.27
1544816038.3
1544816038.34
1544816038.4
1544816038.44
1544816038.49
1544816038.53
1544816038.57
1544816038.63
1544816038.67
1544816038.71
1544816038.75
1544816038.8
1544816038.85
1544816038.9
1544816038.93
1544816038.97
1544816039.03
1544816039.08
1544816039.12
1544816039.17
1544816039.21
1544816039.28
1544816039.32
1544816039.36
1544816039.41
1544816039.46
1544816039.51
1544816039.54
1544816039.59
1544816039.67
1544816039.71
1544816039.77
1544816039.8
1544816039.87
1544816039.91
1544816039.95
1544816040.01
1544816040.07
1544816040.12
1544816040.17
1544816040.21
1544816040.25
1544816040.31
1544816040.34
1544816040.41
1544816040.47
1544816040.51
1544816040.56
1544816040.61
1544816040.65
1544816040.69
1544816040.73
1544816040.77
1544816040.83
1544816040.88
1544816040.92
1544816040.95
1544816040.98
1544816041.06
1544816041.1
1544816041.13
1544816041.17
1544816041.22
1544816041.28
1544816041.32
1544816041.35
1544816041.4
1544816041.46
1544816041.5
1544816041.53
1544816041.58
1544816041.63
1544816041.68
1544816041.71
1544816041.74
1544816041.8
1544816041.86
1544816041.91
1544816041.94
1544816041.98
1544816042.04
1544816042.1
1544816042.14
1544816042.19
1544816042.23
1544816042.29
1544816042.32
1544816042.37
1544816042.41
1544816042.48
1544816042.51
1544816042.55
1544816042.58
1544816042.64
1544816042.68
1544816042.72
1544816042.75
1544816042.81
1544816042.85
1544816042.9
1544816042.94
1544816042.98
1544816043.04
1544816043.09
1544816043.14
1544816043.19
1544816043.23
1544816043.28
1544816043.31
1544816043.35
1544816043.41
1544816043.45
1544816043.49
1544816043.53
1544816043.57
1544816043.64
1544816043.69
1544816043.73
1544816043.78
1544816043.83
1544816043.88
1544816043.91
1544816043.95
1544816044.0
1544816044.06
1544816044.11
1544816044.15
1544816044.19
1544816044.24
1544816044.29
1544816044.33
1544816044.37
1544816044.42
1544816044.48
1544816044.53
1544816044.58
1544816044.63
1544816044.69
1544816044.73
1544816044.78
1544816044.81
1544816044.85
1544816044.91
1544816044.95
1544816045.0
1544816045.05
1544816045.1
1544816045.14
1544816045.18
1544816045.25
1544816045.31
1544816045.35
1544816045.41
1544816045.47
1544816045.51
1544816045.54
1544816045.59
1544816045.66
1544816045.71
1544816045.75
1544816045.8
1544816045.9
1544816045.94
1544816045.99
1544816046.05
1544816046.09
1544816046.14
1544816046.2
1544816046.27
1544816046.31
1544816046.34
1544816046.4
1544816046.43
1544816046.49
1544816046.53
1544816046.58
1544816046.63
1544816046.69
1544816046.73
1544816046.77
1544816046.81
1544816046.85
1544816046.92
1544816046.97
1544816047.03
1544816047.07
1544816047.11
1544816047.16
1544816047.24
1544816047.3
1544816047.33
1544816047.41
1544816047.48
1544816047.57
1544816047.64
1544816047.72
1544816047.8
1544816047.88
1544816047.97
1544816048.03
1544816048.1
1544816048.18
1544816048.27
1544816048.35
1544816048.44
1544816048.53
1544816048.63
1544816048.72
1544816048.79
1544816048.87
1544816048.95
1544816049.03
1544816049.1
1544816049.19
1544816049.28
1544816049.37
1544816049.42
1544816049.47
1544816049.52
1544816049.57
1544816049.62
1544816049.67
1544816049.71
1544816049.75
1544816049.8
1544816049.84
1544816049.9
1544816049.93
1544816049.97
1544816050.04
1544816050.1
1544816050.14
1544816050.19
1544816050.27
1544816050.31
1544816050.35
1544816050.41
1544816050.46
1544816050.5
1544816050.54
1544816050.59
1544816050.65
1544816050.7
1544816050.73
1544816050.77
1544816050.83
1544816050.89
1544816050.92
1544816050.95
1544816051.01
1544816051.05
1544816051.09
1544816051.12
1544816051.17
1544816051.24
1544816051.29
1544816051.33
1544816051.38
1544816051.45
1544816051.5
1544816051.54
1544816051.59
1544816051.64
1544816051.71
1544816051.78
1544816051.85
1544816051.93
1544816052.01
1544816052.07
1544816052.12
1544816052.2
1544816052.25
1544816052.32
1544816052.4
1544816052.45
1544816052.5
1544816052.54
1544816052.6
1544816052.65
1544816052.7
1544816052.74
1544816052.81
1544816052.91
1544816053.0
1544816053.07
1544816053.15
1544816053.23
1544816053.28
1544816053.34
1544816053.41
1544816053.44
1544816053.48
1544816053.54
1544816053.62
1544816053.67
1544816053.73
1544816053.78
1544816053.83
1544816053.86
1544816053.96
1544816054.0
1544816054.04
1544816054.08
1544816054.13
1544816054.18
1544816054.24
1544816054.32
1544816054.39
1544816054.42
1544816054.47
1544816054.52
1544816054.59
1544816054.62
1544816054.67
1544816054.72
1544816054.78
1544816054.83
1544816054.88
1544816054.94
1544816055.0
1544816055.04
1544816055.1
1544816055.14
1544816055.21
1544816055.27
1544816055.32
1544816055.4
1544816055.46
1544816055.52
1544816055.59
1544816055.67
1544816055.74
1544816055.79
1544816055.84
1544816055.91
1544816055.98
1544816056.02
1544816056.07
1544816056.11
1544816056.19
1544816056.24
1544816056.29
1544816056.33
1544816056.39
1544816056.45
1544816056.5
1544816056.54
1544816056.59
1544816056.62
1544816056.65
1544816056.7
1544816056.77
1544816056.81
1544816056.84
1544816056.89
1544816056.96
1544816057.01
1544816057.05
1544816057.09
1544816057.13
1544816057.17
1544816057.23
1544816057.27
1544816057.31
1544816057.36
1544816057.41
1544816057.45
1544816057.5
1544816057.55
1544816057.6
1544816057.62
1544816057.66
1544816057.71
1544816057.76
1544816057.81
1544816057.84
1544816057.89
1544816057.96
1544816058.01
1544816058.05
1544816058.09
1544816058.13
1544816058.18
1544816058.22
1544816058.28
1544816058.32
1544816058.37
1544816058.42
1544816058.45
1544816058.5
1544816058.55
1544816058.61
1544816058.64
1544816058.69
1544816058.73
1544816058.77
1544816058.81
1544816058.85
1544816058.92
1544816058.98
1544816059.01
1544816059.05
1544816059.09
1544816059.18
1544816059.21
1544816059.24
1544816059.29
1544816059.37
1544816059.41
1544816059.44
1544816059.51
1544816059.58
1544816059.63
1544816059.68
1544816059.78
1544816059.82
1544816059.87
1544816059.94
1544816059.99
1544816060.03
1544816060.06
1544816060.13
1544816060.18
1544816060.23
1544816060.28
1544816060.35
1544816060.39
1544816060.43
1544816060.46
1544816060.51
1544816060.57
1544816060.6
1544816060.64
1544816060.67
1544816060.72
1544816060.76
1544816060.81
1544816060.84
1544816060.89
1544816060.92
1544816060.97
1544816061.01
1544816061.05
1544816061.12
1544816061.18
1544816061.24
1544816061.29
1544816061.36
1544816061.44
1544816061.51
1544816061.59
1544816061.65
1544816061.73
1544816061.79
1544816061.84
1544816061.89
1544816062.01
1544816062.07
1544816062.14
1544816062.22
1544816062.31
1544816062.42
1544816062.5
1544816062.54
1544816062.6
1544816062.64
1544816062.72
1544816062.82
1544816062.89
1544816062.99
1544816063.11
1544816063.18
1544816063.28
1544816063.39
1544816063.49
1544816063.59
1544816063.65
1544816063.71
1544816063.74
1544816063.78
1544816063.81
1544816063.84
1544816063.89
1544816063.97
1544816064.0
1544816064.03
1544816064.07
1544816064.13
1544816064.18
1544816064.22
1544816064.26
1544816064.32
1544816064.38
1544816064.42
1544816064.46
1544816064.49
1544816064.54
1544816064.6
1544816064.63
1544816064.71
1544816064.78
1544816064.83
1544816064.89
1544816064.95
1544816065.0
1544816065.03
1544816065.07
1544816065.11
1544816065.17
1544816065.21
1544816065.25
1544816065.31
1544816065.35
1544816065.4
1544816065.43
1544816065.48
1544816065.53
1544816065.58
1544816065.61
1544816065.65
1544816065.69
1544816065.73
1544816065.77
1544816065.8
1544816065.84
1544816065.89
1544816065.95
1544816066.01
1544816066.04
1544816066.08
1544816066.14
1544816066.19
1544816066.24
1544816066.29
1544816066.37
1544816066.41
1544816066.45
1544816066.49
1544816066.52
1544816066.58
1544816066.61
1544816066.65
1544816066.69
1544816066.76
1544816066.81
1544816066.85
1544816066.92
1544816066.99
1544816067.03
1544816067.08
1544816067.14
1544816067.19
1544816067.23
1544816067.28
1544816067.33
1544816067.39
1544816067.42
1544816067.46
1544816067.5
1544816067.55
1544816067.6
1544816067.63
1544816067.68
1544816067.73
1544816067.78
1544816067.83
1544816067.88
1544816067.95
1544816067.99
1544816068.04
1544816068.1
1544816068.14
1544816068.2
1544816068.25
1544816068.31
1544816068.35
1544816068.39
1544816068.43
1544816068.48
1544816068.52
1544816068.55
1544816068.59
1544816068.63
1544816068.66
1544816068.71
1544816068.77
1544816068.82
1544816068.85
1544816068.89
1544816068.97
1544816069.01
1544816069.05
1544816069.09
1544816069.16
1544816069.21
1544816069.24
1544816069.29
1544816069.37
1544816069.42
1544816069.45
1544816069.49
1544816069.53
1544816069.57
1544816069.61
1544816069.65
1544816069.7
1544816069.77
1544816069.82
1544816069.85
1544816069.91
1544816069.97
1544816070.01
1544816070.07
1544816070.14
1544816070.19
1544816070.23
1544816070.29
1544816070.37
1544816070.44
1544816070.48
1544816070.52
1544816070.57
1544816070.61
1544816070.65
1544816070.72
1544816070.77
1544816070.82
1544816070.87
1544816070.92
1544816070.96
1544816071.01
1544816071.05
1544816071.09
1544816071.12
1544816071.18
1544816071.22
1544816071.26
1544816071.35
1544816071.39
1544816071.42
1544816071.48
1544816071.52
1544816071.57
1544816071.61
1544816071.67
1544816071.8
1544816071.91
1544816072.01
1544816072.09
1544816072.15
1544816072.24
1544816072.29
1544816072.33
1544816072.39
1544816072.46
1544816072.53
1544816072.62
1544816072.71
1544816072.79
1544816072.87
1544816072.94
1544816073.03
1544816073.12
1544816073.23
1544816073.28
1544816073.35
1544816073.4
1544816073.51
1544816073.58
1544816073.62
1544816073.67
1544816073.72
1544816073.77
1544816073.82
1544816073.87
1544816073.92
1544816073.97
1544816074.03
1544816074.08
1544816074.12
1544816074.15
1544816074.21
1544816074.27
1544816074.31
1544816074.35
1544816074.41
1544816074.47
1544816074.52
1544816074.56
1544816074.63
1544816074.68
1544816074.72
1544816074.78
1544816074.82
1544816074.87
1544816074.97
1544816075.01
1544816075.04
1544816075.1
1544816075.16
1544816075.24
1544816075.31
1544816075.37
1544816075.44
1544816075.5
1544816075.55
1544816075.59
1544816075.63
1544816075.7
1544816075.76
1544816075.8
1544816075.85
1544816075.91
1544816075.95
1544816076.0
1544816076.04
1544816076.09
1544816076.13
1544816076.19
1544816076.24
1544816076.3
1544816076.33
1544816076.38
1544816076.43
1544816076.49
1544816076.54
1544816076.58
1544816076.62
1544816076.65
1544816076.7
1544816076.73
1544816076.79
1544816076.83
1544816076.88
1544816076.93
1544816076.98
1544816077.04
1544816077.09
1544816077.14
1544816077.21
1544816077.29
1544816077.33
1544816077.38
1544816077.43
1544816077.47
1544816077.52
1544816077.57
1544816077.62
1544816077.67
1544816077.71
1544816077.75
1544816077.81
1544816077.85
1544816077.89
1544816077.93
1544816077.99
1544816078.07
1544816078.11
1544816078.14
1544816078.2
1544816078.24
1544816078.29
1544816078.33
1544816078.37
1544816078.42
1544816078.46
1544816078.5
1544816078.54
1544816078.59
1544816078.65
1544816078.7
1544816078.73
1544816078.79
1544816078.85
1544816078.9
1544816078.94
1544816078.99
1544816079.03
1544816079.08
1544816079.11
1544816079.15
1544816079.22
1544816079.28
1544816079.32
1544816079.36
1544816079.42
1544816079.47
1544816079.51
1544816079.54
1544816079.59
1544816079.64
1544816079.7
1544816079.73
1544816079.77
1544816079.84
1544816079.94
1544816080.03
1544816080.08
1544816080.13
1544816080.19
1544816080.25
1544816080.32
1544816080.38
1544816080.44
1544816080.49
1544816080.55
1544816080.63
1544816080.71
1544816080.83
1544816080.91
1544816081.0
1544816081.07
1544816081.12
1544816081.18
1544816081.24
1544816081.31
1544816081.38
1544816081.44
1544816081.53
1544816081.61
1544816081.7
1544816081.78
1544816081.87
1544816081.94
1544816082.07
1544816082.19
1544816082.28
1544816082.37
1544816082.4
1544816082.48
1544816082.55
1544816082.62
1544816082.69
1544816082.77
1544816082.83
1544816082.91
1544816082.98
1544816083.04
1544816083.1
1544816083.13
1544816083.2
1544816083.27
1544816083.32
1544816083.38
1544816083.44
1544816083.5
1544816083.54
1544816083.61
1544816083.7
1544816083.73
1544816083.76
1544816083.82
1544816083.88
1544816083.92
1544816083.97
1544816084.01
1544816084.05
1544816084.1
1544816084.13
1544816084.17
1544816084.24
1544816084.29
1544816084.33
1544816084.4
1544816084.45
1544816084.5
1544816084.54
1544816084.61
1544816084.67
1544816084.71
1544816084.77
1544816084.83
1544816084.89
1544816084.93
1544816085.01
1544816085.07
1544816085.1
1544816085.14
1544816085.21
1544816085.27
1544816085.31
1544816085.35
1544816085.43
1544816085.49
1544816085.53
1544816085.56
1544816085.63
1544816085.7
1544816085.73
1544816085.79
1544816085.86
1544816085.91
1544816085.95
1544816086.02
1544816086.1
1544816086.14
1544816086.19
1544816086.23
1544816086.28
1544816086.31
1544816086.34
1544816086.4
1544816086.48
1544816086.52
1544816086.57
1544816086.62
1544816086.67
1544816086.71
1544816086.76
1544816086.81
1544816086.85
1544816086.9
1544816086.93
1544816086.99
1544816087.07
1544816087.11
1544816087.15
1544816087.25
1544816087.3
1544816087.34
1544816087.4
1544816087.46
1544816087.51
1544816087.55
1544816087.61
1544816087.66
1544816087.71
1544816087.75
1544816087.81
1544816087.86
1544816087.91
1544816087.95
1544816087.99
1544816088.03
1544816088.08
1544816088.12
1544816088.16
1544816088.21
1544816088.24
1544816088.29
1544816088.33
1544816088.38
1544816088.47
1544816088.51
1544816088.54
1544816088.61
1544816088.67
1544816088.71
1544816088.75
1544816088.82
1544816088.88
1544816088.92
1544816088.95
1544816089.01
1544816089.07
1544816089.1
1544816089.13
1544816089.2
1544816089.28
1544816089.32
1544816089.35
1544816089.41
1544816089.47
1544816089.51
1544816089.55
1544816089.58
1544816089.63
1544816089.69
1544816089.74
1544816089.77
1544816089.82
1544816089.85
1544816089.9
1544816089.93
1544816089.97
1544816090.03
1544816090.08
1544816090.12
1544816090.17
1544816090.2
1544816090.24
1544816090.3
1544816090.33
1544816090.37
1544816090.44
1544816090.49
1544816090.53
1544816090.59
1544816090.67
1544816090.71
1544816090.75
1544816090.8
1544816090.88
1544816090.92
1544816090.95
1544816091.02
1544816091.06
1544816091.11
1544816091.17
1544816091.22
1544816091.27
1544816091.31
1544816091.34
1544816091.4
1544816091.47
1544816091.51
1544816091.55
1544816091.6
1544816091.64
1544816091.7
1544816091.73
1544816091.77
1544816091.81
1544816091.86
1544816091.91
1544816091.95
1544816092.0
1544816092.07
1544816092.11
1544816092.15
1544816092.21
1544816092.27
1544816092.31
1544816092.35
1544816092.41
1544816092.5
1544816092.54
1544816092.61
1544816092.69
1544816092.77
1544816092.83
1544816092.91
1544816092.98
1544816093.05
1544816093.12
1544816093.21
1544816093.28
1544816093.36
1544816093.44
1544816093.5
1544816093.54
1544816093.58
1544816093.64
1544816093.71
1544816093.77
1544816093.82
1544816093.88
1544816093.95
1544816094.0
1544816094.04
1544816094.1
1544816094.17
1544816094.22
1544816094.27
1544816094.34
1544816094.41
1544816094.48
1544816094.55
1544816094.64
1544816094.72
1544816094.79
1544816094.89
1544816094.97
1544816095.01
1544816095.04
1544816095.1
1544816095.18
1544816095.26
1544816095.33
1544816095.41
1544816095.49
1544816095.57
1544816095.63
1544816095.69
1544816095.76
1544816095.82
1544816095.87
1544816095.92
1544816095.98
1544816096.02
1544816096.05
1544816096.1
1544816096.14
1544816096.19
1544816096.23
1544816096.28
1544816096.33
1544816096.39
1544816096.44
1544816096.5
1544816096.57
1544816096.61
1544816096.67
1544816096.73
1544816096.8
1544816096.85
1544816096.89
1544816096.97
1544816097.0
1544816097.04
1544816097.11
1544816097.17
1544816097.2
1544816097.24
1544816097.28
1544816097.34
1544816097.39
1544816097.43
1544816097.48
1544816097.54
1544816097.58
1544816097.63
1544816097.68
1544816097.72
1544816097.78
1544816097.82
1544816097.86
1544816097.96
1544816098.01
1544816098.05
1544816098.14
1544816098.2
1544816098.24
1544816098.28
1544816098.32
1544816098.36
1544816098.4
1544816098.44
1544816098.51
1544816098.57
1544816098.62
1544816098.67
1544816098.77
1544816098.81
1544816098.86
1544816098.9
1544816098.95
1544816099.01
1544816099.05
1544816099.1
1544816099.17
1544816099.21
1544816099.25
1544816099.3
1544816099.37
1544816099.4
1544816099.45
1544816099.52
1544816099.58
1544816099.61
1544816099.67
1544816099.72
1544816099.78
1544816099.82
1544816099.86
1544816099.92
1544816099.98
1544816100.02
1544816100.07
1544816100.12
1544816100.19
1544816100.23
1544816100.29
1544816100.34
1544816100.39
1544816100.43
1544816100.49
1544816100.58
1544816100.63
1544816100.68
1544816100.75
1544816100.8
1544816100.85
1544816100.91
1544816100.99
1544816101.02
1544816101.05
1544816101.12
1544816101.18
1544816101.21
1544816101.25
1544816101.31
1544816101.36
1544816101.41
1544816101.44
1544816101.49
1544816101.53
1544816101.57
1544816101.61
1544816101.64
1544816101.7
1544816101.75
1544816101.8
1544816101.84
1544816101.88
1544816101.95
1544816102.0
1544816102.06
1544816102.14
1544816102.2
1544816102.23
1544816102.29
1544816102.34
1544816102.38
1544816102.42
1544816102.46
1544816102.51
1544816102.55
1544816102.59
1544816102.63
1544816102.67
1544816102.73
1544816102.78
1544816102.83
1544816102.87
1544816102.93
1544816102.98
1544816103.02
1544816103.05
1544816103.1
1544816103.17
1544816103.21
1544816103.24
1544816103.3
1544816103.35
1544816103.4
1544816103.45
1544816103.51
1544816103.57
1544816103.62
1544816103.66
1544816103.71
1544816103.77
1544816103.82
1544816103.85
1544816103.92
1544816103.99
1544816104.03
1544816104.07
1544816104.14
1544816104.2
1544816104.24
1544816104.29
1544816104.35
1544816104.4
1544816104.43
1544816104.47
1544816104.55
1544816104.59
1544816104.63
1544816104.69
1544816104.78
1544816104.83
1544816104.88
1544816104.97
1544816105.02
1544816105.06
1544816105.15
1544816105.2
1544816105.25
1544816105.31
1544816105.37
1544816105.42
1544816105.48
1544816105.53
1544816105.6
1544816105.67
1544816105.73
1544816105.8
1544816105.88
1544816105.92
1544816105.97
1544816106.02
1544816106.11
1544816106.21
1544816106.29
1544816106.37
1544816106.41
1544816106.45
1544816106.55
1544816106.59
1544816106.63
1544816106.7
1544816106.78
1544816106.81
1544816106.85
1544816106.93
1544816107.0
1544816107.05
1544816107.1
1544816107.16
1544816107.22
1544816107.26
1544816107.34
1544816107.41
1544816107.44
1544816107.48
1544816107.54
1544816107.61
1544816107.65
1544816107.7
1544816107.75
1544816107.79
1544816107.84
1544816107.87
1544816107.92
1544816108.01
1544816108.04
1544816108.09
1544816108.14
1544816108.19
1544816108.23
1544816108.3
1544816108.37
1544816108.41
1544816108.45
1544816108.52
1544816108.6
1544816108.63
1544816108.68
1544816108.72
1544816108.79
1544816108.84
1544816108.88
1544816108.94
1544816109.0
1544816109.05
1544816109.09
1544816109.14
1544816109.2
1544816109.25
1544816109.31
1544816109.37
1544816109.45
1544816109.5
1544816109.59
1544816109.68
1544816109.76
1544816109.85
1544816109.95
1544816110.03
1544816110.11
1544816110.21
1544816110.27
1544816110.35
1544816110.42
1544816110.48
1544816110.52
1544816110.58
1544816110.66
1544816110.72
1544816110.81
1544816110.89
1544816111.03
1544816111.12
1544816111.23
1544816111.29
1544816111.35
1544816111.4
1544816111.46
1544816111.51
1544816111.55
1544816111.61
1544816111.69
1544816111.73
1544816111.79
1544816111.84
1544816111.9
1544816111.95
1544816112.01
1544816112.07
1544816112.12
1544816112.18
1544816112.23
1544816112.28
1544816112.33
1544816112.37
1544816112.42
1544816112.46
1544816112.5
1544816112.55
1544816112.59
1544816112.68
1544816112.74
1544816112.8
1544816112.87
1544816112.92
1544816112.96
1544816113.02
1544816113.07
1544816113.11
1544816113.14
1544816113.18
1544816113.22
1544816113.26
1544816113.31
1544816113.35
1544816113.43
1544816113.5
1544816113.55
1544816113.62
1544816113.67
1544816113.72
1544816113.76
1544816113.81
1544816113.87
1544816113.9
1544816113.95
1544816114.0
1544816114.06
1544816114.1
1544816114.15
1544816114.22
1544816114.3
1544816114.35
1544816114.42
1544816114.48
1544816114.52
1544816114.55
1544816114.6
1544816114.65
1544816114.68
1544816114.72
1544816114.75
1544816114.79
1544816114.86
1544816114.9
1544816114.93
1544816114.97
1544816115.01
1544816115.05
1544816115.1
1544816115.13
1544816115.16
1544816115.2
1544816115.24
1544816115.29
1544816115.35
1544816115.39
1544816115.47
1544816115.5
1544816115.54
1544816115.6
1544816115.66
1544816115.71
1544816115.75
1544816115.81
1544816115.87
1544816115.91
1544816115.96
1544816116.04
1544816116.1
1544816116.15
1544816116.23
1544816116.31
1544816116.35
1544816116.44
1544816116.5
1544816116.58
1544816116.63
1544816116.69
1544816116.74
1544816116.8
1544816116.85
1544816116.91
1544816116.96
1544816117.02
1544816117.07
1544816117.13
1544816117.2
1544816117.25
1544816117.33
1544816117.41
1544816117.49
1544816117.56
1544816117.61
1544816117.68
1544816117.74
1544816117.8
1544816117.87
1544816117.92
1544816117.97
1544816118.02
1544816118.06
1544816118.12
1544816118.17
1544816118.22
1544816118.26
1544816118.3
1544816118.36
1544816118.4
1544816118.45
1544816118.5
1544816118.55
1544816118.6
1544816118.63
1544816118.68
1544816118.78
1544816118.82
1544816118.87
1544816118.94
1544816118.99
1544816119.02
1544816119.06
1544816119.11
1544816119.17
1544816119.22
1544816119.27
1544816119.33
1544816119.4
1544816119.44
1544816119.5
1544816119.55
1544816119.61
1544816119.65
1544816119.7
1544816119.74
1544816119.79
1544816119.83
1544816119.87
1544816119.93
1544816120.01
1544816120.07
1544816120.12
1544816120.17
1544816120.23
1544816120.27
1544816120.32
1544816120.37
1544816120.41
1544816120.47
1544816120.52
1544816120.57
1544816120.62
1544816120.67
1544816120.74
1544816120.78
1544816120.83
1544816120.87
1544816120.94
1544816120.99
1544816121.03
1544816121.07
1544816121.12
1544816121.17
1544816121.22
1544816121.26
1544816121.32
1544816121.37
1544816121.44
1544816121.49
1544816121.55
1544816121.6
1544816121.65
1544816121.71
1544816121.77
1544816121.82
1544816121.87
1544816121.94
1544816121.99
1544816122.02
1544816122.07
1544816122.13
1544816122.2
1544816122.23
1544816122.27
1544816122.33
1544816122.4
1544816122.43
1544816122.49
1544816122.54
1544816122.59
1544816122.62
1544816122.68
1544816122.73
1544816122.79
1544816122.83
1544816122.88
1544816122.94
1544816123.01
1544816123.05
1544816123.09
1544816123.13
1544816123.2
1544816123.26
1544816123.34
1544816123.4
1544816123.44
1544816123.48
1544816123.53
1544816123.58
1544816123.62
1544816123.67
1544816123.7
1544816123.79
1544816123.82
1544816123.87
1544816123.92
1544816124.0
1544816124.03
1544816124.08
1544816124.12
1544816124.17
1544816124.21
1544816124.25
1544816124.31
1544816124.37
1544816124.4
1544816124.45
1544816124.49
1544816124.54
1544816124.58
1544816124.62
1544816124.68
1544816124.73
1544816124.78
1544816124.82
1544816124.86
1544816124.9
1544816124.95
1544816124.99
1544816125.04
1544816125.08
1544816125.13
1544816125.18
1544816125.21
1544816125.25
1544816125.3
1544816125.38
1544816125.42
1544816125.47
1544816125.53
1544816125.58
1544816125.61
1544816125.65
1544816125.71
1544816125.77
1544816125.81
1544816125.85
1544816125.91
1544816125.96
1544816126.01
1544816126.05
1544816126.1
1544816126.15
1544816126.2
1544816126.24
1544816126.3
1544816126.38
1544816126.42
1544816126.47
1544816126.57
1544816126.61
1544816126.66
1544816126.73
1544816126.78
1544816126.81
1544816126.88
1544816126.94
1544816126.99
1544816127.03
1544816127.07
1544816127.12
1544816127.17
1544816127.21
1544816127.27
1544816127.34
1544816127.4
1544816127.44
1544816127.54
1544816127.6
1544816127.65
1544816127.74
1544816127.79
1544816127.84
1544816127.89
1544816127.94
1544816128.02
1544816128.06
1544816128.12
1544816128.18
1544816128.22
1544816128.27
1544816128.35
1544816128.42
1544816128.5
1544816128.59
1544816128.67
1544816128.75
1544816128.81
1544816128.89
1544816128.97
1544816129.02
1544816129.11
1544816129.19
1544816129.27
1544816129.34
1544816129.42
1544816129.5
1544816129.57
1544816129.64
1544816129.71
1544816129.76
1544816129.82
1544816129.88
1544816129.95
1544816130.01
1544816130.08
1544816130.17
1544816130.25
1544816130.32
1544816130.38
1544816130.43
1544816130.48
1544816130.55
1544816130.6
1544816130.64
1544816130.68
1544816130.74
1544816130.8
1544816130.84
1544816130.92
1544816130.98
1544816131.02
1544816131.06
1544816131.14
1544816131.19
1544816131.23
1544816131.28
1544816131.35
1544816131.4
1544816131.43
1544816131.47
1544816131.52
1544816131.59
1544816131.67
1544816131.73
1544816131.81
1544816131.88
1544816131.97
1544816132.04
1544816132.14
1544816132.2
1544816132.24
1544816132.31
1544816132.4
1544816132.45
1544816132.54
1544816132.6
1544816132.64
1544816132.72
1544816132.79
1544816132.82
1544816132.87
1544816132.93
1544816132.99
1544816133.04
1544816133.12
1544816133.18
1544816133.27
1544816133.3
1544816133.34
1544816133.39
1544816133.43
1544816133.49
1544816133.56
1544816133.62
1544816133.67
1544816133.73
1544816133.78
1544816133.82
1544816133.87
1544816133.91
1544816133.95
1544816134.0
1544816134.05
1544816134.1
1544816134.16
1544816134.2
1544816134.24
1544816134.29
1544816134.35
1544816134.39
1544816134.44
1544816134.5
1544816134.57
1544816134.61
1544816134.68
1544816134.72
1544816134.77
1544816134.82
1544816134.87
1544816134.98
1544816135.02
1544816135.07
1544816135.13
1544816135.17
1544816135.22
1544816135.27
1544816135.31
1544816135.36
1544816135.41
1544816135.45
1544816135.51
1544816135.56
1544816135.6
1544816135.63
1544816135.7
1544816135.75
1544816135.79
1544816135.82
1544816135.87
1544816135.93
1544816135.98
1544816136.02
1544816136.05
1544816136.09
1544816136.18
1544816136.22
1544816136.25
1544816136.36
1544816136.4
1544816136.43
1544816136.47
1544816136.53
1544816136.59
1544816136.64
1544816136.68
1544816136.75
1544816136.79
1544816136.84
1544816136.89
1544816136.92
1544816136.96
1544816137.0
1544816137.04
1544816137.09
1544816137.16
1544816137.21
1544816137.25
1544816137.3
1544816137.37
1544816137.42
1544816137.49
1544816137.55
1544816137.6
1544816137.65
1544816137.72
1544816137.76
1544816137.81
1544816137.85
1544816137.89
1544816137.94
1544816137.99
1544816138.03
1544816138.08
1544816138.14
1544816138.2
1544816138.24
1544816138.28
1544816138.33
1544816138.39
1544816138.43
1544816138.49
1544816138.57
1544816138.6
1544816138.64
1544816138.69
1544816138.75
1544816138.8
1544816138.84
1544816138.9
1544816138.99
1544816139.04
1544816139.1
1544816139.17
1544816139.22
1544816139.3
1544816139.36
1544816139.43
1544816139.49
1544816139.53
1544816139.6
1544816139.66
1544816139.72
1544816139.79
1544816139.84
1544816139.91
1544816139.99
1544816140.05
1544816140.1
1544816140.15
1544816140.22
1544816140.27
1544816140.33
1544816140.39
1544816140.44
1544816140.49
1544816140.53
1544816140.59
1544816140.63
1544816140.67
1544816140.77
1544816140.81
1544816140.84
1544816140.91
1544816140.97
1544816141.0
1544816141.04
1544816141.08
1544816141.15
1544816141.19
1544816141.23
1544816141.28
1544816141.35
1544816141.4
1544816141.44
1544816141.51
1544816141.57
1544816141.61
1544816141.64
1544816141.7
1544816141.75
1544816141.79
1544816141.83
1544816141.88
1544816141.93
1544816141.99
1544816142.03
1544816142.07
1544816142.12
1544816142.17
1544816142.22
1544816142.27
1544816142.33
1544816142.39
1544816142.44
1544816142.49
1544816142.54
1544816142.59
1544816142.62
1544816142.67
1544816142.71
1544816142.75
1544816142.79
1544816142.83
1544816142.89
1544816142.97
1544816143.02
1544816143.07
1544816143.14
1544816143.2
1544816143.24
1544816143.28
1544816143.32
1544816143.38
1544816143.41
1544816143.45
1544816143.5
1544816143.56
1544816143.61
1544816143.66
1544816143.7
1544816143.74
1544816143.8
1544816143.84
1544816143.88
1544816143.93
1544816143.99
1544816144.04
1544816144.08
1544816144.13
1544816144.18
1544816144.22
1544816144.26
1544816144.32
1544816144.37
1544816144.41
1544816144.45
1544816144.52
1544816144.59
1544816144.63
1544816144.67
1544816144.73
1544816144.79
1544816144.82
1544816144.86
1544816144.91
1544816144.98
1544816145.02
1544816145.07
1544816145.13
1544816145.18
1544816145.22
1544816145.27
1544816145.34
1544816145.4
1544816145.44
1544816145.48
1544816145.55
1544816145.59
1544816145.64
1544816145.72
1544816145.78
1544816145.81
1544816145.85
1544816145.91
1544816145.96
1544816146.0
1544816146.04
1544816146.1
1544816146.17
1544816146.21
1544816146.25
1544816146.33
1544816146.38
1544816146.41
1544816146.47
1544816146.53
1544816146.59
1544816146.64
1544816146.69
1544816146.79
1544816146.83
1544816146.87
1544816146.91
1544816146.95
1544816146.99
1544816147.02
1544816147.06
1544816147.1
1544816147.14
1544816147.2
1544816147.23
1544816147.3
1544816147.36
1544816147.41
1544816147.45
1544816147.52
1544816147.58
1544816147.61
1544816147.64
1544816147.73
1544816147.79
1544816147.83
1544816147.88
1544816147.93
1544816148.0
1544816148.12
1544816148.22
1544816148.3
1544816148.36
1544816148.43
1544816148.51
1544816148.55
1544816148.61
1544816148.68
1544816148.74
1544816148.83
1544816148.88
1544816148.92
1544816148.96
1544816149.0
1544816149.05
1544816149.11
1544816149.16
1544816149.22
1544816149.26
1544816149.32
1544816149.4
1544816149.46
1544816149.51
1544816149.57
1544816149.63
1544816149.7
1544816149.75
1544816149.83
1544816149.9
1544816149.95
1544816150.03
1544816150.11
1544816150.21
1544816150.3
1544816150.37
1544816150.45
1544816150.51
1544816150.58
1544816150.63
1544816150.69
1544816150.72
1544816150.75
1544816150.82
1544816150.87
1544816150.91
1544816150.95
1544816150.98
1544816151.03
1544816151.08
1544816151.13
1544816151.18
1544816151.26
1544816151.32
1544816151.36
1544816151.46
1544816151.53
1544816151.59
1544816151.64
1544816151.7
1544816151.73
1544816151.77
1544816151.82
1544816151.88
1544816151.92
1544816151.97
1544816152.05
1544816152.1
1544816152.14
1544816152.18
1544816152.21
1544816152.25
1544816152.3
1544816152.33
1544816152.38
1544816152.42
1544816152.48
1544816152.53
1544816152.58
1544816152.63
1544816152.69
1544816152.73
1544816152.8
1544816152.88
1544816152.91
1544816152.94
1544816152.99
1544816153.03
1544816153.07
1544816153.12
1544816153.15
1544816153.23
1544816153.29
1544816153.32
1544816153.39
1544816153.47
1544816153.51
1544816153.55
1544816153.59
1544816153.65
1544816153.7
1544816153.73
1544816153.78
1544816153.83
1544816153.87
1544816153.91
1544816153.96
1544816154.01
1544816154.07
1544816154.1
1544816154.13
1544816154.16
1544816154.2
1544816154.24
1544816154.28
1544816154.33
1544816154.4
1544816154.47
1544816154.51
1544816154.54
1544816154.6
1544816154.69
1544816154.72
1544816154.77
1544816154.82
1544816154.89
1544816154.95
1544816155.01
1544816155.09
1544816155.13
1544816155.19
1544816155.25
1544816155.3
1544816155.34
1544816155.39
1544816155.48
1544816155.53
1544816155.62
1544816155.7
1544816155.74
1544816155.79
1544816155.87
1544816155.92
1544816155.97
1544816156.02
1544816156.07
1544816156.12
1544816156.16
1544816156.2
1544816156.24
1544816156.29
1544816156.33
1544816156.4
1544816156.46
1544816156.5
1544816156.54
1544816156.58
1544816156.68
1544816156.73
1544816156.78
1544816156.83
1544816156.88
1544816156.92
1544816156.97
1544816157.02
1544816157.09
1544816157.13
1544816157.16
1544816157.24
1544816157.29
1544816157.33
1544816157.37
1544816157.4
1544816157.47
1544816157.51
1544816157.55
1544816157.61
1544816157.66
1544816157.71
1544816157.74
1544816157.78
1544816157.84
1544816157.89
1544816157.94
1544816157.99
1544816158.04
1544816158.09
1544816158.14
1544816158.22
1544816158.27
1544816158.33
1544816158.37
1544816158.44
1544816158.51
1544816158.57
1544816158.63
1544816158.68
1544816158.73
1544816158.77
1544816158.83
1544816158.89
1544816158.93
1544816159.01
1544816159.07
1544816159.12
1544816159.2
1544816159.25
1544816159.3
1544816159.34
1544816159.42
1544816159.47
1544816159.52
1544816159.57
1544816159.64
1544816159.69
1544816159.73
1544816159.8
1544816159.84
1544816159.89
1544816159.94
1544816159.97
1544816160.04
1544816160.09
1544816160.14
1544816160.18
1544816160.25
1544816160.31
1544816160.34
1544816160.39
1544816160.46
1544816160.54
1544816160.61
1544816160.69
1544816160.77
1544816160.82
1544816160.89
1544816160.94
1544816161.0
1544816161.04
1544816161.09
1544816161.13
1544816161.18
1544816161.21
1544816161.27
1544816161.33
1544816161.4
1544816161.48
1544816161.57
1544816161.63
1544816161.68
1544816161.73
1544816161.79
1544816161.86
1544816161.91
1544816161.94
1544816162.0
1544816162.07
1544816162.17
1544816162.26
1544816162.34
1544816162.4
1544816162.49
1544816162.57
1544816162.64
1544816162.7
1544816162.74
1544816162.8
1544816162.86
1544816162.9
1544816162.95
1544816163.04
1544816163.09
1544816163.13
1544816163.18
1544816163.23
1544816163.27
1544816163.31
1544816163.38
1544816163.44
1544816163.5
1544816163.55
1544816163.6
1544816163.63
1544816163.68
1544816163.75
1544816163.81
1544816163.85
1544816163.89
1544816163.94
1544816163.98
1544816164.02
1544816164.07
1544816164.13
1544816164.18
1544816164.22
1544816164.26
1544816164.33
1544816164.39
1544816164.44
1544816164.48
1544816164.54
1544816164.6
1544816164.64
1544816164.68
1544816164.74
1544816164.81
1544816164.86
1544816164.91
1544816164.97
1544816165.0
1544816165.04
1544816165.11
1544816165.16
1544816165.21
1544816165.24
1544816165.29
1544816165.35
1544816165.4
1544816165.44
1544816165.5
1544816165.57
1544816165.61
1544816165.65
1544816165.72
1544816165.78
1544816165.81
1544816165.84
1544816165.89
1544816165.95
1544816166.0
1544816166.05
1544816166.11
1544816166.15
1544816166.2
1544816166.24
1544816166.28
1544816166.35
1544816166.4
1544816166.44
1544816166.49
1544816166.52
1544816166.58
1544816166.62
1544816166.67
1544816166.7
1544816166.8
1544816166.83
1544816166.89
1544816166.96
1544816167.01
1544816167.05
1544816167.1
1544816167.14
1544816167.19
1544816167.23
1544816167.28
1544816167.4
1544816167.44
1544816167.49
1544816167.54
1544816167.58
1544816167.62
1544816167.66
1544816167.73
1544816167.77
1544816167.82
1544816167.86
1544816167.94
1544816168.0
1544816168.03
1544816168.08
1544816168.16
1544816168.2
1544816168.24
1544816168.28
1544816168.32
1544816168.35
1544816168.4
1544816168.43
1544816168.48
1544816168.52
1544816168.6
1544816168.64
1544816168.7
1544816168.77
1544816168.81
1544816168.88
1544816168.93
1544816168.99
1544816169.03
1544816169.07
1544816169.13
1544816169.19
1544816169.22
1544816169.27
1544816169.31
1544816169.36
1544816169.4
1544816169.44
1544816169.49
1544816169.53
1544816169.57
1544816169.61
1544816169.65
1544816169.72
1544816169.79
1544816169.83
1544816169.88
1544816169.92
1544816169.97
1544816170.02
1544816170.05
1544816170.1
1544816170.16
1544816170.21
1544816170.25
1544816170.3
1544816170.35
1544816170.4
1544816170.44
1544816170.49
1544816170.54
1544816170.6
1544816170.64
1544816170.68
1544816170.76
1544816170.81
1544816170.84
1544816170.88
1544816170.93
1544816170.98
1544816171.02
1544816171.07
1544816171.1
1544816171.14
1544816171.19
1544816171.22
1544816171.27
1544816171.31
1544816171.36
1544816171.4
1544816171.43
1544816171.51
1544816171.58
1544816171.62
1544816171.65
1544816171.75
1544816171.81
1544816171.85
1544816171.9
1544816171.98
1544816172.02
1544816172.06
1544816172.13
1544816172.18
1544816172.22
1544816172.26
1544816172.32
1544816172.37
1544816172.42
1544816172.47
1544816172.58
1544816172.62
1544816172.65
1544816172.72
1544816172.78
1544816172.82
1544816172.88
1544816172.95
1544816172.99
1544816173.03
1544816173.09
1544816173.14
1544816173.19
1544816173.23
1544816173.28
1544816173.32
1544816173.39
1544816173.43
1544816173.5
1544816173.59
1544816173.63
1544816173.7
1544816173.77
1544816173.81
1544816173.85
1544816173.91
1544816173.99
1544816174.04
1544816174.11
1544816174.19
1544816174.28
1544816174.37
1544816174.42
1544816174.48
1544816174.54
1544816174.59
1544816174.64
1544816174.68
1544816174.74
1544816174.79
1544816174.85
1544816174.91
1544816174.98
1544816175.02
1544816175.05
1544816175.1
1544816175.16
1544816175.2
1544816175.25
1544816175.31
1544816175.37
1544816175.42
1544816175.49
1544816175.55
1544816175.6
1544816175.64
1544816175.7
1544816175.77
1544816175.82
1544816175.87
1544816175.93
1544816175.98
1544816176.04
1544816176.09
1544816176.13
1544816176.2
1544816176.24
1544816176.29
1544816176.33
1544816176.37
1544816176.45
1544816176.5
1544816176.54
1544816176.59
1544816176.67
1544816176.7
1544816176.73
1544816176.78
1544816176.83
1544816176.91
1544816176.96
1544816177.01
1544816177.08
1544816177.11
1544816177.15
1544816177.22
1544816177.3
1544816177.36
1544816177.42
1544816177.49
1544816177.58
1544816177.68
1544816177.76
1544816177.85
1544816177.96
1544816178.05
1544816178.12
1544816178.19
1544816178.26
1544816178.31
1544816178.35
1544816178.41
1544816178.45
1544816178.5
1544816178.53
1544816178.58
1544816178.65
1544816178.69
1544816178.73
1544816178.77
1544816178.82
1544816178.87
1544816178.94
1544816179.02
1544816179.08
1544816179.13
1544816179.2
1544816179.26
1544816179.31
1544816179.34
1544816179.39
1544816179.45
1544816179.51
1544816179.54
1544816179.62
1544816179.7
1544816179.73
1544816179.78
1544816179.83
1544816179.88
1544816179.92
1544816179.98
1544816180.04
1544816180.1
1544816180.13
1544816180.24
1544816180.31
1544816180.34
1544816180.4
1544816180.47
1544816180.51
1544816180.54
1544816180.6
1544816180.65
1544816180.7
1544816180.74
1544816180.81
1544816180.87
1544816180.91
1544816180.96
1544816181.03
1544816181.09
1544816181.14
1544816181.19
1544816181.25
1544816181.29
1544816181.33
1544816181.41
1544816181.49
1544816181.53
1544816181.58
1544816181.64
1544816181.69
1544816181.73
1544816181.78
1544816181.87
1544816181.92
1544816181.97
1544816182.02
1544816182.09
1544816182.13
1544816182.2
1544816182.25
1544816182.32
1544816182.37
1544816182.45
1544816182.51
1544816182.55
1544816182.61
1544816182.65
1544816182.69
1544816182.73
1544816182.81
1544816182.87
1544816182.91
1544816182.95
1544816183.01
1544816183.05
1544816183.1
1544816183.15
1544816183.21
1544816183.27
1544816183.33
1544816183.39
1544816183.45
1544816183.52
1544816183.6
1544816183.69
1544816183.77
1544816183.85
1544816183.93
1544816183.99
1544816184.03
1544816184.07
1544816184.12
1544816184.17
1544816184.22
1544816184.28
1544816184.38
1544816184.43
1544816184.5
1544816184.57
1544816184.64
1544816184.72
1544816184.78
1544816184.85
1544816184.9
1544816184.94
1544816185.02
1544816185.08
1544816185.12
1544816185.17
1544816185.24
1544816185.31
