1544817809.09
1544817809.94
1544817810.05
1544817810.15
1544817810.25
1544817810.33
1544817810.45
1544817810.55
1544817810.66
1544817810.76
1544817810.88
1544817811.01
1544817811.16
1544817811.24
1544817811.31
1544817811.41
1544817811.56
1544817811.68
1544817811.81
1544817811.93
1544817812.06
1544817812.2
1544817812.3
1544817812.42
1544817812.53
1544817812.64
1544817812.72
1544817812.82
1544817812.87
1544817812.94
1544817813.0
1544817813.07
1544817813.14
1544817813.22
1544817813.3
1544817813.36
1544817813.42
1544817813.48
1544817813.55
1544817813.65
1544817813.73
1544817813.79
1544817813.88
1544817813.95
1544817814.01
1544817814.09
1544817814.15
1544817814.2
1544817814.31
1544817814.35
1544817814.4
1544817814.5
1544817814.57
1544817814.63
1544817814.7
1544817814.76
1544817814.83
1544817814.9
1544817814.96
1544817815.03
1544817815.1
1544817815.2
1544817815.25
1544817815.3
1544817815.39
1544817815.45
1544817815.51
1544817815.57
1544817815.63
1544817815.73
1544817815.79
1544817815.86
1544817815.92
1544817815.98
1544817816.03
1544817816.09
1544817816.18
1544817816.28
1544817816.35
1544817816.44
1544817816.51
1544817816.58
1544817816.66
1544817816.73
1544817816.78
1544817816.84
1544817816.91
1544817816.98
1544817817.05
1544817817.11
1544817817.18
1544817817.24
1544817817.3
1544817817.36
1544817817.42
1544817817.48
1544817817.55
1544817817.61
1544817817.68
1544817817.76
1544817817.82
1544817817.89
1544817817.96
1544817818.02
1544817818.08
1544817818.14
1544817818.22
1544817818.3
1544817818.38
1544817818.45
1544817818.51
1544817818.58
1544817818.66
1544817818.74
1544817818.82
1544817818.91
1544817819.0
1544817819.08
1544817819.17
1544817819.25
1544817819.37
1544817819.45
1544817819.52
1544817819.59
1544817819.65
1544817819.71
1544817819.8
1544817819.87
1544817819.93
1544817820.0
1544817820.07
1544817820.13
1544817820.2
1544817820.27
1544817820.33
1544817820.39
1544817820.45
1544817820.52
1544817820.6
1544817820.66
1544817820.73
1544817820.79
1544817820.85
1544817820.92
1544817821.0
1544817821.05
1544817821.1
1544817821.16
1544817821.23
1544817821.3
1544817821.36
1544817821.43
1544817821.5
1544817821.56
1544817821.62
1544817821.68
1544817821.75
1544817821.82
1544817821.9
1544817821.95
1544817822.02
1544817822.13
1544817822.23
1544817822.37
1544817822.47
1544817822.56
1544817822.64
1544817822.71
1544817822.78
1544817822.84
1544817822.89
1544817822.95
1544817823.01
1544817823.07
1544817823.13
1544817823.16
1544817823.23
1544817823.31
1544817823.38
1544817823.46
1544817823.53
1544817823.6
1544817823.66
1544817823.72
1544817823.78
1544817823.83
1544817823.89
1544817823.95
1544817824.0
1544817824.04
1544817824.11
1544817824.16
1544817824.24
1544817824.3
1544817824.34
1544817824.38
1544817824.47
1544817824.54
1544817824.62
1544817824.68
1544817824.76
1544817824.84
1544817824.91
1544817824.95
1544817825.01
1544817825.09
1544817825.14
1544817825.22
1544817825.29
1544817825.36
1544817825.44
1544817825.51
1544817825.56
1544817825.63
1544817825.7
1544817825.74
1544817825.78
1544817825.83
1544817825.89
1544817825.95
1544817826.01
1544817826.07
1544817826.14
1544817826.2
1544817826.25
1544817826.32
1544817826.37
1544817826.44
1544817826.49
1544817826.55
1544817826.59
1544817826.66
1544817826.71
1544817826.75
1544817826.81
1544817826.88
1544817826.99
1544817827.06
1544817827.13
1544817827.18
1544817827.25
1544817827.32
1544817827.36
1544817827.43
1544817827.5
1544817827.55
1544817827.62
1544817827.67
1544817827.71
1544817827.79
1544817827.88
1544817827.96
1544817828.04
1544817828.11
1544817828.18
1544817828.25
1544817828.3
1544817828.36
1544817828.43
1544817828.5
1544817828.55
1544817828.62
1544817828.68
1544817828.76
1544817828.84
1544817828.95
1544817829.01
1544817829.09
1544817829.16
1544817829.23
1544817829.3
1544817829.36
1544817829.44
1544817829.52
1544817829.58
1544817829.69
1544817829.74
1544817829.78
1544817829.86
1544817829.92
1544817830.03
1544817830.13
1544817830.2
1544817830.29
1544817830.36
1544817830.42
1544817830.49
1544817830.55
1544817830.63
1544817830.7
1544817830.75
1544817830.82
1544817830.88
1544817830.94
1544817831.0
1544817831.07
1544817831.11
1544817831.15
1544817831.21
1544817831.3
1544817831.38
1544817831.45
1544817831.51
1544817831.58
1544817831.65
1544817831.71
1544817831.77
1544817831.85
1544817831.91
1544817831.97
1544817832.04
1544817832.12
1544817832.18
1544817832.25
1544817832.31
1544817832.38
1544817832.47
1544817832.54
1544817832.61
1544817832.68
1544817832.73
1544817832.8
1544817832.88
1544817832.95
1544817833.02
1544817833.09
1544817833.15
1544817833.22
1544817833.29
1544817833.34
1544817833.41
1544817833.48
1544817833.53
1544817833.6
1544817833.66
1544817833.72
1544817833.78
1544817833.85
1544817833.9
1544817833.97
1544817834.03
1544817834.09
1544817834.15
1544817834.2
1544817834.26
1544817834.33
1544817834.41
1544817834.49
1544817834.56
1544817834.62
1544817834.66
1544817834.71
1544817834.77
1544817834.82
1544817834.88
1544817834.94
1544817835.0
1544817835.05
1544817835.11
1544817835.16
1544817835.21
1544817835.26
1544817835.3
1544817835.36
1544817835.42
1544817835.5
1544817835.58
1544817835.64
1544817835.71
1544817835.76
1544817835.83
1544817835.88
1544817835.94
1544817836.01
1544817836.06
1544817836.11
1544817836.17
1544817836.24
1544817836.31
1544817836.36
1544817836.42
1544817836.47
1544817836.53
1544817836.61
1544817836.69
1544817836.76
1544817836.83
1544817836.9
1544817836.97
1544817837.03
1544817837.09
1544817837.16
1544817837.22
1544817837.29
1544817837.35
1544817837.41
1544817837.47
1544817837.52
1544817837.57
1544817837.62
1544817837.67
1544817837.75
1544817837.81
1544817837.88
1544817837.93
1544817837.97
1544817838.02
1544817838.08
1544817838.16
1544817838.23
1544817838.3
1544817838.37
1544817838.43
1544817838.49
1544817838.55
1544817838.62
1544817838.69
1544817838.77
1544817838.86
1544817838.94
1544817839.02
1544817839.08
1544817839.14
1544817839.2
1544817839.26
1544817839.33
1544817839.39
1544817839.46
1544817839.53
1544817839.62
1544817839.67
1544817839.76
1544817839.85
1544817839.93
1544817840.0
1544817840.12
1544817840.17
1544817840.25
1544817840.33
1544817840.41
1544817840.47
1544817840.53
1544817840.6
1544817840.66
1544817840.73
1544817840.79
1544817840.84
1544817840.92
1544817840.97
1544817841.07
1544817841.13
1544817841.19
1544817841.26
1544817841.34
1544817841.4
1544817841.47
1544817841.54
1544817841.6
1544817841.67
1544817841.74
1544817841.8
1544817841.86
1544817841.93
1544817841.99
1544817842.04
1544817842.11
1544817842.16
1544817842.23
1544817842.29
1544817842.33
1544817842.36
1544817842.45
1544817842.51
1544817842.58
1544817842.64
1544817842.71
1544817842.76
1544817842.83
1544817842.89
1544817842.95
1544817843.01
1544817843.07
1544817843.11
1544817843.17
1544817843.22
1544817843.28
1544817843.34
1544817843.41
1544817843.46
1544817843.52
1544817843.58
1544817843.63
1544817843.69
1544817843.74
1544817843.79
1544817843.86
1544817843.92
1544817843.97
1544817844.03
1544817844.08
1544817844.15
1544817844.2
1544817844.26
1544817844.32
1544817844.38
1544817844.44
1544817844.49
1544817844.55
1544817844.62
1544817844.69
1544817844.75
1544817844.81
1544817844.87
1544817844.93
1544817844.99
1544817845.06
1544817845.14
1544817845.22
1544817845.26
1544817845.34
1544817845.41
1544817845.49
1544817845.56
1544817845.62
1544817845.68
1544817845.74
1544817845.8
1544817845.86
1544817845.93
1544817845.98
1544817846.04
1544817846.09
1544817846.2
1544817846.28
1544817846.36
1544817846.44
1544817846.52
1544817846.57
1544817846.66
1544817846.72
1544817846.78
1544817846.89
1544817846.94
1544817847.02
1544817847.08
1544817847.14
1544817847.21
1544817847.26
1544817847.33
1544817847.39
1544817847.46
1544817847.54
1544817847.6
1544817847.67
1544817847.73
1544817847.79
1544817847.86
1544817847.93
1544817848.0
1544817848.06
1544817848.13
1544817848.17
1544817848.26
1544817848.33
1544817848.41
1544817848.46
1544817848.52
1544817848.58
1544817848.65
1544817848.72
1544817848.77
1544817848.83
1544817848.91
1544817848.97
1544817849.04
1544817849.11
1544817849.19
1544817849.25
1544817849.3
1544817849.37
1544817849.43
1544817849.5
1544817849.56
1544817849.62
1544817849.67
1544817849.73
1544817849.8
1544817849.87
1544817849.94
1544817850.01
1544817850.07
1544817850.13
1544817850.2
1544817850.27
1544817850.35
1544817850.44
1544817850.52
1544817850.6
1544817850.66
1544817850.74
1544817850.84
1544817850.92
1544817851.0
1544817851.06
1544817851.13
1544817851.22
1544817851.28
1544817851.36
1544817851.42
1544817851.48
1544817851.55
1544817851.6
1544817851.67
1544817851.73
1544817851.78
1544817851.84
1544817851.91
1544817851.97
1544817852.04
1544817852.12
1544817852.18
1544817852.23
1544817852.28
1544817852.34
1544817852.39
1544817852.45
1544817852.5
1544817852.55
1544817852.61
1544817852.67
1544817852.72
1544817852.77
1544817852.82
1544817852.88
1544817852.94
1544817853.0
1544817853.05
1544817853.11
1544817853.15
1544817853.21
1544817853.27
1544817853.33
1544817853.39
1544817853.46
1544817853.52
1544817853.58
1544817853.63
1544817853.69
1544817853.75
1544817853.81
1544817853.87
1544817853.95
1544817854.01
1544817854.08
1544817854.15
1544817854.2
1544817854.24
1544817854.27
1544817854.33
1544817854.38
1544817854.41
1544817854.45
1544817854.48
1544817854.53
1544817854.58
1544817854.63
1544817854.67
1544817854.71
1544817854.77
1544817854.82
1544817854.85
1544817854.89
1544817854.94
1544817854.99
1544817855.02
1544817855.06
1544817855.12
1544817855.2
1544817855.23
1544817855.27
1544817855.33
1544817855.38
1544817855.42
1544817855.46
1544817855.5
1544817855.56
1544817855.6
1544817855.65
1544817855.7
1544817855.75
1544817855.79
1544817855.84
1544817855.88
1544817855.93
1544817855.98
1544817856.03
1544817856.08
1544817856.13
1544817856.17
1544817856.23
1544817856.28
1544817856.33
1544817856.37
1544817856.43
1544817856.51
1544817856.57
1544817856.61
1544817856.68
1544817856.73
1544817856.76
1544817856.8
1544817856.83
1544817856.87
1544817856.92
1544817856.95
1544817857.0
1544817857.05
1544817857.11
1544817857.15
1544817857.18
1544817857.27
1544817857.32
1544817857.35
1544817857.4
1544817857.45
1544817857.5
1544817857.54
1544817857.57
1544817857.63
1544817857.71
1544817857.75
1544817857.78
1544817857.85
1544817857.91
1544817857.94
1544817857.98
1544817858.03
1544817858.1
1544817858.13
1544817858.17
1544817858.21
1544817858.28
1544817858.32
1544817858.35
1544817858.39
1544817858.44
1544817858.5
1544817858.54
1544817858.58
1544817858.64
1544817858.69
1544817858.74
1544817858.78
1544817858.84
1544817858.91
1544817858.94
1544817858.98
1544817859.03
1544817859.07
1544817859.11
1544817859.15
1544817859.2
1544817859.27
1544817859.32
1544817859.35
1544817859.4
1544817859.44
1544817859.49
1544817859.52
1544817859.56
1544817859.6
1544817859.64
1544817859.69
1544817859.73
1544817859.76
1544817859.81
1544817859.86
1544817859.9
1544817859.93
1544817859.98
1544817860.03
1544817860.09
1544817860.13
1544817860.17
1544817860.23
1544817860.28
1544817860.33
1544817860.36
1544817860.4
1544817860.44
1544817860.48
1544817860.52
1544817860.55
1544817860.62
1544817860.68
1544817860.73
1544817860.76
1544817860.8
1544817860.86
1544817860.92
1544817860.95
1544817860.99
1544817861.03
1544817861.08
1544817861.12
1544817861.16
1544817861.2
1544817861.25
1544817861.31
1544817861.35
1544817861.38
1544817861.44
1544817861.48
1544817861.53
1544817861.56
1544817861.61
1544817861.67
1544817861.74
1544817861.8
1544817861.85
1544817861.91
1544817861.97
1544817862.02
1544817862.07
1544817862.13
1544817862.17
1544817862.23
1544817862.27
1544817862.33
1544817862.38
1544817862.42
1544817862.47
1544817862.52
1544817862.57
1544817862.62
1544817862.67
1544817862.72
1544817862.78
1544817862.83
1544817862.88
1544817862.94
1544817863.0
1544817863.04
1544817863.11
1544817863.17
1544817863.22
1544817863.28
1544817863.34
1544817863.39
1544817863.45
1544817863.51
1544817863.57
1544817863.63
1544817863.69
1544817863.74
1544817863.79
1544817863.85
1544817863.92
1544817863.98
1544817864.02
1544817864.05
1544817864.09
1544817864.15
1544817864.21
1544817864.24
1544817864.28
1544817864.34
1544817864.4
1544817864.44
1544817864.47
1544817864.52
1544817864.58
1544817864.62
1544817864.66
1544817864.71
1544817864.79
1544817864.83
1544817864.87
1544817864.91
1544817864.98
1544817865.03
1544817865.06
1544817865.1
1544817865.15
1544817865.19
1544817865.23
1544817865.27
1544817865.32
1544817865.36
1544817865.4
1544817865.43
1544817865.48
1544817865.53
1544817865.6
1544817865.63
1544817865.67
1544817865.71
1544817865.76
1544817865.8
1544817865.84
1544817865.89
1544817865.95
1544817866.01
1544817866.04
1544817866.08
1544817866.12
1544817866.18
1544817866.23
1544817866.27
1544817866.32
1544817866.36
1544817866.41
1544817866.44
1544817866.48
1544817866.53
1544817866.57
1544817866.6
1544817866.64
1544817866.68
1544817866.72
1544817866.77
1544817866.81
1544817866.85
1544817866.89
1544817866.94
1544817866.98
1544817867.01
1544817867.06
1544817867.1
1544817867.14
1544817867.17
1544817867.21
1544817867.24
1544817867.29
1544817867.35
1544817867.41
1544817867.45
1544817867.5
1544817867.57
1544817867.6
1544817867.64
1544817867.68
1544817867.71
1544817867.77
1544817867.82
1544817867.85
1544817867.88
1544817867.93
1544817867.98
1544817868.02
1544817868.05
1544817868.08
1544817868.12
1544817868.16
1544817868.21
1544817868.24
1544817868.28
1544817868.32
1544817868.38
1544817868.43
1544817868.46
1544817868.49
1544817868.55
1544817868.6
1544817868.64
1544817868.68
1544817868.72
1544817868.77
1544817868.82
1544817868.85
1544817868.88
1544817868.93
1544817868.99
1544817869.03
1544817869.07
1544817869.11
1544817869.15
1544817869.18
1544817869.24
1544817869.28
1544817869.33
1544817869.38
1544817869.43
1544817869.46
1544817869.5
1544817869.56
1544817869.61
1544817869.65
1544817869.69
1544817869.76
1544817869.8
1544817869.85
1544817869.89
1544817869.94
1544817870.0
1544817870.03
1544817870.07
1544817870.12
1544817870.17
1544817870.22
1544817870.26
1544817870.31
1544817870.36
1544817870.41
1544817870.44
1544817870.48
1544817870.52
1544817870.58
1544817870.63
1544817870.67
1544817870.7
1544817870.78
1544817870.83
1544817870.87
1544817870.93
1544817870.98
1544817871.02
1544817871.06
1544817871.1
1544817871.14
1544817871.19
1544817871.23
1544817871.26
1544817871.3
1544817871.36
1544817871.41
1544817871.45
1544817871.49
1544817871.56
1544817871.6
1544817871.64
1544817871.68
1544817871.74
1544817871.81
1544817871.85
1544817871.89
1544817871.94
1544817871.99
1544817872.03
1544817872.08
1544817872.13
1544817872.19
1544817872.23
1544817872.26
1544817872.31
1544817872.35
1544817872.39
1544817872.43
1544817872.47
1544817872.51
1544817872.55
1544817872.6
1544817872.64
1544817872.68
1544817872.73
1544817872.78
1544817872.82
1544817872.85
1544817872.88
1544817872.96
1544817873.01
1544817873.06
1544817873.1
1544817873.17
1544817873.22
1544817873.26
1544817873.3
1544817873.35
1544817873.39
1544817873.43
1544817873.46
1544817873.49
1544817873.54
1544817873.59
1544817873.63
1544817873.67
1544817873.72
1544817873.78
1544817873.83
1544817873.86
1544817873.91
1544817873.96
1544817874.0
1544817874.05
1544817874.11
1544817874.16
1544817874.22
1544817874.27
1544817874.33
1544817874.38
1544817874.44
1544817874.51
1544817874.57
1544817874.63
1544817874.68
1544817874.73
1544817874.77
1544817874.81
1544817874.85
1544817874.9
1544817874.95
1544817874.99
1544817875.04
1544817875.08
1544817875.14
1544817875.18
1544817875.24
1544817875.28
1544817875.35
1544817875.4
1544817875.45
1544817875.51
1544817875.56
1544817875.63
1544817875.69
1544817875.75
1544817875.8
1544817875.86
1544817875.92
1544817875.96
1544817876.03
1544817876.07
1544817876.14
1544817876.21
1544817876.26
1544817876.3
1544817876.35
1544817876.39
1544817876.44
1544817876.48
1544817876.52
1544817876.56
1544817876.6
1544817876.64
1544817876.69
1544817876.73
1544817876.77
1544817876.82
1544817876.86
1544817876.93
1544817876.96
1544817877.02
1544817877.05
1544817877.1
1544817877.14
1544817877.2
1544817877.24
1544817877.28
1544817877.33
1544817877.38
1544817877.44
1544817877.5
1544817877.56
1544817877.59
1544817877.63
1544817877.68
1544817877.73
1544817877.78
1544817877.83
1544817877.88
1544817877.95
1544817878.0
1544817878.05
1544817878.1
1544817878.15
1544817878.2
1544817878.26
1544817878.32
1544817878.36
1544817878.42
1544817878.46
1544817878.5
1544817878.55
1544817878.62
1544817878.68
1544817878.74
1544817878.77
1544817878.81
1544817878.86
1544817878.93
1544817878.96
1544817879.01
1544817879.07
1544817879.12
1544817879.16
1544817879.2
1544817879.24
1544817879.3
1544817879.33
1544817879.37
1544817879.4
1544817879.45
1544817879.5
1544817879.54
1544817879.58
1544817879.64
1544817879.7
1544817879.74
1544817879.77
1544817879.83
1544817879.86
1544817879.91
1544817879.94
1544817879.98
1544817880.03
1544817880.08
1544817880.12
1544817880.16
1544817880.2
1544817880.26
1544817880.31
1544817880.35
1544817880.39
1544817880.45
1544817880.5
1544817880.54
1544817880.57
1544817880.63
1544817880.68
1544817880.71
1544817880.74
1544817880.78
1544817880.83
1544817880.87
1544817880.92
1544817880.95
1544817880.98
1544817881.02
1544817881.06
1544817881.1
1544817881.14
1544817881.18
1544817881.25
1544817881.3
1544817881.33
1544817881.37
1544817881.43
1544817881.47
1544817881.52
1544817881.57
1544817881.61
1544817881.67
1544817881.72
1544817881.77
1544817881.83
1544817881.88
1544817881.93
1544817881.98
1544817882.03
1544817882.07
1544817882.12
1544817882.16
1544817882.2
1544817882.28
1544817882.34
1544817882.39
1544817882.43
1544817882.46
1544817882.5
1544817882.55
1544817882.6
1544817882.66
1544817882.7
1544817882.75
1544817882.79
1544817882.88
1544817882.92
1544817882.96
1544817882.99
1544817883.08
1544817883.13
1544817883.16
1544817883.2
1544817883.26
1544817883.3
1544817883.34
1544817883.38
1544817883.44
1544817883.48
1544817883.53
1544817883.56
1544817883.6
1544817883.69
1544817883.74
1544817883.78
1544817883.83
1544817883.88
1544817883.92
1544817883.96
1544817884.01
1544817884.06
1544817884.11
1544817884.15
1544817884.18
1544817884.24
1544817884.31
1544817884.36
1544817884.41
1544817884.49
1544817884.54
1544817884.57
1544817884.63
1544817884.68
1544817884.73
1544817884.77
1544817884.82
1544817884.89
1544817884.93
1544817884.96
1544817885.02
1544817885.06
1544817885.11
1544817885.14
1544817885.18
1544817885.25
1544817885.31
1544817885.34
1544817885.39
1544817885.45
1544817885.49
1544817885.54
1544817885.58
1544817885.62
1544817885.66
1544817885.71
1544817885.75
1544817885.8
1544817885.84
1544817885.89
1544817885.93
1544817885.97
1544817886.01
1544817886.08
1544817886.12
1544817886.16
1544817886.2
1544817886.26
1544817886.31
1544817886.34
1544817886.38
1544817886.43
1544817886.48
1544817886.52
1544817886.56
1544817886.61
1544817886.69
1544817886.72
1544817886.75
1544817886.79
1544817886.85
1544817886.89
1544817886.94
1544817886.98
1544817887.05
1544817887.11
1544817887.16
1544817887.19
1544817887.23
1544817887.26
1544817887.31
1544817887.34
1544817887.39
1544817887.44
1544817887.48
1544817887.53
1544817887.56
1544817887.61
1544817887.65
1544817887.69
1544817887.73
1544817887.76
1544817887.8
1544817887.85
1544817887.89
1544817887.93
1544817887.97
1544817888.01
1544817888.08
1544817888.13
1544817888.17
1544817888.22
1544817888.27
1544817888.3
1544817888.34
1544817888.38
1544817888.44
1544817888.5
1544817888.53
1544817888.57
1544817888.63
1544817888.68
1544817888.71
1544817888.75
1544817888.79
1544817888.86
1544817888.91
1544817888.95
1544817889.0
1544817889.05
1544817889.11
1544817889.15
1544817889.18
1544817889.23
1544817889.27
1544817889.31
1544817889.35
1544817889.39
1544817889.47
1544817889.52
1544817889.56
1544817889.59
1544817889.63
1544817889.68
1544817889.72
1544817889.75
1544817889.8
1544817889.87
1544817889.93
1544817889.96
1544817890.01
1544817890.06
1544817890.11
1544817890.15
1544817890.18
1544817890.24
1544817890.3
1544817890.35
1544817890.4
1544817890.45
1544817890.49
1544817890.52
1544817890.57
1544817890.6
1544817890.65
1544817890.7
1544817890.74
1544817890.77
1544817890.83
1544817890.88
1544817890.92
1544817890.96
1544817891.03
1544817891.1
1544817891.14
1544817891.18
1544817891.24
1544817891.29
1544817891.33
1544817891.36
1544817891.41
1544817891.47
1544817891.52
1544817891.55
1544817891.58
1544817891.63
1544817891.69
1544817891.73
1544817891.78
1544817891.84
1544817891.88
1544817891.94
1544817891.98
1544817892.04
1544817892.11
1544817892.16
1544817892.19
1544817892.23
1544817892.27
1544817892.31
1544817892.36
1544817892.39
1544817892.47
1544817892.52
1544817892.56
1544817892.64
1544817892.71
1544817892.75
1544817892.8
1544817892.85
1544817892.91
1544817892.95
1544817893.0
1544817893.09
1544817893.14
1544817893.21
1544817893.27
1544817893.33
1544817893.37
1544817893.41
1544817893.45
1544817893.49
1544817893.53
1544817893.57
1544817893.61
1544817893.68
1544817893.73
1544817893.77
1544817893.81
1544817893.85
1544817893.9
1544817893.94
1544817893.97
1544817894.01
1544817894.05
1544817894.09
1544817894.13
1544817894.16
1544817894.21
1544817894.25
1544817894.31
1544817894.35
1544817894.39
1544817894.43
1544817894.47
1544817894.51
1544817894.55
1544817894.6
1544817894.66
1544817894.71
1544817894.77
1544817894.82
1544817894.87
1544817894.93
1544817894.98
1544817895.03
1544817895.09
1544817895.13
1544817895.19
1544817895.24
1544817895.3
1544817895.36
1544817895.4
1544817895.46
1544817895.52
1544817895.57
1544817895.63
1544817895.67
1544817895.74
1544817895.78
1544817895.83
1544817895.88
1544817895.94
1544817896.0
1544817896.04
1544817896.08
1544817896.13
1544817896.18
1544817896.24
1544817896.3
1544817896.35
1544817896.4
1544817896.45
1544817896.5
1544817896.54
1544817896.58
1544817896.64
1544817896.71
1544817896.78
1544817896.84
1544817896.92
1544817896.97
1544817897.04
1544817897.08
1544817897.13
1544817897.2
1544817897.23
1544817897.27
1544817897.33
1544817897.41
1544817897.45
1544817897.49
1544817897.54
1544817897.6
1544817897.64
1544817897.68
1544817897.72
1544817897.78
1544817897.82
1544817897.86
1544817897.91
1544817897.95
1544817898.0
1544817898.04
1544817898.08
1544817898.13
1544817898.19
1544817898.23
1544817898.26
1544817898.31
1544817898.36
1544817898.41
1544817898.47
1544817898.54
1544817898.62
1544817898.67
1544817898.73
1544817898.8
1544817898.85
1544817898.89
1544817898.94
1544817899.0
1544817899.03
1544817899.08
1544817899.12
1544817899.16
1544817899.22
1544817899.26
1544817899.32
1544817899.35
1544817899.41
1544817899.45
1544817899.5
1544817899.55
1544817899.6
1544817899.65
1544817899.7
1544817899.75
1544817899.82
1544817899.86
1544817899.91
1544817899.96
1544817900.01
1544817900.05
1544817900.13
1544817900.19
1544817900.26
1544817900.32
1544817900.38
1544817900.44
1544817900.5
1544817900.55
1544817900.62
1544817900.67
1544817900.73
1544817900.78
1544817900.84
1544817900.89
1544817900.96
1544817901.01
1544817901.06
1544817901.11
1544817901.17
1544817901.22
1544817901.26
1544817901.32
1544817901.37
1544817901.41
1544817901.45
1544817901.49
1544817901.55
1544817901.61
1544817901.64
1544817901.69
1544817901.73
1544817901.77
1544817901.82
1544817901.85
1544817901.89
1544817901.96
1544817902.01
1544817902.06
1544817902.1
1544817902.15
1544817902.21
1544817902.25
1544817902.31
1544817902.37
1544817902.42
1544817902.45
1544817902.5
1544817902.57
1544817902.62
1544817902.67
1544817902.72
1544817902.78
1544817902.83
1544817902.87
1544817902.91
1544817902.97
1544817903.02
1544817903.06
1544817903.12
1544817903.17
1544817903.23
1544817903.27
1544817903.32
1544817903.36
1544817903.42
1544817903.45
1544817903.49
1544817903.56
1544817903.62
1544817903.65
1544817903.69
1544817903.74
1544817903.79
1544817903.84
1544817903.88
1544817903.95
1544817904.0
1544817904.03
1544817904.07
1544817904.13
1544817904.19
1544817904.24
1544817904.28
1544817904.31
1544817904.36
1544817904.41
1544817904.45
1544817904.48
1544817904.54
1544817904.59
1544817904.63
1544817904.66
1544817904.7
1544817904.77
1544817904.81
1544817904.84
1544817904.88
1544817904.93
1544817904.98
1544817905.04
1544817905.08
1544817905.13
1544817905.18
1544817905.23
1544817905.26
1544817905.3
1544817905.34
1544817905.37
1544817905.41
1544817905.45
1544817905.5
1544817905.58
1544817905.63
1544817905.68
1544817905.74
1544817905.8
1544817905.87
1544817905.93
1544817905.98
1544817906.04
1544817906.11
1544817906.16
1544817906.22
1544817906.28
1544817906.34
1544817906.42
1544817906.48
1544817906.55
1544817906.63
1544817906.71
1544817906.77
1544817906.84
1544817906.92
1544817906.96
1544817907.02
1544817907.08
1544817907.15
1544817907.21
1544817907.25
1544817907.29
1544817907.36
1544817907.43
1544817907.49
1544817907.53
1544817907.56
1544817907.62
1544817907.67
1544817907.71
1544817907.75
1544817907.79
1544817907.85
1544817907.92
1544817907.98
1544817908.03
1544817908.06
1544817908.1
1544817908.16
1544817908.21
1544817908.24
1544817908.27
1544817908.34
1544817908.38
1544817908.43
1544817908.47
1544817908.53
1544817908.58
1544817908.63
1544817908.67
1544817908.73
1544817908.78
1544817908.83
1544817908.86
1544817908.94
1544817908.99
1544817909.03
1544817909.06
1544817909.11
1544817909.15
1544817909.2
1544817909.25
1544817909.29
1544817909.34
1544817909.4
1544817909.43
1544817909.47
1544817909.52
1544817909.57
1544817909.61
1544817909.66
1544817909.7
1544817909.74
1544817909.78
1544817909.82
1544817909.86
1544817909.9
1544817909.94
1544817909.98
1544817910.03
1544817910.07
1544817910.13
1544817910.19
1544817910.23
1544817910.26
1544817910.3
1544817910.35
1544817910.4
1544817910.43
1544817910.46
1544817910.49
1544817910.54
1544817910.59
1544817910.63
1544817910.67
1544817910.71
1544817910.76
1544817910.81
1544817910.85
1544817910.89
1544817910.94
1544817911.0
1544817911.04
1544817911.08
1544817911.14
1544817911.2
1544817911.25
1544817911.29
1544817911.33
1544817911.37
1544817911.42
1544817911.45
1544817911.51
1544817911.55
1544817911.6
1544817911.63
1544817911.67
1544817911.72
1544817911.78
1544817911.84
1544817911.88
1544817911.92
1544817911.96
1544817912.01
1544817912.04
1544817912.08
1544817912.14
1544817912.19
1544817912.23
1544817912.27
1544817912.35
1544817912.42
1544817912.46
1544817912.51
1544817912.55
1544817912.6
1544817912.64
1544817912.67
1544817912.72
1544817912.76
1544817912.81
1544817912.85
1544817912.9
1544817912.95
1544817913.01
1544817913.07
1544817913.13
1544817913.2
1544817913.26
1544817913.33
1544817913.38
1544817913.42
1544817913.46
1544817913.52
1544817913.57
1544817913.63
1544817913.68
1544817913.75
1544817913.82
1544817913.87
1544817913.94
1544817913.99
1544817914.04
1544817914.09
1544817914.14
1544817914.2
1544817914.24
1544817914.3
1544817914.35
1544817914.39
1544817914.44
1544817914.49
1544817914.53
1544817914.58
1544817914.63
1544817914.68
1544817914.73
1544817914.79
1544817914.84
1544817914.88
1544817914.93
1544817914.97
1544817915.02
1544817915.06
1544817915.12
1544817915.16
1544817915.22
1544817915.26
1544817915.33
1544817915.39
1544817915.45
1544817915.51
1544817915.55
1544817915.6
1544817915.66
1544817915.72
1544817915.77
1544817915.85
1544817915.9
1544817915.94
1544817915.98
1544817916.03
1544817916.07
1544817916.11
1544817916.15
1544817916.2
1544817916.24
1544817916.28
1544817916.33
1544817916.38
1544817916.43
1544817916.47
1544817916.52
1544817916.57
1544817916.61
1544817916.66
1544817916.72
1544817916.77
1544817916.82
1544817916.85
1544817916.89
1544817916.95
1544817917.01
1544817917.04
1544817917.08
1544817917.12
1544817917.15
1544817917.21
1544817917.25
1544817917.28
1544817917.32
1544817917.36
1544817917.42
1544817917.45
1544817917.49
1544817917.54
1544817917.6
1544817917.64
1544817917.68
1544817917.74
1544817917.8
1544817917.83
1544817917.87
1544817917.93
1544817917.99
1544817918.04
1544817918.07
1544817918.12
1544817918.16
1544817918.2
1544817918.25
1544817918.29
1544817918.34
1544817918.39
1544817918.43
1544817918.47
1544817918.54
1544817918.6
1544817918.63
1544817918.67
1544817918.73
1544817918.8
1544817918.83
1544817918.88
1544817918.94
1544817918.98
1544817919.03
1544817919.06
1544817919.12
1544817919.16
1544817919.2
1544817919.24
1544817919.27
1544817919.32
1544817919.38
1544817919.41
1544817919.45
1544817919.48
1544817919.52
1544817919.57
1544817919.63
1544817919.67
1544817919.71
1544817919.75
1544817919.79
1544817919.83
1544817919.86
1544817919.9
1544817919.94
1544817919.98
1544817920.03
1544817920.08
1544817920.12
1544817920.16
1544817920.21
1544817920.25
1544817920.3
1544817920.33
1544817920.37
1544817920.43
1544817920.46
1544817920.5
1544817920.57
1544817920.63
1544817920.67
1544817920.74
1544817920.8
1544817920.84
1544817920.88
1544817920.94
1544817921.0
1544817921.03
1544817921.07
1544817921.12
1544817921.17
1544817921.23
1544817921.27
1544817921.33
1544817921.38
1544817921.43
1544817921.47
1544817921.53
1544817921.6
1544817921.64
1544817921.68
1544817921.75
1544817921.83
1544817921.89
1544817921.93
1544817921.97
1544817922.01
1544817922.1
1544817922.16
1544817922.23
1544817922.28
1544817922.33
1544817922.38
1544817922.42
1544817922.47
1544817922.52
1544817922.57
1544817922.62
1544817922.67
1544817922.72
1544817922.77
1544817922.83
1544817922.91
1544817922.95
1544817923.0
1544817923.04
1544817923.09
1544817923.15
1544817923.21
1544817923.26
1544817923.33
1544817923.38
1544817923.44
1544817923.5
1544817923.56
1544817923.61
1544817923.65
1544817923.72
1544817923.78
1544817923.83
1544817923.88
1544817923.93
1544817923.99
1544817924.06
1544817924.12
1544817924.18
1544817924.24
1544817924.31
1544817924.38
1544817924.44
1544817924.52
1544817924.57
1544817924.65
1544817924.73
1544817924.8
1544817924.88
1544817924.97
1544817925.04
1544817925.11
1544817925.17
1544817925.26
1544817925.33
1544817925.4
1544817925.46
1544817925.53
1544817925.6
1544817925.67
1544817925.74
1544817925.81
1544817925.87
1544817925.96
1544817926.03
1544817926.1
1544817926.16
1544817926.21
1544817926.26
1544817926.3
1544817926.35
1544817926.4
1544817926.45
1544817926.5
1544817926.56
1544817926.62
1544817926.67
1544817926.73
1544817926.78
1544817926.84
1544817926.89
1544817926.94
1544817926.99
1544817927.04
1544817927.11
1544817927.17
1544817927.24
1544817927.3
1544817927.36
1544817927.42
1544817927.47
1544817927.53
1544817927.59
1544817927.63
1544817927.67
1544817927.73
1544817927.8
1544817927.86
1544817927.91
1544817927.97
1544817928.03
1544817928.07
1544817928.11
1544817928.15
1544817928.19
1544817928.24
1544817928.3
1544817928.35
1544817928.38
1544817928.45
1544817928.5
1544817928.55
1544817928.58
1544817928.66
1544817928.71
1544817928.75
1544817928.79
1544817928.84
1544817928.89
1544817928.94
1544817928.98
1544817929.03
1544817929.08
1544817929.12
1544817929.16
1544817929.2
1544817929.24
1544817929.3
1544817929.33
1544817929.37
1544817929.43
1544817929.5
1544817929.54
1544817929.58
1544817929.64
1544817929.69
1544817929.73
1544817929.77
1544817929.82
1544817929.88
1544817929.92
1544817929.96
1544817930.0
1544817930.06
1544817930.1
1544817930.14
1544817930.16
1544817930.2
1544817930.25
1544817930.3
1544817930.33
1544817930.38
1544817930.43
1544817930.48
1544817930.54
1544817930.58
1544817930.62
1544817930.66
1544817930.72
1544817930.75
1544817930.78
1544817930.83
1544817930.87
1544817930.91
1544817930.95
1544817930.99
1544817931.03
1544817931.08
1544817931.12
1544817931.16
1544817931.2
1544817931.25
1544817931.29
1544817931.33
1544817931.37
1544817931.43
1544817931.5
1544817931.54
1544817931.58
1544817931.64
1544817931.7
1544817931.74
1544817931.78
1544817931.83
1544817931.87
1544817931.91
1544817931.95
1544817932.0
1544817932.04
1544817932.08
1544817932.12
1544817932.15
1544817932.18
1544817932.23
1544817932.28
1544817932.33
1544817932.36
1544817932.4
1544817932.47
1544817932.53
1544817932.58
1544817932.63
1544817932.68
1544817932.73
1544817932.77
1544817932.81
1544817932.87
1544817932.92
1544817932.96
1544817933.0
1544817933.05
1544817933.1
1544817933.14
1544817933.19
1544817933.24
1544817933.3
1544817933.33
1544817933.36
1544817933.4
1544817933.45
1544817933.49
1544817933.53
1544817933.56
1544817933.6
1544817933.66
1544817933.7
1544817933.74
1544817933.78
1544817933.82
1544817933.9
1544817933.94
1544817933.98
1544817934.04
1544817934.1
1544817934.14
1544817934.18
1544817934.24
1544817934.3
1544817934.35
1544817934.41
1544817934.45
1544817934.51
1544817934.58
1544817934.67
1544817934.72
1544817934.77
1544817934.83
1544817934.9
1544817934.97
1544817935.02
1544817935.06
1544817935.1
1544817935.13
1544817935.2
1544817935.26
1544817935.33
1544817935.38
1544817935.44
1544817935.49
1544817935.55
1544817935.6
1544817935.64
1544817935.68
1544817935.74
1544817935.79
1544817935.84
1544817935.89
1544817935.95
1544817936.0
1544817936.04
1544817936.09
1544817936.15
1544817936.2
1544817936.24
1544817936.27
1544817936.32
1544817936.35
1544817936.4
1544817936.43
1544817936.46
1544817936.51
1544817936.55
1544817936.59
1544817936.64
1544817936.68
1544817936.74
1544817936.8
1544817936.84
1544817936.88
1544817936.93
1544817936.96
1544817937.01
1544817937.05
1544817937.1
1544817937.15
1544817937.2
1544817937.24
1544817937.27
1544817937.31
1544817937.36
1544817937.4
1544817937.43
1544817937.47
1544817937.53
1544817937.59
1544817937.63
1544817937.66
1544817937.72
1544817937.77
1544817937.82
1544817937.85
1544817937.89
1544817937.93
1544817937.98
1544817938.03
1544817938.06
1544817938.1
1544817938.15
1544817938.19
1544817938.23
1544817938.27
1544817938.32
1544817938.36
1544817938.4
1544817938.44
1544817938.48
1544817938.54
1544817938.6
1544817938.63
1544817938.67
1544817938.71
1544817938.77
1544817938.83
1544817938.87
1544817938.91
1544817938.95
1544817939.01
1544817939.05
1544817939.1
1544817939.15
1544817939.18
1544817939.24
1544817939.27
1544817939.33
1544817939.39
1544817939.45
1544817939.51
1544817939.58
1544817939.64
1544817939.72
1544817939.78
1544817939.84
1544817939.91
1544817939.96
1544817940.03
1544817940.09
1544817940.16
1544817940.22
1544817940.28
1544817940.34
1544817940.4
1544817940.47
1544817940.55
1544817940.61
1544817940.66
1544817940.7
1544817940.76
1544817940.83
1544817940.9
1544817940.95
1544817941.0
1544817941.07
1544817941.15
1544817941.21
1544817941.25
1544817941.3
1544817941.38
1544817941.42
1544817941.46
1544817941.49
1544817941.53
1544817941.59
1544817941.64
1544817941.68
1544817941.73
1544817941.76
1544817941.8
1544817941.85
1544817941.88
1544817941.92
1544817942.0
1544817942.03
1544817942.07
1544817942.1
1544817942.15
1544817942.2
1544817942.24
1544817942.28
1544817942.32
1544817942.37
1544817942.42
1544817942.45
1544817942.48
1544817942.53
1544817942.59
1544817942.63
1544817942.67
1544817942.71
1544817942.75
1544817942.8
1544817942.85
1544817942.88
1544817942.93
1544817942.97
1544817943.01
1544817943.05
1544817943.08
1544817943.14
1544817943.23
1544817943.27
1544817943.33
1544817943.38
1544817943.42
1544817943.46
1544817943.52
1544817943.58
1544817943.62
1544817943.66
1544817943.7
1544817943.79
1544817943.84
1544817943.88
1544817943.91
1544817943.97
1544817944.02
1544817944.07
1544817944.12
1544817944.16
1544817944.2
1544817944.24
1544817944.28
1544817944.32
1544817944.36
1544817944.41
1544817944.45
1544817944.49
1544817944.54
1544817944.6
1544817944.64
1544817944.68
1544817944.72
1544817944.75
1544817944.81
1544817944.84
1544817944.88
1544817944.95
1544817945.02
1544817945.06
1544817945.11
1544817945.17
1544817945.22
1544817945.26
1544817945.3
1544817945.34
1544817945.38
1544817945.43
1544817945.46
1544817945.5
1544817945.55
1544817945.61
1544817945.65
1544817945.69
1544817945.74
1544817945.8
1544817945.84
1544817945.87
1544817945.93
1544817945.98
1544817946.03
1544817946.06
1544817946.1
1544817946.18
1544817946.22
1544817946.26
1544817946.33
1544817946.38
1544817946.44
1544817946.5
1544817946.56
1544817946.63
1544817946.68
1544817946.73
1544817946.8
1544817946.86
1544817946.92
1544817946.98
1544817947.05
1544817947.12
1544817947.17
1544817947.24
1544817947.31
1544817947.37
1544817947.43
1544817947.5
1544817947.56
1544817947.62
1544817947.66
1544817947.7
1544817947.75
1544817947.82
1544817947.87
1544817947.94
1544817947.99
1544817948.03
1544817948.08
1544817948.12
1544817948.16
1544817948.23
1544817948.28
1544817948.33
1544817948.36
1544817948.43
1544817948.48
1544817948.52
1544817948.56
1544817948.6
1544817948.65
1544817948.7
1544817948.74
1544817948.78
1544817948.82
1544817948.87
1544817948.91
1544817948.95
1544817948.99
1544817949.06
1544817949.12
1544817949.16
1544817949.22
1544817949.29
1544817949.33
1544817949.37
1544817949.41
1544817949.45
1544817949.49
1544817949.53
1544817949.56
1544817949.61
1544817949.66
1544817949.73
1544817949.77
1544817949.82
1544817949.86
1544817949.9
1544817949.94
1544817949.98
1544817950.03
1544817950.08
1544817950.12
1544817950.16
1544817950.19
1544817950.23
1544817950.26
1544817950.3
1544817950.34
1544817950.38
1544817950.43
1544817950.49
1544817950.53
1544817950.56
1544817950.59
1544817950.63
1544817950.68
1544817950.72
1544817950.75
1544817950.79
1544817950.85
1544817950.9
1544817950.95
1544817951.0
1544817951.04
1544817951.09
1544817951.13
1544817951.18
1544817951.23
1544817951.27
1544817951.32
1544817951.36
1544817951.39
1544817951.44
1544817951.48
1544817951.52
1544817951.55
1544817951.58
1544817951.62
1544817951.65
1544817951.69
1544817951.73
1544817951.76
1544817951.81
1544817951.85
1544817951.91
1544817951.94
1544817951.97
1544817952.01
1544817952.06
1544817952.1
1544817952.13
1544817952.17
1544817952.21
1544817952.26
1544817952.31
1544817952.35
1544817952.38
1544817952.43
1544817952.47
1544817952.51
1544817952.55
1544817952.58
1544817952.62
1544817952.65
1544817952.69
1544817952.72
1544817952.76
1544817952.79
1544817952.83
1544817952.87
1544817952.92
1544817952.95
1544817952.98
1544817953.02
1544817953.07
1544817953.12
1544817953.15
1544817953.18
1544817953.22
1544817953.27
1544817953.32
1544817953.36
1544817953.39
1544817953.45
1544817953.49
1544817953.52
1544817953.55
1544817953.58
1544817953.62
1544817953.66
1544817953.7
1544817953.74
1544817953.77
1544817953.82
1544817953.86
1544817953.91
1544817953.94
1544817953.97
1544817954.01
1544817954.05
1544817954.09
1544817954.12
1544817954.16
1544817954.2
1544817954.25
1544817954.31
1544817954.34
1544817954.38
1544817954.42
1544817954.47
1544817954.52
1544817954.55
1544817954.58
1544817954.63
1544817954.68
1544817954.72
1544817954.76
1544817954.79
1544817954.85
1544817954.9
1544817954.94
1544817954.97
1544817955.01
1544817955.05
1544817955.08
1544817955.12
1544817955.15
1544817955.19
1544817955.25
1544817955.29
1544817955.33
1544817955.36
1544817955.4
1544817955.45
1544817955.5
1544817955.54
1544817955.57
1544817955.62
1544817955.68
1544817955.73
1544817955.76
1544817955.8
1544817955.84
1544817955.88
1544817955.92
1544817955.95
1544817955.98
1544817956.02
1544817956.07
1544817956.11
1544817956.14
1544817956.17
1544817956.22
1544817956.26
1544817956.3
1544817956.33
1544817956.37
1544817956.4
1544817956.44
1544817956.48
1544817956.52
1544817956.55
1544817956.59
1544817956.64
1544817956.68
1544817956.72
1544817956.75
1544817956.78
1544817956.82
1544817956.85
1544817956.9
1544817956.94
1544817956.97
1544817957.01
1544817957.07
1544817957.12
1544817957.14
1544817957.18
1544817957.23
1544817957.28
1544817957.32
1544817957.35
1544817957.38
1544817957.42
1544817957.46
1544817957.5
1544817957.54
1544817957.57
1544817957.61
1544817957.66
1544817957.7
1544817957.74
1544817957.78
1544817957.81
1544817957.84
1544817957.88
1544817957.92
1544817957.95
1544817957.98
1544817958.04
1544817958.11
1544817958.14
1544817958.18
1544817958.22
1544817958.27
1544817958.3
1544817958.34
1544817958.37
1544817958.41
1544817958.44
1544817958.47
1544817958.51
1544817958.55
1544817958.58
1544817958.62
1544817958.66
1544817958.72
1544817958.74
1544817958.78
1544817958.84
1544817958.89
1544817958.92
1544817958.96
1544817959.0
1544817959.04
1544817959.07
1544817959.12
1544817959.15
1544817959.19
1544817959.23
1544817959.29
1544817959.33
1544817959.36
1544817959.4
1544817959.47
1544817959.51
1544817959.54
1544817959.57
1544817959.61
1544817959.65
1544817959.69
1544817959.71
1544817959.75
1544817959.78
1544817959.83
1544817959.88
1544817959.92
1544817959.95
1544817959.98
1544817960.02
1544817960.06
1544817960.1
1544817960.14
1544817960.17
1544817960.22
1544817960.27
1544817960.32
1544817960.35
1544817960.39
1544817960.44
1544817960.49
1544817960.52
1544817960.55
1544817960.58
1544817960.64
1544817960.68
1544817960.72
1544817960.76
1544817960.8
1544817960.84
1544817960.89
1544817960.93
1544817960.97
1544817961.01
1544817961.06
1544817961.11
1544817961.15
1544817961.19
1544817961.27
1544817961.32
1544817961.36
1544817961.41
1544817961.46
1544817961.51
1544817961.54
1544817961.58
1544817961.65
1544817961.7
1544817961.75
1544817961.81
1544817961.88
1544817961.92
1544817961.96
1544817961.99
1544817962.06
1544817962.1
1544817962.13
1544817962.17
1544817962.22
1544817962.29
1544817962.33
1544817962.37
1544817962.41
1544817962.46
1544817962.52
1544817962.55
1544817962.6
1544817962.64
1544817962.69
1544817962.73
1544817962.77
1544817962.83
1544817962.9
1544817962.93
1544817962.97
1544817963.02
1544817963.07
1544817963.12
1544817963.16
1544817963.22
1544817963.29
1544817963.33
1544817963.37
1544817963.44
1544817963.5
1544817963.54
1544817963.58
1544817963.63
1544817963.69
1544817963.73
1544817963.77
1544817963.83
1544817963.9
1544817963.94
1544817963.98
1544817964.02
1544817964.07
1544817964.11
1544817964.15
1544817964.19
1544817964.26
1544817964.32
1544817964.37
1544817964.42
1544817964.47
1544817964.51
1544817964.55
1544817964.59
1544817964.66
1544817964.71
1544817964.74
1544817964.77
1544817964.83
1544817964.91
1544817964.96
1544817965.0
1544817965.04
1544817965.1
1544817965.15
1544817965.21
1544817965.28
1544817965.34
1544817965.37
1544817965.43
1544817965.47
1544817965.51
1544817965.54
1544817965.58
1544817965.62
1544817965.66
1544817965.7
1544817965.73
1544817965.77
1544817965.81
1544817965.86
1544817965.9
1544817965.94
1544817965.97
1544817966.01
1544817966.05
1544817966.09
1544817966.12
1544817966.15
1544817966.19
1544817966.24
1544817966.29
1544817966.33
1544817966.36
1544817966.4
1544817966.45
1544817966.5
1544817966.54
1544817966.57
1544817966.61
1544817966.66
1544817966.7
1544817966.73
1544817966.76
1544817966.8
1544817966.85
1544817966.9
1544817966.95
1544817967.01
1544817967.05
1544817967.09
1544817967.13
1544817967.19
1544817967.24
1544817967.29
1544817967.33
1544817967.37
1544817967.42
1544817967.48
1544817967.53
1544817967.56
1544817967.61
1544817967.66
1544817967.71
1544817967.74
1544817967.78
1544817967.84
1544817967.88
1544817967.92
1544817967.96
1544817968.0
1544817968.03
1544817968.07
1544817968.11
1544817968.15
1544817968.21
1544817968.27
1544817968.34
1544817968.43
1544817968.48
1544817968.54
1544817968.58
1544817968.63
1544817968.67
1544817968.72
1544817968.78
1544817968.82
1544817968.87
1544817968.9
1544817968.94
1544817968.99
1544817969.04
1544817969.1
1544817969.15
1544817969.2
1544817969.24
1544817969.29
1544817969.34
1544817969.39
1544817969.43
1544817969.47
1544817969.51
1544817969.55
1544817969.6
1544817969.64
1544817969.68
1544817969.73
1544817969.8
1544817969.84
1544817969.87
1544817969.94
1544817970.0
1544817970.05
1544817970.1
1544817970.16
1544817970.21
1544817970.25
1544817970.31
1544817970.38
1544817970.43
1544817970.47
1544817970.53
1544817970.57
1544817970.61
1544817970.65
1544817970.68
1544817970.73
1544817970.77
1544817970.82
1544817970.86
1544817970.9
1544817970.95
1544817971.0
1544817971.04
1544817971.08
1544817971.12
1544817971.18
1544817971.23
1544817971.26
1544817971.31
1544817971.38
1544817971.42
1544817971.46
1544817971.52
1544817971.56
1544817971.6
1544817971.64
1544817971.68
1544817971.72
1544817971.76
1544817971.82
1544817971.86
1544817971.92
1544817971.96
1544817972.01
1544817972.04
1544817972.07
1544817972.11
1544817972.17
1544817972.22
1544817972.26
1544817972.3
1544817972.37
1544817972.42
1544817972.47
1544817972.52
1544817972.57
1544817972.61
1544817972.65
1544817972.72
1544817972.8
1544817972.84
1544817972.88
1544817972.91
1544817972.95
1544817973.0
1544817973.04
1544817973.08
1544817973.13
1544817973.19
1544817973.23
1544817973.27
1544817973.34
1544817973.4
1544817973.44
1544817973.48
1544817973.57
1544817973.62
1544817973.66
1544817973.72
1544817973.77
1544817973.82
1544817973.86
1544817973.92
1544817973.97
1544817974.02
1544817974.06
1544817974.1
1544817974.15
1544817974.22
1544817974.26
1544817974.31
1544817974.38
1544817974.43
1544817974.48
1544817974.57
1544817974.64
1544817974.73
1544817974.82
1544817974.9
1544817974.98
1544817975.05
1544817975.13
1544817975.2
1544817975.24
1544817975.28
1544817975.33
1544817975.39
1544817975.43
1544817975.47
1544817975.53
1544817975.6
1544817975.65
1544817975.71
1544817975.77
1544817975.84
1544817975.91
1544817975.97
1544817976.04
1544817976.09
1544817976.15
1544817976.2
1544817976.26
1544817976.31
1544817976.35
1544817976.4
1544817976.46
1544817976.52
1544817976.55
1544817976.6
1544817976.67
1544817976.71
1544817976.75
1544817976.78
1544817976.83
1544817976.88
1544817976.92
1544817976.97
1544817977.03
1544817977.08
1544817977.13
1544817977.16
1544817977.22
1544817977.26
1544817977.31
1544817977.34
1544817977.4
1544817977.45
1544817977.52
1544817977.56
1544817977.62
1544817977.66
1544817977.75
1544817977.82
1544817977.88
1544817977.97
1544817978.03
1544817978.1
1544817978.16
1544817978.23
1544817978.28
1544817978.34
1544817978.39
1544817978.44
1544817978.49
1544817978.53
1544817978.58
1544817978.64
1544817978.69
1544817978.74
1544817978.8
1544817978.85
1544817978.9
1544817978.96
1544817979.02
1544817979.06
1544817979.11
1544817979.18
1544817979.22
1544817979.27
1544817979.32
1544817979.36
1544817979.41
1544817979.45
1544817979.52
1544817979.55
1544817979.59
1544817979.63
1544817979.67
1544817979.76
1544817979.81
1544817979.85
1544817979.89
1544817979.93
1544817979.99
1544817980.03
1544817980.07
1544817980.1
1544817980.17
1544817980.21
1544817980.24
1544817980.28
1544817980.34
1544817980.4
1544817980.44
1544817980.48
1544817980.54
1544817980.58
1544817980.64
1544817980.67
1544817980.73
1544817980.81
1544817980.85
1544817980.9
1544817980.96
1544817981.01
1544817981.05
1544817981.08
1544817981.13
1544817981.2
1544817981.25
1544817981.28
1544817981.33
1544817981.4
1544817981.43
1544817981.46
1544817981.5
1544817981.59
1544817981.62
1544817981.65
1544817981.7
1544817981.74
1544817981.78
1544817981.82
1544817981.87
1544817981.91
1544817981.96
1544817982.01
1544817982.06
1544817982.11
1544817982.15
1544817982.21
1544817982.24
1544817982.27
1544817982.31
1544817982.34
1544817982.39
1544817982.43
1544817982.46
1544817982.51
1544817982.57
1544817982.61
1544817982.65
1544817982.7
1544817982.75
1544817982.81
1544817982.86
1544817982.88
1544817982.95
1544817983.01
1544817983.05
1544817983.09
1544817983.15
1544817983.2
1544817983.23
1544817983.27
1544817983.33
1544817983.38
1544817983.42
1544817983.45
1544817983.48
1544817983.53
1544817983.59
1544817983.63
1544817983.67
1544817983.72
1544817983.76
1544817983.82
1544817983.85
1544817983.9
1544817983.94
1544817983.98
1544817984.02
1544817984.06
1544817984.11
1544817984.15
1544817984.2
1544817984.24
1544817984.28
1544817984.32
1544817984.4
1544817984.44
1544817984.49
1544817984.52
1544817984.59
1544817984.63
1544817984.67
1544817984.71
1544817984.76
1544817984.79
1544817984.83
1544817984.87
1544817984.92
1544817984.97
1544817985.01
1544817985.05
1544817985.09
1544817985.14
1544817985.21
1544817985.25
1544817985.3
1544817985.38
1544817985.42
1544817985.47
1544817985.51
1544817985.56
1544817985.62
1544817985.64
1544817985.68
1544817985.72
1544817985.77
1544817985.82
1544817985.86
1544817985.92
1544817985.97
1544817986.02
1544817986.07
1544817986.12
1544817986.19
1544817986.24
1544817986.28
1544817986.32
1544817986.38
1544817986.42
1544817986.46
1544817986.5
1544817986.57
1544817986.62
1544817986.66
1544817986.7
1544817986.75
1544817986.78
1544817986.83
1544817986.86
1544817986.92
1544817986.98
1544817987.02
1544817987.07
1544817987.11
1544817987.18
1544817987.23
1544817987.27
1544817987.34
1544817987.39
1544817987.45
1544817987.5
1544817987.56
1544817987.61
1544817987.66
1544817987.71
1544817987.76
1544817987.81
1544817987.86
1544817987.9
1544817987.94
1544817987.98
1544817988.03
1544817988.08
1544817988.12
1544817988.17
1544817988.21
1544817988.25
1544817988.3
1544817988.35
1544817988.39
1544817988.43
1544817988.52
1544817988.56
1544817988.62
1544817988.66
1544817988.72
1544817988.77
1544817988.82
1544817988.86
1544817988.91
1544817988.97
1544817989.03
1544817989.07
1544817989.13
1544817989.18
1544817989.23
1544817989.26
1544817989.3
1544817989.36
1544817989.41
1544817989.45
1544817989.48
1544817989.54
1544817989.59
1544817989.62
1544817989.66
1544817989.69
1544817989.74
1544817989.78
1544817989.82
1544817989.87
1544817989.93
1544817989.98
1544817990.03
1544817990.08
1544817990.13
1544817990.17
1544817990.23
1544817990.29
1544817990.37
1544817990.45
1544817990.53
1544817990.6
1544817990.67
1544817990.74
1544817990.79
1544817990.84
1544817990.9
1544817990.95
1544817991.01
1544817991.06
1544817991.12
1544817991.18
1544817991.25
1544817991.3
1544817991.34
1544817991.37
1544817991.46
1544817991.55
1544817991.63
1544817991.7
1544817991.74
1544817991.82
1544817991.88
1544817991.94
1544817992.0
1544817992.05
1544817992.09
1544817992.16
1544817992.21
1544817992.24
1544817992.28
1544817992.32
1544817992.36
1544817992.41
1544817992.45
1544817992.48
1544817992.54
1544817992.6
1544817992.65
1544817992.7
1544817992.79
1544817992.83
1544817992.87
1544817992.91
1544817992.98
1544817993.02
1544817993.06
1544817993.11
1544817993.16
1544817993.21
1544817993.24
1544817993.3
1544817993.38
1544817993.43
1544817993.47
1544817993.52
1544817993.56
1544817993.62
1544817993.67
1544817993.7
1544817993.78
1544817993.83
1544817993.87
1544817993.91
1544817993.97
1544817994.02
1544817994.05
1544817994.08
1544817994.13
1544817994.16
1544817994.24
1544817994.28
1544817994.34
1544817994.4
1544817994.43
1544817994.49
1544817994.53
1544817994.58
1544817994.63
1544817994.66
1544817994.71
1544817994.74
1544817994.78
1544817994.83
1544817994.89
1544817994.95
1544817995.01
1544817995.07
1544817995.13
1544817995.21
1544817995.28
1544817995.32
1544817995.42
1544817995.5
1544817995.58
1544817995.66
1544817995.74
1544817995.83
1544817995.89
1544817995.99
1544817996.05
1544817996.12
1544817996.18
1544817996.23
1544817996.27
1544817996.31
1544817996.36
1544817996.41
1544817996.45
1544817996.51
1544817996.58
1544817996.64
1544817996.68
1544817996.76
1544817996.84
1544817996.91
1544817996.98
1544817997.02
1544817997.06
1544817997.12
