1544814555.36
1544814555.47
1544814555.54
1544814555.62
1544814555.74
1544814555.82
1544814555.88
1544814555.92
1544814555.99
1544814556.05
1544814556.11
1544814556.17
1544814556.22
1544814556.28
1544814556.35
1544814556.4
1544814556.47
1544814556.54
1544814556.61
1544814556.68
1544814556.71
1544814556.78
1544814556.87
1544814556.94
1544814557.01
1544814557.11
1544814557.19
1544814557.28
1544814557.36
1544814557.45
1544814557.5
1544814557.55
1544814557.62
1544814557.69
1544814557.76
1544814557.8
1544814557.87
1544814557.94
1544814558.01
1544814558.09
1544814558.17
1544814558.24
1544814558.28
1544814558.32
1544814558.38
1544814558.45
1544814558.51
1544814558.56
1544814558.59
1544814558.66
1544814558.71
1544814558.77
1544814558.83
1544814558.88
1544814558.94
1544814558.99
1544814559.06
1544814559.13
1544814559.18
1544814559.23
1544814559.3
1544814559.36
1544814559.4
1544814559.44
1544814559.5
1544814559.55
1544814559.59
1544814559.64
1544814559.69
1544814559.74
1544814559.78
1544814559.83
1544814559.9
1544814559.95
1544814560.01
1544814560.05
1544814560.09
1544814560.14
1544814560.19
1544814560.24
1544814560.28
1544814560.33
1544814560.38
1544814560.45
1544814560.52
1544814560.56
1544814560.61
1544814560.65
1544814560.72
1544814560.76
1544814560.8
1544814560.88
1544814560.93
1544814560.97
1544814561.01
1544814561.11
1544814561.16
1544814561.2
1544814561.27
1544814561.33
1544814561.41
1544814561.48
1544814561.56
1544814561.64
1544814561.71
1544814561.79
1544814561.89
1544814561.97
1544814562.05
1544814562.1
1544814562.19
1544814562.28
1544814562.37
1544814562.46
1544814562.54
1544814562.61
1544814562.68
1544814562.74
1544814562.79
1544814562.85
1544814562.9
1544814562.96
1544814563.01
1544814563.07
1544814563.12
1544814563.19
1544814563.23
1544814563.28
1544814563.34
1544814563.4
1544814563.47
1544814563.53
1544814563.57
1544814563.61
1544814563.66
1544814563.72
1544814563.76
1544814563.8
1544814563.87
1544814563.92
1544814563.98
1544814564.02
1544814564.07
1544814564.14
1544814564.18
1544814564.22
1544814564.29
1544814564.33
1544814564.38
1544814564.42
1544814564.5
1544814564.56
1544814564.59
1544814564.63
1544814564.67
1544814564.74
1544814564.78
1544814564.83
1544814564.9
1544814564.97
1544814565.01
1544814565.13
1544814565.19
1544814565.22
1544814565.27
1544814565.31
1544814565.37
1544814565.42
1544814565.5
1544814565.55
1544814565.59
1544814565.63
1544814565.69
1544814565.74
1544814565.78
1544814565.81
1544814565.87
1544814565.93
1544814565.97
1544814566.01
1544814566.09
1544814566.15
1544814566.2
1544814566.25
1544814566.3
1544814566.35
1544814566.38
1544814566.42
1544814566.49
1544814566.55
1544814566.59
1544814566.62
1544814566.7
1544814566.73
1544814566.77
1544814566.81
1544814566.86
1544814566.9
1544814566.95
1544814566.99
1544814567.03
1544814567.08
1544814567.13
1544814567.18
1544814567.25
1544814567.3
1544814567.35
1544814567.4
1544814567.47
1544814567.54
1544814567.58
1544814567.62
1544814567.67
1544814567.73
1544814567.77
1544814567.81
1544814567.87
1544814567.94
1544814567.99
1544814568.02
1544814568.09
1544814568.14
1544814568.17
1544814568.21
1544814568.26
1544814568.3
1544814568.35
1544814568.39
1544814568.43
1544814568.49
1544814568.56
1544814568.59
1544814568.64
1544814568.71
1544814568.76
1544814568.8
1544814568.83
1544814568.87
1544814568.93
1544814568.97
1544814569.01
1544814569.07
1544814569.14
1544814569.17
1544814569.22
1544814569.28
1544814569.34
1544814569.38
1544814569.44
1544814569.54
1544814569.58
1544814569.64
1544814569.71
1544814569.75
1544814569.79
1544814569.84
1544814569.9
1544814569.94
1544814569.98
1544814570.03
1544814570.08
1544814570.14
1544814570.18
1544814570.21
1544814570.3
1544814570.34
1544814570.4
1544814570.46
1544814570.52
1544814570.6
1544814570.67
1544814570.74
1544814570.8
1544814570.88
1544814571.0
1544814571.07
1544814571.16
1544814571.24
1544814571.33
1544814571.38
1544814571.42
1544814571.52
1544814571.57
1544814571.61
1544814571.69
1544814571.76
1544814571.82
1544814571.9
1544814572.0
1544814572.06
1544814572.1
1544814572.14
1544814572.2
1544814572.28
1544814572.35
1544814572.39
1544814572.43
1544814572.48
1544814572.52
1544814572.57
1544814572.6
1544814572.63
1544814572.7
1544814572.75
1544814572.79
1544814572.82
1544814572.88
1544814572.92
1544814572.96
1544814573.0
1544814573.06
1544814573.11
1544814573.16
1544814573.2
1544814573.25
1544814573.3
1544814573.35
1544814573.39
1544814573.42
1544814573.47
1544814573.51
1544814573.56
1544814573.6
1544814573.65
1544814573.71
1544814573.76
1544814573.8
1544814573.92
1544814573.97
1544814574.0
1544814574.04
1544814574.11
1544814574.16
1544814574.2
1544814574.25
1544814574.31
1544814574.36
1544814574.4
1544814574.48
1544814574.53
1544814574.58
1544814574.64
1544814574.71
1544814574.77
1544814574.81
1544814574.87
1544814574.94
1544814574.98
1544814575.04
1544814575.09
1544814575.15
1544814575.19
1544814575.24
1544814575.28
1544814575.32
1544814575.38
1544814575.42
1544814575.49
1544814575.54
1544814575.58
1544814575.62
1544814575.66
1544814575.71
1544814575.76
1544814575.8
1544814575.86
1544814575.92
1544814575.96
1544814575.99
1544814576.05
1544814576.11
1544814576.16
1544814576.2
1544814576.23
1544814576.27
1544814576.3
1544814576.33
1544814576.39
1544814576.44
1544814576.49
1544814576.55
1544814576.6
1544814576.69
1544814576.75
1544814576.78
1544814576.81
1544814576.87
1544814576.92
1544814576.96
1544814577.0
1544814577.05
1544814577.15
1544814577.19
1544814577.24
1544814577.31
1544814577.36
1544814577.41
1544814577.45
1544814577.5
1544814577.57
1544814577.61
1544814577.67
1544814577.75
1544814577.82
1544814577.87
1544814577.91
1544814577.98
1544814578.05
1544814578.11
1544814578.17
1544814578.22
1544814578.29
1544814578.35
1544814578.43
1544814578.49
1544814578.56
1544814578.61
1544814578.68
1544814578.74
1544814578.79
1544814578.85
1544814578.91
1544814578.98
1544814579.05
1544814579.12
1544814579.2
1544814579.27
1544814579.34
1544814579.42
1544814579.49
1544814579.55
1544814579.59
1544814579.65
1544814579.73
1544814579.81
1544814579.88
1544814579.94
1544814580.0
1544814580.07
1544814580.13
1544814580.2
1544814580.26
1544814580.31
1544814580.36
1544814580.46
1544814580.51
1544814580.58
1544814580.64
1544814580.69
1544814580.75
1544814580.82
1544814580.89
1544814580.94
1544814581.01
1544814581.05
1544814581.09
1544814581.15
1544814581.2
1544814581.25
1544814581.29
1544814581.33
1544814581.4
1544814581.45
1544814581.49
1544814581.54
1544814581.6
1544814581.65
1544814581.7
1544814581.75
1544814581.79
1544814581.85
1544814581.89
1544814581.97
1544814582.03
1544814582.07
1544814582.11
1544814582.15
1544814582.19
1544814582.26
1544814582.3
1544814582.35
1544814582.4
1544814582.46
1544814582.5
1544814582.57
1544814582.61
1544814582.67
1544814582.71
1544814582.77
1544814582.84
1544814582.88
1544814582.91
1544814582.99
1544814583.05
1544814583.1
1544814583.17
1544814583.24
1544814583.27
1544814583.32
1544814583.38
1544814583.42
1544814583.46
1544814583.5
1544814583.55
1544814583.63
1544814583.67
1544814583.71
1544814583.76
1544814583.8
1544814583.85
1544814583.9
1544814583.96
1544814584.02
1544814584.06
1544814584.1
1544814584.15
1544814584.2
1544814584.26
1544814584.31
1544814584.38
1544814584.46
1544814584.53
1544814584.58
1544814584.62
1544814584.69
1544814584.74
1544814584.79
1544814584.84
1544814584.89
1544814584.94
1544814584.99
1544814585.05
1544814585.1
1544814585.17
1544814585.25
1544814585.32
1544814585.39
1544814585.46
1544814585.54
1544814585.62
1544814585.7
1544814585.77
1544814585.85
1544814585.91
1544814585.97
1544814586.06
1544814586.15
1544814586.24
1544814586.28
1544814586.35
1544814586.41
1544814586.48
1544814586.55
1544814586.61
1544814586.73
1544814586.84
1544814586.92
1544814586.99
1544814587.08
1544814587.16
1544814587.21
1544814587.26
1544814587.31
1544814587.37
1544814587.45
1544814587.51
1544814587.6
1544814587.68
1544814587.77
1544814587.84
1544814587.88
1544814587.94
1544814588.0
1544814588.04
1544814588.09
1544814588.14
1544814588.18
1544814588.21
1544814588.28
1544814588.35
1544814588.38
1544814588.43
1544814588.51
1544814588.57
1544814588.6
1544814588.65
1544814588.71
1544814588.75
1544814588.8
1544814588.84
1544814588.9
1544814588.95
1544814588.98
1544814589.01
1544814589.06
1544814589.13
1544814589.18
1544814589.22
1544814589.29
1544814589.36
1544814589.39
1544814589.44
1544814589.5
1544814589.56
1544814589.6
1544814589.65
1544814589.72
1544814589.78
1544814589.82
1544814589.89
1544814589.94
1544814589.98
1544814590.02
1544814590.09
1544814590.15
1544814590.19
1544814590.24
1544814590.27
1544814590.31
1544814590.36
1544814590.4
1544814590.45
1544814590.5
1544814590.55
1544814590.59
1544814590.62
1544814590.7
1544814590.75
1544814590.78
1544814590.82
1544814590.86
1544814590.91
1544814590.97
1544814591.0
1544814591.04
1544814591.13
1544814591.18
1544814591.23
1544814591.3
1544814591.35
1544814591.39
1544814591.43
1544814591.5
1544814591.56
1544814591.6
1544814591.65
1544814591.71
1544814591.76
1544814591.8
1544814591.88
1544814591.92
1544814591.98
1544814592.02
1544814592.07
1544814592.11
1544814592.16
1544814592.21
1544814592.28
1544814592.35
1544814592.39
1544814592.42
1544814592.48
1544814592.54
1544814592.58
1544814592.63
1544814592.68
1544814592.74
1544814592.81
1544814592.86
1544814592.89
1544814592.97
1544814593.01
1544814593.07
1544814593.14
1544814593.21
1544814593.29
1544814593.35
1544814593.42
1544814593.48
1544814593.52
1544814593.57
1544814593.62
1544814593.68
1544814593.74
1544814593.8
1544814593.86
1544814593.94
1544814594.02
1544814594.11
1544814594.2
1544814594.29
1544814594.38
1544814594.47
1544814594.54
1544814594.58
1544814594.65
1544814594.7
1544814594.76
1544814594.84
1544814594.9
1544814594.97
1544814595.01
1544814595.06
1544814595.11
1544814595.15
1544814595.19
1544814595.25
1544814595.33
1544814595.38
1544814595.43
1544814595.48
1544814595.53
1544814595.59
1544814595.66
1544814595.71
1544814595.77
1544814595.83
1544814595.87
1544814595.92
1544814596.0
1544814596.04
1544814596.07
1544814596.11
1544814596.15
1544814596.21
1544814596.26
1544814596.3
1544814596.35
1544814596.41
1544814596.46
1544814596.5
1544814596.55
1544814596.6
1544814596.65
1544814596.69
1544814596.74
1544814596.79
1544814596.85
1544814596.88
1544814596.92
1544814597.0
1544814597.04
1544814597.08
1544814597.12
1544814597.17
1544814597.21
1544814597.25
1544814597.28
1544814597.33
1544814597.37
1544814597.44
1544814597.48
1544814597.52
1544814597.56
1544814597.6
1544814597.68
1544814597.72
1544814597.76
1544814597.8
1544814597.84
1544814597.89
1544814597.93
1544814597.97
1544814598.06
1544814598.1
1544814598.15
1544814598.22
1544814598.29
1544814598.36
1544814598.41
1544814598.48
1544814598.54
1544814598.6
1544814598.65
1544814598.73
1544814598.8
1544814598.9
1544814598.96
1544814599.0
1544814599.05
1544814599.09
1544814599.14
1544814599.18
1544814599.24
1544814599.28
1544814599.33
1544814599.37
1544814599.41
1544814599.48
1544814599.55
1544814599.61
1544814599.68
1544814599.75
1544814599.81
1544814599.88
1544814599.96
1544814600.02
1544814600.09
1544814600.17
1544814600.23
1544814600.3
1544814600.36
1544814600.44
1544814600.51
1544814600.6
1544814600.67
1544814600.75
1544814600.8
1544814600.88
1544814600.95
1544814601.02
1544814601.09
1544814601.15
1544814601.2
1544814601.25
1544814601.28
1544814601.33
1544814601.38
1544814601.44
1544814601.47
1544814601.51
1544814601.56
1544814601.63
1544814601.68
1544814601.75
1544814601.83
1544814601.89
1544814601.96
1544814602.02
1544814602.07
1544814602.15
1544814602.22
1544814602.28
1544814602.34
1544814602.41
1544814602.46
1544814602.51
1544814602.58
1544814602.63
1544814602.68
1544814602.74
1544814602.78
1544814602.82
1544814602.9
1544814602.99
1544814603.06
1544814603.11
1544814603.19
1544814603.25
1544814603.32
1544814603.36
1544814603.41
1544814603.49
1544814603.53
1544814603.57
1544814603.61
1544814603.66
1544814603.71
1544814603.76
1544814603.79
1544814603.87
1544814603.93
1544814603.97
1544814604.01
1544814604.08
1544814604.14
1544814604.18
1544814604.23
1544814604.3
1544814604.34
1544814604.39
1544814604.44
1544814604.51
1544814604.56
1544814604.61
1544814604.65
1544814604.7
1544814604.74
1544814604.78
1544814604.81
1544814604.85
1544814604.89
1544814604.95
1544814604.98
1544814605.03
1544814605.09
1544814605.14
1544814605.18
1544814605.22
1544814605.27
1544814605.32
1544814605.36
1544814605.39
1544814605.43
1544814605.47
1544814605.54
1544814605.58
1544814605.63
1544814605.67
1544814605.71
1544814605.77
1544814605.81
1544814605.88
1544814605.93
1544814605.97
1544814606.0
1544814606.04
1544814606.08
1544814606.13
1544814606.17
1544814606.2
1544814606.25
1544814606.32
1544814606.36
1544814606.42
1544814606.5
1544814606.55
1544814606.59
1544814606.63
1544814606.69
1544814606.76
1544814606.8
1544814606.89
1544814606.94
1544814606.99
1544814607.02
1544814607.07
1544814607.12
1544814607.16
1544814607.19
1544814607.23
1544814607.29
1544814607.34
1544814607.37
1544814607.42
1544814607.5
1544814607.56
1544814607.59
1544814607.69
1544814607.74
1544814607.78
1544814607.81
1544814607.87
1544814607.93
1544814607.98
1544814608.03
1544814608.09
1544814608.14
1544814608.19
1544814608.23
1544814608.27
1544814608.32
1544814608.37
1544814608.41
1544814608.47
1544814608.53
1544814608.57
1544814608.6
1544814608.67
1544814608.74
1544814608.77
1544814608.81
1544814608.89
1544814608.94
1544814608.99
1544814609.04
1544814609.09
1544814609.13
1544814609.18
1544814609.23
1544814609.33
1544814609.37
1544814609.4
1544814609.49
1544814609.54
1544814609.58
1544814609.61
1544814609.67
1544814609.73
1544814609.76
1544814609.8
1544814609.87
1544814609.93
1544814609.96
1544814610.0
1544814610.04
1544814610.12
1544814610.17
1544814610.23
1544814610.3
1544814610.36
1544814610.39
1544814610.46
1544814610.54
1544814610.59
1544814610.64
1544814610.73
1544814610.8
1544814610.87
1544814610.95
1544814611.02
1544814611.09
1544814611.15
1544814611.19
1544814611.23
1544814611.29
1544814611.36
1544814611.41
1544814611.48
1544814611.55
1544814611.62
1544814611.68
1544814611.76
1544814611.83
1544814611.91
1544814611.96
1544814611.99
1544814612.03
1544814612.08
1544814612.15
1544814612.19
1544814612.23
1544814612.29
1544814612.36
1544814612.4
1544814612.44
1544814612.48
1544814612.54
1544814612.59
1544814612.63
1544814612.67
1544814612.74
1544814612.79
1544814612.82
1544814612.89
1544814612.96
1544814613.0
1544814613.06
1544814613.11
1544814613.16
1544814613.2
1544814613.3
1544814613.37
1544814613.41
1544814613.45
1544814613.49
1544814613.52
1544814613.57
1544814613.61
1544814613.68
1544814613.74
1544814613.78
1544814613.83
1544814613.89
1544814613.95
1544814613.99
1544814614.02
1544814614.06
1544814614.13
1544814614.18
1544814614.23
1544814614.28
1544814614.33
1544814614.38
1544814614.43
1544814614.49
1544814614.54
1544814614.59
1544814614.64
1544814614.7
1544814614.78
1544814614.83
1544814614.91
1544814614.97
1544814615.02
1544814615.1
1544814615.15
1544814615.19
1544814615.22
1544814615.3
1544814615.36
1544814615.39
1544814615.44
1544814615.49
1544814615.55
1544814615.6
1544814615.65
1544814615.69
1544814615.74
1544814615.79
1544814615.85
1544814615.9
1544814615.97
1544814616.03
1544814616.08
1544814616.15
1544814616.2
1544814616.25
1544814616.3
1544814616.35
1544814616.41
1544814616.47
1544814616.51
1544814616.56
1544814616.6
1544814616.65
1544814616.75
1544814616.82
1544814616.9
1544814616.96
1544814617.01
1544814617.1
1544814617.16
1544814617.19
1544814617.22
1544814617.29
1544814617.36
1544814617.4
1544814617.45
1544814617.51
1544814617.57
1544814617.6
1544814617.64
1544814617.7
1544814617.78
1544814617.86
1544814617.93
1544814617.97
1544814618.0
1544814618.06
1544814618.11
1544814618.15
1544814618.19
1544814618.25
1544814618.3
1544814618.35
1544814618.39
1544814618.44
1544814618.5
1544814618.56
1544814618.59
1544814618.63
1544814618.67
1544814618.73
1544814618.78
1544814618.82
1544814618.91
1544814618.97
1544814619.0
1544814619.07
1544814619.12
1544814619.16
1544814619.2
1544814619.27
1544814619.32
1544814619.38
1544814619.41
1544814619.48
1544814619.52
1544814619.56
1544814619.59
1544814619.65
1544814619.73
1544814619.77
1544814619.8
1544814619.86
1544814619.93
1544814619.97
1544814620.01
1544814620.06
1544814620.1
1544814620.15
1544814620.19
1544814620.23
1544814620.29
1544814620.37
1544814620.41
1544814620.47
1544814620.53
1544814620.57
1544814620.61
1544814620.68
1544814620.73
1544814620.79
1544814620.83
1544814620.92
1544814620.97
1544814621.03
1544814621.09
1544814621.13
1544814621.18
1544814621.22
1544814621.28
1544814621.34
1544814621.37
1544814621.42
1544814621.5
1544814621.55
1544814621.59
1544814621.63
1544814621.68
1544814621.71
1544814621.75
1544814621.8
1544814621.84
1544814621.88
1544814621.96
1544814622.01
1544814622.07
1544814622.1
1544814622.15
1544814622.19
1544814622.24
1544814622.32
1544814622.37
1544814622.41
1544814622.48
1544814622.56
1544814622.64
1544814622.7
1544814622.77
1544814622.85
1544814622.91
1544814622.99
1544814623.07
1544814623.14
1544814623.22
1544814623.31
1544814623.4
1544814623.48
1544814623.57
1544814623.66
1544814623.75
1544814623.8
1544814623.84
1544814623.92
1544814623.98
1544814624.02
1544814624.11
1544814624.16
1544814624.21
1544814624.29
1544814624.34
1544814624.4
1544814624.45
1544814624.49
1544814624.53
1544814624.59
1544814624.65
1544814624.68
1544814624.74
1544814624.79
1544814624.84
1544814624.88
1544814624.94
1544814625.0
1544814625.05
1544814625.1
1544814625.15
1544814625.21
1544814625.24
1544814625.27
1544814625.31
1544814625.36
1544814625.42
1544814625.47
1544814625.52
1544814625.59
1544814625.63
1544814625.68
1544814625.73
1544814625.81
1544814625.87
1544814625.9
1544814625.95
1544814626.01
1544814626.05
1544814626.1
1544814626.15
1544814626.23
1544814626.27
1544814626.31
1544814626.35
1544814626.43
1544814626.46
1544814626.52
1544814626.6
1544814626.65
1544814626.69
1544814626.74
1544814626.79
1544814626.84
1544814626.88
1544814626.91
1544814626.98
1544814627.03
1544814627.06
1544814627.1
1544814627.15
1544814627.2
1544814627.26
1544814627.31
1544814627.37
1544814627.41
1544814627.45
1544814627.49
1544814627.53
1544814627.57
1544814627.63
1544814627.67
1544814627.7
1544814627.75
1544814627.81
1544814627.88
1544814627.92
1544814627.99
1544814628.04
1544814628.09
1544814628.12
1544814628.18
1544814628.25
1544814628.29
1544814628.35
1544814628.39
1544814628.44
1544814628.48
1544814628.53
1544814628.58
1544814628.63
1544814628.67
1544814628.72
1544814628.78
1544814628.84
1544814628.89
1544814628.94
1544814628.98
1544814629.04
1544814629.08
1544814629.12
1544814629.18
1544814629.24
1544814629.28
1544814629.32
1544814629.39
1544814629.44
1544814629.47
1544814629.52
1544814629.6
1544814629.64
1544814629.68
1544814629.72
1544814629.76
1544814629.81
1544814629.87
1544814629.93
1544814629.99
1544814630.06
1544814630.1
1544814630.15
1544814630.21
1544814630.26
1544814630.3
1544814630.35
1544814630.41
1544814630.48
1544814630.52
1544814630.58
1544814630.63
1544814630.67
1544814630.71
1544814630.77
1544814630.83
1544814630.87
1544814630.9
1544814630.95
1544814630.98
1544814631.04
1544814631.07
1544814631.11
1544814631.21
1544814631.27
1544814631.3
1544814631.35
1544814631.4
1544814631.46
1544814631.5
1544814631.58
1544814631.64
1544814631.69
1544814631.74
1544814631.8
1544814631.84
1544814631.89
1544814631.94
1544814631.99
1544814632.05
1544814632.09
1544814632.15
1544814632.22
1544814632.27
1544814632.32
1544814632.41
1544814632.46
1544814632.5
1544814632.58
1544814632.63
1544814632.68
1544814632.74
1544814632.83
1544814632.88
1544814632.93
1544814632.96
1544814633.01
1544814633.05
1544814633.1
1544814633.18
1544814633.24
1544814633.28
1544814633.34
1544814633.4
1544814633.45
1544814633.49
1544814633.54
1544814633.6
1544814633.66
1544814633.7
1544814633.74
1544814633.8
1544814633.85
1544814633.89
1544814633.95
1544814634.0
1544814634.06
1544814634.11
1544814634.18
1544814634.23
1544814634.27
1544814634.32
1544814634.38
1544814634.43
1544814634.47
1544814634.5
1544814634.56
1544814634.61
1544814634.65
1544814634.68
1544814634.72
1544814634.81
1544814634.86
1544814634.89
1544814634.94
1544814635.0
1544814635.06
1544814635.1
1544814635.19
1544814635.24
1544814635.29
1544814635.34
1544814635.39
1544814635.44
1544814635.47
1544814635.52
1544814635.56
1544814635.6
1544814635.66
1544814635.69
1544814635.74
1544814635.82
1544814635.87
1544814635.91
1544814635.97
1544814636.03
1544814636.07
1544814636.12
1544814636.21
1544814636.27
1544814636.31
1544814636.36
1544814636.4
1544814636.45
1544814636.49
1544814636.57
1544814636.65
1544814636.68
1544814636.74
1544814636.83
1544814636.88
1544814636.91
1544814636.97
1544814637.01
1544814637.06
1544814637.1
1544814637.18
1544814637.24
1544814637.29
1544814637.34
1544814637.44
1544814637.48
1544814637.54
1544814637.6
1544814637.65
1544814637.69
1544814637.73
1544814637.81
1544814637.86
1544814637.91
1544814637.98
1544814638.04
1544814638.08
1544814638.13
1544814638.21
1544814638.27
1544814638.31
1544814638.37
1544814638.43
1544814638.48
1544814638.53
1544814638.61
1544814638.67
1544814638.71
1544814638.77
1544814638.82
1544814638.87
1544814638.9
1544814638.98
1544814639.04
1544814639.09
1544814639.14
1544814639.21
1544814639.27
1544814639.31
1544814639.37
1544814639.41
1544814639.45
1544814639.49
1544814639.55
1544814639.65
1544814639.74
1544814639.84
1544814639.89
1544814639.93
1544814639.97
1544814640.02
1544814640.08
1544814640.12
1544814640.19
1544814640.26
1544814640.32
1544814640.41
1544814640.49
1544814640.56
1544814640.64
1544814640.72
1544814640.82
1544814640.88
1544814640.96
1544814641.02
1544814641.1
1544814641.16
1544814641.23
1544814641.3
1544814641.35
1544814641.4
1544814641.49
1544814641.56
1544814641.64
1544814641.68
1544814641.78
1544814641.85
1544814641.89
1544814641.96
1544814642.02
1544814642.07
1544814642.1
1544814642.15
1544814642.19
1544814642.24
1544814642.28
1544814642.33
1544814642.39
1544814642.45
1544814642.48
1544814642.52
1544814642.62
1544814642.67
1544814642.71
1544814642.79
1544814642.84
1544814642.88
1544814642.92
1544814643.0
1544814643.04
1544814643.08
1544814643.13
1544814643.2
1544814643.27
1544814643.31
1544814643.36
1544814643.42
1544814643.46
1544814643.51
1544814643.56
1544814643.64
1544814643.68
1544814643.73
1544814643.8
1544814643.86
1544814643.9
1544814643.96
1544814644.01
1544814644.06
1544814644.09
1544814644.14
1544814644.19
1544814644.25
1544814644.29
1544814644.32
1544814644.38
1544814644.42
1544814644.46
1544814644.5
1544814644.55
1544814644.61
1544814644.65
1544814644.7
1544814644.77
1544814644.81
1544814644.86
1544814644.9
1544814644.95
1544814645.0
1544814645.05
1544814645.08
1544814645.11
1544814645.19
1544814645.24
1544814645.28
1544814645.32
1544814645.37
1544814645.43
1544814645.46
1544814645.5
1544814645.55
1544814645.6
1544814645.65
1544814645.68
1544814645.73
1544814645.78
1544814645.84
1544814645.89
1544814645.93
1544814645.97
1544814646.03
1544814646.07
1544814646.11
1544814646.17
1544814646.23
1544814646.27
1544814646.31
1544814646.34
1544814646.39
1544814646.44
1544814646.48
1544814646.52
1544814646.56
1544814646.6
1544814646.65
1544814646.69
1544814646.73
1544814646.78
1544814646.84
1544814646.88
1544814646.91
1544814646.95
1544814647.0
1544814647.07
1544814647.1
1544814647.15
1544814647.21
1544814647.26
1544814647.31
1544814647.35
1544814647.41
1544814647.46
1544814647.5
1544814647.55
1544814647.59
1544814647.64
1544814647.68
1544814647.73
1544814647.78
1544814647.83
1544814647.87
1544814647.9
1544814647.95
1544814648.01
1544814648.06
1544814648.1
1544814648.14
1544814648.18
1544814648.22
1544814648.26
1544814648.29
1544814648.32
1544814648.39
1544814648.44
1544814648.48
1544814648.52
1544814648.56
1544814648.6
1544814648.66
1544814648.7
1544814648.77
1544814648.83
1544814648.88
1544814648.92
1544814648.98
1544814649.04
1544814649.11
1544814649.17
1544814649.21
1544814649.26
1544814649.3
1544814649.34
1544814649.39
1544814649.44
1544814649.48
1544814649.53
1544814649.58
1544814649.61
1544814649.68
1544814649.72
1544814649.78
1544814649.87
1544814649.94
1544814649.98
1544814650.02
1544814650.08
1544814650.15
1544814650.21
1544814650.27
1544814650.31
1544814650.36
1544814650.4
1544814650.46
1544814650.5
1544814650.54
1544814650.59
1544814650.65
1544814650.69
1544814650.73
1544814650.78
1544814650.83
1544814650.88
1544814650.92
1544814650.97
1544814651.01
1544814651.08
1544814651.14
1544814651.18
1544814651.22
1544814651.29
1544814651.34
1544814651.37
1544814651.41
1544814651.46
1544814651.53
1544814651.56
1544814651.6
1544814651.68
1544814651.74
1544814651.78
1544814651.81
1544814651.9
1544814651.95
1544814651.98
1544814652.03
1544814652.09
1544814652.14
1544814652.18
1544814652.22
1544814652.28
1544814652.34
1544814652.37
1544814652.41
1544814652.48
1544814652.54
1544814652.58
1544814652.62
1544814652.69
1544814652.74
1544814652.78
1544814652.82
1544814652.88
1544814652.93
1544814652.97
1544814653.0
1544814653.04
1544814653.11
1544814653.16
1544814653.21
1544814653.27
1544814653.33
1544814653.37
1544814653.41
1544814653.47
1544814653.52
1544814653.57
1544814653.6
1544814653.64
1544814653.7
1544814653.74
1544814653.79
1544814653.83
1544814653.87
1544814653.91
1544814654.0
1544814654.05
1544814654.09
1544814654.13
1544814654.2
1544814654.26
1544814654.31
1544814654.36
1544814654.4
1544814654.44
1544814654.51
1544814654.57
1544814654.62
1544814654.66
1544814654.7
1544814654.74
1544814654.78
1544814654.86
1544814654.92
1544814654.97
1544814655.04
1544814655.07
1544814655.11
1544814655.18
1544814655.24
1544814655.28
1544814655.35
1544814655.43
1544814655.47
1544814655.51
1544814655.58
1544814655.65
1544814655.69
1544814655.75
1544814655.84
1544814655.91
1544814656.0
1544814656.07
1544814656.14
1544814656.23
1544814656.31
1544814656.4
1544814656.46
1544814656.5
1544814656.6
1544814656.69
1544814656.77
1544814656.86
1544814656.93
1544814657.01
1544814657.08
1544814657.16
1544814657.23
1544814657.3
1544814657.35
1544814657.4
1544814657.47
1544814657.52
1544814657.58
1544814657.62
1544814657.67
1544814657.74
1544814657.78
1544814657.81
1544814657.88
1544814657.94
1544814657.97
1544814658.0
1544814658.05
1544814658.1
1544814658.14
1544814658.18
1544814658.22
1544814658.29
1544814658.35
1544814658.4
1544814658.44
1544814658.47
1544814658.51
1544814658.56
1544814658.6
1544814658.65
1544814658.72
1544814658.77
1544814658.83
1544814658.89
1544814658.97
1544814659.01
1544814659.09
1544814659.16
1544814659.2
1544814659.24
1544814659.29
1544814659.32
1544814659.37
1544814659.41
1544814659.5
1544814659.56
1544814659.6
1544814659.68
1544814659.74
1544814659.78
1544814659.84
1544814659.89
1544814659.95
1544814659.99
1544814660.03
1544814660.09
1544814660.14
1544814660.18
1544814660.23
1544814660.28
1544814660.34
1544814660.38
1544814660.43
1544814660.49
1544814660.55
1544814660.58
1544814660.64
1544814660.71
1544814660.76
1544814660.81
1544814660.9
1544814660.96
1544814661.0
1544814661.04
1544814661.09
1544814661.14
1544814661.18
1544814661.21
1544814661.28
1544814661.32
1544814661.36
1544814661.39
1544814661.44
1544814661.5
1544814661.54
1544814661.58
1544814661.64
1544814661.68
1544814661.72
1544814661.78
1544814661.84
1544814661.88
1544814661.95
1544814661.99
1544814662.04
1544814662.09
1544814662.15
1544814662.19
1544814662.27
1544814662.34
1544814662.39
1544814662.43
1544814662.5
1544814662.55
1544814662.59
1544814662.63
1544814662.71
1544814662.76
1544814662.8
1544814662.84
1544814662.92
1544814662.98
1544814663.03
1544814663.06
1544814663.1
1544814663.15
1544814663.18
1544814663.22
1544814663.31
1544814663.36
1544814663.4
1544814663.45
1544814663.5
1544814663.54
1544814663.59
1544814663.62
1544814663.67
1544814663.72
1544814663.76
1544814663.81
1544814663.89
1544814663.95
1544814663.99
1544814664.02
1544814664.08
1544814664.11
1544814664.19
1544814664.25
1544814664.33
1544814664.39
1544814664.45
1544814664.5
1544814664.55
1544814664.61
1544814664.67
1544814664.74
1544814664.81
1544814664.88
1544814664.92
1544814664.98
1544814665.06
1544814665.13
1544814665.18
1544814665.21
1544814665.27
1544814665.32
1544814665.36
1544814665.4
1544814665.47
1544814665.56
1544814665.64
1544814665.7
1544814665.77
1544814665.84
1544814665.94
1544814666.04
1544814666.14
1544814666.23
1544814666.33
1544814666.37
1544814666.41
1544814666.49
1544814666.59
1544814666.67
1544814666.79
1544814666.88
1544814666.98
1544814667.09
1544814667.19
1544814667.27
1544814667.31
1544814667.37
1544814667.45
1544814667.5
1544814667.56
1544814667.66
1544814667.69
1544814667.74
1544814667.77
1544814667.81
1544814667.87
1544814667.9
1544814667.98
1544814668.05
1544814668.09
1544814668.12
1544814668.18
1544814668.22
1544814668.28
1544814668.32
1544814668.38
1544814668.44
1544814668.49
1544814668.54
1544814668.65
1544814668.69
1544814668.74
1544814668.77
1544814668.81
1544814668.86
1544814668.91
1544814668.96
1544814669.0
1544814669.04
1544814669.08
1544814669.15
1544814669.2
1544814669.26
1544814669.3
1544814669.35
1544814669.4
1544814669.47
1544814669.54
1544814669.59
1544814669.63
1544814669.69
1544814669.73
1544814669.77
1544814669.81
1544814669.86
1544814669.96
1544814670.01
1544814670.08
1544814670.14
1544814670.18
1544814670.22
1544814670.27
1544814670.32
1544814670.38
1544814670.45
1544814670.52
1544814670.6
1544814670.68
1544814670.75
1544814670.83
1544814670.9
1544814670.98
1544814671.07
1544814671.13
1544814671.18
1544814671.23
1544814671.29
1544814671.35
1544814671.41
1544814671.46
1544814671.5
1544814671.55
1544814671.6
1544814671.67
1544814671.72
1544814671.78
1544814671.85
1544814671.89
1544814671.93
1544814671.97
1544814672.06
1544814672.13
1544814672.19
1544814672.24
1544814672.29
1544814672.34
1544814672.4
1544814672.46
1544814672.5
1544814672.55
1544814672.59
1544814672.66
1544814672.71
1544814672.78
1544814672.84
1544814672.88
1544814672.93
1544814673.01
1544814673.08
1544814673.12
1544814673.16
1544814673.2
1544814673.26
1544814673.3
1544814673.34
1544814673.37
1544814673.4
1544814673.46
1544814673.49
1544814673.55
1544814673.59
1544814673.65
1544814673.69
1544814673.73
1544814673.77
1544814673.84
1544814673.87
1544814673.9
1544814673.95
1544814674.0
1544814674.04
1544814674.07
1544814674.1
1544814674.19
1544814674.25
1544814674.29
1544814674.32
1544814674.38
1544814674.44
1544814674.48
1544814674.53
1544814674.57
1544814674.61
1544814674.68
1544814674.73
1544814674.78
1544814674.83
1544814674.88
1544814674.96
1544814675.04
1544814675.07
1544814675.11
1544814675.18
1544814675.23
1544814675.25
1544814675.3
1544814675.35
1544814675.41
1544814675.48
1544814675.52
1544814675.58
1544814675.64
1544814675.68
1544814675.72
1544814675.79
1544814675.85
1544814675.89
1544814675.92
1544814675.97
1544814676.02
1544814676.06
1544814676.1
1544814676.16
1544814676.22
1544814676.25
1544814676.3
1544814676.34
1544814676.4
1544814676.45
1544814676.49
1544814676.53
1544814676.59
1544814676.64
1544814676.68
1544814676.72
1544814676.8
1544814676.86
1544814676.91
1544814676.98
1544814677.04
1544814677.08
1544814677.12
1544814677.19
1544814677.25
1544814677.28
1544814677.33
1544814677.38
1544814677.44
1544814677.49
1544814677.54
1544814677.59
1544814677.63
1544814677.67
1544814677.7
1544814677.77
1544814677.82
1544814677.86
1544814677.9
1544814677.96
1544814678.02
1544814678.07
1544814678.11
1544814678.15
1544814678.2
1544814678.23
1544814678.27
1544814678.31
1544814678.37
1544814678.41
1544814678.47
1544814678.5
1544814678.54
1544814678.58
1544814678.63
1544814678.67
1544814678.71
1544814678.75
1544814678.79
1544814678.85
1544814678.89
1544814678.92
1544814678.99
1544814679.05
1544814679.08
1544814679.15
1544814679.21
1544814679.26
1544814679.3
1544814679.34
1544814679.4
1544814679.46
1544814679.5
1544814679.56
1544814679.61
1544814679.66
1544814679.69
1544814679.74
1544814679.78
1544814679.84
1544814679.88
1544814679.91
1544814679.98
1544814680.04
1544814680.08
1544814680.14
1544814680.19
1544814680.24
1544814680.28
1544814680.32
1544814680.36
1544814680.4
1544814680.46
1544814680.5
1544814680.54
1544814680.58
1544814680.63
1544814680.68
1544814680.72
1544814680.77
1544814680.82
1544814680.86
1544814680.9
1544814680.94
1544814680.97
1544814681.01
1544814681.05
1544814681.09
1544814681.13
1544814681.18
1544814681.23
1544814681.28
1544814681.32
1544814681.37
1544814681.44
1544814681.49
1544814681.56
1544814681.63
1544814681.68
1544814681.71
1544814681.79
1544814681.85
1544814681.88
1544814681.96
1544814682.02
1544814682.07
1544814682.1
1544814682.18
1544814682.24
1544814682.29
1544814682.33
1544814682.38
1544814682.44
1544814682.48
1544814682.52
1544814682.6
1544814682.64
1544814682.68
1544814682.73
1544814682.77
1544814682.81
1544814682.86
1544814682.91
1544814682.96
1544814683.01
1544814683.06
1544814683.1
1544814683.14
1544814683.2
1544814683.25
1544814683.29
1544814683.35
1544814683.41
1544814683.46
1544814683.5
1544814683.57
1544814683.63
1544814683.67
1544814683.71
1544814683.77
1544814683.83
1544814683.87
1544814683.91
1544814683.98
1544814684.04
1544814684.08
1544814684.13
1544814684.2
1544814684.27
1544814684.31
1544814684.39
1544814684.47
1544814684.51
1544814684.56
1544814684.62
1544814684.67
1544814684.7
1544814684.76
1544814684.81
1544814684.87
1544814684.92
1544814684.96
1544814685.0
1544814685.05
1544814685.09
1544814685.13
1544814685.18
1544814685.23
1544814685.27
1544814685.31
1544814685.38
1544814685.43
1544814685.47
1544814685.51
1544814685.57
1544814685.63
1544814685.68
1544814685.73
1544814685.8
1544814685.85
1544814685.89
1544814685.92
1544814685.98
1544814686.04
1544814686.08
1544814686.11
1544814686.17
1544814686.25
1544814686.3
1544814686.34
1544814686.38
1544814686.44
1544814686.48
1544814686.51
1544814686.58
1544814686.63
1544814686.67
1544814686.71
1544814686.77
1544814686.82
1544814686.86
1544814686.91
1544814686.95
1544814687.0
1544814687.05
1544814687.08
1544814687.13
1544814687.17
1544814687.23
1544814687.27
1544814687.3
1544814687.33
1544814687.39
1544814687.43
1544814687.47
1544814687.51
1544814687.58
1544814687.63
1544814687.67
1544814687.74
1544814687.8
1544814687.86
1544814687.95
1544814688.02
1544814688.1
1544814688.17
1544814688.25
1544814688.3
1544814688.38
1544814688.46
1544814688.53
1544814688.59
1544814688.66
1544814688.73
1544814688.8
1544814688.87
1544814688.94
1544814689.01
1544814689.09
1544814689.16
1544814689.25
1544814689.31
1544814689.4
1544814689.48
1544814689.59
1544814689.66
1544814689.74
1544814689.81
1544814689.88
1544814689.95
1544814690.01
1544814690.07
1544814690.11
1544814690.17
1544814690.21
1544814690.26
1544814690.31
1544814690.38
1544814690.44
1544814690.48
1544814690.53
1544814690.62
1544814690.67
1544814690.72
1544814690.8
1544814690.86
1544814690.9
1544814690.93
1544814690.97
1544814691.06
1544814691.09
1544814691.16
1544814691.22
1544814691.28
1544814691.32
1544814691.38
1544814691.45
1544814691.49
1544814691.52
1544814691.58
1544814691.63
1544814691.67
1544814691.73
1544814691.79
1544814691.84
1544814691.89
1544814691.95
1544814692.0
1544814692.04
1544814692.07
1544814692.11
1544814692.15
1544814692.19
1544814692.26
1544814692.29
1544814692.36
1544814692.4
1544814692.46
1544814692.5
1544814692.55
1544814692.61
1544814692.66
1544814692.71
1544814692.76
1544814692.79
1544814692.84
1544814692.89
1544814692.94
1544814693.01
1544814693.06
1544814693.1
1544814693.15
1544814693.21
1544814693.25
1544814693.29
1544814693.32
1544814693.41
1544814693.46
1544814693.5
1544814693.57
1544814693.64
1544814693.68
1544814693.71
1544814693.76
1544814693.8
1544814693.87
1544814693.93
1544814693.98
1544814694.04
1544814694.07
1544814694.1
1544814694.15
1544814694.21
1544814694.29
1544814694.37
1544814694.45
1544814694.51
1544814694.59
1544814694.67
1544814694.75
1544814694.82
1544814694.89
1544814694.96
1544814695.02
1544814695.09
1544814695.16
1544814695.21
1544814695.28
1544814695.34
1544814695.39
1544814695.47
1544814695.55
1544814695.62
1544814695.72
1544814695.8
1544814695.88
1544814695.98
1544814696.06
1544814696.12
1544814696.2
1544814696.26
1544814696.33
1544814696.39
1544814696.45
1544814696.51
1544814696.57
1544814696.61
1544814696.66
1544814696.76
1544814696.84
1544814696.91
1544814697.01
1544814697.1
1544814697.15
1544814697.2
1544814697.25
1544814697.28
1544814697.32
1544814697.36
1544814697.41
1544814697.45
1544814697.49
1544814697.54
1544814697.59
1544814697.63
1544814697.66
1544814697.7
1544814697.74
1544814697.8
1544814697.84
1544814697.88
1544814697.94
1544814698.04
1544814698.08
1544814698.14
1544814698.19
1544814698.25
1544814698.29
1544814698.35
1544814698.42
1544814698.47
1544814698.54
1544814698.61
1544814698.66
1544814698.69
1544814698.72
1544814698.76
1544814698.84
1544814698.89
1544814698.93
1544814699.0
1544814699.06
1544814699.1
1544814699.17
1544814699.21
1544814699.27
1544814699.31
1544814699.35
1544814699.4
1544814699.44
1544814699.49
1544814699.52
1544814699.59
1544814699.64
1544814699.68
1544814699.71
1544814699.79
1544814699.85
1544814699.89
1544814699.95
1544814700.04
1544814700.08
1544814700.13
1544814700.21
1544814700.27
1544814700.33
1544814700.39
1544814700.44
1544814700.48
1544814700.51
1544814700.56
1544814700.62
1544814700.66
1544814700.69
1544814700.74
1544814700.78
1544814700.83
1544814700.87
1544814700.91
1544814700.94
1544814700.98
1544814701.03
1544814701.07
1544814701.11
1544814701.15
1544814701.21
1544814701.25
1544814701.29
1544814701.34
1544814701.38
1544814701.45
1544814701.48
1544814701.53
1544814701.61
1544814701.66
1544814701.69
1544814701.73
1544814701.82
1544814701.89
1544814701.92
1544814701.98
1544814702.02
1544814702.06
1544814702.1
1544814702.15
1544814702.19
1544814702.25
1544814702.3
1544814702.34
1544814702.38
1544814702.42
1544814702.46
1544814702.49
1544814702.54
1544814702.62
1544814702.67
1544814702.71
1544814702.8
1544814702.85
1544814702.89
1544814702.94
1544814703.0
1544814703.05
1544814703.09
1544814703.15
1544814703.19
1544814703.27
1544814703.31
1544814703.38
1544814703.44
1544814703.48
1544814703.51
1544814703.59
1544814703.64
1544814703.7
1544814703.75
1544814703.82
1544814703.87
1544814703.91
1544814703.96
1544814704.03
1544814704.08
1544814704.14
1544814704.2
1544814704.28
1544814704.32
1544814704.38
1544814704.43
1544814704.47
1544814704.5
1544814704.55
1544814704.61
1544814704.71
1544814704.77
1544814704.81
1544814704.88
1544814704.93
1544814705.0
1544814705.06
1544814705.1
1544814705.19
1544814705.27
1544814705.35
1544814705.42
1544814705.5
1544814705.58
1544814705.65
1544814705.69
1544814705.74
1544814705.79
1544814705.84
1544814705.89
1544814705.94
1544814705.98
1544814706.02
1544814706.08
1544814706.13
1544814706.18
1544814706.22
1544814706.3
1544814706.37
1544814706.42
1544814706.5
1544814706.54
1544814706.58
1544814706.64
1544814706.7
1544814706.76
1544814706.8
1544814706.88
1544814706.94
1544814706.98
1544814707.03
1544814707.13
1544814707.19
1544814707.25
1544814707.31
1544814707.37
1544814707.44
1544814707.51
1544814707.57
1544814707.61
1544814707.68
1544814707.75
1544814707.79
1544814707.83
1544814707.87
1544814707.91
1544814707.97
1544814708.01
1544814708.09
1544814708.15
1544814708.2
1544814708.26
1544814708.33
1544814708.38
1544814708.44
1544814708.5
1544814708.54
1544814708.58
1544814708.63
1544814708.69
1544814708.74
1544814708.77
1544814708.8
1544814708.85
1544814708.91
1544814708.96
1544814708.99
1544814709.03
1544814709.08
1544814709.12
1544814709.16
1544814709.19
1544814709.23
1544814709.28
1544814709.35
1544814709.38
1544814709.43
1544814709.5
1544814709.56
1544814709.6
1544814709.64
1544814709.68
1544814709.74
1544814709.78
1544814709.82
1544814709.89
1544814709.94
1544814709.97
1544814710.01
1544814710.05
1544814710.15
1544814710.2
1544814710.28
1544814710.32
1544814710.37
1544814710.41
1544814710.48
1544814710.54
1544814710.58
1544814710.64
1544814710.73
1544814710.77
1544814710.8
1544814710.85
1544814710.91
1544814710.99
1544814711.07
1544814711.15
1544814711.2
1544814711.29
1544814711.37
1544814711.45
1544814711.49
1544814711.55
1544814711.6
1544814711.65
1544814711.72
1544814711.82
1544814711.91
1544814711.96
1544814712.05
1544814712.12
1544814712.2
1544814712.26
1544814712.3
1544814712.36
1544814712.47
1544814712.55
1544814712.61
1544814712.69
1544814712.78
1544814712.85
1544814712.91
1544814712.99
1544814713.06
1544814713.13
1544814713.21
1544814713.26
1544814713.3
1544814713.35
1544814713.4
1544814713.46
1544814713.5
1544814713.55
1544814713.59
1544814713.63
1544814713.69
1544814713.73
1544814713.78
1544814713.83
1544814713.88
1544814713.92
1544814713.98
1544814714.03
1544814714.08
1544814714.12
1544814714.2
1544814714.25
1544814714.29
1544814714.33
1544814714.4
1544814714.47
1544814714.5
1544814714.58
1544814714.64
1544814714.68
1544814714.74
1544814714.82
1544814714.86
1544814714.9
1544814714.94
1544814715.02
1544814715.07
1544814715.11
1544814715.18
1544814715.23
1544814715.27
1544814715.29
1544814715.33
1544814715.41
1544814715.47
1544814715.51
1544814715.56
1544814715.62
1544814715.66
1544814715.7
1544814715.73
1544814715.78
1544814715.82
1544814715.86
1544814715.9
1544814715.94
1544814715.99
1544814716.03
1544814716.07
1544814716.11
1544814716.18
1544814716.25
1544814716.29
1544814716.33
1544814716.41
1544814716.46
1544814716.51
1544814716.58
1544814716.63
1544814716.69
1544814716.74
1544814716.82
1544814716.88
1544814716.93
1544814717.03
1544814717.08
1544814717.11
1544814717.16
1544814717.23
1544814717.28
1544814717.32
1544814717.38
1544814717.43
1544814717.47
1544814717.51
1544814717.57
1544814717.64
1544814717.7
1544814717.79
1544814717.87
1544814717.94
1544814718.02
1544814718.1
1544814718.17
1544814718.2
1544814718.26
1544814718.34
1544814718.44
1544814718.5
1544814718.55
1544814718.6
1544814718.68
1544814718.74
1544814718.79
1544814718.85
1544814718.91
1544814718.99
1544814719.06
1544814719.1
1544814719.16
1544814719.25
1544814719.29
1544814719.35
1544814719.39
1544814719.46
1544814719.51
1544814719.56
1544814719.6
1544814719.69
1544814719.75
1544814719.84
1544814719.9
1544814719.99
1544814720.05
1544814720.12
1544814720.2
1544814720.25
1544814720.29
1544814720.34
1544814720.39
1544814720.43
1544814720.49
1544814720.53
1544814720.57
1544814720.6
1544814720.64
1544814720.71
1544814720.76
1544814720.8
1544814720.86
1544814720.92
1544814720.96
1544814721.0
1544814721.06
1544814721.12
1544814721.16
1544814721.2
1544814721.26
1544814721.34
1544814721.38
1544814721.43
1544814721.49
1544814721.55
1544814721.59
1544814721.65
1544814721.7
1544814721.75
1544814721.79
1544814721.85
1544814721.9
1544814721.96
1544814722.0
1544814722.05
1544814722.1
1544814722.16
1544814722.2
1544814722.27
1544814722.32
1544814722.37
1544814722.4
1544814722.48
1544814722.54
1544814722.59
1544814722.65
1544814722.74
1544814722.79
1544814722.84
1544814722.9
1544814722.96
1544814723.0
1544814723.07
1544814723.15
1544814723.23
1544814723.3
1544814723.39
1544814723.45
1544814723.5
1544814723.55
1544814723.59
1544814723.65
1544814723.7
1544814723.76
1544814723.8
1544814723.87
1544814723.94
1544814724.0
1544814724.09
1544814724.14
1544814724.18
1544814724.22
1544814724.3
1544814724.36
1544814724.41
1544814724.48
1544814724.54
1544814724.58
1544814724.64
1544814724.71
1544814724.78
1544814724.81
1544814724.88
1544814724.94
1544814724.98
1544814725.03
1544814725.09
1544814725.14
1544814725.19
1544814725.26
1544814725.31
1544814725.37
1544814725.41
1544814725.48
1544814725.55
1544814725.6
1544814725.64
1544814725.73
1544814725.78
1544814725.84
1544814725.9
1544814725.95
1544814725.98
1544814726.01
1544814726.07
1544814726.12
1544814726.17
1544814726.21
1544814726.27
1544814726.31
1544814726.35
1544814726.39
1544814726.47
1544814726.51
1544814726.57
1544814726.6
1544814726.66
1544814726.73
1544814726.78
1544814726.84
1544814726.89
1544814726.94
1544814726.97
1544814727.02
1544814727.08
1544814727.14
1544814727.18
1544814727.21
1544814727.27
1544814727.31
1544814727.35
1544814727.38
1544814727.43
1544814727.47
1544814727.52
1544814727.57
1544814727.6
1544814727.66
1544814727.72
1544814727.76
1544814727.79
1544814727.85
1544814727.92
1544814727.96
1544814728.0
1544814728.06
1544814728.11
1544814728.17
1544814728.21
1544814728.29
1544814728.35
1544814728.39
1544814728.47
1544814728.53
1544814728.59
1544814728.66
1544814728.73
1544814728.77
1544814728.81
1544814728.88
1544814728.92
1544814728.97
1544814729.01
1544814729.06
1544814729.1
1544814729.17
1544814729.26
1544814729.3
1544814729.35
1544814729.4
1544814729.46
1544814729.51
1544814729.57
1544814729.64
1544814729.69
1544814729.73
1544814729.78
1544814729.82
1544814729.89
1544814729.95
1544814730.01
1544814730.09
1544814730.15
1544814730.21
1544814730.28
1544814730.34
1544814730.4
1544814730.47
1544814730.55
1544814730.61
1544814730.7
1544814730.78
1544814730.86
1544814730.94
1544814730.99
1544814731.04
1544814731.1
1544814731.15
1544814731.2
1544814731.25
1544814731.3
1544814731.36
1544814731.42
1544814731.47
1544814731.52
1544814731.57
1544814731.61
1544814731.65
1544814731.69
1544814731.74
1544814731.8
1544814731.85
1544814731.89
1544814731.95
1544814732.0
1544814732.05
1544814732.09
1544814732.16
1544814732.23
1544814732.27
1544814732.31
1544814732.4
1544814732.45
1544814732.5
1544814732.55
1544814732.6
1544814732.66
1544814732.7
1544814732.75
1544814732.81
1544814732.86
1544814732.9
1544814732.98
1544814733.04
1544814733.09
1544814733.13
1544814733.21
1544814733.26
1544814733.3
1544814733.37
1544814733.41
1544814733.47
1544814733.5
1544814733.56
1544814733.61
1544814733.69
1544814733.74
1544814733.81
1544814733.86
1544814733.89
1544814733.94
1544814734.0
1544814734.06
1544814734.11
1544814734.19
1544814734.24
1544814734.29
1544814734.33
1544814734.42
1544814734.47
1544814734.53
1544814734.6
1544814734.66
1544814734.7
1544814734.75
1544814734.81
1544814734.86
1544814734.9
1544814734.94
1544814735.0
1544814735.04
1544814735.09
1544814735.13
1544814735.17
1544814735.24
1544814735.28
1544814735.32
1544814735.37
1544814735.43
1544814735.47
1544814735.51
1544814735.55
1544814735.62
1544814735.67
1544814735.71
1544814735.75
1544814735.82
1544814735.88
1544814735.91
1544814735.97
1544814736.02
1544814736.07
1544814736.13
1544814736.17
1544814736.21
1544814736.26
1544814736.31
1544814736.35
1544814736.41
1544814736.47
1544814736.52
1544814736.56
1544814736.63
1544814736.67
1544814736.71
1544814736.76
1544814736.83
1544814736.88
1544814736.93
1544814736.99
1544814737.04
1544814737.09
1544814737.23
1544814737.28
1544814737.33
1544814737.44
1544814737.5
1544814737.54
1544814737.6
1544814737.66
1544814737.69
1544814737.73
1544814737.78
1544814737.86
1544814737.89
1544814737.94
1544814738.0
1544814738.05
1544814738.1
1544814738.15
1544814738.24
1544814738.29
1544814738.33
1544814738.38
1544814738.43
1544814738.49
1544814738.55
1544814738.6
1544814738.65
1544814738.7
1544814738.76
1544814738.83
1544814738.9
1544814738.97
1544814739.04
1544814739.1
1544814739.18
1544814739.25
1544814739.3
1544814739.37
1544814739.44
1544814739.54
1544814739.58
1544814739.65
1544814739.74
1544814739.79
1544814739.86
1544814739.97
1544814740.07
1544814740.17
1544814740.27
1544814740.38
1544814740.49
1544814740.59
1544814740.68
1544814740.78
1544814740.88
1544814740.93
1544814741.0
1544814741.06
1544814741.15
1544814741.23
1544814741.3
1544814741.38
1544814741.47
1544814741.54
1544814741.6
1544814741.7
1544814741.79
1544814741.85
1544814741.89
1544814741.93
1544814742.0
1544814742.05
1544814742.12
1544814742.18
1544814742.25
1544814742.32
1544814742.4
1544814742.47
1544814742.51
1544814742.55
1544814742.58
1544814742.64
1544814742.68
1544814742.75
1544814742.8
1544814742.85
1544814742.9
1544814742.95
1544814743.0
1544814743.06
1544814743.13
1544814743.2
1544814743.26
1544814743.33
1544814743.38
1544814743.44
1544814743.5
1544814743.56
1544814743.62
1544814743.69
1544814743.75
1544814743.83
1544814743.88
1544814743.92
1544814744.0
1544814744.1
1544814744.17
1544814744.25
1544814744.3
1544814744.34
1544814744.41
1544814744.47
1544814744.54
1544814744.58
1544814744.63
1544814744.7
1544814744.78
1544814744.85
1544814744.91
1544814744.98
1544814745.06
1544814745.13
1544814745.2
1544814745.28
1544814745.36
1544814745.44
1544814745.55
1544814745.61
1544814745.69
1544814745.77
1544814745.85
1544814745.94
1544814746.02
1544814746.11
1544814746.16
1544814746.21
1544814746.26
1544814746.35
1544814746.43
1544814746.51
1544814746.57
1544814746.61
1544814746.66
1544814746.73
1544814746.76
1544814746.8
1544814746.85
1544814746.89
1544814746.94
1544814746.99
1544814747.05
1544814747.1
1544814747.16
1544814747.21
1544814747.27
1544814747.36
1544814747.45
1544814747.51
1544814747.56
1544814747.6
1544814747.65
1544814747.7
1544814747.77
1544814747.84
1544814747.91
1544814747.97
1544814748.03
1544814748.08
1544814748.14
1544814748.18
1544814748.23
1544814748.28
1544814748.34
1544814748.4
1544814748.46
1544814748.5
1544814748.54
1544814748.61
1544814748.71
1544814748.81
1544814748.86
1544814748.93
1544814748.96
1544814749.0
1544814749.07
1544814749.13
1544814749.18
1544814749.21
1544814749.27
1544814749.31
1544814749.35
1544814749.39
1544814749.45
1544814749.51
1544814749.56
1544814749.6
1544814749.66
1544814749.73
1544814749.78
1544814749.82
1544814749.87
1544814749.91
1544814749.96
1544814750.01
1544814750.07
1544814750.12
1544814750.18
1544814750.24
1544814750.29
1544814750.34
1544814750.38
1544814750.42
1544814750.5
1544814750.54
1544814750.58
1544814750.62
1544814750.68
1544814750.74
1544814750.77
1544814750.8
1544814750.86
1544814750.9
1544814750.95
1544814750.99
1544814751.04
1544814751.09
1544814751.14
1544814751.18
1544814751.24
1544814751.28
1544814751.34
1544814751.39
1544814751.44
1544814751.49
1544814751.56
1544814751.6
1544814751.67
1544814751.71
1544814751.76
1544814751.8
1544814751.88
1544814751.94
1544814751.97
1544814752.01
1544814752.09
1544814752.17
1544814752.21
1544814752.3
1544814752.36
1544814752.4
1544814752.47
1544814752.55
1544814752.62
1544814752.69
1544814752.77
1544814752.85
1544814752.92
1544814752.97
1544814753.01
1544814753.07
1544814753.13
1544814753.2
1544814753.29
1544814753.36
1544814753.41
1544814753.47
1544814753.51
1544814753.55
1544814753.59
1544814753.64
1544814753.69
1544814753.73
1544814753.8
1544814753.86
1544814753.92
1544814753.99
1544814754.05
1544814754.09
1544814754.14
1544814754.2
1544814754.26
1544814754.3
1544814754.37
1544814754.44
1544814754.48
1544814754.53
1544814754.59
1544814754.64
1544814754.67
1544814754.71
1544814754.78
1544814754.84
1544814754.87
1544814754.92
1544814754.99
1544814755.03
1544814755.08
1544814755.12
1544814755.19
1544814755.25
1544814755.28
1544814755.32
1544814755.39
1544814755.44
1544814755.48
1544814755.53
1544814755.59
1544814755.63
1544814755.67
1544814755.72
1544814755.79
1544814755.85
1544814755.89
1544814755.94
1544814755.99
1544814756.05
1544814756.1
1544814756.16
1544814756.24
1544814756.29
1544814756.34
1544814756.4
1544814756.44
1544814756.48
1544814756.52
1544814756.58
1544814756.64
1544814756.68
1544814756.72
1544814756.78
1544814756.82
1544814756.86
1544814756.9
1544814756.95
1544814757.0
1544814757.04
1544814757.08
1544814757.12
1544814757.17
1544814757.21
1544814757.27
1544814757.32
1544814757.38
1544814757.44
1544814757.49
1544814757.53
1544814757.59
1544814757.65
1544814757.7
1544814757.79
1544814757.85
1544814757.89
1544814757.94
1544814758.04
1544814758.08
1544814758.12
1544814758.19
1544814758.23
1544814758.28
1544814758.31
1544814758.35
1544814758.38
1544814758.43
1544814758.46
1544814758.5
1544814758.54
1544814758.6
1544814758.65
1544814758.7
1544814758.78
1544814758.85
1544814758.9
1544814758.97
1544814759.04
1544814759.09
1544814759.14
1544814759.23
1544814759.3
1544814759.35
1544814759.39
1544814759.45
1544814759.49
1544814759.53
1544814759.59
1544814759.65
1544814759.7
1544814759.75
1544814759.83
1544814759.87
1544814759.91
1544814759.99
1544814760.05
1544814760.09
1544814760.15
1544814760.23
1544814760.28
1544814760.32
1544814760.37
1544814760.43
1544814760.48
1544814760.53
1544814760.59
1544814760.67
1544814760.7
1544814760.77
1544814760.84
1544814760.88
1544814760.94
1544814761.01
1544814761.07
1544814761.11
1544814761.18
1544814761.24
1544814761.27
1544814761.31
1544814761.37
1544814761.41
1544814761.45
1544814761.5
1544814761.56
1544814761.63
1544814761.66
1544814761.7
1544814761.74
1544814761.8
1544814761.85
1544814761.89
1544814761.93
1544814761.99
1544814762.03
1544814762.07
1544814762.11
1544814762.2
1544814762.27
1544814762.31
1544814762.38
1544814762.46
1544814762.5
1544814762.57
1544814762.63
1544814762.68
1544814762.7
1544814762.75
1544814762.82
1544814762.87
1544814762.9
1544814762.94
1544814763.0
1544814763.04
1544814763.08
1544814763.11
1544814763.18
1544814763.24
1544814763.27
1544814763.31
1544814763.37
1544814763.44
1544814763.49
1544814763.54
1544814763.59
1544814763.65
1544814763.69
1544814763.72
1544814763.78
1544814763.83
1544814763.86
1544814763.9
1544814763.94
1544814763.98
1544814764.02
1544814764.06
1544814764.1
1544814764.15
1544814764.21
1544814764.26
1544814764.33
1544814764.37
1544814764.4
1544814764.45
1544814764.5
1544814764.56
1544814764.61
1544814764.67
1544814764.71
1544814764.76
1544814764.84
1544814764.91
1544814764.98
1544814765.06
1544814765.1
1544814765.15
1544814765.19
1544814765.25
1544814765.34
1544814765.46
1544814765.55
1544814765.59
1544814765.64
1544814765.72
1544814765.81
1544814765.87
1544814765.91
1544814766.0
1544814766.06
1544814766.13
1544814766.19
1544814766.26
1544814766.32
1544814766.39
1544814766.47
1544814766.54
1544814766.6
1544814766.68
1544814766.74
1544814766.79
1544814766.84
1544814766.89
1544814766.94
1544814767.0
1544814767.05
1544814767.11
1544814767.17
1544814767.23
1544814767.29
1544814767.36
1544814767.4
1544814767.44
1544814767.5
1544814767.56
1544814767.59
1544814767.66
1544814767.7
1544814767.76
1544814767.8
1544814767.84
1544814767.9
1544814767.95
1544814767.99
1544814768.03
1544814768.08
1544814768.13
1544814768.18
1544814768.23
1544814768.32
1544814768.36
1544814768.39
1544814768.43
1544814768.5
1544814768.55
1544814768.59
1544814768.64
1544814768.68
1544814768.72
1544814768.78
1544814768.83
1544814768.87
1544814768.94
1544814769.0
1544814769.06
1544814769.11
1544814769.16
1544814769.19
1544814769.24
1544814769.29
1544814769.35
1544814769.39
1544814769.42
1544814769.49
1544814769.55
1544814769.59
1544814769.63
1544814769.68
1544814769.72
1544814769.76
1544814769.8
1544814769.86
1544814769.91
1544814769.97
1544814770.01
1544814770.05
1544814770.1
1544814770.15
1544814770.18
1544814770.23
1544814770.29
1544814770.34
1544814770.39
1544814770.43
1544814770.51
1544814770.6
1544814770.69
1544814770.8
1544814770.88
1544814770.96
1544814771.05
1544814771.13
1544814771.2
1544814771.28
1544814771.36
1544814771.44
1544814771.51
1544814771.57
1544814771.63
1544814771.71
1544814771.77
1544814771.84
1544814771.89
1544814771.97
1544814772.04
1544814772.11
1544814772.17
1544814772.21
1544814772.26
1544814772.3
1544814772.35
1544814772.39
1544814772.46
1544814772.51
1544814772.57
1544814772.64
1544814772.7
1544814772.75
1544814772.79
1544814772.83
1544814772.87
1544814772.91
1544814772.95
1544814773.0
1544814773.07
1544814773.13
1544814773.18
1544814773.23
1544814773.28
1544814773.32
1544814773.37
1544814773.4
1544814773.47
1544814773.52
1544814773.57
1544814773.64
1544814773.7
1544814773.76
1544814773.8
1544814773.85
1544814773.91
1544814773.97
1544814774.01
1544814774.06
1544814774.11
1544814774.15
1544814774.2
1544814774.26
1544814774.3
1544814774.36
1544814774.41
1544814774.49
1544814774.55
1544814774.59
1544814774.66
1544814774.71
1544814774.79
1544814774.87
1544814774.92
1544814774.97
1544814775.02
1544814775.07
1544814775.11
1544814775.15
1544814775.19
1544814775.24
1544814775.28
1544814775.34
1544814775.4
1544814775.48
1544814775.56
1544814775.64
1544814775.71
1544814775.8
1544814775.87
1544814775.95
1544814775.99
1544814776.01
1544814776.07
1544814776.14
