1544814302.45
1544814302.65
1544814302.74
1544814302.82
1544814302.91
1544814302.97
1544814303.04
1544814303.08
1544814303.13
1544814303.18
1544814303.24
1544814303.29
1544814303.35
1544814303.4
1544814303.47
1544814303.52
1544814303.58
1544814303.64
1544814303.68
1544814303.74
1544814303.79
1544814303.84
1544814303.9
1544814303.95
1544814304.0
1544814304.06
1544814304.11
1544814304.17
1544814304.22
1544814304.27
1544814304.35
1544814304.41
1544814304.48
1544814304.53
1544814304.6
1544814304.67
1544814304.72
1544814304.78
1544814304.84
1544814304.89
1544814304.95
1544814304.99
1544814305.03
1544814305.08
1544814305.13
1544814305.19
1544814305.25
1544814305.3
1544814305.34
1544814305.38
1544814305.42
1544814305.47
1544814305.51
1544814305.56
1544814305.61
1544814305.64
1544814305.69
1544814305.73
1544814305.78
1544814305.83
1544814305.87
1544814305.9
1544814305.97
1544814306.02
1544814306.08
1544814306.12
1544814306.18
1544814306.22
1544814306.27
1544814306.3
1544814306.35
1544814306.42
1544814306.47
1544814306.51
1544814306.56
1544814306.62
1544814306.66
1544814306.7
1544814306.74
1544814306.79
1544814306.83
1544814306.86
1544814306.9
1544814306.94
1544814307.0
1544814307.04
1544814307.08
1544814307.12
1544814307.2
1544814307.25
1544814307.3
1544814307.35
1544814307.38
1544814307.43
1544814307.46
1544814307.5
1544814307.53
1544814307.58
1544814307.63
1544814307.69
1544814307.73
1544814307.78
1544814307.84
1544814307.89
1544814307.95
1544814308.0
1544814308.06
1544814308.1
1544814308.13
1544814308.17
1544814308.25
1544814308.29
1544814308.32
1544814308.37
1544814308.42
1544814308.46
1544814308.5
1544814308.53
1544814308.59
1544814308.64
1544814308.69
1544814308.72
1544814308.79
1544814308.84
1544814308.88
1544814308.92
1544814308.99
1544814309.04
1544814309.09
1544814309.13
1544814309.2
1544814309.25
1544814309.3
1544814309.34
1544814309.4
1544814309.44
1544814309.48
1544814309.52
1544814309.6
1544814309.66
1544814309.69
1544814309.74
1544814309.79
1544814309.84
1544814309.87
1544814309.9
1544814309.93
1544814310.0
1544814310.06
1544814310.09
1544814310.13
1544814310.18
1544814310.26
1544814310.3
1544814310.38
1544814310.45
1544814310.48
1544814310.51
1544814310.55
1544814310.59
1544814310.63
1544814310.68
1544814310.73
1544814310.79
1544814310.85
1544814310.89
1544814310.94
1544814311.0
1544814311.05
1544814311.08
1544814311.13
1544814311.21
1544814311.26
1544814311.3
1544814311.36
1544814311.43
1544814311.48
1544814311.51
1544814311.55
1544814311.59
1544814311.65
1544814311.68
1544814311.72
1544814311.77
1544814311.82
1544814311.87
1544814311.91
1544814311.95
1544814312.01
1544814312.06
1544814312.1
1544814312.14
1544814312.22
1544814312.27
1544814312.31
1544814312.38
1544814312.44
1544814312.48
1544814312.52
1544814312.56
1544814312.63
1544814312.67
1544814312.71
1544814312.75
1544814312.81
1544814312.85
1544814312.88
1544814312.92
1544814312.98
1544814313.04
1544814313.07
1544814313.11
1544814313.2
1544814313.25
1544814313.29
1544814313.34
1544814313.41
1544814313.45
1544814313.5
1544814313.54
1544814313.58
1544814313.64
1544814313.68
1544814313.71
1544814313.77
1544814313.84
1544814313.87
1544814313.9
1544814313.97
1544814314.01
1544814314.06
1544814314.1
1544814314.14
1544814314.18
1544814314.23
1544814314.27
1544814314.31
1544814314.35
1544814314.42
1544814314.47
1544814314.51
1544814314.57
1544814314.61
1544814314.66
1544814314.69
1544814314.73
1544814314.78
1544814314.84
1544814314.88
1544814314.92
1544814315.03
1544814315.08
1544814315.11
1544814315.16
1544814315.21
1544814315.26
1544814315.3
1544814315.34
1544814315.4
1544814315.45
1544814315.49
1544814315.53
1544814315.62
1544814315.67
1544814315.71
1544814315.76
1544814315.82
1544814315.87
1544814315.91
1544814315.96
1544814316.01
1544814316.07
1544814316.12
1544814316.17
1544814316.21
1544814316.28
1544814316.35
1544814316.41
1544814316.47
1544814316.51
1544814316.58
1544814316.62
1544814316.68
1544814316.73
1544814316.79
1544814316.85
1544814316.91
1544814316.98
1544814317.04
1544814317.1
1544814317.18
1544814317.25
1544814317.33
1544814317.42
1544814317.48
1544814317.55
1544814317.64
1544814317.7
1544814317.74
1544814317.8
1544814317.85
1544814317.89
1544814317.95
1544814318.0
1544814318.04
1544814318.07
1544814318.12
1544814318.17
1544814318.2
1544814318.24
1544814318.31
1544814318.36
1544814318.4
1544814318.43
1544814318.49
1544814318.52
1544814318.57
1544814318.61
1544814318.65
1544814318.7
1544814318.75
1544814318.79
1544814318.83
1544814318.88
1544814318.92
1544814318.96
1544814318.99
1544814319.03
1544814319.07
1544814319.11
1544814319.16
1544814319.19
1544814319.24
1544814319.27
1544814319.31
1544814319.35
1544814319.38
1544814319.41
1544814319.45
1544814319.5
1544814319.56
1544814319.59
1544814319.64
1544814319.69
1544814319.74
1544814319.78
1544814319.82
1544814319.87
1544814319.91
1544814319.96
1544814320.0
1544814320.06
1544814320.1
1544814320.15
1544814320.19
1544814320.23
1544814320.26
1544814320.31
1544814320.36
1544814320.39
1544814320.44
1544814320.49
1544814320.54
1544814320.58
1544814320.62
1544814320.66
1544814320.72
1544814320.76
1544814320.8
1544814320.84
1544814320.87
1544814320.92
1544814320.97
1544814321.01
1544814321.06
1544814321.09
1544814321.14
1544814321.18
1544814321.23
1544814321.3
1544814321.34
1544814321.4
1544814321.44
1544814321.47
1544814321.51
1544814321.55
1544814321.61
1544814321.65
1544814321.68
1544814321.71
1544814321.77
1544814321.82
1544814321.86
1544814321.9
1544814321.94
1544814321.97
1544814322.0
1544814322.04
1544814322.09
1544814322.14
1544814322.17
1544814322.21
1544814322.27
1544814322.34
1544814322.4
1544814322.46
1544814322.51
1544814322.56
1544814322.6
1544814322.65
1544814322.7
1544814322.75
1544814322.8
1544814322.85
1544814322.89
1544814322.94
1544814323.0
1544814323.08
1544814323.15
1544814323.19
1544814323.23
1544814323.28
1544814323.34
1544814323.4
1544814323.47
1544814323.52
1544814323.6
1544814323.68
1544814323.75
1544814323.8
1544814323.88
1544814323.95
1544814324.01
1544814324.06
1544814324.1
1544814324.16
1544814324.21
1544814324.26
1544814324.3
1544814324.35
1544814324.39
1544814324.44
1544814324.49
1544814324.54
1544814324.58
1544814324.62
1544814324.67
1544814324.76
1544814324.8
1544814324.88
1544814324.94
1544814324.99
1544814325.06
1544814325.12
1544814325.18
1544814325.24
1544814325.27
1544814325.3
1544814325.35
1544814325.41
1544814325.45
1544814325.49
1544814325.51
1544814325.55
1544814325.6
1544814325.65
1544814325.69
1544814325.73
1544814325.8
1544814325.85
1544814325.89
1544814325.93
1544814326.0
1544814326.05
1544814326.09
1544814326.15
1544814326.2
1544814326.24
1544814326.28
1544814326.32
1544814326.39
1544814326.45
1544814326.49
1544814326.54
1544814326.6
1544814326.65
1544814326.69
1544814326.73
1544814326.79
1544814326.83
1544814326.87
1544814326.9
1544814326.94
1544814326.99
1544814327.04
1544814327.08
1544814327.11
1544814327.19
1544814327.24
1544814327.28
1544814327.31
1544814327.35
1544814327.39
1544814327.45
1544814327.5
1544814327.54
1544814327.6
1544814327.65
1544814327.69
1544814327.72
1544814327.79
1544814327.84
1544814327.88
1544814327.91
1544814327.96
1544814328.0
1544814328.05
1544814328.08
1544814328.13
1544814328.18
1544814328.24
1544814328.29
1544814328.35
1544814328.39
1544814328.42
1544814328.46
1544814328.5
1544814328.54
1544814328.59
1544814328.62
1544814328.67
1544814328.71
1544814328.75
1544814328.82
1544814328.9
1544814328.95
1544814329.01
1544814329.07
1544814329.12
1544814329.19
1544814329.25
1544814329.29
1544814329.34
1544814329.4
1544814329.45
1544814329.49
1544814329.53
1544814329.61
1544814329.68
1544814329.72
1544814329.76
1544814329.79
1544814329.82
1544814329.87
1544814329.91
1544814329.95
1544814329.99
1544814330.03
1544814330.08
1544814330.11
1544814330.17
1544814330.23
1544814330.28
1544814330.32
1544814330.37
1544814330.41
1544814330.46
1544814330.5
1544814330.54
1544814330.59
1544814330.63
1544814330.67
1544814330.71
1544814330.76
1544814330.79
1544814330.85
1544814330.89
1544814330.92
1544814330.99
1544814331.05
1544814331.1
1544814331.13
1544814331.19
1544814331.24
1544814331.28
1544814331.32
1544814331.38
1544814331.44
1544814331.49
1544814331.52
1544814331.59
1544814331.64
1544814331.68
1544814331.71
1544814331.78
1544814331.83
1544814331.87
1544814331.92
1544814331.97
1544814332.01
1544814332.05
1544814332.08
1544814332.11
1544814332.17
1544814332.22
1544814332.27
1544814332.31
1544814332.36
1544814332.44
1544814332.48
1544814332.53
1544814332.6
1544814332.64
1544814332.68
1544814332.73
1544814332.79
1544814332.84
1544814332.87
1544814332.91
1544814332.96
1544814333.04
1544814333.07
1544814333.11
1544814333.16
1544814333.21
1544814333.25
1544814333.29
1544814333.34
1544814333.37
1544814333.42
1544814333.47
1544814333.51
1544814333.57
1544814333.62
1544814333.66
1544814333.7
1544814333.76
1544814333.8
1544814333.84
1544814333.88
1544814333.92
1544814333.96
1544814334.0
1544814334.06
1544814334.11
1544814334.16
1544814334.23
1544814334.28
1544814334.33
1544814334.4
1544814334.47
1544814334.51
1544814334.6
1544814334.65
1544814334.68
1544814334.73
1544814334.8
1544814334.86
1544814334.89
1544814334.94
1544814335.01
1544814335.06
1544814335.1
1544814335.14
1544814335.2
1544814335.26
1544814335.29
1544814335.32
1544814335.37
1544814335.43
1544814335.47
1544814335.51
1544814335.59
1544814335.64
1544814335.68
1544814335.74
1544814335.78
1544814335.83
1544814335.87
1544814335.91
1544814335.94
1544814335.99
1544814336.05
1544814336.09
1544814336.13
1544814336.21
1544814336.27
1544814336.3
1544814336.35
1544814336.43
1544814336.48
1544814336.54
1544814336.6
1544814336.66
1544814336.71
1544814336.77
1544814336.84
1544814336.87
1544814336.9
1544814336.94
1544814337.01
1544814337.07
1544814337.11
1544814337.18
1544814337.24
1544814337.28
1544814337.32
1544814337.38
1544814337.45
1544814337.48
1544814337.53
1544814337.6
1544814337.65
1544814337.69
1544814337.72
1544814337.79
1544814337.86
1544814337.91
1544814337.98
1544814338.04
1544814338.1
1544814338.15
1544814338.21
1544814338.27
1544814338.32
1544814338.38
1544814338.44
1544814338.5
1544814338.56
1544814338.63
1544814338.69
1544814338.75
1544814338.79
1544814338.84
1544814338.91
1544814338.97
1544814339.01
1544814339.06
1544814339.11
1544814339.18
1544814339.25
1544814339.3
1544814339.37
1544814339.42
1544814339.48
1544814339.54
1544814339.61
1544814339.7
1544814339.79
1544814339.87
1544814339.96
1544814340.04
1544814340.09
1544814340.15
1544814340.23
1544814340.29
1544814340.35
1544814340.4
1544814340.48
1544814340.53
1544814340.6
1544814340.65
1544814340.72
1544814340.8
1544814340.84
1544814340.89
1544814340.94
1544814340.97
1544814341.01
1544814341.06
1544814341.1
1544814341.14
1544814341.18
1544814341.24
1544814341.28
1544814341.32
1544814341.38
1544814341.42
1544814341.46
1544814341.51
1544814341.56
1544814341.6
1544814341.67
1544814341.74
1544814341.77
1544814341.81
1544814341.85
1544814341.91
1544814341.96
1544814342.01
1544814342.06
1544814342.11
1544814342.15
1544814342.18
1544814342.22
1544814342.28
1544814342.32
1544814342.37
1544814342.41
1544814342.47
1544814342.53
1544814342.57
1544814342.61
1544814342.65
1544814342.71
1544814342.76
1544814342.79
1544814342.84
1544814342.89
1544814342.94
1544814342.99
1544814343.03
1544814343.11
1544814343.16
1544814343.21
1544814343.25
1544814343.28
1544814343.32
1544814343.37
1544814343.42
1544814343.5
1544814343.56
1544814343.6
1544814343.65
1544814343.69
1544814343.74
1544814343.78
1544814343.81
1544814343.89
1544814343.94
1544814343.98
1544814344.02
1544814344.1
1544814344.15
1544814344.18
1544814344.22
1544814344.25
1544814344.32
1544814344.37
1544814344.4
1544814344.45
1544814344.51
1544814344.59
1544814344.62
1544814344.72
1544814344.77
1544814344.82
1544814344.86
1544814344.93
1544814344.97
1544814345.0
1544814345.03
1544814345.09
1544814345.13
1544814345.17
1544814345.2
1544814345.24
1544814345.27
1544814345.32
1544814345.37
1544814345.4
1544814345.45
1544814345.51
1544814345.57
1544814345.61
1544814345.65
1544814345.69
1544814345.75
1544814345.79
1544814345.82
1544814345.88
1544814345.94
1544814345.99
1544814346.05
1544814346.1
1544814346.15
1544814346.2
1544814346.25
1544814346.31
1544814346.39
1544814346.46
1544814346.51
1544814346.58
1544814346.62
1544814346.67
1544814346.71
1544814346.76
1544814346.81
1544814346.86
1544814346.91
1544814346.97
1544814347.03
1544814347.1
1544814347.15
1544814347.2
1544814347.24
1544814347.3
1544814347.35
1544814347.39
1544814347.45
1544814347.51
1544814347.55
1544814347.6
1544814347.64
1544814347.68
1544814347.72
1544814347.76
1544814347.8
1544814347.84
1544814347.93
1544814347.98
1544814348.01
1544814348.08
1544814348.13
1544814348.18
1544814348.21
1544814348.25
1544814348.32
1544814348.36
1544814348.4
1544814348.43
1544814348.47
1544814348.51
1544814348.55
1544814348.59
1544814348.63
1544814348.69
1544814348.74
1544814348.78
1544814348.82
1544814348.89
1544814348.95
1544814349.0
1544814349.05
1544814349.09
1544814349.14
1544814349.17
1544814349.21
1544814349.28
1544814349.34
1544814349.37
1544814349.41
1544814349.48
1544814349.53
1544814349.56
1544814349.59
1544814349.64
1544814349.69
1544814349.74
1544814349.78
1544814349.82
1544814349.88
1544814349.94
1544814349.99
1544814350.05
1544814350.1
1544814350.15
1544814350.2
1544814350.26
1544814350.31
1544814350.36
1544814350.39
1544814350.42
1544814350.46
1544814350.51
1544814350.55
1544814350.59
1544814350.62
1544814350.69
1544814350.76
1544814350.8
1544814350.85
1544814350.9
1544814350.93
1544814350.98
1544814351.01
1544814351.06
1544814351.11
1544814351.15
1544814351.19
1544814351.22
1544814351.28
1544814351.33
1544814351.37
1544814351.4
1544814351.43
1544814351.5
1544814351.55
1544814351.58
1544814351.63
1544814351.72
1544814351.77
1544814351.8
1544814351.84
1544814351.89
1544814351.94
1544814351.98
1544814352.02
1544814352.09
1544814352.15
1544814352.19
1544814352.22
1544814352.31
1544814352.35
1544814352.4
1544814352.45
1544814352.5
1544814352.56
1544814352.6
1544814352.65
1544814352.72
1544814352.77
1544814352.81
1544814352.87
1544814352.92
1544814352.97
1544814353.01
1544814353.07
1544814353.12
1544814353.16
1544814353.2
1544814353.24
1544814353.3
1544814353.35
1544814353.39
1544814353.42
1544814353.49
1544814353.55
1544814353.59
1544814353.64
1544814353.68
1544814353.74
1544814353.77
1544814353.8
1544814353.84
1544814353.89
1544814353.94
1544814353.97
1544814354.01
1544814354.09
1544814354.14
1544814354.18
1544814354.22
1544814354.31
1544814354.38
1544814354.41
1544814354.48
1544814354.55
1544814354.58
1544814354.62
1544814354.69
1544814354.75
1544814354.8
1544814354.86
1544814354.9
1544814354.95
1544814355.0
1544814355.05
1544814355.12
1544814355.17
1544814355.2
1544814355.24
1544814355.31
1544814355.37
1544814355.43
1544814355.49
1544814355.55
1544814355.59
1544814355.62
1544814355.68
1544814355.75
1544814355.78
1544814355.82
1544814355.87
1544814355.92
1544814355.96
1544814356.0
1544814356.05
1544814356.12
1544814356.16
1544814356.2
1544814356.26
1544814356.32
1544814356.37
1544814356.4
1544814356.49
1544814356.55
1544814356.6
1544814356.66
1544814356.71
1544814356.77
1544814356.81
1544814356.9
1544814356.95
1544814357.0
1544814357.06
1544814357.12
1544814357.17
1544814357.21
1544814357.3
1544814357.35
1544814357.4
1544814357.47
1544814357.52
1544814357.57
1544814357.6
1544814357.63
1544814357.69
1544814357.75
1544814357.78
1544814357.82
1544814357.88
1544814357.92
1544814357.96
1544814358.0
1544814358.05
1544814358.09
1544814358.14
1544814358.18
1544814358.23
1544814358.28
1544814358.32
1544814358.36
1544814358.4
1544814358.47
1544814358.53
1544814358.57
1544814358.6
1544814358.65
1544814358.71
1544814358.79
1544814358.85
1544814358.89
1544814358.93
1544814358.98
1544814359.05
1544814359.1
1544814359.17
1544814359.25
1544814359.33
1544814359.4
1544814359.46
1544814359.52
1544814359.6
1544814359.66
1544814359.71
1544814359.77
1544814359.83
1544814359.89
1544814359.96
1544814360.03
1544814360.07
1544814360.11
1544814360.17
1544814360.24
1544814360.3
1544814360.37
1544814360.43
1544814360.49
1544814360.56
1544814360.63
1544814360.7
1544814360.78
1544814360.86
1544814360.93
1544814360.97
1544814361.03
1544814361.08
1544814361.11
1544814361.16
1544814361.2
1544814361.25
1544814361.29
1544814361.32
1544814361.35
1544814361.4
1544814361.44
1544814361.48
1544814361.52
1544814361.56
1544814361.61
1544814361.66
1544814361.7
1544814361.75
1544814361.79
1544814361.84
1544814361.88
1544814361.92
1544814361.99
1544814362.03
1544814362.07
1544814362.11
1544814362.19
1544814362.25
1544814362.28
1544814362.31
1544814362.38
1544814362.42
1544814362.46
1544814362.5
1544814362.54
1544814362.62
1544814362.67
1544814362.71
1544814362.74
1544814362.78
1544814362.81
1544814362.86
1544814362.9
1544814362.95
1544814363.04
1544814363.09
1544814363.12
1544814363.19
1544814363.26
1544814363.29
1544814363.34
1544814363.4
1544814363.45
1544814363.49
1544814363.55
1544814363.61
1544814363.67
1544814363.71
1544814363.77
1544814363.81
1544814363.86
1544814363.89
1544814363.93
1544814363.98
1544814364.03
1544814364.07
1544814364.11
1544814364.16
1544814364.22
1544814364.26
1544814364.29
1544814364.33
1544814364.41
1544814364.46
1544814364.5
1544814364.56
1544814364.61
1544814364.66
1544814364.7
1544814364.75
1544814364.81
1544814364.88
1544814364.95
1544814364.99
1544814365.07
1544814365.14
1544814365.2
1544814365.29
1544814365.37
1544814365.45
1544814365.51
1544814365.59
1544814365.67
1544814365.71
1544814365.78
1544814365.83
1544814365.89
1544814365.95
1544814366.0
1544814366.07
1544814366.12
1544814366.18
1544814366.24
1544814366.3
1544814366.37
1544814366.44
1544814366.5
1544814366.56
1544814366.64
1544814366.7
1544814366.75
1544814366.8
1544814366.87
1544814366.93
1544814366.98
1544814367.04
1544814367.09
1544814367.15
1544814367.19
1544814367.22
1544814367.29
1544814367.36
1544814367.41
1544814367.49
1544814367.57
1544814367.64
1544814367.7
1544814367.75
1544814367.8
1544814367.86
1544814367.92
1544814367.98
1544814368.03
1544814368.09
1544814368.14
1544814368.18
1544814368.22
1544814368.3
1544814368.38
1544814368.44
1544814368.5
1544814368.55
1544814368.59
1544814368.65
1544814368.71
1544814368.76
1544814368.79
1544814368.83
1544814368.91
1544814368.95
1544814368.99
1544814369.02
1544814369.07
1544814369.11
1544814369.18
1544814369.24
1544814369.3
1544814369.36
1544814369.42
1544814369.48
1544814369.54
1544814369.6
1544814369.66
1544814369.71
1544814369.78
1544814369.84
1544814369.9
1544814369.96
1544814370.02
1544814370.07
1544814370.13
1544814370.17
1544814370.21
1544814370.25
1544814370.31
1544814370.36
1544814370.43
1544814370.5
1544814370.56
1544814370.6
1544814370.65
1544814370.73
1544814370.8
1544814370.9
1544814370.98
1544814371.06
1544814371.14
1544814371.2
1544814371.29
1544814371.36
1544814371.41
1544814371.46
1544814371.52
1544814371.57
1544814371.64
1544814371.69
1544814371.75
1544814371.8
1544814371.86
1544814371.91
1544814371.97
1544814372.03
1544814372.09
1544814372.16
1544814372.23
1544814372.29
1544814372.37
1544814372.44
1544814372.51
1544814372.59
1544814372.67
1544814372.76
1544814372.82
1544814372.88
1544814372.93
1544814372.98
1544814373.03
1544814373.09
1544814373.14
1544814373.2
1544814373.26
1544814373.31
1544814373.37
1544814373.43
1544814373.5
1544814373.54
1544814373.62
1544814373.69
1544814373.72
1544814373.8
1544814373.85
1544814373.88
1544814373.92
1544814373.96
1544814374.02
1544814374.07
1544814374.1
1544814374.13
1544814374.19
1544814374.23
1544814374.27
1544814374.31
1544814374.34
1544814374.4
1544814374.46
1544814374.51
1544814374.55
1544814374.59
1544814374.64
1544814374.68
1544814374.73
1544814374.78
1544814374.83
1544814374.88
1544814374.91
1544814374.97
1544814375.01
1544814375.07
1544814375.1
1544814375.14
1544814375.2
1544814375.25
1544814375.29
1544814375.32
1544814375.37
1544814375.42
1544814375.47
1544814375.52
1544814375.57
1544814375.62
1544814375.68
1544814375.72
1544814375.76
1544814375.8
1544814375.86
1544814375.89
1544814375.93
1544814375.97
1544814376.01
1544814376.06
1544814376.1
1544814376.14
1544814376.17
1544814376.21
1544814376.27
1544814376.33
1544814376.38
1544814376.44
1544814376.5
1544814376.57
1544814376.65
1544814376.71
1544814376.79
1544814376.87
1544814376.96
1544814377.03
1544814377.13
1544814377.21
1544814377.31
1544814377.4
1544814377.48
1544814377.57
1544814377.65
1544814377.74
1544814377.82
1544814377.9
1544814377.99
1544814378.07
1544814378.13
1544814378.2
1544814378.25
1544814378.3
1544814378.35
1544814378.4
1544814378.45
1544814378.51
1544814378.57
1544814378.63
1544814378.69
1544814378.75
1544814378.81
1544814378.87
1544814378.93
1544814378.99
1544814379.05
1544814379.11
1544814379.18
1544814379.24
1544814379.31
1544814379.37
1544814379.41
1544814379.48
1544814379.54
1544814379.6
1544814379.66
1544814379.71
1544814379.77
1544814379.81
1544814379.9
1544814379.96
1544814380.0
1544814380.06
1544814380.11
1544814380.16
1544814380.2
1544814380.27
1544814380.33
1544814380.36
1544814380.39
1544814380.43
1544814380.47
1544814380.54
1544814380.58
1544814380.62
1544814380.69
1544814380.75
1544814380.78
1544814380.81
1544814380.86
1544814380.9
1544814380.96
1544814381.0
1544814381.06
1544814381.12
1544814381.16
1544814381.2
1544814381.24
1544814381.29
1544814381.33
1544814381.37
1544814381.41
1544814381.45
1544814381.49
1544814381.53
1544814381.57
1544814381.6
1544814381.65
1544814381.69
1544814381.74
1544814381.78
1544814381.82
1544814381.87
1544814381.92
1544814381.95
1544814381.99
1544814382.02
1544814382.09
1544814382.14
1544814382.18
1544814382.22
1544814382.3
1544814382.35
1544814382.39
1544814382.42
1544814382.47
1544814382.51
1544814382.56
1544814382.61
1544814382.65
1544814382.74
1544814382.78
1544814382.81
1544814382.88
1544814382.97
1544814383.04
1544814383.12
1544814383.19
1544814383.26
1544814383.34
1544814383.42
1544814383.48
1544814383.57
1544814383.63
1544814383.7
1544814383.76
1544814383.82
1544814383.87
1544814383.9
1544814383.94
1544814383.99
1544814384.04
1544814384.08
1544814384.12
1544814384.19
1544814384.24
1544814384.28
1544814384.33
1544814384.4
1544814384.45
1544814384.49
1544814384.54
1544814384.59
1544814384.64
1544814384.67
1544814384.7
1544814384.73
1544814384.78
1544814384.84
1544814384.88
1544814384.92
1544814384.97
1544814385.01
1544814385.06
1544814385.1
1544814385.14
1544814385.18
1544814385.23
1544814385.26
1544814385.3
1544814385.35
1544814385.39
1544814385.44
1544814385.48
1544814385.52
1544814385.57
1544814385.64
1544814385.69
1544814385.73
1544814385.8
1544814385.84
1544814385.88
1544814385.91
1544814385.97
1544814386.01
1544814386.07
1544814386.12
1544814386.17
1544814386.2
1544814386.24
1544814386.28
1544814386.31
1544814386.36
1544814386.4
1544814386.45
1544814386.48
1544814386.52
1544814386.56
1544814386.64
1544814386.67
1544814386.7
1544814386.75
1544814386.8
1544814386.84
1544814386.87
1544814386.91
1544814386.96
1544814387.01
1544814387.04
1544814387.08
1544814387.12
1544814387.17
1544814387.21
1544814387.24
1544814387.28
1544814387.33
1544814387.39
1544814387.44
1544814387.48
1544814387.52
1544814387.59
1544814387.65
1544814387.7
1544814387.75
1544814387.78
1544814387.84
1544814387.88
1544814387.91
1544814387.97
1544814388.02
1544814388.06
1544814388.1
1544814388.17
1544814388.24
1544814388.28
1544814388.32
1544814388.35
1544814388.4
1544814388.45
1544814388.49
1544814388.54
1544814388.62
1544814388.66
1544814388.7
1544814388.73
1544814388.77
1544814388.81
1544814388.87
1544814388.9
1544814388.94
1544814389.0
1544814389.05
1544814389.1
1544814389.17
1544814389.24
1544814389.27
1544814389.31
1544814389.39
1544814389.43
1544814389.48
1544814389.52
1544814389.6
1544814389.65
1544814389.68
1544814389.72
1544814389.76
1544814389.81
1544814389.87
1544814389.91
1544814389.95
1544814390.0
1544814390.04
1544814390.08
1544814390.13
1544814390.19
1544814390.24
1544814390.27
1544814390.31
1544814390.37
1544814390.42
1544814390.47
1544814390.51
1544814390.56
1544814390.6
1544814390.64
1544814390.68
1544814390.72
1544814390.8
1544814390.85
1544814390.89
1544814390.95
1544814391.03
1544814391.07
1544814391.11
1544814391.15
1544814391.2
1544814391.23
1544814391.27
1544814391.3
1544814391.35
1544814391.41
1544814391.46
1544814391.49
1544814391.53
1544814391.59
1544814391.64
1544814391.68
1544814391.72
1544814391.77
1544814391.8
1544814391.85
1544814391.89
1544814391.94
1544814392.0
1544814392.07
1544814392.11
1544814392.17
1544814392.21
1544814392.25
1544814392.29
1544814392.33
1544814392.38
1544814392.44
1544814392.48
1544814392.52
1544814392.56
1544814392.6
1544814392.65
1544814392.7
1544814392.75
1544814392.8
1544814392.86
1544814392.89
1544814392.94
1544814392.98
1544814393.03
1544814393.08
1544814393.11
1544814393.21
1544814393.27
1544814393.3
1544814393.37
1544814393.43
1544814393.47
1544814393.5
1544814393.56
1544814393.6
1544814393.65
1544814393.69
1544814393.74
1544814393.8
1544814393.86
1544814393.9
1544814393.93
1544814393.99
1544814394.03
1544814394.06
1544814394.09
1544814394.13
1544814394.2
1544814394.27
1544814394.31
1544814394.37
1544814394.41
1544814394.45
1544814394.49
1544814394.52
1544814394.56
1544814394.6
1544814394.65
1544814394.69
1544814394.72
1544814394.77
1544814394.82
1544814394.86
1544814394.91
1544814394.98
1544814395.04
1544814395.08
1544814395.11
1544814395.16
1544814395.22
1544814395.28
1544814395.32
1544814395.37
1544814395.42
1544814395.46
1544814395.51
1544814395.55
1544814395.62
1544814395.67
1544814395.71
1544814395.75
1544814395.79
1544814395.84
1544814395.88
1544814395.93
1544814396.0
1544814396.04
1544814396.08
1544814396.11
1544814396.17
1544814396.23
1544814396.28
1544814396.33
1544814396.4
1544814396.46
1544814396.54
1544814396.6
1544814396.67
1544814396.73
1544814396.79
1544814396.84
1544814396.9
1544814396.95
1544814397.0
1544814397.04
1544814397.09
1544814397.15
1544814397.2
1544814397.25
1544814397.3
1544814397.36
1544814397.41
1544814397.47
1544814397.54
1544814397.6
1544814397.65
1544814397.71
1544814397.75
1544814397.8
1544814397.84
1544814397.88
1544814397.93
1544814397.97
1544814398.01
1544814398.06
1544814398.1
1544814398.15
1544814398.2
1544814398.24
1544814398.29
1544814398.37
1544814398.44
1544814398.49
1544814398.55
1544814398.59
1544814398.64
1544814398.67
1544814398.7
1544814398.76
1544814398.83
1544814398.86
1544814398.9
1544814398.94
1544814398.98
1544814399.04
1544814399.08
1544814399.12
1544814399.16
1544814399.2
1544814399.25
1544814399.27
1544814399.31
1544814399.35
1544814399.4
1544814399.45
1544814399.48
1544814399.52
1544814399.56
1544814399.62
1544814399.68
1544814399.72
1544814399.79
1544814399.84
1544814399.89
1544814399.92
1544814399.97
1544814400.0
1544814400.04
1544814400.08
1544814400.13
1544814400.2
1544814400.25
1544814400.29
1544814400.34
1544814400.38
1544814400.44
1544814400.48
1544814400.53
1544814400.57
1544814400.64
1544814400.68
1544814400.71
1544814400.78
1544814400.83
1544814400.87
1544814400.9
1544814400.95
1544814401.01
1544814401.06
1544814401.1
1544814401.14
1544814401.17
1544814401.21
1544814401.26
1544814401.3
1544814401.36
1544814401.42
1544814401.47
1544814401.51
1544814401.56
1544814401.59
1544814401.64
1544814401.68
1544814401.72
1544814401.79
1544814401.84
1544814401.88
1544814401.95
1544814402.01
1544814402.06
1544814402.1
1544814402.14
1544814402.18
1544814402.27
1544814402.3
1544814402.35
1544814402.4
1544814402.45
1544814402.49
1544814402.55
1544814402.6
1544814402.66
1544814402.7
1544814402.74
1544814402.78
1544814402.82
1544814402.87
1544814402.9
1544814402.96
1544814403.0
1544814403.03
1544814403.1
1544814403.15
1544814403.19
1544814403.25
1544814403.32
1544814403.37
1544814403.41
1544814403.48
1544814403.55
1544814403.61
1544814403.68
1544814403.75
1544814403.81
1544814403.88
1544814403.96
1544814404.0
1544814404.07
1544814404.13
1544814404.2
1544814404.27
1544814404.34
1544814404.41
1544814404.48
1544814404.56
1544814404.62
1544814404.7
1544814404.77
1544814404.83
1544814404.92
1544814405.0
1544814405.06
1544814405.12
1544814405.17
1544814405.22
1544814405.27
1544814405.32
1544814405.38
1544814405.43
1544814405.49
1544814405.57
1544814405.64
1544814405.68
1544814405.72
1544814405.76
1544814405.8
1544814405.84
1544814405.88
1544814405.92
1544814405.98
1544814406.04
1544814406.09
1544814406.15
1544814406.21
1544814406.25
1544814406.29
1544814406.32
1544814406.37
1544814406.4
1544814406.45
1544814406.49
1544814406.53
1544814406.58
1544814406.64
1544814406.69
1544814406.73
1544814406.78
1544814406.82
1544814406.87
1544814406.9
1544814406.95
1544814407.0
1544814407.05
1544814407.09
1544814407.14
1544814407.18
1544814407.24
1544814407.27
1544814407.32
1544814407.39
1544814407.44
1544814407.48
1544814407.52
1544814407.58
1544814407.66
1544814407.71
1544814407.75
1544814407.82
1544814407.87
1544814407.91
1544814407.97
1544814408.04
1544814408.08
1544814408.12
1544814408.2
1544814408.26
1544814408.3
1544814408.36
1544814408.43
1544814408.47
1544814408.51
1544814408.58
1544814408.63
1544814408.67
1544814408.7
1544814408.75
1544814408.81
1544814408.87
1544814408.9
1544814408.96
1544814409.0
1544814409.05
1544814409.09
1544814409.13
1544814409.17
1544814409.22
1544814409.28
1544814409.32
1544814409.36
1544814409.42
1544814409.49
1544814409.56
1544814409.62
1544814409.7
1544814409.75
1544814409.81
1544814409.87
1544814409.9
1544814409.95
1544814410.0
1544814410.04
1544814410.09
1544814410.14
1544814410.19
1544814410.25
1544814410.29
1544814410.34
1544814410.4
1544814410.46
1544814410.5
1544814410.54
1544814410.59
1544814410.64
1544814410.68
1544814410.71
1544814410.8
1544814410.85
1544814410.89
1544814410.93
1544814410.99
1544814411.03
1544814411.07
1544814411.1
1544814411.14
1544814411.21
1544814411.26
1544814411.31
1544814411.36
1544814411.4
1544814411.45
1544814411.49
1544814411.55
1544814411.61
1544814411.66
1544814411.7
1544814411.77
1544814411.83
1544814411.88
1544814411.93
1544814411.99
1544814412.07
1544814412.11
1544814412.15
1544814412.23
1544814412.27
1544814412.32
1544814412.39
1544814412.45
1544814412.49
1544814412.54
1544814412.58
1544814412.62
1544814412.67
1544814412.71
1544814412.76
1544814412.81
1544814412.85
1544814412.89
1544814412.95
1544814413.01
1544814413.05
1544814413.08
1544814413.13
1544814413.19
1544814413.24
1544814413.28
1544814413.31
1544814413.37
1544814413.41
1544814413.46
1544814413.5
1544814413.55
1544814413.61
1544814413.66
1544814413.69
1544814413.74
1544814413.78
1544814413.84
1544814413.88
1544814413.92
1544814413.97
1544814414.04
1544814414.07
1544814414.12
1544814414.18
1544814414.26
1544814414.32
1544814414.39
1544814414.46
1544814414.52
1544814414.6
1544814414.67
1544814414.74
1544814414.81
1544814414.9
1544814414.97
1544814415.04
1544814415.13
1544814415.17
1544814415.24
1544814415.3
1544814415.37
1544814415.42
1544814415.48
1544814415.52
1544814415.57
1544814415.62
1544814415.67
1544814415.7
1544814415.74
1544814415.8
1544814415.87
1544814415.92
1544814415.99
1544814416.05
1544814416.11
1544814416.17
1544814416.24
1544814416.29
1544814416.34
1544814416.4
1544814416.48
1544814416.55
1544814416.61
1544814416.69
1544814416.77
1544814416.83
1544814416.89
1544814416.95
1544814417.0
1544814417.05
1544814417.09
1544814417.14
1544814417.18
1544814417.23
1544814417.27
1544814417.3
1544814417.35
1544814417.39
1544814417.44
1544814417.48
1544814417.51
1544814417.56
1544814417.6
1544814417.65
1544814417.7
1544814417.74
1544814417.78
1544814417.85
1544814417.89
1544814417.93
1544814417.98
1544814418.03
1544814418.08
1544814418.11
1544814418.16
1544814418.22
1544814418.26
1544814418.3
1544814418.34
1544814418.38
1544814418.44
1544814418.47
1544814418.51
1544814418.56
1544814418.61
1544814418.67
1544814418.71
1544814418.77
1544814418.82
1544814418.87
1544814418.91
1544814418.97
1544814419.04
1544814419.08
1544814419.13
1544814419.21
1544814419.29
1544814419.34
1544814419.39
1544814419.43
1544814419.47
1544814419.51
1544814419.55
1544814419.61
1544814419.67
1544814419.71
1544814419.78
1544814419.85
1544814419.89
1544814419.96
1544814420.02
1544814420.09
1544814420.14
1544814420.19
1544814420.25
1544814420.29
1544814420.33
1544814420.38
1544814420.44
1544814420.47
1544814420.52
1544814420.57
1544814420.63
1544814420.69
1544814420.75
1544814420.81
1544814420.87
1544814420.94
1544814421.01
1544814421.07
1544814421.13
1544814421.2
1544814421.25
1544814421.29
1544814421.36
1544814421.41
1544814421.47
1544814421.53
1544814421.6
1544814421.66
1544814421.7
1544814421.77
1544814421.83
1544814421.9
1544814422.01
1544814422.1
1544814422.14
1544814422.18
1544814422.22
1544814422.3
1544814422.4
1544814422.48
1544814422.56
1544814422.6
1544814422.67
1544814422.71
1544814422.77
1544814422.81
1544814422.87
1544814422.92
1544814422.99
1544814423.05
1544814423.09
1544814423.14
1544814423.25
1544814423.34
1544814423.4
1544814423.44
1544814423.5
1544814423.54
1544814423.57
1544814423.61
1544814423.67
1544814423.73
1544814423.77
1544814423.81
1544814423.89
1544814423.94
1544814423.99
1544814424.03
1544814424.09
1544814424.14
1544814424.19
1544814424.24
1544814424.3
1544814424.37
1544814424.43
1544814424.48
1544814424.52
1544814424.58
1544814424.62
1544814424.66
1544814424.7
1544814424.75
1544814424.79
1544814424.83
1544814424.89
1544814424.94
1544814425.0
1544814425.07
1544814425.14
1544814425.18
1544814425.24
1544814425.3
1544814425.34
1544814425.38
1544814425.41
1544814425.46
1544814425.51
1544814425.56
1544814425.6
1544814425.66
1544814425.7
1544814425.74
1544814425.79
1544814425.84
1544814425.9
1544814425.95
1544814425.99
1544814426.04
1544814426.1
1544814426.17
1544814426.21
1544814426.26
1544814426.34
1544814426.37
1544814426.46
1544814426.54
1544814426.61
1544814426.7
1544814426.78
1544814426.89
1544814426.98
1544814427.09
1544814427.18
1544814427.3
1544814427.4
1544814427.49
1544814427.55
1544814427.58
1544814427.63
1544814427.72
1544814427.76
1544814427.8
1544814427.84
1544814427.88
1544814427.92
1544814427.96
1544814428.0
1544814428.08
1544814428.13
1544814428.17
1544814428.23
1544814428.28
1544814428.34
1544814428.39
1544814428.46
1544814428.52
1544814428.58
1544814428.66
1544814428.72
1544814428.8
1544814428.87
1544814428.93
1544814429.0
1544814429.07
1544814429.11
1544814429.17
1544814429.23
1544814429.28
1544814429.33
1544814429.37
1544814429.41
1544814429.47
1544814429.5
1544814429.54
1544814429.58
1544814429.64
1544814429.69
1544814429.77
1544814429.85
1544814429.91
1544814429.99
1544814430.07
1544814430.15
1544814430.25
1544814430.34
1544814430.41
1544814430.49
1544814430.56
1544814430.61
1544814430.68
1544814430.75
1544814430.81
1544814430.88
1544814430.95
1544814431.0
1544814431.06
1544814431.12
1544814431.16
1544814431.21
1544814431.26
1544814431.31
1544814431.38
1544814431.44
1544814431.5
1544814431.56
1544814431.63
1544814431.69
1544814431.75
1544814431.81
1544814431.88
1544814431.96
1544814432.01
1544814432.07
1544814432.1
1544814432.16
1544814432.21
1544814432.26
1544814432.3
1544814432.36
1544814432.41
1544814432.46
1544814432.49
1544814432.54
1544814432.6
1544814432.65
1544814432.69
1544814432.73
1544814432.77
1544814432.81
1544814432.86
1544814432.9
1544814432.94
1544814433.01
1544814433.06
1544814433.1
1544814433.14
1544814433.18
1544814433.24
1544814433.28
1544814433.32
1544814433.38
1544814433.44
1544814433.48
1544814433.52
1544814433.6
1544814433.64
1544814433.68
1544814433.71
1544814433.77
1544814433.84
1544814433.88
1544814433.93
1544814434.01
1544814434.06
1544814434.1
1544814434.15
1544814434.21
1544814434.26
1544814434.3
1544814434.35
1544814434.39
1544814434.43
1544814434.48
1544814434.51
1544814434.57
1544814434.61
1544814434.67
1544814434.71
1544814434.78
1544814434.84
1544814434.87
1544814434.91
1544814434.96
1544814435.02
1544814435.07
1544814435.11
1544814435.18
1544814435.24
1544814435.27
1544814435.31
1544814435.38
1544814435.42
1544814435.47
1544814435.51
1544814435.56
1544814435.6
1544814435.65
1544814435.7
1544814435.75
1544814435.8
1544814435.88
1544814435.92
1544814435.96
1544814436.0
1544814436.04
1544814436.07
1544814436.11
1544814436.17
1544814436.22
1544814436.27
1544814436.3
1544814436.38
1544814436.44
1544814436.52
1544814436.59
1544814436.65
1544814436.69
1544814436.75
1544814436.81
1544814436.87
1544814436.94
1544814436.97
1544814437.01
1544814437.08
1544814437.16
1544814437.25
1544814437.31
1544814437.37
1544814437.45
1544814437.5
1544814437.57
1544814437.62
1544814437.69
1544814437.75
1544814437.81
1544814437.88
1544814437.94
1544814437.98
1544814438.03
1544814438.09
1544814438.15
1544814438.19
1544814438.25
1544814438.3
1544814438.34
1544814438.42
1544814438.49
1544814438.56
1544814438.6
1544814438.65
1544814438.69
1544814438.72
1544814438.77
1544814438.82
1544814438.86
1544814438.9
1544814438.96
1544814439.01
1544814439.05
1544814439.1
1544814439.17
1544814439.23
1544814439.28
1544814439.32
1544814439.36
1544814439.41
1544814439.44
1544814439.49
1544814439.52
1544814439.59
1544814439.66
1544814439.71
1544814439.77
1544814439.84
1544814439.88
1544814439.92
1544814439.96
1544814440.02
1544814440.06
1544814440.1
1544814440.14
1544814440.18
1544814440.23
1544814440.28
1544814440.33
1544814440.36
1544814440.42
1544814440.46
1544814440.51
1544814440.58
1544814440.64
1544814440.67
1544814440.72
1544814440.81
1544814440.86
1544814440.9
1544814440.94
1544814440.99
1544814441.04
1544814441.08
1544814441.12
1544814441.17
1544814441.22
1544814441.28
1544814441.32
1544814441.37
1544814441.44
1544814441.48
1544814441.52
1544814441.56
1544814441.62
1544814441.66
1544814441.71
1544814441.75
1544814441.84
1544814441.88
1544814441.92
1544814441.99
1544814442.05
1544814442.09
1544814442.14
1544814442.17
1544814442.23
1544814442.26
1544814442.31
1544814442.37
1544814442.43
1544814442.47
1544814442.51
1544814442.57
1544814442.64
1544814442.75
1544814442.9
1544814443.0
1544814443.05
1544814443.09
1544814443.15
1544814443.19
1544814443.22
1544814443.3
1544814443.36
1544814443.41
1544814443.47
1544814443.54
1544814443.59
1544814443.64
1544814443.71
1544814443.77
1544814443.8
1544814443.87
1544814443.93
1544814443.97
1544814444.02
1544814444.08
1544814444.14
1544814444.19
1544814444.22
1544814444.26
1544814444.31
1544814444.36
1544814444.39
1544814444.43
1544814444.47
1544814444.52
1544814444.57
1544814444.61
1544814444.65
1544814444.7
1544814444.75
1544814444.79
1544814444.83
1544814444.89
1544814444.94
1544814444.99
1544814445.03
1544814445.11
1544814445.17
1544814445.24
1544814445.32
1544814445.38
1544814445.41
1544814445.47
1544814445.53
1544814445.57
1544814445.61
1544814445.66
1544814445.7
1544814445.74
1544814445.78
1544814445.84
1544814445.9
1544814445.95
1544814446.0
1544814446.06
1544814446.13
1544814446.17
1544814446.22
1544814446.29
1544814446.34
1544814446.39
1544814446.44
1544814446.51
1544814446.56
1544814446.61
1544814446.67
1544814446.73
1544814446.77
1544814446.79
1544814446.83
1544814446.89
1544814446.94
1544814446.98
1544814447.02
1544814447.08
1544814447.13
1544814447.17
1544814447.2
1544814447.24
1544814447.3
1544814447.35
1544814447.39
1544814447.44
1544814447.52
1544814447.56
1544814447.61
1544814447.67
1544814447.74
1544814447.78
1544814447.83
1544814447.9
1544814447.96
1544814448.0
1544814448.05
1544814448.1
1544814448.15
1544814448.2
1544814448.24
1544814448.28
1544814448.34
1544814448.38
1544814448.43
1544814448.47
1544814448.51
1544814448.56
1544814448.59
1544814448.63
1544814448.71
1544814448.76
1544814448.8
1544814448.84
1544814448.9
1544814448.93
1544814448.97
1544814449.0
1544814449.04
1544814449.09
1544814449.14
1544814449.18
1544814449.22
1544814449.27
1544814449.32
1544814449.35
1544814449.4
1544814449.44
1544814449.47
1544814449.51
1544814449.56
1544814449.6
1544814449.66
1544814449.7
1544814449.75
1544814449.81
1544814449.88
1544814449.95
1544814449.99
1544814450.05
1544814450.12
1544814450.16
1544814450.2
1544814450.23
1544814450.27
1544814450.3
1544814450.34
1544814450.42
1544814450.46
1544814450.52
1544814450.58
1544814450.63
1544814450.67
1544814450.7
1544814450.77
1544814450.83
1544814450.87
1544814450.9
1544814450.94
1544814450.99
1544814451.04
1544814451.09
1544814451.12
1544814451.16
1544814451.2
1544814451.24
1544814451.28
1544814451.31
1544814451.35
1544814451.39
1544814451.44
1544814451.5
1544814451.56
1544814451.6
1544814451.64
1544814451.7
1544814451.75
1544814451.79
1544814451.84
1544814451.88
1544814451.92
1544814451.96
1544814452.0
1544814452.05
1544814452.1
1544814452.17
1544814452.21
1544814452.24
1544814452.29
1544814452.33
1544814452.37
1544814452.4
1544814452.45
1544814452.5
1544814452.56
1544814452.63
1544814452.69
1544814452.76
1544814452.8
1544814452.85
1544814452.94
1544814452.98
1544814453.02
1544814453.1
1544814453.17
1544814453.21
1544814453.27
1544814453.35
1544814453.39
1544814453.44
1544814453.49
1544814453.54
1544814453.59
1544814453.64
1544814453.69
1544814453.73
1544814453.79
1544814453.87
1544814453.95
1544814454.03
1544814454.11
1544814454.18
1544814454.25
1544814454.32
1544814454.37
1544814454.42
1544814454.47
1544814454.52
1544814454.57
1544814454.62
1544814454.7
1544814454.74
1544814454.78
1544814454.81
1544814454.85
1544814454.93
1544814454.96
1544814455.0
1544814455.05
1544814455.1
1544814455.16
1544814455.19
1544814455.23
1544814455.27
1544814455.31
1544814455.36
1544814455.4
1544814455.46
1544814455.52
1544814455.57
1544814455.62
1544814455.66
1544814455.74
1544814455.78
1544814455.82
1544814455.87
1544814455.96
1544814456.0
1544814456.05
1544814456.1
1544814456.15
1544814456.19
1544814456.22
1544814456.28
1544814456.34
1544814456.39
1544814456.43
1544814456.5
1544814456.55
1544814456.6
1544814456.65
1544814456.72
1544814456.79
1544814456.86
1544814456.92
1544814456.97
1544814457.01
1544814457.06
1544814457.12
1544814457.17
1544814457.2
1544814457.24
1544814457.29
1544814457.33
1544814457.37
1544814457.41
1544814457.46
1544814457.5
1544814457.58
1544814457.61
1544814457.67
1544814457.73
1544814457.78
1544814457.82
1544814457.91
1544814457.95
1544814457.99
1544814458.04
1544814458.1
1544814458.15
1544814458.2
1544814458.24
1544814458.28
1544814458.33
1544814458.37
1544814458.4
1544814458.45
1544814458.52
1544814458.58
1544814458.64
1544814458.71
1544814458.76
1544814458.8
1544814458.86
1544814458.94
1544814458.98
1544814459.02
1544814459.09
1544814459.14
1544814459.18
1544814459.23
1544814459.29
1544814459.34
1544814459.37
1544814459.41
1544814459.46
1544814459.51
1544814459.56
1544814459.6
1544814459.66
1544814459.7
1544814459.75
1544814459.8
1544814459.84
1544814459.88
1544814459.92
1544814459.97
1544814460.0
1544814460.05
1544814460.12
1544814460.17
1544814460.2
1544814460.24
1544814460.3
1544814460.35
1544814460.38
1544814460.42
1544814460.46
1544814460.5
1544814460.55
1544814460.6
1544814460.65
1544814460.71
1544814460.78
1544814460.85
1544814460.89
1544814460.96
1544814461.04
1544814461.11
1544814461.17
1544814461.25
1544814461.31
1544814461.39
1544814461.45
1544814461.5
1544814461.57
1544814461.63
1544814461.69
1544814461.76
1544814461.83
1544814461.87
1544814461.93
1544814462.0
1544814462.06
1544814462.13
1544814462.17
1544814462.24
1544814462.31
1544814462.38
1544814462.43
1544814462.5
1544814462.56
1544814462.65
1544814462.7
1544814462.76
1544814462.81
1544814462.9
1544814462.95
1544814462.98
1544814463.04
1544814463.1
1544814463.14
1544814463.2
1544814463.25
1544814463.29
1544814463.31
1544814463.37
1544814463.45
1544814463.49
1544814463.54
1544814463.61
1544814463.65
1544814463.69
1544814463.73
1544814463.8
1544814463.85
1544814463.89
1544814463.92
1544814463.96
1544814464.03
1544814464.07
1544814464.11
1544814464.16
1544814464.2
1544814464.24
1544814464.29
1544814464.33
1544814464.4
1544814464.44
1544814464.47
1544814464.51
1544814464.55
1544814464.61
1544814464.68
1544814464.72
1544814464.76
1544814464.81
1544814464.87
1544814464.91
1544814464.97
1544814465.03
1544814465.07
1544814465.11
1544814465.15
1544814465.2
1544814465.25
1544814465.29
1544814465.32
1544814465.36
1544814465.42
1544814465.47
1544814465.51
1544814465.55
1544814465.59
1544814465.65
1544814465.69
1544814465.73
1544814465.79
1544814465.84
1544814465.88
1544814465.91
1544814465.98
1544814466.03
1544814466.08
1544814466.11
1544814466.15
1544814466.23
1544814466.27
1544814466.31
1544814466.34
1544814466.4
1544814466.45
1544814466.49
1544814466.54
1544814466.61
1544814466.65
1544814466.69
1544814466.72
1544814466.81
1544814466.87
1544814466.91
1544814466.98
1544814467.05
1544814467.1
1544814467.16
1544814467.24
1544814467.32
1544814467.38
1544814467.45
1544814467.51
1544814467.57
1544814467.65
1544814467.73
1544814467.8
1544814467.88
1544814467.97
1544814468.06
1544814468.15
1544814468.23
1544814468.3
1544814468.35
1544814468.39
1544814468.44
1544814468.49
1544814468.54
1544814468.59
1544814468.67
1544814468.74
1544814468.8
1544814468.88
1544814468.95
1544814469.01
1544814469.08
1544814469.12
1544814469.19
1544814469.24
1544814469.28
1544814469.32
1544814469.4
1544814469.46
1544814469.51
1544814469.57
1544814469.61
1544814469.68
1544814469.73
1544814469.77
1544814469.83
1544814469.9
1544814469.97
1544814470.04
1544814470.08
1544814470.15
1544814470.21
1544814470.28
1544814470.36
1544814470.42
1544814470.47
1544814470.51
1544814470.56
1544814470.61
1544814470.69
1544814470.76
1544814470.82
1544814470.88
1544814470.94
1544814470.99
1544814471.05
1544814471.11
1544814471.19
1544814471.28
1544814471.35
1544814471.43
1544814471.5
1544814471.57
1544814471.61
1544814471.65
1544814471.72
1544814471.77
1544814471.8
1544814471.85
1544814471.9
1544814471.95
1544814472.0
1544814472.07
1544814472.12
1544814472.16
1544814472.19
1544814472.23
1544814472.29
1544814472.34
1544814472.38
1544814472.42
1544814472.47
1544814472.54
1544814472.57
1544814472.61
1544814472.67
1544814472.72
1544814472.77
1544814472.8
1544814472.88
1544814472.93
1544814472.97
1544814473.01
1544814473.06
1544814473.11
1544814473.17
1544814473.2
1544814473.25
1544814473.3
1544814473.35
1544814473.39
1544814473.44
1544814473.5
1544814473.55
1544814473.59
1544814473.62
1544814473.68
1544814473.74
1544814473.78
1544814473.83
1544814473.88
1544814473.92
1544814473.97
1544814474.01
1544814474.07
1544814474.14
1544814474.18
1544814474.21
1544814474.25
1544814474.34
1544814474.38
1544814474.41
1544814474.48
1544814474.54
1544814474.58
1544814474.63
1544814474.7
1544814474.77
1544814474.81
1544814474.87
1544814474.92
1544814474.98
1544814475.02
1544814475.08
1544814475.14
1544814475.18
1544814475.22
1544814475.31
1544814475.38
1544814475.42
1544814475.48
1544814475.53
1544814475.57
1544814475.61
1544814475.69
1544814475.77
1544814475.81
1544814475.87
1544814475.94
1544814475.98
1544814476.03
1544814476.08
1544814476.13
1544814476.16
1544814476.2
1544814476.28
1544814476.33
1544814476.37
1544814476.41
1544814476.47
1544814476.53
1544814476.58
1544814476.62
1544814476.69
1544814476.76
1544814476.82
1544814476.89
1544814476.96
1544814477.02
1544814477.07
1544814477.11
1544814477.17
1544814477.2
1544814477.25
1544814477.31
1544814477.38
1544814477.45
1544814477.51
1544814477.57
1544814477.63
1544814477.69
1544814477.75
1544814477.82
1544814477.86
1544814477.91
1544814477.98
1544814478.04
1544814478.11
1544814478.2
1544814478.27
1544814478.31
1544814478.39
1544814478.44
1544814478.5
1544814478.57
1544814478.64
1544814478.7
1544814478.75
1544814478.81
1544814478.87
1544814478.93
1544814479.0
1544814479.06
1544814479.16
1544814479.22
1544814479.27
1544814479.31
1544814479.37
1544814479.45
1544814479.48
1544814479.52
1544814479.59
1544814479.66
1544814479.72
1544814479.78
1544814479.84
1544814479.91
1544814479.97
1544814480.02
1544814480.06
1544814480.11
1544814480.2
1544814480.25
1544814480.3
1544814480.36
1544814480.43
1544814480.47
1544814480.5
1544814480.56
1544814480.61
1544814480.68
1544814480.72
1544814480.76
1544814480.82
1544814480.86
1544814480.9
1544814480.98
1544814481.03
1544814481.07
1544814481.11
1544814481.16
1544814481.22
1544814481.27
1544814481.31
1544814481.38
1544814481.43
1544814481.47
1544814481.51
1544814481.59
1544814481.64
1544814481.67
1544814481.71
1544814481.76
1544814481.81
1544814481.85
1544814481.91
1544814481.96
1544814482.0
1544814482.06
1544814482.11
1544814482.17
1544814482.24
1544814482.29
1544814482.34
1544814482.42
1544814482.48
1544814482.53
1544814482.6
1544814482.66
1544814482.7
1544814482.75
1544814482.81
1544814482.9
1544814482.99
1544814483.06
1544814483.14
1544814483.21
1544814483.28
1544814483.34
1544814483.39
1544814483.42
1544814483.48
1544814483.55
1544814483.62
1544814483.7
1544814483.77
1544814483.85
1544814483.89
1544814483.94
1544814484.02
1544814484.1
1544814484.19
1544814484.26
1544814484.32
1544814484.4
1544814484.47
1544814484.53
1544814484.57
1544814484.61
1544814484.68
1544814484.72
1544814484.77
1544814484.82
1544814484.87
1544814484.9
1544814484.96
1544814485.03
1544814485.07
1544814485.11
1544814485.18
1544814485.24
1544814485.27
1544814485.31
1544814485.36
1544814485.41
1544814485.47
1544814485.51
1544814485.55
1544814485.6
1544814485.66
1544814485.69
1544814485.74
1544814485.78
1544814485.82
1544814485.86
1544814485.9
1544814485.97
1544814486.01
1544814486.05
1544814486.09
1544814486.12
1544814486.18
1544814486.23
1544814486.27
1544814486.31
1544814486.36
1544814486.41
1544814486.47
1544814486.51
1544814486.57
1544814486.62
1544814486.67
1544814486.7
1544814486.75
1544814486.81
1544814486.86
1544814486.89
1544814486.94
1544814486.97
1544814487.02
1544814487.07
1544814487.1
1544814487.15
1544814487.2
1544814487.26
1544814487.3
1544814487.36
1544814487.43
1544814487.48
1544814487.55
1544814487.61
1544814487.66
1544814487.71
1544814487.77
1544814487.84
1544814487.88
1544814487.92
1544814488.02
1544814488.07
1544814488.11
1544814488.18
1544814488.23
1544814488.27
1544814488.3
1544814488.33
1544814488.37
1544814488.4
1544814488.46
1544814488.49
1544814488.53
1544814488.58
1544814488.62
1544814488.67
1544814488.71
1544814488.83
1544814488.86
1544814488.9
1544814488.96
1544814489.02
1544814489.06
1544814489.11
1544814489.15
1544814489.2
1544814489.24
1544814489.27
1544814489.31
1544814489.37
1544814489.41
1544814489.45
1544814489.49
1544814489.53
1544814489.63
1544814489.68
1544814489.73
1544814489.77
1544814489.86
1544814489.91
1544814489.95
1544814489.99
1544814490.02
1544814490.07
1544814490.11
1544814490.18
1544814490.24
1544814490.28
1544814490.32
1544814490.4
1544814490.45
1544814490.5
1544814490.55
1544814490.62
1544814490.67
1544814490.71
1544814490.79
1544814490.85
1544814490.89
1544814490.94
1544814491.03
1544814491.07
1544814491.1
1544814491.17
1544814491.23
1544814491.27
1544814491.31
1544814491.37
1544814491.42
1544814491.46
1544814491.5
1544814491.54
1544814491.61
1544814491.67
1544814491.7
1544814491.74
1544814491.8
1544814491.87
1544814491.91
1544814491.98
1544814492.03
1544814492.07
1544814492.11
1544814492.16
1544814492.21
1544814492.27
1544814492.31
1544814492.37
1544814492.42
1544814492.47
1544814492.51
1544814492.57
1544814492.63
1544814492.67
1544814492.71
1544814492.78
1544814492.83
1544814492.87
1544814492.91
1544814492.97
1544814493.04
1544814493.08
1544814493.12
1544814493.21
1544814493.26
1544814493.31
1544814493.36
1544814493.41
1544814493.47
1544814493.5
1544814493.54
1544814493.61
1544814493.66
1544814493.7
1544814493.74
1544814493.79
1544814493.84
1544814493.87
1544814493.92
1544814493.98
1544814494.04
1544814494.1
1544814494.15
1544814494.19
1544814494.25
1544814494.29
1544814494.34
1544814494.4
1544814494.47
1544814494.52
1544814494.59
1544814494.65
1544814494.68
1544814494.72
1544814494.8
1544814494.86
1544814494.91
1544814494.97
1544814495.05
1544814495.13
1544814495.2
1544814495.28
1544814495.34
1544814495.43
1544814495.47
1544814495.51
1544814495.56
1544814495.6
1544814495.66
1544814495.71
1544814495.78
1544814495.85
1544814495.91
1544814495.96
1544814496.01
1544814496.06
1544814496.14
1544814496.21
1544814496.29
1544814496.37
1544814496.46
1544814496.54
1544814496.61
1544814496.7
1544814496.75
1544814496.8
1544814496.86
1544814496.91
1544814496.96
1544814497.0
1544814497.04
1544814497.08
1544814497.14
1544814497.2
1544814497.26
1544814497.32
1544814497.38
1544814497.43
1544814497.47
1544814497.51
1544814497.6
1544814497.65
1544814497.68
1544814497.72
1544814497.79
1544814497.86
1544814497.9
1544814497.94
1544814498.0
1544814498.06
1544814498.1
1544814498.16
1544814498.22
1544814498.27
1544814498.32
1544814498.37
1544814498.44
1544814498.49
1544814498.53
1544814498.59
1544814498.65
1544814498.7
1544814498.77
1544814498.82
1544814498.87
1544814498.91
1544814498.97
1544814499.02
1544814499.07
1544814499.11
1544814499.16
1544814499.24
1544814499.27
1544814499.3
1544814499.35
1544814499.41
1544814499.47
1544814499.51
1544814499.56
1544814499.6
1544814499.66
1544814499.69
1544814499.75
1544814499.8
1544814499.86
1544814499.91
1544814499.96
1544814500.01
1544814500.06
1544814500.1
1544814500.16
1544814500.21
1544814500.27
1544814500.31
1544814500.35
1544814500.38
1544814500.42
1544814500.46
1544814500.5
1544814500.55
1544814500.62
1544814500.66
1544814500.71
1544814500.75
1544814500.85
1544814500.9
1544814500.95
1544814501.03
1544814501.08
1544814501.13
1544814501.19
1544814501.22
1544814501.27
1544814501.31
1544814501.37
1544814501.41
1544814501.5
1544814501.6
1544814501.7
1544814501.79
1544814501.86
1544814501.91
1544814501.96
1544814502.0
1544814502.06
1544814502.12
1544814502.18
1544814502.24
1544814502.31
1544814502.38
1544814502.46
1544814502.54
1544814502.58
1544814502.64
1544814502.69
1544814502.76
1544814502.82
1544814502.87
1544814502.9
1544814502.95
1544814503.01
1544814503.08
1544814503.15
1544814503.18
1544814503.22
1544814503.26
1544814503.3
1544814503.36
1544814503.41
1544814503.48
1544814503.56
1544814503.61
1544814503.7
