1544816558.39
1544816558.59
1544816558.73
1544816558.84
1544816558.93
1544816559.02
1544816559.1
1544816559.19
1544816559.26
1544816559.37
1544816559.47
1544816559.57
1544816559.65
1544816559.74
1544816559.84
1544816559.95
1544816560.04
1544816560.14
1544816560.23
1544816560.31
1544816560.39
1544816560.48
1544816560.54
1544816560.62
1544816560.71
1544816560.78
1544816560.87
1544816560.98
1544816561.09
1544816561.18
1544816561.27
1544816561.35
1544816561.46
1544816561.56
1544816561.65
1544816561.72
1544816561.82
1544816561.9
1544816561.99
1544816562.1
1544816562.18
1544816562.26
1544816562.31
1544816562.37
1544816562.43
1544816562.49
1544816562.54
1544816562.59
1544816562.65
1544816562.69
1544816562.77
1544816562.85
1544816562.91
1544816562.98
1544816563.05
1544816563.12
1544816563.18
1544816563.25
1544816563.31
1544816563.35
1544816563.42
1544816563.47
1544816563.55
1544816563.62
1544816563.7
1544816563.76
1544816563.85
1544816563.92
1544816563.98
1544816564.04
1544816564.11
1544816564.17
1544816564.24
1544816564.29
1544816564.34
1544816564.39
1544816564.44
1544816564.5
1544816564.55
1544816564.6
1544816564.66
1544816564.75
1544816564.84
1544816564.92
1544816565.0
1544816565.08
1544816565.15
1544816565.22
1544816565.28
1544816565.36
1544816565.43
1544816565.49
1544816565.57
1544816565.64
1544816565.7
1544816565.77
1544816565.83
1544816565.89
1544816565.95
1544816566.01
1544816566.08
1544816566.14
1544816566.2
1544816566.27
1544816566.34
1544816566.37
1544816566.42
1544816566.49
1544816566.55
1544816566.62
1544816566.69
1544816566.74
1544816566.83
1544816566.88
1544816566.95
1544816567.02
1544816567.09
1544816567.15
1544816567.21
1544816567.28
1544816567.32
1544816567.36
1544816567.44
1544816567.5
1544816567.57
1544816567.63
1544816567.7
1544816567.75
1544816567.82
1544816567.91
1544816567.98
1544816568.04
1544816568.09
1544816568.16
1544816568.24
1544816568.32
1544816568.4
1544816568.5
1544816568.56
1544816568.63
1544816568.71
1544816568.77
1544816568.85
1544816568.92
1544816568.99
1544816569.05
1544816569.11
1544816569.17
1544816569.25
1544816569.3
1544816569.37
1544816569.44
1544816569.51
1544816569.58
1544816569.67
1544816569.72
1544816569.79
1544816569.86
1544816569.92
1544816569.98
1544816570.04
1544816570.09
1544816570.15
1544816570.21
1544816570.27
1544816570.33
1544816570.38
1544816570.44
1544816570.5
1544816570.58
1544816570.65
1544816570.73
1544816570.81
1544816570.87
1544816570.95
1544816571.01
1544816571.08
1544816571.14
1544816571.19
1544816571.26
1544816571.32
1544816571.38
1544816571.44
1544816571.51
1544816571.57
1544816571.62
1544816571.7
1544816571.77
1544816571.84
1544816571.91
1544816571.98
1544816572.07
1544816572.14
1544816572.2
1544816572.26
1544816572.34
1544816572.4
1544816572.47
1544816572.53
1544816572.59
1544816572.66
1544816572.72
1544816572.77
1544816572.84
1544816572.89
1544816572.95
1544816573.01
1544816573.06
1544816573.11
1544816573.17
1544816573.23
1544816573.29
1544816573.34
1544816573.4
1544816573.45
1544816573.5
1544816573.57
1544816573.61
1544816573.67
1544816573.73
1544816573.79
1544816573.85
1544816573.92
1544816573.97
1544816574.04
1544816574.09
1544816574.15
1544816574.19
1544816574.28
1544816574.38
1544816574.47
1544816574.54
1544816574.6
1544816574.65
1544816574.72
1544816574.78
1544816574.85
1544816574.91
1544816574.97
1544816575.03
1544816575.09
1544816575.14
1544816575.2
1544816575.26
1544816575.32
1544816575.37
1544816575.44
1544816575.49
1544816575.55
1544816575.61
1544816575.66
1544816575.73
1544816575.79
1544816575.84
1544816575.9
1544816575.96
1544816576.01
1544816576.07
1544816576.13
1544816576.19
1544816576.25
1544816576.3
1544816576.36
1544816576.42
1544816576.47
1544816576.53
1544816576.59
1544816576.65
1544816576.71
1544816576.77
1544816576.82
1544816576.89
1544816576.94
1544816577.0
1544816577.12
1544816577.19
1544816577.27
1544816577.33
1544816577.39
1544816577.46
1544816577.52
1544816577.57
1544816577.64
1544816577.74
1544816577.8
1544816577.87
1544816577.93
1544816578.0
1544816578.06
1544816578.12
1544816578.19
1544816578.26
1544816578.32
1544816578.39
1544816578.45
1544816578.51
1544816578.57
1544816578.63
1544816578.69
1544816578.75
1544816578.81
1544816578.86
1544816578.93
1544816578.99
1544816579.05
1544816579.13
1544816579.2
1544816579.26
1544816579.33
1544816579.4
1544816579.47
1544816579.53
1544816579.6
1544816579.66
1544816579.72
1544816579.79
1544816579.86
1544816579.93
1544816580.0
1544816580.07
1544816580.14
1544816580.21
1544816580.28
1544816580.35
1544816580.41
1544816580.46
1544816580.55
1544816580.61
1544816580.73
1544816580.8
1544816580.87
1544816580.94
1544816581.01
1544816581.08
1544816581.13
1544816581.16
1544816581.21
1544816581.25
1544816581.29
1544816581.34
1544816581.37
1544816581.41
1544816581.46
1544816581.52
1544816581.55
1544816581.6
1544816581.67
1544816581.72
1544816581.76
1544816581.8
1544816581.85
1544816581.92
1544816581.95
1544816581.99
1544816582.04
1544816582.11
1544816582.15
1544816582.19
1544816582.25
1544816582.31
1544816582.35
1544816582.38
1544816582.41
1544816582.47
1544816582.52
1544816582.57
1544816582.6
1544816582.66
1544816582.72
1544816582.75
1544816582.79
1544816582.85
1544816582.9
1544816582.93
1544816582.97
1544816583.01
1544816583.07
1544816583.13
1544816583.16
1544816583.2
1544816583.25
1544816583.31
1544816583.35
1544816583.4
1544816583.47
1544816583.51
1544816583.55
1544816583.59
1544816583.64
1544816583.69
1544816583.74
1544816583.79
1544816583.84
1544816583.87
1544816583.92
1544816583.96
1544816583.99
1544816584.03
1544816584.08
1544816584.13
1544816584.17
1544816584.21
1544816584.28
1544816584.32
1544816584.37
1544816584.4
1544816584.45
1544816584.52
1544816584.56
1544816584.59
1544816584.65
1544816584.7
1544816584.74
1544816584.78
1544816584.82
1544816584.88
1544816584.92
1544816584.96
1544816585.0
1544816585.06
1544816585.11
1544816585.15
1544816585.2
1544816585.26
1544816585.31
1544816585.34
1544816585.38
1544816585.42
1544816585.51
1544816585.55
1544816585.59
1544816585.63
1544816585.67
1544816585.72
1544816585.76
1544816585.8
1544816585.85
1544816585.89
1544816585.94
1544816585.98
1544816586.04
1544816586.09
1544816586.13
1544816586.16
1544816586.19
1544816586.23
1544816586.28
1544816586.33
1544816586.36
1544816586.4
1544816586.45
1544816586.49
1544816586.53
1544816586.57
1544816586.62
1544816586.67
1544816586.72
1544816586.76
1544816586.8
1544816586.85
1544816586.9
1544816586.95
1544816586.99
1544816587.03
1544816587.07
1544816587.13
1544816587.17
1544816587.23
1544816587.29
1544816587.33
1544816587.37
1544816587.41
1544816587.46
1544816587.52
1544816587.56
1544816587.63
1544816587.67
1544816587.7
1544816587.77
1544816587.83
1544816587.88
1544816587.92
1544816587.97
1544816588.02
1544816588.07
1544816588.12
1544816588.16
1544816588.22
1544816588.27
1544816588.32
1544816588.37
1544816588.42
1544816588.45
1544816588.49
1544816588.55
1544816588.62
1544816588.65
1544816588.7
1544816588.76
1544816588.82
1544816588.87
1544816588.95
1544816589.0
1544816589.06
1544816589.12
1544816589.18
1544816589.24
1544816589.29
1544816589.35
1544816589.41
1544816589.45
1544816589.5
1544816589.55
1544816589.59
1544816589.64
1544816589.69
1544816589.74
1544816589.79
1544816589.85
1544816589.9
1544816589.96
1544816590.02
1544816590.07
1544816590.13
1544816590.18
1544816590.24
1544816590.3
1544816590.35
1544816590.4
1544816590.45
1544816590.51
1544816590.57
1544816590.64
1544816590.7
1544816590.76
1544816590.82
1544816590.86
1544816590.91
1544816590.98
1544816591.05
1544816591.11
1544816591.16
1544816591.21
1544816591.26
1544816591.3
1544816591.35
1544816591.4
1544816591.44
1544816591.48
1544816591.56
1544816591.61
1544816591.65
1544816591.69
1544816591.73
1544816591.8
1544816591.84
1544816591.88
1544816591.93
1544816591.98
1544816592.04
1544816592.07
1544816592.12
1544816592.16
1544816592.2
1544816592.24
1544816592.27
1544816592.33
1544816592.39
1544816592.44
1544816592.47
1544816592.52
1544816592.61
1544816592.64
1544816592.68
1544816592.72
1544816592.76
1544816592.82
1544816592.85
1544816592.88
1544816592.91
1544816592.95
1544816593.02
1544816593.06
1544816593.1
1544816593.17
1544816593.24
1544816593.29
1544816593.32
1544816593.38
1544816593.42
1544816593.45
1544816593.49
1544816593.53
1544816593.6
1544816593.64
1544816593.69
1544816593.72
1544816593.77
1544816593.81
1544816593.84
1544816593.88
1544816593.93
1544816593.99
1544816594.04
1544816594.07
1544816594.12
1544816594.15
1544816594.19
1544816594.24
1544816594.28
1544816594.32
1544816594.36
1544816594.41
1544816594.44
1544816594.48
1544816594.52
1544816594.61
1544816594.65
1544816594.69
1544816594.74
1544816594.78
1544816594.83
1544816594.86
1544816594.91
1544816594.95
1544816594.98
1544816595.03
1544816595.07
1544816595.11
1544816595.15
1544816595.2
1544816595.25
1544816595.29
1544816595.33
1544816595.36
1544816595.39
1544816595.43
1544816595.46
1544816595.5
1544816595.54
1544816595.58
1544816595.63
1544816595.67
1544816595.71
1544816595.76
1544816595.81
1544816595.84
1544816595.87
1544816595.91
1544816595.97
1544816596.02
1544816596.06
1544816596.1
1544816596.14
1544816596.18
1544816596.22
1544816596.26
1544816596.29
1544816596.34
1544816596.39
1544816596.44
1544816596.47
1544816596.5
1544816596.55
1544816596.6
1544816596.64
1544816596.69
1544816596.72
1544816596.77
1544816596.82
1544816596.87
1544816596.91
1544816596.99
1544816597.04
1544816597.08
1544816597.12
1544816597.2
1544816597.24
1544816597.28
1544816597.31
1544816597.35
1544816597.42
1544816597.47
1544816597.52
1544816597.58
1544816597.63
1544816597.67
1544816597.71
1544816597.75
1544816597.8
1544816597.84
1544816597.89
1544816597.95
1544816598.0
1544816598.04
1544816598.08
1544816598.12
1544816598.16
1544816598.21
1544816598.26
1544816598.32
1544816598.35
1544816598.38
1544816598.44
1544816598.5
1544816598.56
1544816598.62
1544816598.69
1544816598.74
1544816598.78
1544816598.83
1544816598.89
1544816598.94
1544816599.0
1544816599.07
1544816599.13
1544816599.18
1544816599.25
1544816599.3
1544816599.36
1544816599.4
1544816599.47
1544816599.52
1544816599.57
1544816599.62
1544816599.66
1544816599.71
1544816599.74
1544816599.78
1544816599.82
1544816599.91
1544816599.95
1544816599.99
1544816600.03
1544816600.07
1544816600.13
1544816600.16
1544816600.21
1544816600.26
1544816600.32
1544816600.35
1544816600.39
1544816600.43
1544816600.47
1544816600.52
1544816600.55
1544816600.61
1544816600.66
1544816600.72
1544816600.76
1544816600.8
1544816600.88
1544816600.93
1544816600.96
1544816601.0
1544816601.06
1544816601.11
1544816601.15
1544816601.19
1544816601.23
1544816601.27
1544816601.32
1544816601.36
1544816601.4
1544816601.45
1544816601.51
1544816601.55
1544816601.6
1544816601.66
1544816601.7
1544816601.74
1544816601.78
1544816601.82
1544816601.89
1544816601.94
1544816601.97
1544816602.01
1544816602.06
1544816602.11
1544816602.16
1544816602.2
1544816602.25
1544816602.3
1544816602.35
1544816602.39
1544816602.44
1544816602.51
1544816602.54
1544816602.58
1544816602.61
1544816602.67
1544816602.71
1544816602.74
1544816602.78
1544816602.82
1544816602.88
1544816602.93
1544816602.96
1544816603.01
1544816603.06
1544816603.11
1544816603.17
1544816603.23
1544816603.28
1544816603.32
1544816603.36
1544816603.42
1544816603.47
1544816603.52
1544816603.59
1544816603.66
1544816603.73
1544816603.79
1544816603.84
1544816603.92
1544816603.97
1544816604.03
1544816604.11
1544816604.17
1544816604.22
1544816604.29
1544816604.35
1544816604.41
1544816604.45
1544816604.5
1544816604.54
1544816604.59
1544816604.64
1544816604.68
1544816604.72
1544816604.77
1544816604.82
1544816604.87
1544816604.92
1544816604.98
1544816605.03
1544816605.09
1544816605.15
1544816605.21
1544816605.25
1544816605.29
1544816605.34
1544816605.39
1544816605.44
1544816605.48
1544816605.54
1544816605.58
1544816605.64
1544816605.7
1544816605.75
1544816605.8
1544816605.85
1544816605.9
1544816605.95
1544816605.99
1544816606.03
1544816606.07
1544816606.11
1544816606.16
1544816606.22
1544816606.25
1544816606.31
1544816606.37
1544816606.42
1544816606.45
1544816606.49
1544816606.55
1544816606.6
1544816606.64
1544816606.67
1544816606.75
1544816606.79
1544816606.83
1544816606.87
1544816606.92
1544816606.96
1544816607.01
1544816607.05
1544816607.09
1544816607.14
1544816607.19
1544816607.24
1544816607.27
1544816607.31
1544816607.35
1544816607.39
1544816607.42
1544816607.46
1544816607.49
1544816607.55
1544816607.6
1544816607.64
1544816607.67
1544816607.74
1544816607.78
1544816607.82
1544816607.86
1544816607.89
1544816607.93
1544816607.99
1544816608.03
1544816608.07
1544816608.12
1544816608.16
1544816608.19
1544816608.22
1544816608.26
1544816608.32
1544816608.38
1544816608.42
1544816608.46
1544816608.49
1544816608.57
1544816608.62
1544816608.65
1544816608.69
1544816608.75
1544816608.79
1544816608.83
1544816608.88
1544816608.95
1544816609.0
1544816609.04
1544816609.09
1544816609.15
1544816609.2
1544816609.24
1544816609.29
1544816609.38
1544816609.43
1544816609.47
1544816609.5
1544816609.57
1544816609.61
1544816609.65
1544816609.69
1544816609.75
1544816609.79
1544816609.83
1544816609.86
1544816609.89
1544816609.93
1544816609.98
1544816610.03
1544816610.07
1544816610.12
1544816610.17
1544816610.22
1544816610.25
1544816610.29
1544816610.36
1544816610.41
1544816610.44
1544816610.48
1544816610.54
1544816610.58
1544816610.62
1544816610.67
1544816610.7
1544816610.76
1544816610.82
1544816610.85
1544816610.89
1544816610.95
1544816611.0
1544816611.04
1544816611.09
1544816611.14
1544816611.2
1544816611.24
1544816611.28
1544816611.34
1544816611.4
1544816611.44
1544816611.49
1544816611.56
1544816611.61
1544816611.64
1544816611.68
1544816611.75
1544816611.81
1544816611.85
1544816611.9
1544816611.94
1544816611.99
1544816612.03
1544816612.06
1544816612.12
1544816612.17
1544816612.22
1544816612.25
1544816612.29
1544816612.33
1544816612.38
1544816612.43
1544816612.47
1544816612.53
1544816612.59
1544816612.64
1544816612.72
1544816612.79
1544816612.83
1544816612.87
1544816612.92
1544816612.97
1544816613.02
1544816613.06
1544816613.1
1544816613.15
1544816613.19
1544816613.23
1544816613.27
1544816613.31
1544816613.34
1544816613.38
1544816613.42
1544816613.46
1544816613.5
1544816613.57
1544816613.62
1544816613.65
1544816613.7
1544816613.74
1544816613.79
1544816613.83
1544816613.87
1544816613.92
1544816613.96
1544816614.0
1544816614.03
1544816614.06
1544816614.1
1544816614.14
1544816614.19
1544816614.23
1544816614.26
1544816614.32
1544816614.37
1544816614.42
1544816614.45
1544816614.48
1544816614.53
1544816614.6
1544816614.64
1544816614.68
1544816614.72
1544816614.75
1544816614.8
1544816614.84
1544816614.88
1544816614.96
1544816615.01
1544816615.04
1544816615.07
1544816615.14
1544816615.2
1544816615.23
1544816615.26
1544816615.31
1544816615.37
1544816615.41
1544816615.44
1544816615.48
1544816615.53
1544816615.57
1544816615.61
1544816615.65
1544816615.69
1544816615.73
1544816615.76
1544816615.81
1544816615.84
1544816615.87
1544816615.9
1544816615.96
1544816616.0
1544816616.04
1544816616.08
1544816616.16
1544816616.22
1544816616.25
1544816616.29
1544816616.35
1544816616.4
1544816616.43
1544816616.47
1544816616.51
1544816616.58
1544816616.63
1544816616.66
1544816616.72
1544816616.79
1544816616.84
1544816616.89
1544816616.96
1544816617.02
1544816617.07
1544816617.12
1544816617.19
1544816617.23
1544816617.28
1544816617.34
1544816617.37
1544816617.41
1544816617.45
1544816617.49
1544816617.54
1544816617.58
1544816617.62
1544816617.65
1544816617.7
1544816617.75
1544816617.8
1544816617.85
1544816617.89
1544816617.95
1544816618.01
1544816618.05
1544816618.08
1544816618.16
1544816618.2
1544816618.24
1544816618.27
1544816618.32
1544816618.38
1544816618.42
1544816618.46
1544816618.5
1544816618.55
1544816618.61
1544816618.65
1544816618.69
1544816618.73
1544816618.77
1544816618.82
1544816618.86
1544816618.91
1544816618.97
1544816619.03
1544816619.07
1544816619.12
1544816619.15
1544816619.22
1544816619.25
1544816619.3
1544816619.35
1544816619.4
1544816619.44
1544816619.49
1544816619.54
1544816619.6
1544816619.65
1544816619.69
1544816619.74
1544816619.79
1544816619.83
1544816619.9
1544816619.95
1544816620.0
1544816620.06
1544816620.12
1544816620.17
1544816620.22
1544816620.27
1544816620.33
1544816620.38
1544816620.44
1544816620.47
1544816620.51
1544816620.55
1544816620.59
1544816620.65
1544816620.7
1544816620.74
1544816620.77
1544816620.83
1544816620.87
1544816620.92
1544816620.95
1544816620.99
1544816621.03
1544816621.07
1544816621.12
1544816621.15
1544816621.19
1544816621.24
1544816621.28
1544816621.33
1544816621.37
1544816621.4
1544816621.45
1544816621.5
1544816621.54
1544816621.57
1544816621.65
1544816621.7
1544816621.74
1544816621.79
1544816621.86
1544816621.9
1544816621.95
1544816621.98
1544816622.05
1544816622.11
1544816622.14
1544816622.18
1544816622.22
1544816622.29
1544816622.34
1544816622.38
1544816622.43
1544816622.49
1544816622.52
1544816622.56
1544816622.61
1544816622.67
1544816622.73
1544816622.76
1544816622.8
1544816622.87
1544816622.93
1544816622.96
1544816623.01
1544816623.05
1544816623.09
1544816623.13
1544816623.16
1544816623.21
1544816623.27
1544816623.32
1544816623.36
1544816623.41
1544816623.46
1544816623.51
1544816623.54
1544816623.59
1544816623.65
1544816623.69
1544816623.73
1544816623.77
1544816623.82
1544816623.86
1544816623.91
1544816623.95
1544816623.98
1544816624.03
1544816624.09
1544816624.13
1544816624.17
1544816624.22
1544816624.27
1544816624.32
1544816624.36
1544816624.41
1544816624.47
1544816624.52
1544816624.56
1544816624.6
1544816624.69
1544816624.77
1544816624.85
1544816624.91
1544816624.97
1544816625.03
1544816625.08
1544816625.12
1544816625.18
1544816625.24
1544816625.29
1544816625.34
1544816625.39
1544816625.44
1544816625.49
1544816625.54
1544816625.59
1544816625.65
1544816625.7
1544816625.75
1544816625.81
1544816625.85
1544816625.91
1544816625.96
1544816626.02
1544816626.07
1544816626.13
1544816626.2
1544816626.27
1544816626.35
1544816626.42
1544816626.46
1544816626.52
1544816626.57
1544816626.63
1544816626.67
1544816626.75
1544816626.82
1544816626.89
1544816626.94
1544816627.02
1544816627.05
1544816627.1
1544816627.16
1544816627.24
1544816627.32
1544816627.38
1544816627.43
1544816627.47
1544816627.51
1544816627.55
1544816627.61
1544816627.65
1544816627.7
1544816627.77
1544816627.82
1544816627.86
1544816627.9
1544816627.95
1544816627.99
1544816628.04
1544816628.09
1544816628.12
1544816628.16
1544816628.21
1544816628.24
1544816628.28
1544816628.33
1544816628.37
1544816628.42
1544816628.46
1544816628.51
1544816628.57
1544816628.63
1544816628.67
1544816628.72
1544816628.78
1544816628.82
1544816628.86
1544816628.9
1544816628.97
1544816629.02
1544816629.05
1544816629.1
1544816629.17
1544816629.23
1544816629.26
1544816629.29
1544816629.34
1544816629.4
1544816629.44
1544816629.48
1544816629.53
1544816629.58
1544816629.63
1544816629.66
1544816629.71
1544816629.76
1544816629.8
1544816629.84
1544816629.87
1544816629.93
1544816629.98
1544816630.03
1544816630.06
1544816630.1
1544816630.16
1544816630.22
1544816630.25
1544816630.29
1544816630.33
1544816630.37
1544816630.43
1544816630.46
1544816630.49
1544816630.53
1544816630.58
1544816630.62
1544816630.66
1544816630.69
1544816630.77
1544816630.81
1544816630.85
1544816630.89
1544816630.97
1544816631.03
1544816631.07
1544816631.11
1544816631.17
1544816631.22
1544816631.26
1544816631.3
1544816631.37
1544816631.41
1544816631.45
1544816631.49
1544816631.53
1544816631.57
1544816631.62
1544816631.66
1544816631.71
1544816631.77
1544816631.81
1544816631.85
1544816631.9
1544816631.97
1544816632.02
1544816632.05
1544816632.09
1544816632.13
1544816632.19
1544816632.24
1544816632.28
1544816632.35
1544816632.4
1544816632.44
1544816632.49
1544816632.53
1544816632.59
1544816632.63
1544816632.67
1544816632.71
1544816632.77
1544816632.82
1544816632.86
1544816632.9
1544816632.97
1544816633.01
1544816633.05
1544816633.09
1544816633.14
1544816633.18
1544816633.22
1544816633.26
1544816633.3
1544816633.36
1544816633.42
1544816633.46
1544816633.51
1544816633.55
1544816633.59
1544816633.63
1544816633.67
1544816633.72
1544816633.78
1544816633.82
1544816633.87
1544816633.91
1544816633.96
1544816634.01
1544816634.07
1544816634.13
1544816634.2
1544816634.26
1544816634.32
1544816634.36
1544816634.41
1544816634.47
1544816634.54
1544816634.57
1544816634.62
1544816634.66
1544816634.71
1544816634.75
1544816634.79
1544816634.86
1544816634.92
1544816634.96
1544816635.02
1544816635.07
1544816635.14
1544816635.19
1544816635.24
1544816635.29
1544816635.35
1544816635.42
1544816635.47
1544816635.53
1544816635.57
1544816635.6
1544816635.65
1544816635.7
1544816635.75
1544816635.79
1544816635.83
1544816635.88
1544816635.94
1544816635.99
1544816636.05
1544816636.12
1544816636.17
1544816636.23
1544816636.29
1544816636.34
1544816636.39
1544816636.44
1544816636.5
1544816636.54
1544816636.57
1544816636.63
1544816636.7
1544816636.77
1544816636.83
1544816636.87
1544816636.94
1544816637.01
1544816637.07
1544816637.14
1544816637.2
1544816637.27
1544816637.33
1544816637.36
1544816637.41
1544816637.45
1544816637.53
1544816637.58
1544816637.66
1544816637.73
1544816637.78
1544816637.84
1544816637.91
1544816637.95
1544816638.02
1544816638.09
1544816638.15
1544816638.21
1544816638.24
1544816638.28
1544816638.32
1544816638.37
1544816638.42
1544816638.47
1544816638.52
1544816638.56
1544816638.61
1544816638.66
1544816638.71
1544816638.75
1544816638.78
1544816638.82
1544816638.87
1544816638.92
1544816638.96
1544816639.0
1544816639.06
1544816639.11
1544816639.15
1544816639.18
1544816639.23
1544816639.27
1544816639.32
1544816639.36
1544816639.4
1544816639.44
1544816639.49
1544816639.54
1544816639.57
1544816639.62
1544816639.67
1544816639.72
1544816639.77
1544816639.82
1544816639.88
1544816639.92
1544816639.97
1544816640.02
1544816640.07
1544816640.13
1544816640.17
1544816640.21
1544816640.26
1544816640.3
1544816640.34
1544816640.38
1544816640.44
1544816640.49
1544816640.53
1544816640.57
1544816640.61
1544816640.64
1544816640.68
1544816640.72
1544816640.76
1544816640.8
1544816640.85
1544816640.91
1544816640.95
1544816640.97
1544816641.02
1544816641.07
1544816641.13
1544816641.17
1544816641.22
1544816641.27
1544816641.31
1544816641.35
1544816641.39
1544816641.45
1544816641.51
1544816641.54
1544816641.58
1544816641.64
1544816641.72
1544816641.75
1544816641.78
1544816641.82
1544816641.88
1544816641.93
1544816641.96
1544816642.0
1544816642.07
1544816642.11
1544816642.14
1544816642.18
1544816642.22
1544816642.26
1544816642.31
1544816642.35
1544816642.39
1544816642.46
1544816642.52
1544816642.55
1544816642.59
1544816642.66
1544816642.72
1544816642.75
1544816642.78
1544816642.82
1544816642.87
1544816642.91
1544816642.94
1544816642.99
1544816643.04
1544816643.09
1544816643.12
1544816643.16
1544816643.21
1544816643.25
1544816643.31
1544816643.35
1544816643.39
1544816643.44
1544816643.49
1544816643.53
1544816643.57
1544816643.62
1544816643.67
1544816643.72
1544816643.76
1544816643.8
1544816643.87
1544816643.93
1544816643.97
1544816644.0
1544816644.07
1544816644.12
1544816644.17
1544816644.22
1544816644.26
1544816644.29
1544816644.34
1544816644.38
1544816644.43
1544816644.49
1544816644.54
1544816644.57
1544816644.62
1544816644.67
1544816644.72
1544816644.76
1544816644.8
1544816644.87
1544816644.92
1544816644.96
1544816644.99
1544816645.05
1544816645.11
1544816645.14
1544816645.18
1544816645.22
1544816645.27
1544816645.31
1544816645.35
1544816645.38
1544816645.43
1544816645.47
1544816645.52
1544816645.56
1544816645.61
1544816645.67
1544816645.72
1544816645.76
1544816645.79
1544816645.83
1544816645.87
1544816645.92
1544816645.95
1544816645.99
1544816646.04
1544816646.07
1544816646.13
1544816646.17
1544816646.22
1544816646.26
1544816646.31
1544816646.34
1544816646.38
1544816646.41
1544816646.49
1544816646.55
1544816646.59
1544816646.65
1544816646.71
1544816646.77
1544816646.84
1544816646.91
1544816646.99
1544816647.05
1544816647.1
1544816647.14
1544816647.19
1544816647.25
1544816647.3
1544816647.36
1544816647.42
1544816647.48
1544816647.54
1544816647.59
1544816647.65
1544816647.7
1544816647.76
1544816647.81
1544816647.86
1544816647.91
1544816647.97
1544816648.02
1544816648.07
1544816648.14
1544816648.19
1544816648.25
1544816648.31
1544816648.37
1544816648.43
1544816648.47
1544816648.54
1544816648.6
1544816648.66
1544816648.71
1544816648.78
1544816648.82
1544816648.85
1544816648.89
1544816648.95
1544816648.99
1544816649.04
1544816649.07
1544816649.11
1544816649.19
1544816649.27
1544816649.33
1544816649.39
1544816649.45
1544816649.51
1544816649.55
1544816649.59
1544816649.64
1544816649.69
1544816649.73
1544816649.78
1544816649.83
1544816649.88
1544816649.93
1544816649.97
1544816650.02
1544816650.06
1544816650.12
1544816650.17
1544816650.24
1544816650.29
1544816650.35
1544816650.42
1544816650.46
1544816650.52
1544816650.55
1544816650.59
1544816650.64
1544816650.67
1544816650.71
1544816650.73
1544816650.78
1544816650.82
1544816650.85
1544816650.91
1544816650.97
1544816651.01
1544816651.06
1544816651.1
1544816651.17
1544816651.23
1544816651.26
1544816651.31
1544816651.38
1544816651.43
1544816651.46
1544816651.51
1544816651.57
1544816651.61
1544816651.65
1544816651.69
1544816651.73
1544816651.77
1544816651.84
1544816651.9
1544816651.94
1544816651.98
1544816652.01
1544816652.05
1544816652.11
1544816652.15
1544816652.21
1544816652.25
1544816652.3
1544816652.35
1544816652.41
1544816652.46
1544816652.52
1544816652.57
1544816652.63
1544816652.7
1544816652.74
1544816652.79
1544816652.85
1544816652.92
1544816652.98
1544816653.05
1544816653.12
1544816653.2
1544816653.27
1544816653.32
1544816653.36
1544816653.42
1544816653.45
1544816653.5
1544816653.55
1544816653.58
1544816653.62
1544816653.68
1544816653.73
1544816653.76
1544816653.8
1544816653.84
1544816653.88
1544816653.93
1544816653.97
1544816654.01
1544816654.06
1544816654.12
1544816654.16
1544816654.19
1544816654.28
1544816654.33
1544816654.36
1544816654.4
1544816654.45
1544816654.51
1544816654.55
1544816654.59
1544816654.64
1544816654.68
1544816654.73
1544816654.76
1544816654.81
1544816654.87
1544816654.93
1544816654.98
1544816655.02
1544816655.08
1544816655.13
1544816655.18
1544816655.23
1544816655.28
1544816655.34
1544816655.38
1544816655.44
1544816655.49
1544816655.54
1544816655.59
1544816655.64
1544816655.69
1544816655.74
1544816655.79
1544816655.85
1544816655.9
1544816655.94
1544816655.98
1544816656.03
1544816656.07
1544816656.13
1544816656.18
1544816656.23
1544816656.28
1544816656.32
1544816656.37
1544816656.43
1544816656.49
1544816656.54
1544816656.59
1544816656.66
1544816656.71
1544816656.78
1544816656.82
1544816656.88
1544816656.94
1544816657.0
1544816657.06
1544816657.13
1544816657.19
1544816657.25
1544816657.31
1544816657.37
1544816657.42
1544816657.46
1544816657.52
1544816657.56
1544816657.6
1544816657.65
1544816657.69
1544816657.73
1544816657.77
1544816657.82
1544816657.86
1544816657.92
1544816657.95
1544816657.99
1544816658.02
1544816658.06
1544816658.1
1544816658.14
1544816658.18
1544816658.24
1544816658.29
1544816658.33
1544816658.36
1544816658.41
1544816658.46
1544816658.54
1544816658.6
1544816658.66
1544816658.72
1544816658.78
1544816658.84
1544816658.9
1544816658.94
1544816658.99
1544816659.05
1544816659.11
1544816659.17
1544816659.23
1544816659.27
1544816659.32
1544816659.36
1544816659.41
1544816659.47
1544816659.53
1544816659.59
1544816659.65
1544816659.73
1544816659.79
1544816659.85
1544816659.89
1544816659.95
1544816659.99
1544816660.04
1544816660.08
1544816660.13
1544816660.18
1544816660.23
1544816660.28
1544816660.32
1544816660.4
1544816660.48
1544816660.56
1544816660.62
1544816660.67
1544816660.74
1544816660.8
1544816660.87
1544816660.94
1544816661.0
1544816661.05
1544816661.11
1544816661.15
1544816661.21
1544816661.27
1544816661.33
1544816661.37
1544816661.44
1544816661.49
1544816661.55
1544816661.61
1544816661.67
1544816661.75
1544816661.81
1544816661.89
1544816661.95
1544816662.02
1544816662.1
1544816662.14
1544816662.17
1544816662.22
1544816662.26
1544816662.32
1544816662.35
1544816662.4
1544816662.47
1544816662.52
1544816662.56
1544816662.6
1544816662.65
1544816662.69
1544816662.73
1544816662.77
1544816662.82
1544816662.86
1544816662.91
1544816662.94
1544816662.98
1544816663.05
1544816663.1
1544816663.14
1544816663.18
1544816663.23
1544816663.27
1544816663.32
1544816663.37
1544816663.43
1544816663.48
1544816663.53
1544816663.57
1544816663.63
1544816663.68
1544816663.73
1544816663.77
1544816663.83
1544816663.88
1544816663.93
1544816663.96
1544816664.04
1544816664.09
1544816664.12
1544816664.17
1544816664.26
1544816664.32
1544816664.35
1544816664.38
1544816664.46
1544816664.52
1544816664.55
1544816664.62
1544816664.67
1544816664.72
1544816664.76
1544816664.82
1544816664.89
1544816664.93
1544816664.97
1544816665.03
1544816665.07
1544816665.11
1544816665.15
1544816665.2
1544816665.25
1544816665.29
1544816665.33
1544816665.37
1544816665.42
1544816665.48
1544816665.52
1544816665.56
1544816665.61
1544816665.67
1544816665.72
1544816665.76
1544816665.81
1544816665.86
1544816665.91
1544816665.95
1544816666.0
1544816666.05
1544816666.1
1544816666.14
1544816666.17
1544816666.25
1544816666.29
1544816666.34
1544816666.38
1544816666.41
1544816666.45
1544816666.5
1544816666.54
1544816666.57
1544816666.64
1544816666.69
1544816666.73
1544816666.77
1544816666.85
1544816666.9
1544816666.94
1544816666.97
1544816667.03
1544816667.08
1544816667.12
1544816667.17
1544816667.23
1544816667.26
1544816667.29
1544816667.33
1544816667.38
1544816667.43
1544816667.48
1544816667.53
1544816667.56
1544816667.61
1544816667.69
1544816667.74
1544816667.8
1544816667.87
1544816667.91
1544816667.95
1544816668.0
1544816668.07
1544816668.11
1544816668.15
1544816668.21
1544816668.26
1544816668.3
1544816668.34
1544816668.39
1544816668.46
1544816668.5
1544816668.55
1544816668.59
1544816668.64
1544816668.69
1544816668.72
1544816668.76
1544816668.79
1544816668.87
1544816668.92
1544816668.96
1544816669.0
1544816669.05
1544816669.09
1544816669.14
1544816669.17
1544816669.22
1544816669.27
1544816669.31
1544816669.36
1544816669.42
1544816669.48
1544816669.52
1544816669.57
1544816669.63
1544816669.67
1544816669.71
1544816669.74
1544816669.78
1544816669.84
1544816669.89
1544816669.94
1544816669.98
1544816670.04
1544816670.1
1544816670.14
1544816670.17
1544816670.22
1544816670.28
1544816670.33
1544816670.38
1544816670.45
1544816670.49
1544816670.53
1544816670.57
1544816670.6
1544816670.66
1544816670.72
1544816670.75
1544816670.8
1544816670.85
1544816670.9
1544816670.94
1544816670.98
1544816671.06
1544816671.11
1544816671.16
1544816671.21
1544816671.25
1544816671.29
1544816671.33
1544816671.4
1544816671.44
1544816671.49
1544816671.54
1544816671.59
1544816671.66
1544816671.72
1544816671.8
1544816671.87
1544816671.93
1544816671.97
1544816672.01
1544816672.09
1544816672.13
1544816672.18
1544816672.25
1544816672.31
1544816672.36
1544816672.43
1544816672.49
1544816672.54
1544816672.58
1544816672.62
1544816672.67
1544816672.73
1544816672.76
1544816672.81
1544816672.85
1544816672.89
1544816672.93
1544816672.97
1544816673.01
1544816673.05
1544816673.08
1544816673.13
1544816673.17
1544816673.22
1544816673.25
1544816673.31
1544816673.37
1544816673.42
1544816673.46
1544816673.5
1544816673.55
1544816673.59
1544816673.62
1544816673.65
1544816673.69
1544816673.76
1544816673.79
1544816673.83
1544816673.87
1544816673.92
1544816673.97
1544816674.03
1544816674.07
1544816674.12
1544816674.16
1544816674.21
1544816674.24
1544816674.29
1544816674.33
1544816674.38
1544816674.42
1544816674.46
1544816674.5
1544816674.54
1544816674.59
1544816674.63
1544816674.67
1544816674.75
1544816674.79
1544816674.83
1544816674.87
1544816674.93
1544816674.96
1544816675.0
1544816675.06
1544816675.13
1544816675.2
1544816675.24
1544816675.27
1544816675.34
1544816675.38
1544816675.43
1544816675.47
1544816675.51
1544816675.55
1544816675.59
1544816675.62
1544816675.66
1544816675.72
1544816675.77
1544816675.83
1544816675.86
1544816675.92
1544816675.96
1544816676.0
1544816676.04
1544816676.08
1544816676.14
1544816676.19
1544816676.22
1544816676.25
1544816676.3
1544816676.35
1544816676.4
1544816676.43
1544816676.47
1544816676.53
1544816676.58
1544816676.63
1544816676.67
1544816676.73
1544816676.78
1544816676.82
1544816676.86
1544816676.91
1544816676.97
1544816677.01
1544816677.04
1544816677.08
1544816677.13
1544816677.19
1544816677.23
1544816677.27
1544816677.34
1544816677.39
1544816677.44
1544816677.48
1544816677.55
1544816677.6
1544816677.64
1544816677.68
1544816677.75
1544816677.8
1544816677.84
1544816677.88
1544816677.94
1544816678.0
1544816678.04
1544816678.08
1544816678.14
1544816678.19
1544816678.23
1544816678.26
1544816678.32
1544816678.36
1544816678.41
1544816678.45
1544816678.51
1544816678.56
1544816678.62
1544816678.66
1544816678.71
1544816678.75
1544816678.8
1544816678.86
1544816678.92
1544816678.97
1544816679.04
1544816679.11
1544816679.17
1544816679.23
1544816679.29
1544816679.36
1544816679.42
1544816679.48
1544816679.55
1544816679.62
1544816679.69
1544816679.75
1544816679.82
1544816679.89
1544816679.95
1544816680.02
1544816680.08
1544816680.15
1544816680.23
1544816680.27
1544816680.32
1544816680.36
1544816680.42
1544816680.46
1544816680.52
1544816680.57
1544816680.64
1544816680.71
1544816680.77
1544816680.84
1544816680.9
1544816680.97
1544816681.04
1544816681.11
1544816681.16
1544816681.22
1544816681.27
1544816681.32
1544816681.36
1544816681.39
1544816681.43
1544816681.49
1544816681.53
1544816681.57
1544816681.62
1544816681.69
1544816681.73
1544816681.77
1544816681.82
1544816681.89
1544816681.94
1544816681.98
1544816682.04
1544816682.1
1544816682.16
1544816682.2
1544816682.26
1544816682.31
1544816682.35
1544816682.39
1544816682.44
1544816682.52
1544816682.56
1544816682.59
1544816682.65
1544816682.68
1544816682.73
1544816682.77
1544816682.81
1544816682.85
1544816682.91
1544816682.94
1544816682.97
1544816683.01
1544816683.06
1544816683.12
1544816683.17
1544816683.25
1544816683.32
1544816683.34
1544816683.38
1544816683.42
1544816683.46
1544816683.53
1544816683.57
1544816683.61
1544816683.67
1544816683.71
1544816683.75
1544816683.78
1544816683.83
1544816683.89
1544816683.95
1544816683.99
1544816684.07
1544816684.12
1544816684.17
1544816684.2
1544816684.25
1544816684.29
1544816684.33
1544816684.37
1544816684.42
1544816684.49
1544816684.54
1544816684.58
1544816684.64
1544816684.71
1544816684.75
1544816684.79
1544816684.85
1544816684.91
1544816684.95
1544816684.99
1544816685.06
1544816685.12
1544816685.16
1544816685.21
1544816685.26
1544816685.31
1544816685.35
1544816685.39
1544816685.46
1544816685.52
1544816685.56
1544816685.61
1544816685.65
1544816685.68
1544816685.73
1544816685.77
1544816685.81
1544816685.89
1544816685.94
1544816685.98
1544816686.02
1544816686.07
1544816686.11
1544816686.15
1544816686.2
1544816686.23
1544816686.28
1544816686.32
1544816686.36
1544816686.41
1544816686.44
1544816686.48
1544816686.53
1544816686.57
1544816686.62
1544816686.68
1544816686.73
1544816686.77
1544816686.81
1544816686.87
1544816686.93
1544816686.97
1544816687.02
1544816687.1
1544816687.14
1544816687.19
1544816687.25
1544816687.3
1544816687.34
1544816687.38
1544816687.43
1544816687.49
1544816687.54
1544816687.58
1544816687.65
1544816687.72
1544816687.76
1544816687.81
1544816687.88
1544816687.93
1544816687.96
1544816688.0
1544816688.05
1544816688.12
1544816688.15
1544816688.2
1544816688.27
1544816688.31
1544816688.35
1544816688.4
1544816688.45
1544816688.52
1544816688.55
1544816688.57
1544816688.61
1544816688.68
1544816688.74
1544816688.77
1544816688.82
1544816688.88
1544816688.93
1544816688.97
1544816689.02
1544816689.09
1544816689.14
1544816689.17
1544816689.22
1544816689.26
1544816689.31
1544816689.36
1544816689.41
1544816689.46
1544816689.52
1544816689.58
1544816689.64
1544816689.7
1544816689.75
1544816689.8
1544816689.85
1544816689.9
1544816689.96
1544816690.01
1544816690.07
1544816690.12
1544816690.18
1544816690.24
1544816690.29
1544816690.35
1544816690.4
1544816690.44
1544816690.47
1544816690.53
1544816690.57
1544816690.62
1544816690.66
1544816690.72
1544816690.77
1544816690.82
1544816690.86
1544816690.91
1544816690.97
1544816691.04
1544816691.12
1544816691.19
1544816691.24
1544816691.3
1544816691.36
1544816691.43
1544816691.49
1544816691.55
1544816691.61
1544816691.68
1544816691.72
1544816691.79
1544816691.84
1544816691.88
1544816691.92
1544816691.97
1544816692.02
1544816692.06
1544816692.12
1544816692.17
1544816692.21
1544816692.26
1544816692.32
1544816692.39
1544816692.44
1544816692.49
1544816692.55
1544816692.62
1544816692.68
1544816692.75
1544816692.83
1544816692.91
1544816692.99
1544816693.04
1544816693.1
1544816693.15
1544816693.22
1544816693.27
1544816693.34
1544816693.42
1544816693.46
1544816693.52
1544816693.57
1544816693.63
1544816693.68
1544816693.72
1544816693.77
1544816693.82
1544816693.86
1544816693.9
1544816693.97
1544816694.03
1544816694.08
1544816694.12
1544816694.19
1544816694.23
1544816694.27
1544816694.32
1544816694.38
1544816694.43
1544816694.47
1544816694.53
1544816694.6
1544816694.65
1544816694.7
1544816694.75
1544816694.8
1544816694.84
1544816694.87
1544816694.91
1544816694.97
1544816695.02
1544816695.06
1544816695.09
1544816695.14
1544816695.19
1544816695.24
1544816695.27
1544816695.32
1544816695.37
1544816695.42
1544816695.46
1544816695.49
1544816695.54
1544816695.61
1544816695.65
1544816695.69
1544816695.75
1544816695.82
1544816695.85
1544816695.91
1544816695.95
1544816695.99
1544816696.04
1544816696.07
1544816696.11
1544816696.16
1544816696.22
1544816696.26
1544816696.31
1544816696.36
1544816696.41
1544816696.45
1544816696.49
1544816696.56
1544816696.62
1544816696.66
1544816696.7
1544816696.77
1544816696.82
1544816696.85
1544816696.89
1544816696.94
1544816696.97
1544816697.02
1544816697.06
1544816697.12
1544816697.17
1544816697.22
1544816697.25
1544816697.3
1544816697.34
1544816697.41
1544816697.45
1544816697.48
1544816697.55
1544816697.6
1544816697.65
1544816697.69
1544816697.76
1544816697.81
1544816697.84
1544816697.89
1544816697.93
1544816698.01
1544816698.04
1544816698.08
1544816698.12
1544816698.21
1544816698.25
1544816698.29
1544816698.33
1544816698.38
1544816698.42
1544816698.47
1544816698.51
1544816698.57
1544816698.64
1544816698.67
1544816698.73
1544816698.79
1544816698.83
1544816698.88
1544816698.92
1544816698.97
1544816699.02
1544816699.06
1544816699.12
1544816699.15
1544816699.2
1544816699.25
1544816699.29
1544816699.33
1544816699.39
1544816699.45
1544816699.48
1544816699.52
1544816699.56
1544816699.62
1544816699.66
1544816699.7
1544816699.77
1544816699.82
1544816699.85
1544816699.89
1544816699.92
1544816700.0
1544816700.05
1544816700.09
1544816700.14
1544816700.2
1544816700.25
1544816700.28
1544816700.33
1544816700.38
1544816700.42
1544816700.47
1544816700.52
1544816700.59
1544816700.64
1544816700.69
1544816700.75
1544816700.82
1544816700.85
1544816700.89
1544816700.93
1544816700.99
1544816701.03
1544816701.07
1544816701.11
1544816701.16
1544816701.22
1544816701.26
1544816701.29
1544816701.34
1544816701.4
1544816701.44
1544816701.49
1544816701.55
1544816701.61
1544816701.64
1544816701.68
1544816701.73
1544816701.79
1544816701.84
1544816701.88
1544816701.92
1544816701.97
1544816702.03
1544816702.07
1544816702.11
1544816702.17
1544816702.23
1544816702.27
1544816702.32
1544816702.37
1544816702.42
1544816702.45
1544816702.5
1544816702.56
1544816702.62
1544816702.65
1544816702.69
1544816702.77
1544816702.82
1544816702.87
1544816702.92
1544816702.99
1544816703.02
1544816703.06
1544816703.1
1544816703.16
1544816703.2
1544816703.25
1544816703.29
1544816703.34
1544816703.39
1544816703.43
1544816703.46
1544816703.5
1544816703.56
1544816703.61
1544816703.65
1544816703.69
1544816703.77
1544816703.83
1544816703.87
1544816703.91
1544816703.97
1544816704.03
1544816704.07
1544816704.12
1544816704.15
1544816704.19
1544816704.23
1544816704.26
1544816704.3
1544816704.34
1544816704.4
1544816704.44
1544816704.49
1544816704.53
1544816704.56
1544816704.61
1544816704.66
1544816704.71
1544816704.76
1544816704.82
1544816704.87
1544816704.92
1544816704.97
1544816705.03
1544816705.1
1544816705.15
1544816705.2
1544816705.27
1544816705.33
1544816705.39
1544816705.45
1544816705.53
1544816705.57
1544816705.61
1544816705.66
1544816705.71
1544816705.77
1544816705.81
1544816705.86
1544816705.92
1544816705.96
1544816706.02
1544816706.07
1544816706.13
1544816706.17
1544816706.23
1544816706.27
1544816706.33
1544816706.37
1544816706.43
1544816706.49
1544816706.55
1544816706.6
1544816706.66
1544816706.72
1544816706.77
1544816706.83
1544816706.87
1544816706.92
1544816706.97
1544816707.02
1544816707.06
1544816707.1
1544816707.14
1544816707.19
1544816707.24
1544816707.27
1544816707.34
1544816707.39
1544816707.43
1544816707.47
1544816707.5
1544816707.56
1544816707.61
1544816707.64
1544816707.68
1544816707.73
1544816707.78
1544816707.83
1544816707.87
1544816707.92
1544816707.95
1544816707.98
1544816708.03
1544816708.07
1544816708.11
1544816708.17
1544816708.23
1544816708.27
1544816708.32
1544816708.41
1544816708.46
1544816708.51
1544816708.6
1544816708.64
1544816708.69
1544816708.73
1544816708.77
1544816708.8
1544816708.85
1544816708.89
1544816708.92
1544816708.97
1544816709.04
1544816709.07
1544816709.12
1544816709.19
1544816709.24
1544816709.27
1544816709.31
1544816709.36
1544816709.41
1544816709.45
1544816709.49
1544816709.58
1544816709.63
1544816709.66
1544816709.69
1544816709.74
1544816709.79
1544816709.84
1544816709.87
1544816709.91
1544816709.98
1544816710.03
1544816710.07
1544816710.12
1544816710.17
1544816710.23
1544816710.27
1544816710.31
1544816710.37
1544816710.43
1544816710.49
1544816710.55
1544816710.62
1544816710.68
1544816710.73
1544816710.77
1544816710.82
1544816710.87
1544816710.93
1544816710.96
1544816711.04
1544816711.12
1544816711.19
1544816711.26
1544816711.32
1544816711.37
1544816711.44
1544816711.49
1544816711.54
1544816711.59
1544816711.65
1544816711.7
1544816711.75
1544816711.79
1544816711.84
1544816711.93
1544816712.01
1544816712.07
1544816712.15
1544816712.2
1544816712.25
1544816712.31
1544816712.35
1544816712.41
1544816712.49
1544816712.56
1544816712.64
1544816712.73
1544816712.81
1544816712.87
1544816712.94
1544816713.02
1544816713.09
1544816713.14
1544816713.19
1544816713.24
1544816713.3
1544816713.36
1544816713.42
1544816713.47
1544816713.51
1544816713.58
1544816713.64
1544816713.71
1544816713.78
1544816713.84
