1544815688.39
1544815688.61
1544815688.72
1544815688.85
1544815688.96
1544815689.08
1544815689.2
1544815689.32
1544815689.41
1544815689.49
1544815689.55
1544815689.67
1544815689.78
1544815689.87
1544815689.98
1544815690.09
1544815690.2
1544815690.29
1544815690.39
1544815690.48
1544815690.57
1544815690.68
1544815690.77
1544815690.87
1544815690.96
1544815691.05
1544815691.14
1544815691.25
1544815691.35
1544815691.44
1544815691.55
1544815691.66
1544815691.74
1544815691.82
1544815691.9
1544815691.97
1544815692.04
1544815692.13
1544815692.2
1544815692.27
1544815692.36
1544815692.43
1544815692.5
1544815692.56
1544815692.63
1544815692.71
1544815692.78
1544815692.85
1544815692.92
1544815692.99
1544815693.06
1544815693.14
1544815693.23
1544815693.28
1544815693.36
1544815693.43
1544815693.5
1544815693.56
1544815693.63
1544815693.7
1544815693.77
1544815693.83
1544815693.9
1544815693.99
1544815694.06
1544815694.13
1544815694.2
1544815694.26
1544815694.34
1544815694.41
1544815694.48
1544815694.54
1544815694.6
1544815694.66
1544815694.76
1544815694.83
1544815694.92
1544815694.99
1544815695.05
1544815695.12
1544815695.18
1544815695.25
1544815695.3
1544815695.37
1544815695.43
1544815695.48
1544815695.54
1544815695.6
1544815695.66
1544815695.71
1544815695.78
1544815695.83
1544815695.92
1544815696.0
1544815696.05
1544815696.13
1544815696.18
1544815696.23
1544815696.3
1544815696.36
1544815696.43
1544815696.5
1544815696.57
1544815696.63
1544815696.7
1544815696.75
1544815696.8
1544815696.86
1544815696.92
1544815696.97
1544815697.1
1544815697.2
1544815697.3
1544815697.39
1544815697.45
1544815697.53
1544815697.58
1544815697.65
1544815697.76
1544815697.83
1544815697.91
1544815697.96
1544815698.03
1544815698.09
1544815698.16
1544815698.22
1544815698.28
1544815698.34
1544815698.4
1544815698.45
1544815698.51
1544815698.57
1544815698.62
1544815698.66
1544815698.71
1544815698.76
1544815698.84
1544815698.91
1544815698.97
1544815699.04
1544815699.1
1544815699.16
1544815699.22
1544815699.27
1544815699.32
1544815699.37
1544815699.44
1544815699.51
1544815699.58
1544815699.66
1544815699.74
1544815699.81
1544815699.89
1544815699.95
1544815700.02
1544815700.08
1544815700.14
1544815700.19
1544815700.23
1544815700.28
1544815700.32
1544815700.41
1544815700.48
1544815700.56
1544815700.63
1544815700.7
1544815700.77
1544815700.83
1544815700.9
1544815700.97
1544815701.04
1544815701.11
1544815701.18
1544815701.24
1544815701.32
1544815701.36
1544815701.44
1544815701.51
1544815701.58
1544815701.64
1544815701.71
1544815701.77
1544815701.84
1544815701.91
1544815701.98
1544815702.04
1544815702.11
1544815702.17
1544815702.24
1544815702.31
1544815702.38
1544815702.43
1544815702.5
1544815702.55
1544815702.61
1544815702.67
1544815702.74
1544815702.81
1544815702.87
1544815702.94
1544815703.01
1544815703.09
1544815703.13
1544815703.16
1544815703.24
1544815703.31
1544815703.37
1544815703.43
1544815703.49
1544815703.54
1544815703.6
1544815703.65
1544815703.72
1544815703.81
1544815703.87
1544815703.94
1544815703.99
1544815704.04
1544815704.12
1544815704.2
1544815704.27
1544815704.33
1544815704.39
1544815704.45
1544815704.51
1544815704.56
1544815704.62
1544815704.68
1544815704.73
1544815704.78
1544815704.84
1544815704.9
1544815704.96
1544815705.01
1544815705.07
1544815705.13
1544815705.19
1544815705.24
1544815705.3
1544815705.36
1544815705.4
1544815705.45
1544815705.53
1544815705.58
1544815705.63
1544815705.71
1544815705.79
1544815705.85
1544815705.91
1544815705.95
1544815706.02
1544815706.09
1544815706.16
1544815706.21
1544815706.28
1544815706.34
1544815706.39
1544815706.45
1544815706.51
1544815706.57
1544815706.62
1544815706.7
1544815706.78
1544815706.85
1544815706.92
1544815706.97
1544815707.04
1544815707.11
1544815707.18
1544815707.24
1544815707.31
1544815707.39
1544815707.45
1544815707.52
1544815707.59
1544815707.65
1544815707.73
1544815707.78
1544815707.85
1544815707.92
1544815707.98
1544815708.05
1544815708.11
1544815708.17
1544815708.24
1544815708.29
1544815708.37
1544815708.43
1544815708.5
1544815708.56
1544815708.63
1544815708.69
1544815708.78
1544815708.86
1544815708.93
1544815709.01
1544815709.08
1544815709.15
1544815709.24
1544815709.31
1544815709.38
1544815709.44
1544815709.51
1544815709.58
1544815709.66
1544815709.75
1544815709.84
1544815709.9
1544815709.98
1544815710.06
1544815710.12
1544815710.19
1544815710.24
1544815710.3
1544815710.35
1544815710.42
1544815710.5
1544815710.57
1544815710.64
1544815710.71
1544815710.77
1544815710.84
1544815710.9
1544815710.96
1544815711.03
1544815711.09
1544815711.16
1544815711.22
1544815711.29
1544815711.34
1544815711.4
1544815711.46
1544815711.51
1544815711.57
1544815711.61
1544815711.68
1544815711.74
1544815711.78
1544815711.82
1544815711.86
1544815711.92
1544815711.97
1544815712.01
1544815712.04
1544815712.09
1544815712.15
1544815712.19
1544815712.23
1544815712.26
1544815712.32
1544815712.37
1544815712.41
1544815712.44
1544815712.48
1544815712.56
1544815712.61
1544815712.65
1544815712.69
1544815712.74
1544815712.78
1544815712.81
1544815712.85
1544815712.89
1544815712.94
1544815713.0
1544815713.03
1544815713.08
1544815713.13
1544815713.19
1544815713.23
1544815713.28
1544815713.35
1544815713.41
1544815713.45
1544815713.49
1544815713.57
1544815713.62
1544815713.66
1544815713.72
1544815713.78
1544815713.81
1544815713.85
1544815713.89
1544815713.94
1544815713.99
1544815714.03
1544815714.08
1544815714.16
1544815714.21
1544815714.25
1544815714.29
1544815714.33
1544815714.39
1544815714.42
1544815714.49
1544815714.54
1544815714.58
1544815714.61
1544815714.65
1544815714.71
1544815714.77
1544815714.8
1544815714.84
1544815714.9
1544815714.95
1544815714.99
1544815715.03
1544815715.08
1544815715.15
1544815715.2
1544815715.23
1544815715.28
1544815715.34
1544815715.39
1544815715.43
1544815715.47
1544815715.53
1544815715.57
1544815715.6
1544815715.64
1544815715.68
1544815715.72
1544815715.78
1544815715.82
1544815715.86
1544815715.9
1544815715.94
1544815715.99
1544815716.03
1544815716.07
1544815716.13
1544815716.18
1544815716.22
1544815716.25
1544815716.29
1544815716.34
1544815716.38
1544815716.42
1544815716.45
1544815716.52
1544815716.57
1544815716.61
1544815716.64
1544815716.67
1544815716.71
1544815716.74
1544815716.79
1544815716.84
1544815716.88
1544815716.92
1544815716.96
1544815717.0
1544815717.04
1544815717.1
1544815717.16
1544815717.2
1544815717.24
1544815717.28
1544815717.34
1544815717.4
1544815717.43
1544815717.48
1544815717.53
1544815717.57
1544815717.61
1544815717.65
1544815717.73
1544815717.79
1544815717.85
1544815717.91
1544815717.97
1544815718.03
1544815718.1
1544815718.15
1544815718.2
1544815718.24
1544815718.3
1544815718.35
1544815718.4
1544815718.44
1544815718.5
1544815718.55
1544815718.62
1544815718.68
1544815718.74
1544815718.81
1544815718.88
1544815718.94
1544815719.01
1544815719.07
1544815719.13
1544815719.19
1544815719.25
1544815719.29
1544815719.34
1544815719.38
1544815719.44
1544815719.48
1544815719.54
1544815719.6
1544815719.65
1544815719.72
1544815719.78
1544815719.83
1544815719.9
1544815719.93
1544815719.98
1544815720.03
1544815720.08
1544815720.13
1544815720.19
1544815720.24
1544815720.29
1544815720.33
1544815720.37
1544815720.42
1544815720.48
1544815720.54
1544815720.6
1544815720.67
1544815720.73
1544815720.79
1544815720.84
1544815720.9
1544815720.95
1544815721.01
1544815721.06
1544815721.13
1544815721.2
1544815721.24
1544815721.31
1544815721.36
1544815721.42
1544815721.47
1544815721.53
1544815721.59
1544815721.64
1544815721.7
1544815721.75
1544815721.81
1544815721.85
1544815721.9
1544815721.95
1544815721.99
1544815722.04
1544815722.09
1544815722.13
1544815722.19
1544815722.22
1544815722.26
1544815722.31
1544815722.35
1544815722.42
1544815722.47
1544815722.51
1544815722.54
1544815722.61
1544815722.67
1544815722.7
1544815722.74
1544815722.79
1544815722.85
1544815722.9
1544815722.93
1544815722.96
1544815723.02
1544815723.07
1544815723.11
1544815723.15
1544815723.21
1544815723.26
1544815723.3
1544815723.33
1544815723.37
1544815723.42
1544815723.47
1544815723.5
1544815723.53
1544815723.57
1544815723.62
1544815723.67
1544815723.7
1544815723.74
1544815723.81
1544815723.86
1544815723.9
1544815723.94
1544815723.98
1544815724.03
1544815724.07
1544815724.12
1544815724.16
1544815724.21
1544815724.24
1544815724.3
1544815724.33
1544815724.37
1544815724.44
1544815724.48
1544815724.52
1544815724.55
1544815724.61
1544815724.65
1544815724.7
1544815724.73
1544815724.78
1544815724.85
1544815724.9
1544815724.94
1544815724.98
1544815725.04
1544815725.08
1544815725.11
1544815725.14
1544815725.19
1544815725.23
1544815725.27
1544815725.31
1544815725.34
1544815725.4
1544815725.46
1544815725.49
1544815725.53
1544815725.57
1544815725.61
1544815725.65
1544815725.7
1544815725.73
1544815725.77
1544815725.8
1544815725.84
1544815725.88
1544815725.92
1544815725.95
1544815726.02
1544815726.07
1544815726.11
1544815726.14
1544815726.2
1544815726.25
1544815726.3
1544815726.33
1544815726.4
1544815726.43
1544815726.47
1544815726.52
1544815726.57
1544815726.61
1544815726.65
1544815726.69
1544815726.72
1544815726.76
1544815726.81
1544815726.87
1544815726.91
1544815726.94
1544815727.02
1544815727.08
1544815727.11
1544815727.15
1544815727.23
1544815727.27
1544815727.31
1544815727.34
1544815727.38
1544815727.42
1544815727.47
1544815727.52
1544815727.56
1544815727.6
1544815727.65
1544815727.69
1544815727.74
1544815727.78
1544815727.82
1544815727.86
1544815727.91
1544815727.94
1544815728.01
1544815728.06
1544815728.1
1544815728.14
1544815728.21
1544815728.27
1544815728.31
1544815728.35
1544815728.41
1544815728.46
1544815728.51
1544815728.55
1544815728.59
1544815728.63
1544815728.67
1544815728.72
1544815728.77
1544815728.83
1544815728.87
1544815728.91
1544815728.95
1544815728.99
1544815729.04
1544815729.08
1544815729.12
1544815729.17
1544815729.23
1544815729.27
1544815729.32
1544815729.36
1544815729.41
1544815729.44
1544815729.48
1544815729.51
1544815729.55
1544815729.61
1544815729.66
1544815729.7
1544815729.74
1544815729.78
1544815729.86
1544815729.91
1544815729.94
1544815729.98
1544815730.03
1544815730.1
1544815730.13
1544815730.18
1544815730.24
1544815730.3
1544815730.34
1544815730.39
1544815730.45
1544815730.5
1544815730.54
1544815730.63
1544815730.68
1544815730.72
1544815730.76
1544815730.81
1544815730.85
1544815730.92
1544815730.98
1544815731.02
1544815731.08
1544815731.13
1544815731.2
1544815731.25
1544815731.31
1544815731.38
1544815731.42
1544815731.48
1544815731.54
1544815731.62
1544815731.68
1544815731.74
1544815731.81
1544815731.88
1544815731.93
1544815731.95
1544815732.03
1544815732.1
1544815732.15
1544815732.21
1544815732.26
1544815732.32
1544815732.38
1544815732.41
1544815732.46
1544815732.51
1544815732.54
1544815732.58
1544815732.65
1544815732.7
1544815732.74
1544815732.8
1544815732.84
1544815732.88
1544815732.92
1544815732.95
1544815733.01
1544815733.07
1544815733.1
1544815733.14
1544815733.19
1544815733.27
1544815733.31
1544815733.34
1544815733.4
1544815733.46
1544815733.51
1544815733.54
1544815733.58
1544815733.64
1544815733.68
1544815733.72
1544815733.76
1544815733.83
1544815733.89
1544815733.92
1544815733.96
1544815734.01
1544815734.07
1544815734.1
1544815734.14
1544815734.18
1544815734.22
1544815734.26
1544815734.3
1544815734.34
1544815734.4
1544815734.47
1544815734.51
1544815734.55
1544815734.63
1544815734.7
1544815734.73
1544815734.78
1544815734.82
1544815734.85
1544815734.89
1544815734.93
1544815734.98
1544815735.05
1544815735.1
1544815735.14
1544815735.19
1544815735.23
1544815735.28
1544815735.32
1544815735.37
1544815735.41
1544815735.48
1544815735.52
1544815735.57
1544815735.63
1544815735.68
1544815735.72
1544815735.75
1544815735.8
1544815735.84
1544815735.88
1544815735.92
1544815735.95
1544815736.0
1544815736.03
1544815736.08
1544815736.15
1544815736.2
1544815736.24
1544815736.3
1544815736.34
1544815736.41
1544815736.48
1544815736.53
1544815736.59
1544815736.65
1544815736.72
1544815736.8
1544815736.87
1544815736.94
1544815737.02
1544815737.09
1544815737.13
1544815737.17
1544815737.23
1544815737.28
1544815737.33
1544815737.41
1544815737.48
1544815737.54
1544815737.61
1544815737.67
1544815737.73
1544815737.81
1544815737.89
1544815737.95
1544815738.01
1544815738.07
1544815738.12
1544815738.19
1544815738.24
1544815738.3
1544815738.34
1544815738.41
1544815738.47
1544815738.54
1544815738.62
1544815738.68
1544815738.74
1544815738.77
1544815738.81
1544815738.86
1544815738.92
1544815738.98
1544815739.05
1544815739.1
1544815739.18
1544815739.22
1544815739.26
1544815739.33
1544815739.4
1544815739.45
1544815739.51
1544815739.6
1544815739.66
1544815739.73
1544815739.8
1544815739.85
1544815739.91
1544815739.95
1544815740.02
1544815740.07
1544815740.13
1544815740.19
1544815740.23
1544815740.3
1544815740.34
1544815740.41
1544815740.46
1544815740.53
1544815740.57
1544815740.62
1544815740.69
1544815740.72
1544815740.75
1544815740.82
1544815740.88
1544815740.91
1544815740.95
1544815741.0
1544815741.04
1544815741.09
1544815741.13
1544815741.18
1544815741.25
1544815741.3
1544815741.33
1544815741.38
1544815741.44
1544815741.5
1544815741.53
1544815741.58
1544815741.62
1544815741.67
1544815741.71
1544815741.75
1544815741.82
1544815741.88
1544815741.92
1544815741.97
1544815742.0
1544815742.06
1544815742.11
1544815742.15
1544815742.21
1544815742.27
1544815742.31
1544815742.34
1544815742.41
1544815742.46
1544815742.51
1544815742.56
1544815742.62
1544815742.67
1544815742.71
1544815742.74
1544815742.8
1544815742.84
1544815742.89
1544815742.93
1544815742.98
1544815743.06
1544815743.11
1544815743.15
1544815743.18
1544815743.24
1544815743.29
1544815743.32
1544815743.37
1544815743.42
1544815743.47
1544815743.51
1544815743.55
1544815743.58
1544815743.62
1544815743.65
1544815743.69
1544815743.73
1544815743.78
1544815743.82
1544815743.87
1544815743.91
1544815743.94
1544815743.98
1544815744.04
1544815744.08
1544815744.12
1544815744.16
1544815744.21
1544815744.27
1544815744.31
1544815744.34
1544815744.4
1544815744.47
1544815744.5
1544815744.54
1544815744.58
1544815744.63
1544815744.68
1544815744.72
1544815744.76
1544815744.81
1544815744.87
1544815744.92
1544815744.97
1544815745.02
1544815745.07
1544815745.11
1544815745.15
1544815745.21
1544815745.26
1544815745.3
1544815745.33
1544815745.38
1544815745.44
1544815745.49
1544815745.52
1544815745.56
1544815745.65
1544815745.7
1544815745.74
1544815745.79
1544815745.83
1544815745.88
1544815745.92
1544815745.95
1544815746.02
1544815746.08
1544815746.12
1544815746.17
1544815746.21
1544815746.27
1544815746.31
1544815746.34
1544815746.4
1544815746.44
1544815746.49
1544815746.54
1544815746.58
1544815746.65
1544815746.7
1544815746.74
1544815746.78
1544815746.82
1544815746.86
1544815746.91
1544815746.94
1544815746.99
1544815747.03
1544815747.09
1544815747.13
1544815747.17
1544815747.22
1544815747.26
1544815747.31
1544815747.35
1544815747.4
1544815747.44
1544815747.49
1544815747.53
1544815747.58
1544815747.64
1544815747.68
1544815747.72
1544815747.75
1544815747.81
1544815747.86
1544815747.9
1544815747.94
1544815747.98
1544815748.05
1544815748.1
1544815748.13
1544815748.17
1544815748.21
1544815748.25
1544815748.29
1544815748.32
1544815748.35
1544815748.42
1544815748.47
1544815748.51
1544815748.54
1544815748.58
1544815748.62
1544815748.67
1544815748.71
1544815748.74
1544815748.78
1544815748.83
1544815748.88
1544815748.92
1544815748.96
1544815749.0
1544815749.05
1544815749.08
1544815749.11
1544815749.15
1544815749.18
1544815749.23
1544815749.28
1544815749.31
1544815749.34
1544815749.38
1544815749.44
1544815749.51
1544815749.55
1544815749.62
1544815749.67
1544815749.72
1544815749.75
1544815749.8
1544815749.84
1544815749.89
1544815749.92
1544815749.97
1544815750.02
1544815750.06
1544815750.1
1544815750.14
1544815750.18
1544815750.24
1544815750.28
1544815750.32
1544815750.36
1544815750.43
1544815750.5
1544815750.55
1544815750.62
1544815750.68
1544815750.72
1544815750.76
1544815750.8
1544815750.84
1544815750.9
1544815750.94
1544815750.99
1544815751.03
1544815751.07
1544815751.12
1544815751.16
1544815751.21
1544815751.25
1544815751.3
1544815751.35
1544815751.42
1544815751.48
1544815751.53
1544815751.6
1544815751.65
1544815751.71
1544815751.76
1544815751.82
1544815751.88
1544815751.93
1544815751.99
1544815752.05
1544815752.12
1544815752.19
1544815752.27
1544815752.32
1544815752.35
1544815752.41
1544815752.45
1544815752.51
1544815752.56
1544815752.62
1544815752.67
1544815752.71
1544815752.75
1544815752.81
1544815752.85
1544815752.92
1544815752.97
1544815753.02
1544815753.08
1544815753.14
1544815753.21
1544815753.28
1544815753.35
1544815753.42
1544815753.48
1544815753.54
1544815753.61
1544815753.67
1544815753.74
1544815753.8
1544815753.86
1544815753.93
1544815753.99
1544815754.05
1544815754.11
1544815754.18
1544815754.25
1544815754.31
1544815754.35
1544815754.38
1544815754.44
1544815754.48
1544815754.52
1544815754.56
1544815754.62
1544815754.67
1544815754.7
1544815754.73
1544815754.77
1544815754.83
1544815754.88
1544815754.92
1544815754.95
1544815755.01
1544815755.05
1544815755.1
1544815755.14
1544815755.18
1544815755.22
1544815755.26
1544815755.31
1544815755.35
1544815755.4
1544815755.45
1544815755.5
1544815755.53
1544815755.59
1544815755.64
1544815755.68
1544815755.72
1544815755.75
1544815755.79
1544815755.83
1544815755.88
1544815755.92
1544815755.96
1544815756.01
1544815756.06
1544815756.09
1544815756.13
1544815756.18
1544815756.23
1544815756.27
1544815756.3
1544815756.34
1544815756.39
1544815756.45
1544815756.51
1544815756.56
1544815756.6
1544815756.64
1544815756.69
1544815756.72
1544815756.75
1544815756.83
1544815756.88
1544815756.92
1544815756.96
1544815757.01
1544815757.04
1544815757.09
1544815757.13
1544815757.17
1544815757.23
1544815757.28
1544815757.31
1544815757.35
1544815757.4
1544815757.45
1544815757.49
1544815757.53
1544815757.6
1544815757.66
1544815757.71
1544815757.74
1544815757.8
1544815757.86
1544815757.91
1544815757.95
1544815758.02
1544815758.06
1544815758.11
1544815758.15
1544815758.2
1544815758.26
1544815758.31
1544815758.35
1544815758.4
1544815758.47
1544815758.51
1544815758.55
1544815758.6
1544815758.64
1544815758.68
1544815758.73
1544815758.78
1544815758.83
1544815758.9
1544815758.97
1544815759.02
1544815759.09
1544815759.15
1544815759.22
1544815759.28
1544815759.35
1544815759.42
1544815759.5
1544815759.56
1544815759.62
1544815759.69
1544815759.75
1544815759.83
1544815759.89
1544815759.95
1544815760.01
1544815760.05
1544815760.11
1544815760.17
1544815760.22
1544815760.27
1544815760.34
1544815760.39
1544815760.45
1544815760.5
1544815760.57
1544815760.62
1544815760.68
1544815760.74
1544815760.8
1544815760.87
1544815760.94
1544815760.99
1544815761.05
1544815761.1
1544815761.15
1544815761.21
1544815761.26
1544815761.31
1544815761.36
1544815761.4
1544815761.44
1544815761.51
1544815761.55
1544815761.59
1544815761.63
1544815761.67
1544815761.71
1544815761.75
1544815761.79
1544815761.83
1544815761.88
1544815761.92
1544815761.96
1544815762.0
1544815762.04
1544815762.08
1544815762.12
1544815762.16
1544815762.21
1544815762.25
1544815762.29
1544815762.32
1544815762.36
1544815762.39
1544815762.43
1544815762.47
1544815762.51
1544815762.55
1544815762.6
1544815762.67
1544815762.71
1544815762.75
1544815762.82
1544815762.88
1544815762.92
1544815762.95
1544815763.0
1544815763.04
1544815763.08
1544815763.13
1544815763.17
1544815763.2
1544815763.24
1544815763.29
1544815763.32
1544815763.36
1544815763.41
1544815763.45
1544815763.49
1544815763.52
1544815763.55
1544815763.62
1544815763.67
1544815763.71
1544815763.74
1544815763.79
1544815763.82
1544815763.86
1544815763.9
1544815763.93
1544815763.98
1544815764.02
1544815764.08
1544815764.13
1544815764.18
1544815764.24
1544815764.28
1544815764.32
1544815764.36
1544815764.4
1544815764.45
1544815764.48
1544815764.52
1544815764.56
1544815764.61
1544815764.66
1544815764.7
1544815764.75
1544815764.8
1544815764.84
1544815764.89
1544815764.93
1544815765.0
1544815765.06
1544815765.1
1544815765.16
1544815765.22
1544815765.27
1544815765.31
1544815765.34
1544815765.38
1544815765.43
1544815765.49
1544815765.53
1544815765.58
1544815765.63
1544815765.68
1544815765.71
1544815765.75
1544815765.79
1544815765.84
1544815765.88
1544815765.92
1544815765.95
1544815766.04
1544815766.08
1544815766.12
1544815766.15
1544815766.2
1544815766.25
1544815766.3
1544815766.34
1544815766.38
1544815766.44
1544815766.49
1544815766.53
1544815766.56
1544815766.61
1544815766.66
1544815766.7
1544815766.75
1544815766.81
1544815766.87
1544815766.91
1544815766.94
1544815766.98
1544815767.01
1544815767.06
1544815767.1
1544815767.13
1544815767.17
1544815767.21
1544815767.27
1544815767.31
1544815767.35
1544815767.4
1544815767.47
1544815767.51
1544815767.54
1544815767.58
1544815767.65
1544815767.7
1544815767.74
1544815767.78
1544815767.87
1544815767.91
1544815767.95
1544815768.03
1544815768.08
1544815768.12
1544815768.16
1544815768.23
1544815768.28
1544815768.32
1544815768.36
1544815768.43
1544815768.5
1544815768.54
1544815768.6
1544815768.67
1544815768.71
1544815768.75
1544815768.82
1544815768.89
1544815768.92
1544815768.95
1544815769.0
1544815769.04
1544815769.1
1544815769.14
1544815769.2
1544815769.27
1544815769.32
1544815769.36
1544815769.41
1544815769.47
1544815769.5
1544815769.55
1544815769.61
1544815769.66
1544815769.72
1544815769.77
1544815769.82
1544815769.87
1544815769.94
1544815770.0
1544815770.05
1544815770.1
1544815770.13
1544815770.18
1544815770.23
1544815770.28
1544815770.34
1544815770.38
1544815770.42
1544815770.46
1544815770.51
1544815770.56
1544815770.61
1544815770.66
1544815770.71
1544815770.76
1544815770.82
1544815770.88
1544815770.95
1544815771.02
1544815771.09
1544815771.14
1544815771.21
1544815771.27
1544815771.33
1544815771.4
1544815771.47
1544815771.52
1544815771.58
1544815771.63
1544815771.69
1544815771.74
1544815771.79
1544815771.84
1544815771.89
1544815771.93
1544815771.98
1544815772.04
1544815772.09
1544815772.14
1544815772.19
1544815772.23
1544815772.28
1544815772.31
1544815772.36
1544815772.41
1544815772.45
1544815772.52
1544815772.6
1544815772.65
1544815772.71
1544815772.8
1544815772.88
1544815772.93
1544815773.01
1544815773.07
1544815773.13
1544815773.18
1544815773.22
1544815773.27
1544815773.33
1544815773.39
1544815773.47
1544815773.52
1544815773.6
1544815773.65
1544815773.73
1544815773.81
1544815773.87
1544815773.92
1544815773.96
1544815774.01
1544815774.06
1544815774.1
1544815774.13
1544815774.17
1544815774.23
1544815774.27
1544815774.31
1544815774.36
1544815774.4
1544815774.44
1544815774.48
1544815774.52
1544815774.56
1544815774.61
1544815774.65
1544815774.69
1544815774.73
1544815774.76
1544815774.8
1544815774.85
1544815774.9
1544815774.95
1544815775.0
1544815775.04
1544815775.09
1544815775.12
1544815775.16
1544815775.22
1544815775.27
1544815775.3
1544815775.33
1544815775.37
1544815775.45
1544815775.49
1544815775.53
1544815775.58
1544815775.64
1544815775.69
1544815775.73
1544815775.81
1544815775.88
1544815775.91
1544815775.96
1544815776.04
1544815776.11
1544815776.14
1544815776.23
1544815776.27
1544815776.32
1544815776.36
1544815776.41
1544815776.46
1544815776.5
1544815776.53
1544815776.57
1544815776.62
1544815776.68
1544815776.71
1544815776.75
1544815776.81
1544815776.87
1544815776.9
1544815776.94
1544815777.0
1544815777.07
1544815777.1
1544815777.15
1544815777.22
1544815777.27
1544815777.3
1544815777.34
1544815777.39
1544815777.44
1544815777.49
1544815777.52
1544815777.56
1544815777.6
1544815777.64
1544815777.68
1544815777.71
1544815777.75
1544815777.78
1544815777.85
1544815777.89
1544815777.92
1544815777.96
1544815778.03
1544815778.08
1544815778.12
1544815778.16
1544815778.24
1544815778.28
1544815778.32
1544815778.36
1544815778.41
1544815778.46
1544815778.5
1544815778.55
1544815778.6
1544815778.66
1544815778.7
1544815778.73
1544815778.77
1544815778.83
1544815778.87
1544815778.91
1544815778.94
1544815779.02
1544815779.07
1544815779.1
1544815779.13
1544815779.17
1544815779.25
1544815779.29
1544815779.33
1544815779.37
1544815779.43
1544815779.48
1544815779.52
1544815779.55
1544815779.62
1544815779.67
1544815779.73
1544815779.79
1544815779.84
1544815779.91
1544815779.98
1544815780.02
1544815780.07
1544815780.13
1544815780.19
1544815780.25
1544815780.29
1544815780.33
1544815780.39
1544815780.43
1544815780.48
1544815780.52
1544815780.58
1544815780.63
1544815780.69
1544815780.74
1544815780.8
1544815780.85
1544815780.91
1544815780.95
1544815781.01
1544815781.05
1544815781.11
1544815781.15
1544815781.22
1544815781.29
1544815781.33
1544815781.38
1544815781.42
1544815781.47
1544815781.53
1544815781.59
1544815781.63
1544815781.67
1544815781.74
1544815781.79
1544815781.83
1544815781.87
1544815781.91
1544815781.96
1544815782.0
1544815782.03
1544815782.08
1544815782.13
1544815782.17
1544815782.22
1544815782.27
1544815782.32
1544815782.36
1544815782.41
1544815782.45
1544815782.49
1544815782.55
1544815782.6
1544815782.63
1544815782.67
1544815782.7
1544815782.74
1544815782.78
1544815782.81
1544815782.85
1544815782.89
1544815782.92
1544815782.96
1544815783.0
1544815783.04
1544815783.09
1544815783.13
1544815783.16
1544815783.21
1544815783.24
1544815783.31
1544815783.38
1544815783.42
1544815783.46
1544815783.53
1544815783.59
1544815783.63
1544815783.68
1544815783.72
1544815783.79
1544815783.83
1544815783.88
1544815783.93
1544815783.98
1544815784.01
1544815784.05
1544815784.11
1544815784.16
1544815784.21
1544815784.24
1544815784.28
1544815784.34
1544815784.4
1544815784.45
1544815784.51
1544815784.58
1544815784.61
1544815784.65
1544815784.72
1544815784.78
1544815784.83
1544815784.89
1544815784.94
1544815784.99
1544815785.03
1544815785.08
1544815785.11
1544815785.14
1544815785.2
1544815785.27
1544815785.34
1544815785.39
1544815785.43
1544815785.48
1544815785.53
1544815785.6
1544815785.67
1544815785.73
1544815785.8
1544815785.88
1544815785.95
1544815786.02
1544815786.09
1544815786.16
1544815786.2
1544815786.24
1544815786.3
1544815786.35
1544815786.42
1544815786.49
1544815786.53
1544815786.57
1544815786.61
1544815786.66
1544815786.72
1544815786.79
1544815786.85
1544815786.92
1544815786.98
1544815787.04
1544815787.11
1544815787.16
1544815787.23
1544815787.31
1544815787.37
1544815787.44
1544815787.52
1544815787.6
1544815787.65
1544815787.72
1544815787.78
1544815787.85
1544815787.9
1544815787.95
1544815787.99
1544815788.04
1544815788.08
1544815788.12
1544815788.15
1544815788.2
1544815788.23
1544815788.28
1544815788.34
1544815788.39
1544815788.43
1544815788.47
1544815788.51
1544815788.56
1544815788.61
1544815788.64
1544815788.68
1544815788.75
1544815788.8
1544815788.83
1544815788.88
1544815788.94
1544815788.98
1544815789.02
1544815789.06
1544815789.14
1544815789.2
1544815789.24
1544815789.28
1544815789.34
1544815789.39
1544815789.44
1544815789.48
1544815789.52
1544815789.55
1544815789.59
1544815789.62
1544815789.67
1544815789.73
1544815789.78
1544815789.82
1544815789.86
1544815789.91
1544815789.96
1544815790.01
1544815790.04
1544815790.09
1544815790.16
1544815790.2
1544815790.23
1544815790.27
1544815790.36
1544815790.41
1544815790.44
1544815790.5
1544815790.54
1544815790.59
1544815790.62
1544815790.67
1544815790.71
1544815790.75
1544815790.8
1544815790.84
1544815790.9
1544815790.95
1544815791.01
1544815791.05
1544815791.11
1544815791.15
1544815791.2
1544815791.24
1544815791.29
1544815791.35
1544815791.4
1544815791.43
1544815791.47
1544815791.53
1544815791.59
1544815791.63
1544815791.68
1544815791.74
1544815791.8
1544815791.84
1544815791.89
1544815791.94
1544815791.98
1544815792.02
1544815792.06
1544815792.11
1544815792.17
1544815792.21
1544815792.25
1544815792.29
1544815792.35
1544815792.4
1544815792.44
1544815792.49
1544815792.54
1544815792.59
1544815792.63
1544815792.67
1544815792.72
1544815792.78
1544815792.82
1544815792.87
1544815792.95
1544815792.98
1544815793.01
1544815793.06
1544815793.11
1544815793.18
1544815793.23
1544815793.27
1544815793.32
1544815793.38
1544815793.42
1544815793.46
1544815793.53
1544815793.59
1544815793.62
1544815793.66
1544815793.72
1544815793.78
1544815793.83
1544815793.88
1544815793.93
1544815793.99
1544815794.03
1544815794.11
1544815794.18
1544815794.22
1544815794.26
1544815794.33
1544815794.4
1544815794.44
1544815794.49
1544815794.55
1544815794.59
1544815794.63
1544815794.67
1544815794.72
1544815794.78
1544815794.82
1544815794.86
1544815794.92
1544815794.99
1544815795.02
1544815795.06
1544815795.1
1544815795.16
1544815795.22
1544815795.26
1544815795.31
1544815795.35
1544815795.4
1544815795.43
1544815795.47
1544815795.56
1544815795.6
1544815795.64
1544815795.69
1544815795.76
1544815795.82
1544815795.85
1544815795.92
1544815795.98
1544815796.02
1544815796.06
1544815796.11
1544815796.16
1544815796.21
1544815796.24
1544815796.28
1544815796.34
1544815796.39
1544815796.43
1544815796.47
1544815796.51
1544815796.57
1544815796.61
1544815796.65
1544815796.7
1544815796.76
1544815796.82
1544815796.89
1544815796.92
1544815796.98
1544815797.05
1544815797.11
1544815797.15
1544815797.21
1544815797.27
1544815797.32
1544815797.38
1544815797.44
1544815797.5
1544815797.54
1544815797.6
1544815797.66
1544815797.72
1544815797.78
1544815797.84
1544815797.88
1544815797.92
1544815797.96
1544815798.01
1544815798.06
1544815798.11
1544815798.14
1544815798.18
1544815798.23
1544815798.28
1544815798.32
1544815798.4
1544815798.46
1544815798.54
1544815798.59
1544815798.63
1544815798.67
1544815798.71
1544815798.76
1544815798.81
1544815798.84
1544815798.91
1544815798.95
1544815799.01
1544815799.04
1544815799.1
1544815799.14
1544815799.19
1544815799.23
1544815799.27
1544815799.35
1544815799.39
1544815799.42
1544815799.46
1544815799.53
1544815799.58
1544815799.62
1544815799.65
1544815799.71
1544815799.77
1544815799.81
1544815799.84
1544815799.89
1544815799.93
1544815800.01
1544815800.08
1544815800.15
1544815800.21
1544815800.26
1544815800.3
1544815800.36
1544815800.42
1544815800.47
1544815800.52
1544815800.56
1544815800.63
1544815800.68
1544815800.72
1544815800.75
1544815800.82
1544815800.87
1544815800.93
1544815800.98
1544815801.03
1544815801.11
1544815801.18
1544815801.22
1544815801.25
1544815801.32
1544815801.37
1544815801.42
1544815801.48
1544815801.57
1544815801.62
1544815801.67
1544815801.73
1544815801.78
1544815801.83
1544815801.87
1544815801.95
1544815802.01
1544815802.05
1544815802.12
1544815802.19
1544815802.23
1544815802.28
1544815802.32
1544815802.38
1544815802.41
1544815802.46
1544815802.54
1544815802.62
1544815802.7
1544815802.79
1544815802.87
1544815802.93
1544815802.99
1544815803.05
1544815803.11
1544815803.15
1544815803.19
1544815803.24
1544815803.28
1544815803.32
1544815803.37
1544815803.4
1544815803.45
1544815803.49
1544815803.53
1544815803.57
1544815803.62
1544815803.67
1544815803.71
1544815803.75
1544815803.81
1544815803.85
1544815803.91
1544815803.95
1544815804.04
1544815804.11
1544815804.15
1544815804.23
1544815804.28
1544815804.33
1544815804.36
1544815804.43
1544815804.48
1544815804.52
1544815804.57
1544815804.63
1544815804.68
1544815804.72
1544815804.76
1544815804.82
1544815804.87
1544815804.92
1544815804.96
1544815805.03
1544815805.09
1544815805.12
1544815805.17
1544815805.26
1544815805.31
1544815805.34
1544815805.42
1544815805.49
1544815805.52
1544815805.57
1544815805.62
1544815805.67
1544815805.71
1544815805.75
1544815805.79
1544815805.84
1544815805.9
1544815805.93
1544815805.97
1544815806.01
1544815806.04
1544815806.1
1544815806.13
1544815806.2
1544815806.27
1544815806.31
1544815806.35
1544815806.44
1544815806.49
1544815806.53
1544815806.59
1544815806.63
1544815806.69
1544815806.73
1544815806.82
1544815806.89
1544815806.95
1544815807.03
1544815807.08
1544815807.11
1544815807.14
1544815807.19
1544815807.24
1544815807.3
1544815807.33
1544815807.37
1544815807.42
1544815807.46
1544815807.51
1544815807.54
1544815807.58
1544815807.65
1544815807.71
1544815807.75
1544815807.82
1544815807.88
1544815807.93
1544815807.98
1544815808.03
1544815808.08
1544815808.13
1544815808.16
1544815808.23
1544815808.28
1544815808.32
1544815808.37
1544815808.41
1544815808.45
1544815808.49
1544815808.53
1544815808.57
1544815808.62
1544815808.66
1544815808.71
1544815808.74
1544815808.82
1544815808.87
1544815808.91
1544815808.95
1544815809.01
1544815809.06
1544815809.1
1544815809.14
1544815809.2
1544815809.23
1544815809.29
1544815809.34
1544815809.4
1544815809.45
1544815809.5
1544815809.57
1544815809.63
1544815809.69
1544815809.74
1544815809.8
1544815809.85
1544815809.92
1544815809.98
1544815810.03
1544815810.1
1544815810.17
1544815810.23
1544815810.28
1544815810.34
1544815810.39
1544815810.44
1544815810.5
1544815810.57
1544815810.61
1544815810.65
1544815810.72
1544815810.81
1544815810.89
1544815810.96
1544815811.04
1544815811.11
1544815811.18
1544815811.24
1544815811.3
1544815811.34
1544815811.38
1544815811.43
1544815811.48
1544815811.52
1544815811.57
1544815811.62
1544815811.67
1544815811.71
1544815811.74
1544815811.8
1544815811.85
1544815811.89
1544815811.93
1544815811.97
1544815812.02
1544815812.07
1544815812.12
1544815812.17
1544815812.22
1544815812.27
1544815812.31
1544815812.35
1544815812.41
1544815812.48
1544815812.55
1544815812.65
1544815812.74
1544815812.84
1544815812.93
1544815813.01
1544815813.08
1544815813.12
1544815813.15
1544815813.21
1544815813.27
1544815813.33
1544815813.38
1544815813.44
1544815813.52
1544815813.6
1544815813.66
1544815813.71
1544815813.74
1544815813.81
1544815813.85
1544815813.91
1544815813.95
1544815814.0
1544815814.05
1544815814.12
1544815814.18
1544815814.24
1544815814.31
1544815814.38
1544815814.46
1544815814.51
1544815814.55
1544815814.63
1544815814.68
1544815814.71
1544815814.75
1544815814.8
1544815814.87
1544815814.91
1544815814.96
1544815815.01
1544815815.06
1544815815.12
1544815815.15
1544815815.2
1544815815.25
1544815815.29
1544815815.33
1544815815.36
1544815815.43
1544815815.48
1544815815.51
1544815815.54
1544815815.6
1544815815.64
1544815815.69
1544815815.73
1544815815.79
1544815815.87
1544815815.91
1544815815.95
1544815816.06
1544815816.1
1544815816.13
1544815816.18
1544815816.26
1544815816.3
1544815816.33
1544815816.37
1544815816.41
1544815816.46
1544815816.51
1544815816.55
1544815816.62
1544815816.67
1544815816.71
1544815816.74
1544815816.79
1544815816.85
1544815816.9
1544815816.93
1544815816.99
1544815817.05
1544815817.11
1544815817.15
1544815817.21
1544815817.27
1544815817.3
1544815817.35
1544815817.4
1544815817.46
1544815817.5
1544815817.54
1544815817.57
1544815817.66
1544815817.7
1544815817.74
1544815817.78
1544815817.82
1544815817.88
1544815817.93
1544815818.0
1544815818.06
1544815818.14
1544815818.22
1544815818.29
1544815818.34
1544815818.41
1544815818.47
1544815818.55
1544815818.64
1544815818.72
1544815818.78
1544815818.85
1544815818.92
1544815818.97
1544815819.02
1544815819.06
1544815819.11
1544815819.16
1544815819.21
1544815819.27
1544815819.33
1544815819.38
1544815819.42
1544815819.45
1544815819.49
1544815819.53
1544815819.59
1544815819.64
1544815819.71
1544815819.77
1544815819.81
1544815819.85
1544815819.9
1544815819.94
1544815819.98
1544815820.05
1544815820.1
1544815820.13
1544815820.18
1544815820.23
1544815820.28
1544815820.32
1544815820.36
1544815820.43
1544815820.48
1544815820.52
1544815820.56
1544815820.63
1544815820.68
1544815820.72
1544815820.76
1544815820.83
1544815820.9
1544815820.95
1544815821.0
1544815821.05
1544815821.1
1544815821.13
1544815821.19
1544815821.24
1544815821.29
1544815821.31
1544815821.34
1544815821.39
1544815821.43
1544815821.49
1544815821.53
1544815821.59
1544815821.68
1544815821.72
1544815821.75
1544815821.83
1544815821.91
1544815821.97
1544815822.03
1544815822.08
1544815822.13
1544815822.2
1544815822.27
1544815822.32
1544815822.39
1544815822.45
1544815822.51
1544815822.55
1544815822.61
1544815822.67
1544815822.72
1544815822.77
1544815822.83
1544815822.89
1544815822.95
1544815823.02
1544815823.09
1544815823.15
1544815823.21
1544815823.27
1544815823.31
1544815823.34
1544815823.4
1544815823.48
1544815823.55
1544815823.59
1544815823.64
1544815823.68
1544815823.72
1544815823.78
1544815823.85
1544815823.9
1544815823.94
1544815823.98
1544815824.05
1544815824.1
1544815824.13
1544815824.17
1544815824.23
1544815824.27
1544815824.31
1544815824.35
1544815824.41
1544815824.48
1544815824.53
1544815824.59
1544815824.64
1544815824.69
1544815824.73
1544815824.79
1544815824.85
1544815824.91
1544815824.94
1544815825.01
1544815825.07
1544815825.11
1544815825.15
1544815825.19
1544815825.24
1544815825.29
1544815825.33
1544815825.38
1544815825.43
1544815825.49
1544815825.53
1544815825.57
1544815825.63
1544815825.7
1544815825.73
1544815825.77
1544815825.81
1544815825.85
1544815825.91
1544815825.95
1544815825.99
1544815826.04
1544815826.09
1544815826.12
1544815826.16
1544815826.24
1544815826.31
1544815826.35
1544815826.41
1544815826.47
1544815826.51
1544815826.54
1544815826.59
1544815826.64
1544815826.69
1544815826.73
1544815826.78
1544815826.82
1544815826.87
1544815826.9
1544815826.93
1544815826.98
1544815827.04
1544815827.09
1544815827.13
1544815827.17
1544815827.22
1544815827.27
1544815827.31
1544815827.34
1544815827.4
1544815827.47
1544815827.52
1544815827.55
1544815827.61
1544815827.65
1544815827.71
1544815827.75
1544815827.8
1544815827.83
1544815827.88
1544815827.92
1544815827.96
1544815828.01
1544815828.09
1544815828.12
1544815828.16
1544815828.24
1544815828.28
1544815828.31
1544815828.35
1544815828.4
1544815828.44
1544815828.49
1544815828.52
1544815828.57
1544815828.61
1544815828.65
1544815828.7
1544815828.73
1544815828.78
1544815828.82
1544815828.87
1544815828.92
1544815828.97
1544815829.0
1544815829.05
1544815829.11
1544815829.18
1544815829.24
1544815829.31
1544815829.38
1544815829.48
1544815829.53
1544815829.61
1544815829.68
1544815829.73
1544815829.8
1544815829.88
1544815829.93
1544815829.98
1544815830.02
1544815830.06
1544815830.11
1544815830.16
1544815830.21
1544815830.27
1544815830.35
1544815830.41
1544815830.47
1544815830.53
1544815830.59
1544815830.63
1544815830.69
1544815830.73
1544815830.79
1544815830.84
1544815830.9
1544815830.95
1544815831.0
1544815831.05
1544815831.11
1544815831.17
1544815831.2
1544815831.24
1544815831.29
1544815831.36
1544815831.43
1544815831.48
1544815831.55
1544815831.61
1544815831.66
1544815831.72
1544815831.78
1544815831.83
1544815831.89
1544815831.93
1544815831.97
1544815832.01
1544815832.04
1544815832.08
1544815832.14
1544815832.19
1544815832.23
1544815832.26
1544815832.34
1544815832.39
1544815832.43
1544815832.49
1544815832.55
1544815832.6
1544815832.63
1544815832.68
1544815832.73
1544815832.8
1544815832.85
1544815832.9
1544815832.94
1544815833.0
1544815833.04
1544815833.12
1544815833.19
1544815833.22
1544815833.25
1544815833.31
1544815833.34
1544815833.39
1544815833.43
1544815833.48
1544815833.54
1544815833.6
1544815833.63
1544815833.69
1544815833.75
1544815833.8
1544815833.84
1544815833.89
1544815833.95
1544815834.0
1544815834.04
1544815834.1
1544815834.16
1544815834.2
1544815834.23
1544815834.27
1544815834.33
1544815834.38
1544815834.42
1544815834.45
1544815834.51
1544815834.57
1544815834.61
1544815834.65
1544815834.69
1544815834.73
1544815834.78
1544815834.82
1544815834.87
1544815834.93
1544815834.99
1544815835.02
1544815835.07
1544815835.11
1544815835.15
1544815835.2
1544815835.23
1544815835.27
1544815835.33
1544815835.38
1544815835.42
1544815835.45
1544815835.48
1544815835.54
1544815835.59
1544815835.63
1544815835.67
1544815835.71
1544815835.75
1544815835.8
1544815835.84
1544815835.88
1544815835.95
1544815836.01
1544815836.05
1544815836.1
1544815836.14
1544815836.19
1544815836.23
1544815836.28
1544815836.32
1544815836.36
1544815836.4
1544815836.43
1544815836.48
1544815836.55
1544815836.61
1544815836.64
1544815836.69
1544815836.74
1544815836.8
1544815836.84
1544815836.9
1544815836.97
1544815837.01
1544815837.04
1544815837.1
1544815837.15
1544815837.19
1544815837.22
1544815837.26
1544815837.35
1544815837.4
1544815837.44
1544815837.49
1544815837.54
1544815837.58
1544815837.62
1544815837.65
1544815837.7
1544815837.77
1544815837.8
1544815837.84
1544815837.88
1544815837.94
1544815837.99
1544815838.02
1544815838.07
1544815838.14
1544815838.19
1544815838.23
1544815838.3
1544815838.36
1544815838.41
1544815838.46
1544815838.53
1544815838.6
1544815838.67
1544815838.71
1544815838.75
1544815838.83
1544815838.92
1544815838.98
1544815839.02
1544815839.05
1544815839.14
1544815839.19
1544815839.25
1544815839.3
1544815839.35
1544815839.41
1544815839.45
1544815839.51
1544815839.57
1544815839.63
1544815839.7
1544815839.76
1544815839.83
1544815839.9
1544815839.99
1544815840.05
1544815840.13
1544815840.2
1544815840.27
1544815840.34
1544815840.42
1544815840.5
1544815840.56
1544815840.64
1544815840.71
1544815840.77
1544815840.85
1544815840.92
1544815840.98
1544815841.05
1544815841.14
1544815841.21
1544815841.29
1544815841.37
1544815841.47
1544815841.55
1544815841.63
1544815841.69
1544815841.73
1544815841.78
1544815841.81
1544815841.85
1544815841.93
1544815841.98
1544815842.03
1544815842.09
1544815842.14
1544815842.2
1544815842.24
1544815842.3
1544815842.36
1544815842.4
1544815842.44
1544815842.5
1544815842.58
1544815842.62
1544815842.66
1544815842.72
1544815842.77
1544815842.82
1544815842.86
1544815842.91
1544815842.95
1544815843.0
1544815843.03
1544815843.08
1544815843.13
1544815843.18
1544815843.23
1544815843.27
1544815843.31
1544815843.36
1544815843.4
1544815843.44
1544815843.47
1544815843.52
1544815843.57
1544815843.61
1544815843.66
1544815843.7
1544815843.78
1544815843.82
1544815843.86
1544815843.93
1544815843.99
1544815844.03
1544815844.08
1544815844.14
1544815844.19
1544815844.23
1544815844.3
1544815844.34
1544815844.39
1544815844.43
1544815844.47
1544815844.55
1544815844.6
1544815844.64
1544815844.69
1544815844.75
1544815844.8
1544815844.85
1544815844.92
1544815844.98
1544815845.01
1544815845.05
1544815845.08
1544815845.14
1544815845.2
1544815845.24
1544815845.3
1544815845.35
1544815845.4
1544815845.44
1544815845.48
1544815845.52
1544815845.56
1544815845.6
1544815845.65
1544815845.71
1544815845.78
1544815845.82
1544815845.86
1544815845.91
1544815845.97
1544815846.0
1544815846.04
1544815846.07
1544815846.13
1544815846.19
1544815846.23
1544815846.28
1544815846.37
1544815846.4
1544815846.44
1544815846.47
1544815846.52
1544815846.56
1544815846.62
1544815846.65
1544815846.71
1544815846.76
1544815846.81
1544815846.86
1544815846.89
1544815846.98
1544815847.02
1544815847.05
1544815847.1
1544815847.13
1544815847.18
1544815847.21
1544815847.25
1544815847.31
1544815847.37
1544815847.41
1544815847.44
1544815847.49
1544815847.54
1544815847.59
1544815847.63
1544815847.67
1544815847.73
1544815847.77
1544815847.81
1544815847.86
1544815847.91
1544815847.96
1544815848.01
1544815848.06
1544815848.12
1544815848.18
1544815848.23
1544815848.29
1544815848.34
1544815848.38
1544815848.43
1544815848.47
1544815848.53
1544815848.58
1544815848.63
1544815848.67
1544815848.76
1544815848.81
1544815848.84
1544815848.91
1544815848.96
1544815849.0
1544815849.04
1544815849.09
1544815849.14
1544815849.17
1544815849.22
1544815849.3
1544815849.37
1544815849.41
1544815849.44
1544815849.49
1544815849.54
1544815849.59
1544815849.63
1544815849.68
1544815849.72
1544815849.76
1544815849.8
1544815849.83
1544815849.89
1544815849.95
1544815849.99
1544815850.03
1544815850.06
1544815850.11
1544815850.16
1544815850.2
1544815850.24
1544815850.28
1544815850.36
1544815850.42
1544815850.46
1544815850.56
1544815850.61
1544815850.65
1544815850.74
1544815850.79
1544815850.84
1544815850.89
1544815850.94
1544815850.99
1544815851.03
1544815851.06
1544815851.13
1544815851.2
1544815851.26
1544815851.33
1544815851.38
1544815851.42
1544815851.47
1544815851.53
1544815851.58
1544815851.64
1544815851.68
1544815851.73
1544815851.79
1544815851.85
1544815851.91
1544815852.01
1544815852.08
1544815852.14
1544815852.21
1544815852.29
1544815852.38
1544815852.46
1544815852.54
1544815852.62
1544815852.69
1544815852.77
1544815852.85
1544815852.94
1544815852.99
1544815853.06
1544815853.14
1544815853.22
1544815853.31
1544815853.39
1544815853.47
1544815853.54
1544815853.6
1544815853.69
1544815853.77
1544815853.84
1544815853.94
1544815854.02
1544815854.12
1544815854.19
1544815854.24
1544815854.28
1544815854.37
1544815854.43
1544815854.46
1544815854.53
1544815854.57
1544815854.61
1544815854.65
1544815854.69
1544815854.75
1544815854.8
1544815854.84
1544815854.9
1544815854.95
1544815855.0
1544815855.03
1544815855.08
1544815855.13
1544815855.17
1544815855.21
1544815855.25
1544815855.32
1544815855.38
1544815855.42
1544815855.45
1544815855.51
1544815855.57
1544815855.62
1544815855.67
1544815855.7
1544815855.74
1544815855.78
1544815855.81
1544815855.85
1544815855.91
1544815855.96
1544815856.0
1544815856.03
1544815856.07
1544815856.12
1544815856.18
1544815856.22
1544815856.27
1544815856.34
1544815856.39
1544815856.44
1544815856.5
1544815856.57
1544815856.63
1544815856.67
1544815856.74
1544815856.78
1544815856.81
1544815856.85
1544815856.93
1544815856.98
1544815857.02
1544815857.07
1544815857.15
1544815857.21
1544815857.25
1544815857.32
1544815857.37
1544815857.42
1544815857.46
1544815857.53
1544815857.6
1544815857.63
1544815857.66
1544815857.75
1544815857.8
1544815857.84
1544815857.92
1544815857.97
1544815858.01
1544815858.05
1544815858.09
1544815858.14
1544815858.18
1544815858.22
1544815858.27
1544815858.31
1544815858.35
1544815858.4
1544815858.45
1544815858.53
1544815858.58
1544815858.63
1544815858.68
1544815858.73
1544815858.79
1544815858.84
1544815858.9
1544815858.96
1544815859.01
1544815859.05
1544815859.11
1544815859.15
1544815859.2
1544815859.24
1544815859.29
1544815859.34
1544815859.39
1544815859.43
1544815859.47
1544815859.52
1544815859.57
1544815859.61
1544815859.66
1544815859.72
1544815859.78
1544815859.82
1544815859.86
1544815859.91
1544815859.96
1544815860.01
1544815860.04
1544815860.09
1544815860.13
1544815860.17
1544815860.21
1544815860.25
1544815860.32
1544815860.37
1544815860.41
1544815860.45
1544815860.49
1544815860.57
1544815860.61
1544815860.66
1544815860.74
1544815860.8
1544815860.84
1544815860.92
1544815860.97
1544815861.01
1544815861.05
1544815861.1
1544815861.16
1544815861.22
1544815861.26
1544815861.35
1544815861.41
1544815861.45
1544815861.51
1544815861.58
1544815861.62
1544815861.66
1544815861.73
1544815861.78
1544815861.82
1544815861.85
1544815861.91
1544815861.96
1544815862.0
1544815862.04
1544815862.08
1544815862.12
1544815862.19
1544815862.22
1544815862.27
1544815862.34
1544815862.39
1544815862.43
1544815862.49
1544815862.55
1544815862.6
1544815862.64
1544815862.7
1544815862.77
1544815862.81
1544815862.85
1544815862.91
1544815862.96
1544815863.01
1544815863.05
1544815863.1
1544815863.18
1544815863.22
1544815863.27
1544815863.31
1544815863.37
1544815863.42
1544815863.47
1544815863.55
1544815863.61
1544815863.64
1544815863.68
1544815863.71
1544815863.77
1544815863.81
1544815863.84
1544815863.89
1544815863.94
1544815863.98
1544815864.02
1544815864.06
1544815864.12
1544815864.18
1544815864.23
1544815864.29
1544815864.35
1544815864.44
1544815864.53
1544815864.61
1544815864.71
1544815864.78
1544815864.85
1544815864.92
1544815864.99
1544815865.06
1544815865.13
1544815865.19
1544815865.25
1544815865.32
1544815865.38
1544815865.45
1544815865.51
1544815865.57
1544815865.64
1544815865.71
1544815865.78
1544815865.84
1544815865.88
1544815865.92
1544815865.96
1544815866.01
1544815866.06
1544815866.11
1544815866.14
1544815866.19
1544815866.23
1544815866.27
1544815866.3
1544815866.34
1544815866.39
1544815866.45
1544815866.5
1544815866.54
1544815866.58
1544815866.64
1544815866.68
1544815866.72
1544815866.77
1544815866.81
1544815866.86
1544815866.91
1544815866.95
1544815866.99
1544815867.07
1544815867.12
1544815867.16
1544815867.21
1544815867.29
1544815867.34
1544815867.38
1544815867.46
1544815867.51
1544815867.55
1544815867.62
1544815867.66
1544815867.7
1544815867.75
1544815867.83
1544815867.88
1544815867.92
1544815867.97
1544815868.01
1544815868.06
1544815868.11
1544815868.15
1544815868.19
1544815868.23
1544815868.28
1544815868.32
1544815868.35
1544815868.4
1544815868.47
1544815868.51
1544815868.54
1544815868.59
1544815868.63
1544815868.68
1544815868.74
1544815868.78
1544815868.86
1544815868.94
1544815869.02
1544815869.08
1544815869.12
1544815869.18
1544815869.22
1544815869.28
1544815869.34
1544815869.4
1544815869.46
1544815869.53
1544815869.61
1544815869.68
1544815869.76
1544815869.85
1544815869.92
1544815870.01
1544815870.09
1544815870.16
1544815870.24
1544815870.32
1544815870.4
1544815870.46
1544815870.54
1544815870.63
1544815870.71
1544815870.81
1544815870.89
1544815870.96
1544815871.05
