1544815687.52
1544815688.47
1544815688.64
1544815688.76
1544815688.89
1544815689.0
1544815689.12
1544815689.23
1544815689.34
1544815689.43
1544815689.51
1544815689.6
1544815689.71
1544815689.81
1544815689.91
1544815690.01
1544815690.11
1544815690.22
1544815690.32
1544815690.41
1544815690.51
1544815690.61
1544815690.69
1544815690.79
1544815690.89
1544815690.99
1544815691.08
1544815691.18
1544815691.28
1544815691.37
1544815691.48
1544815691.58
1544815691.68
1544815691.76
1544815691.84
1544815691.92
1544815692.0
1544815692.07
1544815692.15
1544815692.23
1544815692.3
1544815692.37
1544815692.45
1544815692.51
1544815692.59
1544815692.66
1544815692.73
1544815692.8
1544815692.87
1544815692.94
1544815693.01
1544815693.08
1544815693.16
1544815693.24
1544815693.31
1544815693.38
1544815693.45
1544815693.51
1544815693.57
1544815693.64
1544815693.72
1544815693.79
1544815693.85
1544815693.92
1544815694.01
1544815694.08
1544815694.15
1544815694.21
1544815694.29
1544815694.36
1544815694.43
1544815694.5
1544815694.56
1544815694.62
1544815694.68
1544815694.79
1544815694.85
1544815694.94
1544815695.01
1544815695.07
1544815695.14
1544815695.2
1544815695.26
1544815695.32
1544815695.38
1544815695.45
1544815695.5
1544815695.56
1544815695.62
1544815695.67
1544815695.73
1544815695.8
1544815695.85
1544815695.94
1544815696.01
1544815696.07
1544815696.14
1544815696.2
1544815696.25
1544815696.31
1544815696.38
1544815696.45
1544815696.52
1544815696.59
1544815696.65
1544815696.71
1544815696.76
1544815696.82
1544815696.88
1544815696.94
1544815697.01
1544815697.13
1544815697.23
1544815697.33
1544815697.41
1544815697.49
1544815697.54
1544815697.6
1544815697.71
1544815697.78
1544815697.86
1544815697.93
1544815697.98
1544815698.05
1544815698.11
1544815698.19
1544815698.24
1544815698.3
1544815698.36
1544815698.42
1544815698.47
1544815698.53
1544815698.59
1544815698.64
1544815698.67
1544815698.72
1544815698.8
1544815698.87
1544815698.93
1544815699.0
1544815699.06
1544815699.12
1544815699.18
1544815699.23
1544815699.29
1544815699.35
1544815699.4
1544815699.45
1544815699.54
1544815699.6
1544815699.67
1544815699.77
1544815699.84
1544815699.91
1544815699.97
1544815700.03
1544815700.1
1544815700.16
1544815700.21
1544815700.25
1544815700.29
1544815700.36
1544815700.43
1544815700.51
1544815700.58
1544815700.65
1544815700.72
1544815700.79
1544815700.85
1544815700.93
1544815701.0
1544815701.06
1544815701.13
1544815701.21
1544815701.26
1544815701.33
1544815701.4
1544815701.45
1544815701.52
1544815701.59
1544815701.66
1544815701.72
1544815701.79
1544815701.86
1544815701.92
1544815702.0
1544815702.06
1544815702.13
1544815702.19
1544815702.27
1544815702.34
1544815702.4
1544815702.45
1544815702.52
1544815702.57
1544815702.63
1544815702.69
1544815702.76
1544815702.83
1544815702.89
1544815702.96
1544815703.04
1544815703.1
1544815703.14
1544815703.19
1544815703.26
1544815703.33
1544815703.39
1544815703.45
1544815703.51
1544815703.56
1544815703.62
1544815703.67
1544815703.74
1544815703.82
1544815703.89
1544815703.95
1544815704.01
1544815704.07
1544815704.14
1544815704.22
1544815704.28
1544815704.34
1544815704.41
1544815704.46
1544815704.52
1544815704.58
1544815704.64
1544815704.71
1544815704.75
1544815704.81
1544815704.86
1544815704.92
1544815704.98
1544815705.04
1544815705.1
1544815705.16
1544815705.21
1544815705.26
1544815705.32
1544815705.38
1544815705.42
1544815705.48
1544815705.54
1544815705.6
1544815705.65
1544815705.74
1544815705.8
1544815705.87
1544815705.93
1544815705.98
1544815706.05
1544815706.11
1544815706.18
1544815706.23
1544815706.29
1544815706.36
1544815706.41
1544815706.47
1544815706.53
1544815706.59
1544815706.64
1544815706.73
1544815706.8
1544815706.87
1544815706.94
1544815706.99
1544815707.06
1544815707.14
1544815707.2
1544815707.26
1544815707.34
1544815707.4
1544815707.47
1544815707.54
1544815707.61
1544815707.67
1544815707.74
1544815707.82
1544815707.88
1544815707.94
1544815708.0
1544815708.07
1544815708.13
1544815708.19
1544815708.25
1544815708.32
1544815708.38
1544815708.45
1544815708.52
1544815708.58
1544815708.65
1544815708.72
1544815708.8
1544815708.88
1544815708.95
1544815709.02
1544815709.1
1544815709.18
1544815709.26
1544815709.33
1544815709.4
1544815709.46
1544815709.53
1544815709.61
1544815709.68
1544815709.78
1544815709.85
1544815709.92
1544815710.0
1544815710.08
1544815710.14
1544815710.2
1544815710.26
1544815710.32
1544815710.36
1544815710.44
1544815710.52
1544815710.59
1544815710.65
1544815710.73
1544815710.79
1544815710.85
1544815710.92
1544815710.98
1544815711.05
1544815711.11
1544815711.18
1544815711.24
1544815711.31
1544815711.36
1544815711.42
1544815711.48
1544815711.53
1544815711.59
1544815711.63
1544815711.7
1544815711.76
1544815711.79
1544815711.83
1544815711.88
1544815711.93
1544815711.98
1544815712.02
1544815712.05
1544815712.11
1544815712.16
1544815712.21
1544815712.24
1544815712.28
1544815712.34
1544815712.38
1544815712.42
1544815712.45
1544815712.51
1544815712.58
1544815712.62
1544815712.66
1544815712.7
1544815712.75
1544815712.79
1544815712.82
1544815712.86
1544815712.91
1544815712.95
1544815713.01
1544815713.04
1544815713.09
1544815713.15
1544815713.21
1544815713.25
1544815713.3
1544815713.36
1544815713.43
1544815713.46
1544815713.52
1544815713.59
1544815713.63
1544815713.68
1544815713.74
1544815713.79
1544815713.82
1544815713.86
1544815713.91
1544815713.96
1544815714.01
1544815714.05
1544815714.11
1544815714.18
1544815714.22
1544815714.26
1544815714.3
1544815714.35
1544815714.4
1544815714.45
1544815714.5
1544815714.55
1544815714.59
1544815714.62
1544815714.66
1544815714.73
1544815714.78
1544815714.82
1544815714.86
1544815714.91
1544815714.96
1544815715.0
1544815715.05
1544815715.1
1544815715.18
1544815715.21
1544815715.25
1544815715.31
1544815715.35
1544815715.4
1544815715.45
1544815715.5
1544815715.54
1544815715.58
1544815715.62
1544815715.65
1544815715.7
1544815715.75
1544815715.8
1544815715.83
1544815715.88
1544815715.91
1544815715.96
1544815716.0
1544815716.04
1544815716.09
1544815716.15
1544815716.2
1544815716.23
1544815716.26
1544815716.31
1544815716.35
1544815716.39
1544815716.43
1544815716.47
1544815716.54
1544815716.58
1544815716.62
1544815716.65
1544815716.68
1544815716.72
1544815716.76
1544815716.8
1544815716.85
1544815716.89
1544815716.93
1544815716.98
1544815717.02
1544815717.06
1544815717.12
1544815717.18
1544815717.22
1544815717.25
1544815717.29
1544815717.37
1544815717.41
1544815717.45
1544815717.5
1544815717.55
1544815717.58
1544815717.63
1544815717.68
1544815717.74
1544815717.8
1544815717.86
1544815717.93
1544815718.0
1544815718.05
1544815718.12
1544815718.17
1544815718.21
1544815718.25
1544815718.32
1544815718.37
1544815718.42
1544815718.45
1544815718.52
1544815718.58
1544815718.63
1544815718.7
1544815718.78
1544815718.83
1544815718.9
1544815718.97
1544815719.03
1544815719.09
1544815719.14
1544815719.21
1544815719.27
1544815719.31
1544815719.35
1544815719.41
1544815719.46
1544815719.5
1544815719.56
1544815719.62
1544815719.68
1544815719.73
1544815719.81
1544815719.85
1544815719.91
1544815719.95
1544815720.0
1544815720.05
1544815720.11
1544815720.15
1544815720.21
1544815720.26
1544815720.3
1544815720.34
1544815720.39
1544815720.43
1544815720.5
1544815720.56
1544815720.62
1544815720.69
1544815720.75
1544815720.81
1544815720.86
1544815720.92
1544815720.98
1544815721.03
1544815721.09
1544815721.15
1544815721.22
1544815721.27
1544815721.33
1544815721.38
1544815721.43
1544815721.49
1544815721.55
1544815721.6
1544815721.66
1544815721.72
1544815721.77
1544815721.82
1544815721.87
1544815721.92
1544815721.96
1544815722.01
1544815722.05
1544815722.1
1544815722.15
1544815722.2
1544815722.23
1544815722.27
1544815722.33
1544815722.38
1544815722.43
1544815722.48
1544815722.52
1544815722.57
1544815722.62
1544815722.68
1544815722.72
1544815722.75
1544815722.81
1544815722.87
1544815722.91
1544815722.94
1544815722.99
1544815723.04
1544815723.08
1544815723.12
1544815723.17
1544815723.23
1544815723.28
1544815723.31
1544815723.34
1544815723.39
1544815723.43
1544815723.48
1544815723.51
1544815723.54
1544815723.58
1544815723.64
1544815723.68
1544815723.72
1544815723.75
1544815723.82
1544815723.88
1544815723.92
1544815723.96
1544815724.0
1544815724.04
1544815724.09
1544815724.13
1544815724.18
1544815724.22
1544815724.26
1544815724.3
1544815724.34
1544815724.4
1544815724.45
1544815724.49
1544815724.53
1544815724.57
1544815724.62
1544815724.67
1544815724.71
1544815724.74
1544815724.8
1544815724.87
1544815724.91
1544815724.95
1544815725.0
1544815725.05
1544815725.09
1544815725.12
1544815725.15
1544815725.21
1544815725.24
1544815725.28
1544815725.32
1544815725.35
1544815725.42
1544815725.47
1544815725.5
1544815725.54
1544815725.59
1544815725.63
1544815725.67
1544815725.71
1544815725.74
1544815725.78
1544815725.81
1544815725.85
1544815725.9
1544815725.93
1544815725.97
1544815726.04
1544815726.08
1544815726.12
1544815726.15
1544815726.22
1544815726.26
1544815726.31
1544815726.35
1544815726.41
1544815726.44
1544815726.48
1544815726.54
1544815726.58
1544815726.62
1544815726.67
1544815726.7
1544815726.73
1544815726.77
1544815726.84
1544815726.88
1544815726.92
1544815726.96
1544815727.05
1544815727.09
1544815727.12
1544815727.17
1544815727.25
1544815727.28
1544815727.32
1544815727.35
1544815727.39
1544815727.44
1544815727.49
1544815727.53
1544815727.57
1544815727.62
1544815727.66
1544815727.7
1544815727.75
1544815727.79
1544815727.83
1544815727.88
1544815727.92
1544815727.96
1544815728.03
1544815728.08
1544815728.11
1544815728.16
1544815728.23
1544815728.29
1544815728.33
1544815728.37
1544815728.43
1544815728.48
1544815728.52
1544815728.56
1544815728.61
1544815728.64
1544815728.69
1544815728.73
1544815728.78
1544815728.84
1544815728.89
1544815728.92
1544815728.96
1544815729.01
1544815729.05
1544815729.1
1544815729.13
1544815729.19
1544815729.24
1544815729.29
1544815729.33
1544815729.38
1544815729.42
1544815729.45
1544815729.49
1544815729.53
1544815729.57
1544815729.63
1544815729.67
1544815729.71
1544815729.75
1544815729.81
1544815729.88
1544815729.91
1544815729.96
1544815730.0
1544815730.06
1544815730.11
1544815730.14
1544815730.19
1544815730.26
1544815730.31
1544815730.36
1544815730.41
1544815730.47
1544815730.52
1544815730.56
1544815730.64
1544815730.69
1544815730.73
1544815730.78
1544815730.82
1544815730.88
1544815730.93
1544815730.99
1544815731.04
1544815731.1
1544815731.15
1544815731.22
1544815731.27
1544815731.33
1544815731.4
1544815731.44
1544815731.51
1544815731.59
1544815731.64
1544815731.7
1544815731.77
1544815731.83
1544815731.9
1544815731.94
1544815731.98
1544815732.05
1544815732.12
1544815732.18
1544815732.23
1544815732.29
1544815732.34
1544815732.39
1544815732.43
1544815732.47
1544815732.52
1544815732.55
1544815732.61
1544815732.67
1544815732.71
1544815732.75
1544815732.81
1544815732.86
1544815732.89
1544815732.93
1544815732.97
1544815733.03
1544815733.08
1544815733.11
1544815733.15
1544815733.22
1544815733.29
1544815733.32
1544815733.35
1544815733.42
1544815733.48
1544815733.52
1544815733.55
1544815733.61
1544815733.65
1544815733.7
1544815733.73
1544815733.78
1544815733.85
1544815733.9
1544815733.93
1544815733.97
1544815734.03
1544815734.08
1544815734.12
1544815734.15
1544815734.2
1544815734.24
1544815734.28
1544815734.32
1544815734.36
1544815734.42
1544815734.49
1544815734.52
1544815734.57
1544815734.65
1544815734.71
1544815734.74
1544815734.79
1544815734.83
1544815734.86
1544815734.9
1544815734.94
1544815735.01
1544815735.06
1544815735.11
1544815735.15
1544815735.2
1544815735.25
1544815735.3
1544815735.33
1544815735.38
1544815735.43
1544815735.49
1544815735.54
1544815735.59
1544815735.65
1544815735.69
1544815735.73
1544815735.77
1544815735.81
1544815735.85
1544815735.89
1544815735.93
1544815735.97
1544815736.01
1544815736.05
1544815736.1
1544815736.18
1544815736.22
1544815736.26
1544815736.31
1544815736.36
1544815736.43
1544815736.5
1544815736.55
1544815736.61
1544815736.68
1544815736.75
1544815736.82
1544815736.9
1544815736.97
1544815737.04
1544815737.1
1544815737.14
1544815737.18
1544815737.24
1544815737.3
1544815737.35
1544815737.43
1544815737.5
1544815737.56
1544815737.62
1544815737.69
1544815737.75
1544815737.83
1544815737.91
1544815737.98
1544815738.02
1544815738.09
1544815738.14
1544815738.21
1544815738.27
1544815738.31
1544815738.36
1544815738.43
1544815738.5
1544815738.56
1544815738.63
1544815738.71
1544815738.75
1544815738.79
1544815738.83
1544815738.88
1544815738.94
1544815739.01
1544815739.07
1544815739.13
1544815739.2
1544815739.23
1544815739.29
1544815739.35
1544815739.41
1544815739.47
1544815739.54
1544815739.62
1544815739.68
1544815739.75
1544815739.82
1544815739.88
1544815739.92
1544815739.98
1544815740.03
1544815740.1
1544815740.15
1544815740.21
1544815740.25
1544815740.31
1544815740.37
1544815740.42
1544815740.5
1544815740.54
1544815740.58
1544815740.64
1544815740.7
1544815740.73
1544815740.76
1544815740.84
1544815740.88
1544815740.92
1544815740.96
1544815741.01
1544815741.05
1544815741.1
1544815741.14
1544815741.2
1544815741.27
1544815741.31
1544815741.35
1544815741.4
1544815741.46
1544815741.51
1544815741.54
1544815741.59
1544815741.63
1544815741.69
1544815741.73
1544815741.77
1544815741.84
1544815741.9
1544815741.94
1544815741.98
1544815742.02
1544815742.09
1544815742.13
1544815742.17
1544815742.23
1544815742.28
1544815742.32
1544815742.36
1544815742.42
1544815742.48
1544815742.52
1544815742.58
1544815742.64
1544815742.68
1544815742.72
1544815742.76
1544815742.82
1544815742.86
1544815742.91
1544815742.95
1544815743.01
1544815743.08
1544815743.13
1544815743.16
1544815743.2
1544815743.26
1544815743.3
1544815743.34
1544815743.38
1544815743.44
1544815743.49
1544815743.52
1544815743.55
1544815743.59
1544815743.62
1544815743.67
1544815743.7
1544815743.74
1544815743.8
1544815743.84
1544815743.89
1544815743.92
1544815743.95
1544815743.99
1544815744.05
1544815744.1
1544815744.13
1544815744.17
1544815744.23
1544815744.29
1544815744.32
1544815744.36
1544815744.42
1544815744.48
1544815744.51
1544815744.55
1544815744.6
1544815744.65
1544815744.69
1544815744.74
1544815744.79
1544815744.83
1544815744.89
1544815744.94
1544815744.99
1544815745.03
1544815745.09
1544815745.13
1544815745.16
1544815745.22
1544815745.27
1544815745.31
1544815745.34
1544815745.39
1544815745.45
1544815745.5
1544815745.54
1544815745.58
1544815745.68
1544815745.72
1544815745.75
1544815745.81
1544815745.85
1544815745.89
1544815745.93
1544815745.97
1544815746.05
1544815746.1
1544815746.14
1544815746.18
1544815746.23
1544815746.28
1544815746.32
1544815746.36
1544815746.41
1544815746.46
1544815746.5
1544815746.55
1544815746.61
1544815746.66
1544815746.71
1544815746.75
1544815746.79
1544815746.83
1544815746.88
1544815746.92
1544815746.95
1544815747.01
1544815747.05
1544815747.1
1544815747.14
1544815747.19
1544815747.23
1544815747.28
1544815747.32
1544815747.36
1544815747.41
1544815747.46
1544815747.51
1544815747.54
1544815747.6
1544815747.65
1544815747.69
1544815747.73
1544815747.77
1544815747.83
1544815747.87
1544815747.91
1544815747.95
1544815748.0
1544815748.08
1544815748.11
1544815748.14
1544815748.18
1544815748.22
1544815748.27
1544815748.3
1544815748.33
1544815748.36
1544815748.43
1544815748.48
1544815748.52
1544815748.55
1544815748.59
1544815748.63
1544815748.68
1544815748.72
1544815748.75
1544815748.8
1544815748.84
1544815748.89
1544815748.93
1544815748.98
1544815749.02
1544815749.06
1544815749.09
1544815749.12
1544815749.16
1544815749.2
1544815749.24
1544815749.29
1544815749.32
1544815749.35
1544815749.41
1544815749.46
1544815749.52
1544815749.56
1544815749.64
1544815749.68
1544815749.73
1544815749.78
1544815749.81
1544815749.85
1544815749.9
1544815749.94
1544815749.98
1544815750.03
1544815750.08
1544815750.12
1544815750.15
1544815750.19
1544815750.25
1544815750.3
1544815750.34
1544815750.39
1544815750.45
1544815750.52
1544815750.58
1544815750.64
1544815750.69
1544815750.73
1544815750.77
1544815750.81
1544815750.87
1544815750.92
1544815750.96
1544815751.01
1544815751.04
1544815751.09
1544815751.13
1544815751.18
1544815751.23
1544815751.27
1544815751.32
1544815751.38
1544815751.44
1544815751.5
1544815751.55
1544815751.61
1544815751.67
1544815751.73
1544815751.79
1544815751.84
1544815751.9
1544815751.95
1544815752.01
1544815752.07
1544815752.14
1544815752.22
1544815752.28
1544815752.33
1544815752.38
1544815752.42
1544815752.47
1544815752.52
1544815752.58
1544815752.63
1544815752.68
1544815752.72
1544815752.76
1544815752.82
1544815752.88
1544815752.93
1544815752.98
1544815753.04
1544815753.1
1544815753.16
1544815753.23
1544815753.3
1544815753.38
1544815753.44
1544815753.51
1544815753.56
1544815753.63
1544815753.69
1544815753.76
1544815753.82
1544815753.89
1544815753.95
1544815754.01
1544815754.07
1544815754.13
1544815754.2
1544815754.27
1544815754.32
1544815754.36
1544815754.4
1544815754.45
1544815754.49
1544815754.53
1544815754.57
1544815754.63
1544815754.68
1544815754.71
1544815754.75
1544815754.8
1544815754.86
1544815754.9
1544815754.93
1544815754.96
1544815755.02
1544815755.07
1544815755.11
1544815755.15
1544815755.19
1544815755.23
1544815755.27
1544815755.32
1544815755.36
1544815755.42
1544815755.47
1544815755.51
1544815755.55
1544815755.6
1544815755.66
1544815755.7
1544815755.73
1544815755.77
1544815755.81
1544815755.85
1544815755.89
1544815755.93
1544815755.98
1544815756.02
1544815756.07
1544815756.11
1544815756.15
1544815756.2
1544815756.24
1544815756.28
1544815756.31
1544815756.36
1544815756.4
1544815756.48
1544815756.52
1544815756.57
1544815756.61
1544815756.66
1544815756.7
1544815756.73
1544815756.78
1544815756.85
1544815756.89
1544815756.93
1544815756.98
1544815757.02
1544815757.06
1544815757.11
1544815757.14
1544815757.19
1544815757.24
1544815757.29
1544815757.32
1544815757.37
1544815757.41
1544815757.46
1544815757.5
1544815757.55
1544815757.61
1544815757.68
1544815757.72
1544815757.75
1544815757.82
1544815757.88
1544815757.93
1544815757.98
1544815758.03
1544815758.07
1544815758.12
1544815758.16
1544815758.22
1544815758.28
1544815758.32
1544815758.37
1544815758.44
1544815758.49
1544815758.52
1544815758.57
1544815758.61
1544815758.65
1544815758.7
1544815758.74
1544815758.8
1544815758.87
1544815758.92
1544815758.99
1544815759.05
1544815759.1
1544815759.17
1544815759.24
1544815759.3
1544815759.38
1544815759.45
1544815759.52
1544815759.58
1544815759.64
1544815759.71
1544815759.78
1544815759.85
1544815759.9
1544815759.97
1544815760.03
1544815760.08
1544815760.13
1544815760.18
1544815760.24
1544815760.3
1544815760.35
1544815760.41
1544815760.47
1544815760.53
1544815760.58
1544815760.63
1544815760.7
1544815760.77
1544815760.83
1544815760.89
1544815760.95
1544815761.02
1544815761.07
1544815761.12
1544815761.16
1544815761.23
1544815761.28
1544815761.33
1544815761.38
1544815761.41
1544815761.48
1544815761.52
1544815761.56
1544815761.6
1544815761.64
1544815761.69
1544815761.72
1544815761.77
1544815761.8
1544815761.85
1544815761.9
1544815761.93
1544815761.97
1544815762.01
1544815762.05
1544815762.1
1544815762.13
1544815762.17
1544815762.22
1544815762.27
1544815762.3
1544815762.33
1544815762.37
1544815762.41
1544815762.45
1544815762.48
1544815762.52
1544815762.56
1544815762.62
1544815762.69
1544815762.72
1544815762.77
1544815762.84
1544815762.89
1544815762.93
1544815762.97
1544815763.01
1544815763.05
1544815763.1
1544815763.14
1544815763.18
1544815763.22
1544815763.26
1544815763.3
1544815763.33
1544815763.38
1544815763.42
1544815763.46
1544815763.5
1544815763.53
1544815763.57
1544815763.63
1544815763.68
1544815763.72
1544815763.76
1544815763.8
1544815763.84
1544815763.88
1544815763.91
1544815763.94
1544815763.99
1544815764.03
1544815764.1
1544815764.15
1544815764.2
1544815764.25
1544815764.29
1544815764.33
1544815764.37
1544815764.41
1544815764.46
1544815764.5
1544815764.53
1544815764.58
1544815764.62
1544815764.67
1544815764.72
1544815764.76
1544815764.81
1544815764.87
1544815764.91
1544815764.95
1544815765.02
1544815765.08
1544815765.13
1544815765.18
1544815765.24
1544815765.28
1544815765.32
1544815765.35
1544815765.39
1544815765.45
1544815765.5
1544815765.54
1544815765.6
1544815765.64
1544815765.69
1544815765.72
1544815765.76
1544815765.81
1544815765.85
1544815765.89
1544815765.93
1544815765.97
1544815766.05
1544815766.1
1544815766.13
1544815766.17
1544815766.22
1544815766.27
1544815766.31
1544815766.35
1544815766.4
1544815766.45
1544815766.5
1544815766.54
1544815766.57
1544815766.62
1544815766.69
1544815766.72
1544815766.76
1544815766.83
1544815766.88
1544815766.92
1544815766.95
1544815766.99
1544815767.03
1544815767.07
1544815767.11
1544815767.14
1544815767.19
1544815767.23
1544815767.29
1544815767.32
1544815767.36
1544815767.42
1544815767.48
1544815767.51
1544815767.55
1544815767.6
1544815767.67
1544815767.71
1544815767.75
1544815767.81
1544815767.88
1544815767.92
1544815767.96
1544815768.05
1544815768.09
1544815768.13
1544815768.17
1544815768.24
1544815768.29
1544815768.34
1544815768.38
1544815768.46
1544815768.51
1544815768.55
1544815768.62
1544815768.69
1544815768.73
1544815768.76
1544815768.85
1544815768.9
1544815768.93
1544815768.97
1544815769.01
1544815769.07
1544815769.11
1544815769.16
1544815769.23
1544815769.29
1544815769.33
1544815769.37
1544815769.42
1544815769.48
1544815769.52
1544815769.56
1544815769.62
1544815769.68
1544815769.73
1544815769.79
1544815769.84
1544815769.89
1544815769.96
1544815770.01
1544815770.07
1544815770.11
1544815770.15
1544815770.19
1544815770.24
1544815770.31
1544815770.36
1544815770.4
1544815770.44
1544815770.48
1544815770.53
1544815770.58
1544815770.63
1544815770.68
1544815770.73
1544815770.78
1544815770.84
1544815770.91
1544815770.97
1544815771.04
1544815771.11
1544815771.17
1544815771.22
1544815771.29
1544815771.35
1544815771.42
1544815771.48
1544815771.54
1544815771.61
1544815771.65
1544815771.71
1544815771.75
1544815771.81
1544815771.85
1544815771.91
1544815771.95
1544815772.0
1544815772.05
1544815772.11
1544815772.15
1544815772.2
1544815772.24
1544815772.29
1544815772.33
1544815772.38
1544815772.42
1544815772.47
1544815772.54
1544815772.62
1544815772.67
1544815772.73
1544815772.83
1544815772.9
1544815772.98
1544815773.03
1544815773.09
1544815773.15
1544815773.2
1544815773.23
1544815773.3
1544815773.35
1544815773.41
1544815773.48
1544815773.54
1544815773.62
1544815773.68
1544815773.74
1544815773.83
1544815773.88
1544815773.93
1544815773.98
1544815774.03
1544815774.08
1544815774.11
1544815774.14
1544815774.2
1544815774.25
1544815774.29
1544815774.33
1544815774.38
1544815774.41
1544815774.45
1544815774.5
1544815774.53
1544815774.57
1544815774.62
1544815774.67
1544815774.71
1544815774.74
1544815774.77
1544815774.81
1544815774.88
1544815774.92
1544815774.97
1544815775.01
1544815775.05
1544815775.1
1544815775.13
1544815775.18
1544815775.24
1544815775.28
1544815775.31
1544815775.34
1544815775.39
1544815775.47
1544815775.5
1544815775.54
1544815775.6
1544815775.67
1544815775.71
1544815775.75
1544815775.83
1544815775.89
1544815775.93
1544815775.98
1544815776.07
1544815776.12
1544815776.16
1544815776.25
1544815776.28
1544815776.33
1544815776.38
1544815776.43
1544815776.47
1544815776.51
1544815776.54
1544815776.59
1544815776.64
1544815776.69
1544815776.72
1544815776.76
1544815776.83
1544815776.88
1544815776.91
1544815776.96
1544815777.02
1544815777.08
1544815777.12
1544815777.17
1544815777.24
1544815777.28
1544815777.31
1544815777.35
1544815777.4
1544815777.45
1544815777.5
1544815777.53
1544815777.57
1544815777.61
1544815777.65
1544815777.69
1544815777.72
1544815777.76
1544815777.81
1544815777.87
1544815777.9
1544815777.93
1544815777.97
1544815778.05
1544815778.1
1544815778.13
1544815778.18
1544815778.25
1544815778.29
1544815778.34
1544815778.38
1544815778.43
1544815778.48
1544815778.52
1544815778.56
1544815778.62
1544815778.68
1544815778.71
1544815778.74
1544815778.79
1544815778.84
1544815778.88
1544815778.92
1544815778.96
1544815779.03
1544815779.08
1544815779.11
1544815779.14
1544815779.19
1544815779.26
1544815779.31
1544815779.34
1544815779.4
1544815779.45
1544815779.49
1544815779.53
1544815779.59
1544815779.63
1544815779.69
1544815779.75
1544815779.81
1544815779.87
1544815779.93
1544815779.99
1544815780.03
1544815780.1
1544815780.15
1544815780.21
1544815780.27
1544815780.31
1544815780.35
1544815780.41
1544815780.45
1544815780.5
1544815780.54
1544815780.6
1544815780.65
1544815780.71
1544815780.77
1544815780.82
1544815780.87
1544815780.92
1544815780.98
1544815781.02
1544815781.06
1544815781.13
1544815781.18
1544815781.24
1544815781.3
1544815781.34
1544815781.39
1544815781.44
1544815781.49
1544815781.55
1544815781.61
1544815781.64
1544815781.69
1544815781.77
1544815781.8
1544815781.84
1544815781.89
1544815781.92
1544815781.97
1544815782.01
1544815782.05
1544815782.1
1544815782.14
1544815782.19
1544815782.23
1544815782.29
1544815782.33
1544815782.38
1544815782.42
1544815782.46
1544815782.51
1544815782.57
1544815782.61
1544815782.65
1544815782.68
1544815782.72
1544815782.75
1544815782.79
1544815782.82
1544815782.86
1544815782.9
1544815782.94
1544815782.98
1544815783.02
1544815783.07
1544815783.1
1544815783.14
1544815783.18
1544815783.22
1544815783.26
1544815783.34
1544815783.39
1544815783.43
1544815783.48
1544815783.55
1544815783.61
1544815783.64
1544815783.69
1544815783.75
1544815783.81
1544815783.84
1544815783.89
1544815783.95
1544815783.99
1544815784.03
1544815784.07
1544815784.12
1544815784.18
1544815784.22
1544815784.25
1544815784.3
1544815784.36
1544815784.42
1544815784.48
1544815784.52
1544815784.59
1544815784.62
1544815784.67
1544815784.74
1544815784.8
1544815784.85
1544815784.91
1544815784.96
1544815785.0
1544815785.05
1544815785.09
1544815785.12
1544815785.15
1544815785.22
1544815785.3
1544815785.36
1544815785.41
1544815785.44
1544815785.49
1544815785.55
1544815785.62
1544815785.69
1544815785.75
1544815785.83
1544815785.91
1544815785.98
1544815786.04
1544815786.12
1544815786.18
1544815786.22
1544815786.25
1544815786.32
1544815786.38
1544815786.44
1544815786.51
1544815786.54
1544815786.59
1544815786.63
1544815786.68
1544815786.74
1544815786.82
1544815786.88
1544815786.94
1544815787.0
1544815787.06
1544815787.12
1544815787.2
1544815787.25
1544815787.32
1544815787.4
1544815787.48
1544815787.55
1544815787.62
1544815787.68
1544815787.73
1544815787.81
1544815787.88
1544815787.92
1544815787.97
1544815788.01
1544815788.05
1544815788.09
1544815788.13
1544815788.17
1544815788.21
1544815788.24
1544815788.3
1544815788.35
1544815788.41
1544815788.44
1544815788.49
1544815788.53
1544815788.58
1544815788.62
1544815788.65
1544815788.69
1544815788.77
1544815788.81
1544815788.85
1544815788.9
1544815788.95
1544815789.0
1544815789.03
1544815789.08
1544815789.16
1544815789.21
1544815789.25
1544815789.3
1544815789.35
1544815789.41
1544815789.45
1544815789.49
1544815789.53
1544815789.57
1544815789.6
1544815789.64
1544815789.7
1544815789.74
1544815789.79
1544815789.84
1544815789.88
1544815789.93
1544815789.98
1544815790.02
1544815790.05
1544815790.12
1544815790.18
1544815790.21
1544815790.24
1544815790.28
1544815790.38
1544815790.42
1544815790.45
1544815790.51
1544815790.56
1544815790.6
1544815790.63
1544815790.68
1544815790.72
1544815790.77
1544815790.81
1544815790.85
1544815790.92
1544815790.98
1544815791.02
1544815791.06
1544815791.12
1544815791.17
1544815791.21
1544815791.25
1544815791.32
1544815791.37
1544815791.41
1544815791.44
1544815791.49
1544815791.55
1544815791.6
1544815791.64
1544815791.7
1544815791.76
1544815791.82
1544815791.85
1544815791.91
1544815791.95
1544815792.0
1544815792.04
1544815792.08
1544815792.13
1544815792.18
1544815792.22
1544815792.27
1544815792.32
1544815792.38
1544815792.42
1544815792.45
1544815792.5
1544815792.55
1544815792.6
1544815792.64
1544815792.68
1544815792.74
1544815792.8
1544815792.84
1544815792.88
1544815792.96
1544815792.99
1544815793.03
1544815793.08
1544815793.13
1544815793.2
1544815793.24
1544815793.28
1544815793.35
1544815793.4
1544815793.44
1544815793.48
1544815793.55
1544815793.6
1544815793.64
1544815793.68
1544815793.74
1544815793.8
1544815793.84
1544815793.9
1544815793.95
1544815794.01
1544815794.05
1544815794.14
1544815794.2
1544815794.23
1544815794.28
1544815794.36
1544815794.41
1544815794.45
1544815794.5
1544815794.56
1544815794.6
1544815794.64
1544815794.68
1544815794.73
1544815794.8
1544815794.83
1544815794.88
1544815794.94
1544815795.0
1544815795.04
1544815795.08
1544815795.12
1544815795.19
1544815795.23
1544815795.28
1544815795.32
1544815795.37
1544815795.41
1544815795.45
1544815795.5
1544815795.58
1544815795.61
1544815795.65
1544815795.71
1544815795.78
1544815795.83
1544815795.87
1544815795.95
1544815795.99
1544815796.03
1544815796.07
1544815796.12
1544815796.18
1544815796.22
1544815796.25
1544815796.3
1544815796.36
1544815796.41
1544815796.45
1544815796.49
1544815796.53
1544815796.58
1544815796.62
1544815796.67
1544815796.72
1544815796.78
1544815796.85
1544815796.9
1544815796.93
1544815797.0
1544815797.07
1544815797.12
1544815797.18
1544815797.23
1544815797.29
1544815797.34
1544815797.4
1544815797.45
1544815797.51
1544815797.57
1544815797.62
1544815797.68
1544815797.74
1544815797.81
1544815797.86
1544815797.9
1544815797.94
1544815797.98
1544815798.03
1544815798.08
1544815798.12
1544815798.15
1544815798.19
1544815798.24
1544815798.29
1544815798.35
1544815798.42
1544815798.51
1544815798.56
1544815798.6
1544815798.64
1544815798.68
1544815798.73
1544815798.78
1544815798.82
1544815798.86
1544815798.92
1544815798.97
1544815799.02
1544815799.06
1544815799.11
1544815799.17
1544815799.21
1544815799.24
1544815799.29
1544815799.36
1544815799.4
1544815799.44
1544815799.47
1544815799.55
1544815799.6
1544815799.63
1544815799.68
1544815799.73
1544815799.78
1544815799.82
1544815799.86
1544815799.9
1544815799.96
1544815800.03
1544815800.11
1544815800.18
1544815800.23
1544815800.27
1544815800.32
1544815800.38
1544815800.43
1544815800.48
1544815800.53
1544815800.59
1544815800.65
1544815800.69
1544815800.73
1544815800.77
1544815800.83
1544815800.9
1544815800.94
1544815801.0
1544815801.05
1544815801.13
1544815801.2
1544815801.23
1544815801.27
1544815801.33
1544815801.39
1544815801.44
1544815801.52
1544815801.58
1544815801.64
1544815801.7
1544815801.75
1544815801.8
1544815801.84
1544815801.91
1544815801.98
1544815802.02
1544815802.06
1544815802.15
1544815802.21
1544815802.25
1544815802.3
1544815802.34
1544815802.39
1544815802.43
1544815802.49
1544815802.56
1544815802.64
1544815802.73
1544815802.81
1544815802.89
1544815802.95
1544815803.01
1544815803.08
1544815803.12
1544815803.16
1544815803.2
1544815803.25
1544815803.29
1544815803.34
1544815803.38
1544815803.42
1544815803.47
1544815803.51
1544815803.54
1544815803.59
1544815803.63
1544815803.68
1544815803.72
1544815803.77
1544815803.82
1544815803.88
1544815803.92
1544815804.0
1544815804.07
1544815804.12
1544815804.16
1544815804.24
1544815804.3
1544815804.34
1544815804.38
1544815804.45
1544815804.5
1544815804.54
1544815804.59
1544815804.65
1544815804.69
1544815804.73
1544815804.77
1544815804.83
1544815804.89
1544815804.93
1544815804.98
1544815805.05
1544815805.1
1544815805.13
1544815805.2
1544815805.28
1544815805.32
1544815805.35
1544815805.45
1544815805.5
1544815805.54
1544815805.58
1544815805.63
1544815805.68
1544815805.72
1544815805.76
1544815805.81
1544815805.86
1544815805.91
1544815805.94
1544815805.99
1544815806.02
1544815806.06
1544815806.11
1544815806.14
1544815806.22
1544815806.28
1544815806.32
1544815806.36
1544815806.46
1544815806.51
1544815806.55
1544815806.6
1544815806.65
1544815806.71
1544815806.75
1544815806.83
1544815806.91
1544815806.98
1544815807.04
1544815807.09
1544815807.12
1544815807.15
1544815807.21
1544815807.27
1544815807.31
1544815807.34
1544815807.39
1544815807.43
1544815807.48
1544815807.52
1544815807.55
1544815807.6
1544815807.67
1544815807.72
1544815807.77
1544815807.84
1544815807.9
1544815807.94
1544815808.0
1544815808.05
1544815808.1
1544815808.14
1544815808.19
1544815808.25
1544815808.29
1544815808.33
1544815808.38
1544815808.43
1544815808.48
1544815808.51
1544815808.54
1544815808.59
1544815808.63
1544815808.68
1544815808.72
1544815808.76
1544815808.84
1544815808.88
1544815808.92
1544815808.97
1544815809.03
1544815809.07
1544815809.11
1544815809.17
1544815809.21
1544815809.25
1544815809.31
1544815809.35
1544815809.41
1544815809.47
1544815809.53
1544815809.6
1544815809.65
1544815809.71
1544815809.77
1544815809.82
1544815809.88
1544815809.94
1544815810.0
1544815810.05
1544815810.13
1544815810.19
1544815810.25
1544815810.3
1544815810.35
1544815810.41
1544815810.47
1544815810.53
1544815810.58
1544815810.62
1544815810.67
1544815810.76
1544815810.84
1544815810.91
1544815811.0
1544815811.07
1544815811.14
1544815811.2
1544815811.27
1544815811.31
1544815811.35
1544815811.4
1544815811.44
1544815811.49
1544815811.54
1544815811.58
1544815811.64
1544815811.69
1544815811.73
1544815811.76
1544815811.82
1544815811.87
1544815811.9
1544815811.94
1544815811.99
1544815812.03
1544815812.08
1544815812.14
1544815812.19
1544815812.23
1544815812.28
1544815812.32
1544815812.36
1544815812.44
1544815812.51
1544815812.6
1544815812.69
1544815812.79
1544815812.88
1544815812.95
1544815813.03
1544815813.09
1544815813.13
1544815813.16
1544815813.23
1544815813.3
1544815813.35
1544815813.4
1544815813.48
1544815813.54
1544815813.62
1544815813.68
1544815813.72
1544815813.76
1544815813.82
1544815813.88
1544815813.92
1544815813.97
1544815814.02
1544815814.07
1544815814.14
1544815814.21
1544815814.27
1544815814.33
1544815814.41
1544815814.48
1544815814.53
1544815814.56
1544815814.65
1544815814.69
1544815814.73
1544815814.77
1544815814.81
1544815814.89
1544815814.93
1544815814.97
1544815815.02
1544815815.08
1544815815.13
1544815815.16
1544815815.22
1544815815.27
1544815815.3
1544815815.34
1544815815.39
1544815815.44
1544815815.49
1544815815.52
1544815815.55
1544815815.61
1544815815.65
1544815815.71
1544815815.74
1544815815.82
1544815815.89
1544815815.93
1544815816.0
1544815816.08
1544815816.11
1544815816.15
1544815816.2
1544815816.28
1544815816.31
1544815816.34
1544815816.38
1544815816.43
1544815816.48
1544815816.52
1544815816.56
1544815816.63
1544815816.68
1544815816.72
1544815816.76
1544815816.81
1544815816.87
1544815816.91
1544815816.95
1544815817.01
1544815817.08
1544815817.12
1544815817.18
1544815817.22
1544815817.28
1544815817.32
1544815817.36
1544815817.42
1544815817.48
1544815817.51
1544815817.55
1544815817.6
1544815817.68
1544815817.71
1544815817.75
1544815817.8
1544815817.84
1544815817.91
1544815817.95
1544815818.02
1544815818.1
1544815818.17
1544815818.24
1544815818.3
1544815818.37
1544815818.43
1544815818.5
1544815818.58
1544815818.67
1544815818.74
1544815818.81
1544815818.88
1544815818.94
1544815818.98
1544815819.03
1544815819.08
1544815819.13
1544815819.18
1544815819.23
1544815819.29
1544815819.35
1544815819.4
1544815819.43
1544815819.46
1544815819.5
1544815819.55
1544815819.61
1544815819.66
1544815819.73
1544815819.78
1544815819.82
1544815819.87
1544815819.91
1544815819.95
1544815820.01
1544815820.07
1544815820.11
1544815820.14
1544815820.2
1544815820.25
1544815820.29
1544815820.33
1544815820.39
1544815820.44
1544815820.49
1544815820.54
1544815820.59
1544815820.65
1544815820.7
1544815820.73
1544815820.78
1544815820.87
1544815820.91
1544815820.97
1544815821.01
1544815821.07
1544815821.11
1544815821.14
1544815821.2
1544815821.25
1544815821.29
1544815821.32
1544815821.36
1544815821.4
1544815821.45
1544815821.51
1544815821.55
1544815821.62
1544815821.7
1544815821.73
1544815821.79
1544815821.85
1544815821.93
1544815821.99
1544815822.05
1544815822.1
1544815822.15
1544815822.22
1544815822.29
1544815822.35
1544815822.41
1544815822.49
1544815822.53
1544815822.57
1544815822.63
1544815822.69
1544815822.74
1544815822.8
1544815822.84
1544815822.91
1544815822.98
1544815823.04
1544815823.12
1544815823.17
1544815823.23
1544815823.29
1544815823.32
1544815823.36
1544815823.42
1544815823.5
1544815823.56
1544815823.62
1544815823.66
1544815823.7
1544815823.73
1544815823.8
1544815823.87
1544815823.91
1544815823.96
1544815824.01
1544815824.07
1544815824.11
1544815824.14
1544815824.19
1544815824.24
1544815824.28
1544815824.32
1544815824.37
1544815824.43
1544815824.5
1544815824.55
1544815824.6
1544815824.66
1544815824.7
1544815824.74
1544815824.81
1544815824.88
1544815824.92
1544815824.95
1544815825.03
1544815825.09
1544815825.12
1544815825.17
1544815825.21
1544815825.25
1544815825.3
1544815825.34
1544815825.4
1544815825.45
1544815825.5
1544815825.54
1544815825.59
1544815825.65
1544815825.71
1544815825.75
1544815825.78
1544815825.82
1544815825.88
1544815825.92
1544815825.97
1544815826.0
1544815826.06
1544815826.1
1544815826.13
1544815826.17
1544815826.27
1544815826.33
1544815826.37
1544815826.43
1544815826.48
1544815826.52
1544815826.55
1544815826.6
1544815826.65
1544815826.71
1544815826.74
1544815826.79
1544815826.84
1544815826.88
1544815826.91
1544815826.94
1544815827.0
1544815827.05
1544815827.1
1544815827.14
1544815827.18
1544815827.23
1544815827.28
1544815827.32
1544815827.36
1544815827.42
1544815827.48
1544815827.53
1544815827.57
1544815827.62
1544815827.66
1544815827.72
1544815827.76
1544815827.81
1544815827.85
1544815827.9
1544815827.93
1544815827.98
1544815828.02
1544815828.1
1544815828.14
1544815828.19
1544815828.25
1544815828.29
1544815828.32
1544815828.37
1544815828.42
1544815828.46
1544815828.5
1544815828.54
1544815828.59
1544815828.62
1544815828.67
1544815828.71
1544815828.74
1544815828.8
1544815828.84
1544815828.89
1544815828.93
1544815828.98
1544815829.01
1544815829.08
1544815829.14
1544815829.2
1544815829.27
1544815829.33
1544815829.42
1544815829.5
1544815829.55
1544815829.62
1544815829.7
1544815829.76
1544815829.82
1544815829.9
1544815829.95
1544815829.99
1544815830.03
1544815830.07
1544815830.13
1544815830.19
1544815830.22
1544815830.31
1544815830.37
1544815830.43
1544815830.49
1544815830.55
1544815830.6
1544815830.65
1544815830.7
1544815830.75
1544815830.8
1544815830.85
1544815830.92
1544815830.97
1544815831.02
1544815831.07
1544815831.13
1544815831.18
1544815831.22
1544815831.25
1544815831.31
1544815831.39
1544815831.45
1544815831.51
1544815831.57
1544815831.63
1544815831.69
1544815831.74
1544815831.79
1544815831.85
1544815831.9
1544815831.94
1544815831.99
1544815832.02
1544815832.05
1544815832.1
1544815832.15
1544815832.2
1544815832.24
1544815832.29
1544815832.36
1544815832.41
1544815832.45
1544815832.51
1544815832.57
1544815832.61
1544815832.65
1544815832.69
1544815832.74
1544815832.81
1544815832.87
1544815832.91
1544815832.98
1544815833.01
1544815833.05
1544815833.15
1544815833.19
1544815833.23
1544815833.28
1544815833.32
1544815833.36
1544815833.41
1544815833.45
1544815833.5
1544815833.56
1544815833.61
1544815833.65
1544815833.71
1544815833.76
1544815833.81
1544815833.85
1544815833.91
1544815833.96
1544815834.01
1544815834.05
1544815834.12
1544815834.18
1544815834.21
1544815834.24
1544815834.28
1544815834.34
1544815834.39
1544815834.43
1544815834.47
1544815834.53
1544815834.58
1544815834.62
1544815834.67
1544815834.71
1544815834.75
1544815834.79
1544815834.84
1544815834.9
1544815834.96
1544815835.0
1544815835.04
1544815835.08
1544815835.12
1544815835.17
1544815835.21
1544815835.24
1544815835.29
1544815835.34
1544815835.39
1544815835.43
1544815835.45
1544815835.51
1544815835.56
1544815835.6
1544815835.64
1544815835.68
1544815835.72
1544815835.76
1544815835.82
1544815835.85
1544815835.91
1544815835.98
1544815836.02
1544815836.06
1544815836.12
1544815836.16
1544815836.2
1544815836.24
1544815836.29
1544815836.33
1544815836.38
1544815836.41
1544815836.45
1544815836.49
1544815836.57
1544815836.62
1544815836.65
1544815836.71
1544815836.75
1544815836.81
1544815836.85
1544815836.93
1544815836.99
1544815837.02
1544815837.05
1544815837.11
1544815837.16
1544815837.2
1544815837.23
1544815837.28
1544815837.37
1544815837.42
1544815837.45
1544815837.5
1544815837.55
1544815837.6
1544815837.63
1544815837.67
1544815837.72
1544815837.78
1544815837.82
1544815837.85
1544815837.9
1544815837.96
1544815838.0
1544815838.04
1544815838.11
1544815838.16
1544815838.21
1544815838.25
1544815838.33
1544815838.39
1544815838.43
1544815838.49
1544815838.56
1544815838.62
1544815838.69
1544815838.72
1544815838.77
1544815838.87
1544815838.94
1544815838.99
1544815839.03
1544815839.1
1544815839.17
1544815839.21
1544815839.27
1544815839.32
1544815839.38
1544815839.42
1544815839.48
1544815839.53
1544815839.59
1544815839.64
1544815839.72
1544815839.79
1544815839.85
1544815839.92
1544815840.0
1544815840.08
1544815840.15
1544815840.22
1544815840.3
1544815840.36
1544815840.44
1544815840.52
1544815840.59
1544815840.66
1544815840.72
1544815840.8
1544815840.88
1544815840.95
1544815841.01
1544815841.08
1544815841.17
1544815841.23
1544815841.32
1544815841.41
1544815841.5
1544815841.59
1544815841.67
1544815841.71
1544815841.74
1544815841.79
1544815841.83
1544815841.88
1544815841.95
1544815842.0
1544815842.05
1544815842.11
1544815842.16
1544815842.21
1544815842.25
1544815842.33
1544815842.37
1544815842.41
1544815842.45
1544815842.52
1544815842.59
1544815842.63
1544815842.68
1544815842.73
1544815842.8
1544815842.83
1544815842.88
1544815842.92
1544815842.97
1544815843.01
1544815843.05
1544815843.09
1544815843.15
1544815843.21
1544815843.24
1544815843.29
1544815843.33
1544815843.37
1544815843.42
1544815843.45
1544815843.49
1544815843.53
1544815843.58
1544815843.63
1544815843.68
1544815843.73
1544815843.8
1544815843.84
1544815843.88
1544815843.95
1544815844.0
1544815844.05
1544815844.1
1544815844.16
1544815844.21
1544815844.25
1544815844.31
1544815844.37
1544815844.4
1544815844.44
1544815844.51
1544815844.57
1544815844.62
1544815844.66
1544815844.71
1544815844.76
1544815844.82
1544815844.87
1544815844.94
1544815844.99
1544815845.03
1544815845.06
1544815845.11
1544815845.17
1544815845.21
1544815845.26
1544815845.32
1544815845.37
1544815845.42
1544815845.45
1544815845.5
1544815845.53
1544815845.57
1544815845.62
1544815845.67
1544815845.73
1544815845.79
1544815845.83
1544815845.87
1544815845.93
1544815845.98
1544815846.02
1544815846.05
1544815846.09
1544815846.15
1544815846.2
1544815846.24
1544815846.31
1544815846.38
1544815846.41
1544815846.45
1544815846.5
1544815846.54
1544815846.58
1544815846.63
1544815846.67
1544815846.73
1544815846.78
1544815846.83
1544815846.87
1544815846.92
1544815846.99
1544815847.03
1544815847.06
1544815847.11
1544815847.15
1544815847.19
1544815847.23
1544815847.28
1544815847.33
1544815847.38
1544815847.42
1544815847.45
1544815847.51
1544815847.56
1544815847.6
1544815847.64
1544815847.68
1544815847.75
1544815847.78
1544815847.83
1544815847.88
1544815847.92
1544815847.97
1544815848.02
1544815848.07
1544815848.14
1544815848.2
1544815848.25
1544815848.31
1544815848.36
1544815848.4
1544815848.44
1544815848.48
1544815848.55
1544815848.6
1544815848.64
1544815848.69
1544815848.78
1544815848.82
1544815848.86
1544815848.93
1544815848.98
1544815849.01
1544815849.05
1544815849.11
1544815849.15
1544815849.19
1544815849.24
1544815849.33
1544815849.39
1544815849.42
1544815849.46
1544815849.51
1544815849.57
1544815849.6
1544815849.65
1544815849.69
1544815849.73
1544815849.77
1544815849.81
1544815849.84
1544815849.91
1544815849.97
1544815850.01
1544815850.04
1544815850.08
1544815850.13
1544815850.18
1544815850.21
1544815850.26
1544815850.32
1544815850.39
1544815850.43
1544815850.5
1544815850.58
1544815850.63
1544815850.68
1544815850.75
1544815850.8
1544815850.85
1544815850.9
1544815850.96
1544815851.0
1544815851.04
1544815851.09
1544815851.15
1544815851.22
1544815851.28
1544815851.34
1544815851.4
1544815851.43
1544815851.49
1544815851.54
1544815851.61
1544815851.65
1544815851.7
1544815851.74
1544815851.81
1544815851.87
1544815851.94
1544815852.03
1544815852.11
1544815852.17
1544815852.23
1544815852.32
1544815852.41
1544815852.49
1544815852.57
1544815852.64
1544815852.71
1544815852.8
1544815852.88
1544815852.96
1544815853.01
1544815853.09
1544815853.17
1544815853.24
1544815853.34
1544815853.41
1544815853.5
1544815853.57
1544815853.63
1544815853.72
1544815853.79
1544815853.87
1544815853.97
1544815854.05
1544815854.15
1544815854.21
1544815854.25
1544815854.31
1544815854.4
1544815854.44
1544815854.48
1544815854.54
1544815854.59
1544815854.62
1544815854.67
1544815854.71
1544815854.78
1544815854.82
1544815854.86
1544815854.91
1544815854.96
1544815855.01
1544815855.05
1544815855.09
1544815855.14
1544815855.19
1544815855.23
1544815855.26
1544815855.34
1544815855.39
1544815855.43
1544815855.47
1544815855.54
1544815855.59
1544815855.63
1544815855.68
1544815855.72
1544815855.75
1544815855.79
1544815855.83
1544815855.87
1544815855.92
1544815855.97
1544815856.01
1544815856.04
1544815856.08
1544815856.15
1544815856.19
1544815856.23
1544815856.28
1544815856.37
1544815856.41
1544815856.45
1544815856.52
1544815856.59
1544815856.64
1544815856.68
1544815856.75
1544815856.79
1544815856.83
1544815856.87
1544815856.94
1544815856.99
1544815857.03
1544815857.09
1544815857.18
1544815857.23
1544815857.26
1544815857.34
1544815857.38
1544815857.43
1544815857.49
1544815857.55
1544815857.61
1544815857.64
1544815857.68
1544815857.78
1544815857.81
1544815857.85
1544815857.94
1544815857.98
1544815858.03
1544815858.07
1544815858.1
1544815858.15
1544815858.19
1544815858.24
1544815858.28
1544815858.32
1544815858.37
1544815858.42
1544815858.47
1544815858.55
1544815858.6
1544815858.64
1544815858.7
1544815858.75
1544815858.81
1544815858.85
1544815858.92
1544815858.98
1544815859.03
1544815859.07
1544815859.12
1544815859.17
1544815859.21
1544815859.25
1544815859.3
1544815859.36
1544815859.41
1544815859.45
1544815859.48
1544815859.53
1544815859.58
1544815859.63
1544815859.68
1544815859.74
1544815859.79
1544815859.83
1544815859.87
1544815859.92
1544815859.98
1544815860.02
1544815860.05
1544815860.11
1544815860.14
1544815860.19
1544815860.23
1544815860.27
1544815860.34
1544815860.38
1544815860.42
1544815860.46
1544815860.5
1544815860.59
1544815860.62
1544815860.7
1544815860.77
1544815860.81
1544815860.85
1544815860.94
1544815860.98
1544815861.03
1544815861.07
1544815861.12
1544815861.18
1544815861.24
1544815861.28
1544815861.38
1544815861.42
1544815861.47
1544815861.53
1544815861.59
1544815861.63
1544815861.7
1544815861.75
1544815861.79
1544815861.83
1544815861.87
1544815861.93
1544815861.98
1544815862.01
1544815862.05
1544815862.1
1544815862.14
1544815862.2
1544815862.24
1544815862.29
1544815862.37
1544815862.4
1544815862.44
1544815862.51
1544815862.57
1544815862.61
1544815862.65
1544815862.72
1544815862.78
1544815862.82
1544815862.86
1544815862.93
1544815862.98
1544815863.02
1544815863.07
1544815863.12
1544815863.2
1544815863.24
1544815863.28
1544815863.33
1544815863.39
1544815863.43
1544815863.49
1544815863.58
1544815863.62
1544815863.65
1544815863.69
1544815863.72
1544815863.78
1544815863.82
1544815863.85
1544815863.9
1544815863.95
1544815864.0
1544815864.03
1544815864.07
1544815864.14
1544815864.19
1544815864.26
1544815864.31
1544815864.39
1544815864.47
1544815864.57
1544815864.65
1544815864.74
1544815864.81
1544815864.88
1544815864.94
1544815865.02
1544815865.08
1544815865.15
1544815865.21
1544815865.28
1544815865.34
1544815865.4
1544815865.46
1544815865.53
1544815865.59
1544815865.66
1544815865.73
1544815865.79
1544815865.85
1544815865.9
1544815865.93
1544815865.98
1544815866.02
1544815866.08
1544815866.12
1544815866.15
1544815866.2
1544815866.24
1544815866.28
1544815866.32
1544815866.35
1544815866.41
1544815866.47
1544815866.51
1544815866.55
1544815866.6
1544815866.65
1544815866.69
1544815866.74
1544815866.78
1544815866.83
1544815866.88
1544815866.92
1544815866.96
1544815867.01
1544815867.09
1544815867.13
1544815867.18
1544815867.24
1544815867.31
1544815867.35
1544815867.41
1544815867.48
1544815867.52
1544815867.57
1544815867.64
1544815867.68
1544815867.72
1544815867.77
1544815867.85
1544815867.9
1544815867.94
1544815867.98
1544815868.03
1544815868.08
1544815868.12
1544815868.16
1544815868.21
1544815868.24
1544815868.3
1544815868.33
1544815868.37
1544815868.42
1544815868.48
1544815868.52
1544815868.55
1544815868.6
1544815868.64
1544815868.7
1544815868.75
1544815868.81
1544815868.9
1544815868.97
1544815869.04
1544815869.09
1544815869.14
1544815869.19
1544815869.25
1544815869.3
1544815869.36
1544815869.41
1544815869.49
1544815869.56
1544815869.64
1544815869.71
1544815869.78
1544815869.87
1544815869.94
1544815870.03
1544815870.12
1544815870.19
1544815870.26
1544815870.35
1544815870.42
1544815870.49
1544815870.58
1544815870.65
1544815870.73
1544815870.82
1544815870.91
1544815870.99
1544815871.08
