1544814554.94
1544814555.4
1544814555.49
1544814555.57
1544814555.66
1544814555.78
1544814555.84
1544814555.89
1544814555.95
1544814556.01
1544814556.07
1544814556.12
1544814556.19
1544814556.25
1544814556.3
1544814556.37
1544814556.43
1544814556.49
1544814556.56
1544814556.65
1544814556.69
1544814556.73
1544814556.8
1544814556.9
1544814556.96
1544814557.06
1544814557.14
1544814557.22
1544814557.3
1544814557.38
1544814557.46
1544814557.51
1544814557.58
1544814557.65
1544814557.71
1544814557.77
1544814557.82
1544814557.89
1544814557.97
1544814558.04
1544814558.11
1544814558.19
1544814558.26
1544814558.3
1544814558.33
1544814558.4
1544814558.48
1544814558.53
1544814558.57
1544814558.61
1544814558.68
1544814558.74
1544814558.79
1544814558.85
1544814558.9
1544814558.96
1544814559.01
1544814559.08
1544814559.15
1544814559.19
1544814559.26
1544814559.33
1544814559.37
1544814559.41
1544814559.46
1544814559.51
1544814559.56
1544814559.6
1544814559.66
1544814559.72
1544814559.76
1544814559.8
1544814559.85
1544814559.92
1544814559.97
1544814560.02
1544814560.07
1544814560.11
1544814560.16
1544814560.2
1544814560.25
1544814560.3
1544814560.36
1544814560.4
1544814560.48
1544814560.54
1544814560.58
1544814560.63
1544814560.67
1544814560.73
1544814560.77
1544814560.82
1544814560.89
1544814560.94
1544814560.98
1544814561.05
1544814561.13
1544814561.17
1544814561.21
1544814561.28
1544814561.35
1544814561.44
1544814561.51
1544814561.59
1544814561.67
1544814561.74
1544814561.81
1544814561.9
1544814561.99
1544814562.06
1544814562.14
1544814562.22
1544814562.3
1544814562.4
1544814562.49
1544814562.57
1544814562.64
1544814562.71
1544814562.76
1544814562.81
1544814562.86
1544814562.93
1544814562.97
1544814563.03
1544814563.08
1544814563.15
1544814563.2
1544814563.25
1544814563.3
1544814563.37
1544814563.42
1544814563.49
1544814563.54
1544814563.58
1544814563.62
1544814563.68
1544814563.73
1544814563.78
1544814563.82
1544814563.89
1544814563.95
1544814563.99
1544814564.03
1544814564.09
1544814564.15
1544814564.2
1544814564.25
1544814564.3
1544814564.35
1544814564.4
1544814564.45
1544814564.53
1544814564.57
1544814564.6
1544814564.65
1544814564.69
1544814564.76
1544814564.79
1544814564.85
1544814564.93
1544814564.98
1544814565.04
1544814565.15
1544814565.2
1544814565.24
1544814565.28
1544814565.34
1544814565.39
1544814565.44
1544814565.52
1544814565.57
1544814565.6
1544814565.65
1544814565.7
1544814565.75
1544814565.79
1544814565.83
1544814565.89
1544814565.94
1544814565.99
1544814566.04
1544814566.11
1544814566.17
1544814566.21
1544814566.26
1544814566.31
1544814566.36
1544814566.4
1544814566.45
1544814566.52
1544814566.56
1544814566.6
1544814566.65
1544814566.71
1544814566.75
1544814566.79
1544814566.83
1544814566.87
1544814566.91
1544814566.96
1544814567.0
1544814567.05
1544814567.1
1544814567.15
1544814567.19
1544814567.26
1544814567.31
1544814567.37
1544814567.42
1544814567.5
1544814567.55
1544814567.59
1544814567.63
1544814567.69
1544814567.74
1544814567.78
1544814567.83
1544814567.89
1544814567.96
1544814568.0
1544814568.04
1544814568.1
1544814568.15
1544814568.18
1544814568.22
1544814568.27
1544814568.32
1544814568.36
1544814568.4
1544814568.45
1544814568.51
1544814568.57
1544814568.61
1544814568.67
1544814568.73
1544814568.77
1544814568.8
1544814568.85
1544814568.89
1544814568.95
1544814568.98
1544814569.03
1544814569.1
1544814569.15
1544814569.19
1544814569.24
1544814569.3
1544814569.35
1544814569.4
1544814569.46
1544814569.56
1544814569.59
1544814569.66
1544814569.73
1544814569.77
1544814569.8
1544814569.86
1544814569.91
1544814569.96
1544814570.0
1544814570.04
1544814570.1
1544814570.15
1544814570.19
1544814570.23
1544814570.32
1544814570.37
1544814570.42
1544814570.48
1544814570.55
1544814570.62
1544814570.69
1544814570.76
1544814570.83
1544814570.9
1544814571.04
1544814571.1
1544814571.19
1544814571.27
1544814571.35
1544814571.39
1544814571.46
1544814571.55
1544814571.59
1544814571.64
1544814571.71
1544814571.78
1544814571.85
1544814571.95
1544814572.04
1544814572.07
1544814572.11
1544814572.15
1544814572.23
1544814572.3
1544814572.36
1544814572.4
1544814572.45
1544814572.49
1544814572.54
1544814572.58
1544814572.61
1544814572.66
1544814572.72
1544814572.76
1544814572.8
1544814572.85
1544814572.9
1544814572.94
1544814572.98
1544814573.01
1544814573.07
1544814573.12
1544814573.17
1544814573.21
1544814573.27
1544814573.32
1544814573.36
1544814573.4
1544814573.44
1544814573.49
1544814573.54
1544814573.57
1544814573.61
1544814573.67
1544814573.74
1544814573.78
1544814573.84
1544814573.94
1544814573.98
1544814574.01
1544814574.06
1544814574.13
1544814574.17
1544814574.21
1544814574.27
1544814574.33
1544814574.38
1544814574.41
1544814574.49
1544814574.55
1544814574.59
1544814574.65
1544814574.74
1544814574.78
1544814574.82
1544814574.9
1544814574.95
1544814575.01
1544814575.06
1544814575.1
1544814575.16
1544814575.2
1544814575.26
1544814575.29
1544814575.35
1544814575.39
1544814575.45
1544814575.5
1544814575.55
1544814575.59
1544814575.64
1544814575.68
1544814575.73
1544814575.77
1544814575.82
1544814575.88
1544814575.94
1544814575.97
1544814576.01
1544814576.08
1544814576.14
1544814576.17
1544814576.21
1544814576.24
1544814576.28
1544814576.31
1544814576.35
1544814576.41
1544814576.46
1544814576.51
1544814576.57
1544814576.62
1544814576.71
1544814576.76
1544814576.79
1544814576.83
1544814576.88
1544814576.93
1544814576.98
1544814577.01
1544814577.08
1544814577.16
1544814577.2
1544814577.27
1544814577.32
1544814577.38
1544814577.44
1544814577.47
1544814577.51
1544814577.58
1544814577.63
1544814577.69
1544814577.78
1544814577.84
1544814577.88
1544814577.94
1544814578.0
1544814578.07
1544814578.14
1544814578.19
1544814578.25
1544814578.3
1544814578.37
1544814578.46
1544814578.5
1544814578.57
1544814578.64
1544814578.7
1544814578.75
1544814578.81
1544814578.88
1544814578.94
1544814579.0
1544814579.07
1544814579.15
1544814579.21
1544814579.29
1544814579.36
1544814579.45
1544814579.51
1544814579.56
1544814579.6
1544814579.68
1544814579.76
1544814579.84
1544814579.89
1544814579.97
1544814580.02
1544814580.09
1544814580.16
1544814580.22
1544814580.28
1544814580.33
1544814580.38
1544814580.48
1544814580.54
1544814580.6
1544814580.66
1544814580.71
1544814580.78
1544814580.86
1544814580.91
1544814580.97
1544814581.03
1544814581.06
1544814581.1
1544814581.16
1544814581.22
1544814581.26
1544814581.3
1544814581.34
1544814581.41
1544814581.47
1544814581.5
1544814581.57
1544814581.62
1544814581.67
1544814581.71
1544814581.77
1544814581.8
1544814581.86
1544814581.91
1544814581.99
1544814582.04
1544814582.08
1544814582.12
1544814582.17
1544814582.22
1544814582.27
1544814582.31
1544814582.37
1544814582.43
1544814582.47
1544814582.52
1544814582.58
1544814582.64
1544814582.68
1544814582.74
1544814582.79
1544814582.85
1544814582.89
1544814582.93
1544814583.0
1544814583.08
1544814583.14
1544814583.19
1544814583.25
1544814583.29
1544814583.34
1544814583.39
1544814583.44
1544814583.48
1544814583.52
1544814583.57
1544814583.64
1544814583.68
1544814583.72
1544814583.77
1544814583.81
1544814583.87
1544814583.91
1544814583.98
1544814584.04
1544814584.07
1544814584.11
1544814584.16
1544814584.22
1544814584.27
1544814584.34
1544814584.41
1544814584.48
1544814584.54
1544814584.59
1544814584.65
1544814584.7
1544814584.76
1544814584.8
1544814584.85
1544814584.9
1544814584.96
1544814585.0
1544814585.07
1544814585.11
1544814585.19
1544814585.27
1544814585.34
1544814585.41
1544814585.49
1544814585.57
1544814585.65
1544814585.72
1544814585.8
1544814585.87
1544814585.94
1544814586.0
1544814586.09
1544814586.18
1544814586.25
1544814586.3
1544814586.37
1544814586.44
1544814586.5
1544814586.57
1544814586.66
1544814586.77
1544814586.87
1544814586.95
1544814587.02
1544814587.11
1544814587.18
1544814587.22
1544814587.28
1544814587.34
1544814587.39
1544814587.47
1544814587.55
1544814587.61
1544814587.71
1544814587.79
1544814587.85
1544814587.9
1544814587.96
1544814588.01
1544814588.06
1544814588.11
1544814588.15
1544814588.19
1544814588.22
1544814588.3
1544814588.36
1544814588.39
1544814588.45
1544814588.53
1544814588.58
1544814588.63
1544814588.68
1544814588.72
1544814588.77
1544814588.81
1544814588.87
1544814588.91
1544814588.96
1544814588.99
1544814589.02
1544814589.08
1544814589.14
1544814589.19
1544814589.25
1544814589.31
1544814589.37
1544814589.42
1544814589.46
1544814589.52
1544814589.57
1544814589.61
1544814589.67
1544814589.74
1544814589.79
1544814589.83
1544814589.91
1544814589.96
1544814590.0
1544814590.06
1544814590.11
1544814590.16
1544814590.2
1544814590.25
1544814590.29
1544814590.32
1544814590.37
1544814590.41
1544814590.46
1544814590.51
1544814590.56
1544814590.6
1544814590.64
1544814590.72
1544814590.76
1544814590.79
1544814590.84
1544814590.88
1544814590.94
1544814590.98
1544814591.01
1544814591.06
1544814591.16
1544814591.2
1544814591.26
1544814591.31
1544814591.36
1544814591.4
1544814591.45
1544814591.52
1544814591.57
1544814591.62
1544814591.67
1544814591.74
1544814591.78
1544814591.82
1544814591.89
1544814591.95
1544814591.99
1544814592.04
1544814592.09
1544814592.13
1544814592.18
1544814592.23
1544814592.31
1544814592.36
1544814592.4
1544814592.45
1544814592.5
1544814592.56
1544814592.59
1544814592.64
1544814592.7
1544814592.77
1544814592.84
1544814592.87
1544814592.92
1544814592.98
1544814593.04
1544814593.09
1544814593.16
1544814593.25
1544814593.31
1544814593.38
1544814593.44
1544814593.49
1544814593.54
1544814593.59
1544814593.65
1544814593.7
1544814593.76
1544814593.81
1544814593.88
1544814593.98
1544814594.06
1544814594.15
1544814594.24
1544814594.32
1544814594.41
1544814594.49
1544814594.55
1544814594.6
1544814594.66
1544814594.73
1544814594.79
1544814594.86
1544814594.93
1544814594.99
1544814595.03
1544814595.08
1544814595.13
1544814595.17
1544814595.2
1544814595.28
1544814595.35
1544814595.4
1544814595.45
1544814595.5
1544814595.55
1544814595.61
1544814595.68
1544814595.73
1544814595.79
1544814595.85
1544814595.89
1544814595.95
1544814596.02
1544814596.05
1544814596.08
1544814596.12
1544814596.17
1544814596.23
1544814596.27
1544814596.31
1544814596.36
1544814596.42
1544814596.47
1544814596.52
1544814596.56
1544814596.62
1544814596.66
1544814596.7
1544814596.75
1544814596.81
1544814596.86
1544814596.9
1544814596.95
1544814597.01
1544814597.06
1544814597.09
1544814597.13
1544814597.18
1544814597.23
1544814597.26
1544814597.29
1544814597.34
1544814597.4
1544814597.45
1544814597.49
1544814597.54
1544814597.58
1544814597.64
1544814597.7
1544814597.74
1544814597.77
1544814597.81
1544814597.86
1544814597.9
1544814597.95
1544814598.0
1544814598.08
1544814598.12
1544814598.18
1544814598.24
1544814598.31
1544814598.38
1544814598.43
1544814598.5
1544814598.57
1544814598.61
1544814598.67
1544814598.76
1544814598.83
1544814598.92
1544814598.97
1544814599.01
1544814599.06
1544814599.12
1544814599.16
1544814599.2
1544814599.25
1544814599.3
1544814599.34
1544814599.38
1544814599.43
1544814599.5
1544814599.58
1544814599.64
1544814599.7
1544814599.77
1544814599.84
1544814599.9
1544814599.97
1544814600.04
1544814600.12
1544814600.19
1544814600.25
1544814600.32
1544814600.38
1544814600.47
1544814600.55
1544814600.62
1544814600.69
1544814600.77
1544814600.83
1544814600.9
1544814600.97
1544814601.04
1544814601.11
1544814601.17
1544814601.22
1544814601.26
1544814601.29
1544814601.34
1544814601.39
1544814601.45
1544814601.48
1544814601.53
1544814601.58
1544814601.65
1544814601.7
1544814601.78
1544814601.85
1544814601.91
1544814601.97
1544814602.04
1544814602.1
1544814602.18
1544814602.24
1544814602.3
1544814602.37
1544814602.44
1544814602.47
1544814602.54
1544814602.6
1544814602.65
1544814602.7
1544814602.76
1544814602.79
1544814602.85
1544814602.93
1544814603.02
1544814603.07
1544814603.14
1544814603.2
1544814603.27
1544814603.34
1544814603.38
1544814603.44
1544814603.5
1544814603.54
1544814603.58
1544814603.63
1544814603.68
1544814603.73
1544814603.77
1544814603.81
1544814603.89
1544814603.95
1544814603.99
1544814604.03
1544814604.1
1544814604.15
1544814604.19
1544814604.26
1544814604.31
1544814604.36
1544814604.4
1544814604.47
1544814604.54
1544814604.58
1544814604.62
1544814604.67
1544814604.71
1544814604.76
1544814604.79
1544814604.83
1544814604.87
1544814604.91
1544814604.96
1544814605.0
1544814605.05
1544814605.11
1544814605.16
1544814605.19
1544814605.24
1544814605.28
1544814605.33
1544814605.37
1544814605.4
1544814605.45
1544814605.5
1544814605.55
1544814605.6
1544814605.64
1544814605.69
1544814605.74
1544814605.79
1544814605.84
1544814605.9
1544814605.94
1544814605.98
1544814606.01
1544814606.06
1544814606.1
1544814606.15
1544814606.18
1544814606.21
1544814606.27
1544814606.33
1544814606.38
1544814606.45
1544814606.51
1544814606.56
1544814606.6
1544814606.65
1544814606.73
1544814606.78
1544814606.81
1544814606.91
1544814606.96
1544814607.0
1544814607.04
1544814607.08
1544814607.14
1544814607.17
1544814607.2
1544814607.24
1544814607.31
1544814607.35
1544814607.38
1544814607.45
1544814607.51
1544814607.57
1544814607.61
1544814607.7
1544814607.75
1544814607.79
1544814607.82
1544814607.89
1544814607.95
1544814607.99
1544814608.05
1544814608.1
1544814608.16
1544814608.2
1544814608.24
1544814608.28
1544814608.33
1544814608.38
1544814608.43
1544814608.49
1544814608.54
1544814608.58
1544814608.62
1544814608.69
1544814608.75
1544814608.79
1544814608.82
1544814608.91
1544814608.96
1544814609.0
1544814609.06
1544814609.1
1544814609.15
1544814609.19
1544814609.26
1544814609.34
1544814609.38
1544814609.42
1544814609.51
1544814609.55
1544814609.59
1544814609.64
1544814609.69
1544814609.74
1544814609.78
1544814609.82
1544814609.89
1544814609.94
1544814609.98
1544814610.01
1544814610.07
1544814610.14
1544814610.19
1544814610.25
1544814610.33
1544814610.37
1544814610.4
1544814610.49
1544814610.55
1544814610.6
1544814610.67
1544814610.76
1544814610.82
1544814610.9
1544814610.97
1544814611.04
1544814611.1
1544814611.16
1544814611.2
1544814611.25
1544814611.31
1544814611.38
1544814611.44
1544814611.5
1544814611.57
1544814611.65
1544814611.7
1544814611.78
1544814611.85
1544814611.94
1544814611.97
1544814612.0
1544814612.04
1544814612.1
1544814612.16
1544814612.2
1544814612.25
1544814612.31
1544814612.37
1544814612.41
1544814612.46
1544814612.5
1544814612.56
1544814612.6
1544814612.64
1544814612.69
1544814612.76
1544814612.8
1544814612.84
1544814612.92
1544814612.98
1544814613.01
1544814613.08
1544814613.13
1544814613.18
1544814613.22
1544814613.34
1544814613.39
1544814613.43
1544814613.46
1544814613.5
1544814613.54
1544814613.59
1544814613.63
1544814613.7
1544814613.75
1544814613.8
1544814613.85
1544814613.91
1544814613.96
1544814614.0
1544814614.04
1544814614.07
1544814614.14
1544814614.2
1544814614.24
1544814614.3
1544814614.35
1544814614.4
1544814614.44
1544814614.5
1544814614.56
1544814614.6
1544814614.66
1544814614.73
1544814614.8
1544814614.86
1544814614.94
1544814614.99
1544814615.06
1544814615.11
1544814615.17
1544814615.2
1544814615.25
1544814615.34
1544814615.37
1544814615.4
1544814615.46
1544814615.51
1544814615.56
1544814615.63
1544814615.67
1544814615.7
1544814615.76
1544814615.8
1544814615.87
1544814615.93
1544814615.99
1544814616.05
1544814616.09
1544814616.16
1544814616.22
1544814616.27
1544814616.31
1544814616.37
1544814616.44
1544814616.48
1544814616.52
1544814616.57
1544814616.62
1544814616.69
1544814616.78
1544814616.85
1544814616.92
1544814616.98
1544814617.05
1544814617.11
1544814617.17
1544814617.2
1544814617.24
1544814617.32
1544814617.37
1544814617.41
1544814617.47
1544814617.53
1544814617.58
1544814617.61
1544814617.66
1544814617.73
1544814617.8
1544814617.87
1544814617.94
1544814617.98
1544814618.01
1544814618.07
1544814618.13
1544814618.17
1544814618.21
1544814618.27
1544814618.31
1544814618.37
1544814618.4
1544814618.46
1544814618.53
1544814618.57
1544814618.61
1544814618.65
1544814618.69
1544814618.75
1544814618.79
1544814618.87
1544814618.93
1544814618.98
1544814619.01
1544814619.08
1544814619.14
1544814619.18
1544814619.21
1544814619.29
1544814619.34
1544814619.39
1544814619.44
1544814619.49
1544814619.54
1544814619.57
1544814619.6
1544814619.68
1544814619.74
1544814619.78
1544814619.81
1544814619.88
1544814619.94
1544814619.98
1544814620.03
1544814620.07
1544814620.11
1544814620.16
1544814620.2
1544814620.24
1544814620.32
1544814620.38
1544814620.44
1544814620.49
1544814620.54
1544814620.58
1544814620.63
1544814620.69
1544814620.76
1544814620.8
1544814620.85
1544814620.94
1544814621.0
1544814621.05
1544814621.11
1544814621.15
1544814621.2
1544814621.25
1544814621.3
1544814621.35
1544814621.4
1544814621.46
1544814621.51
1544814621.56
1544814621.6
1544814621.65
1544814621.69
1544814621.72
1544814621.76
1544814621.81
1544814621.86
1544814621.91
1544814621.98
1544814622.04
1544814622.08
1544814622.11
1544814622.16
1544814622.2
1544814622.27
1544814622.34
1544814622.38
1544814622.43
1544814622.5
1544814622.58
1544814622.65
1544814622.71
1544814622.8
1544814622.87
1544814622.94
1544814623.01
1544814623.09
1544814623.17
1544814623.25
1544814623.34
1544814623.42
1544814623.5
1544814623.6
1544814623.68
1544814623.77
1544814623.81
1544814623.87
1544814623.95
1544814624.0
1544814624.04
1544814624.13
1544814624.18
1544814624.26
1544814624.31
1544814624.36
1544814624.43
1544814624.47
1544814624.5
1544814624.55
1544814624.61
1544814624.66
1544814624.7
1544814624.76
1544814624.81
1544814624.86
1544814624.9
1544814624.96
1544814625.02
1544814625.07
1544814625.11
1544814625.17
1544814625.22
1544814625.25
1544814625.28
1544814625.32
1544814625.38
1544814625.44
1544814625.48
1544814625.55
1544814625.6
1544814625.65
1544814625.69
1544814625.77
1544814625.84
1544814625.88
1544814625.91
1544814625.97
1544814626.02
1544814626.07
1544814626.11
1544814626.18
1544814626.24
1544814626.28
1544814626.32
1544814626.38
1544814626.44
1544814626.48
1544814626.54
1544814626.61
1544814626.66
1544814626.7
1544814626.75
1544814626.81
1544814626.85
1544814626.89
1544814626.94
1544814627.0
1544814627.04
1544814627.08
1544814627.12
1544814627.17
1544814627.22
1544814627.28
1544814627.32
1544814627.38
1544814627.43
1544814627.47
1544814627.5
1544814627.54
1544814627.58
1544814627.64
1544814627.68
1544814627.72
1544814627.77
1544814627.84
1544814627.89
1544814627.94
1544814628.01
1544814628.06
1544814628.1
1544814628.14
1544814628.2
1544814628.27
1544814628.31
1544814628.36
1544814628.4
1544814628.45
1544814628.49
1544814628.55
1544814628.59
1544814628.64
1544814628.68
1544814628.74
1544814628.79
1544814628.86
1544814628.9
1544814628.95
1544814629.0
1544814629.06
1544814629.09
1544814629.15
1544814629.2
1544814629.25
1544814629.29
1544814629.34
1544814629.4
1544814629.46
1544814629.49
1544814629.56
1544814629.61
1544814629.66
1544814629.69
1544814629.74
1544814629.78
1544814629.84
1544814629.88
1544814629.95
1544814630.02
1544814630.08
1544814630.11
1544814630.18
1544814630.22
1544814630.27
1544814630.32
1544814630.37
1544814630.44
1544814630.5
1544814630.54
1544814630.6
1544814630.64
1544814630.68
1544814630.73
1544814630.78
1544814630.84
1544814630.88
1544814630.92
1544814630.96
1544814631.0
1544814631.05
1544814631.08
1544814631.14
1544814631.23
1544814631.28
1544814631.32
1544814631.36
1544814631.43
1544814631.48
1544814631.52
1544814631.61
1544814631.66
1544814631.71
1544814631.76
1544814631.81
1544814631.86
1544814631.9
1544814631.96
1544814632.02
1544814632.07
1544814632.11
1544814632.18
1544814632.24
1544814632.29
1544814632.35
1544814632.44
1544814632.48
1544814632.52
1544814632.6
1544814632.65
1544814632.7
1544814632.76
1544814632.85
1544814632.9
1544814632.94
1544814632.98
1544814633.03
1544814633.06
1544814633.11
1544814633.2
1544814633.26
1544814633.29
1544814633.36
1544814633.42
1544814633.46
1544814633.51
1544814633.56
1544814633.62
1544814633.67
1544814633.71
1544814633.76
1544814633.82
1544814633.87
1544814633.91
1544814633.97
1544814634.03
1544814634.08
1544814634.14
1544814634.2
1544814634.24
1544814634.28
1544814634.33
1544814634.39
1544814634.45
1544814634.48
1544814634.51
1544814634.57
1544814634.62
1544814634.66
1544814634.69
1544814634.76
1544814634.83
1544814634.87
1544814634.9
1544814634.96
1544814635.03
1544814635.07
1544814635.11
1544814635.2
1544814635.26
1544814635.3
1544814635.35
1544814635.41
1544814635.45
1544814635.49
1544814635.54
1544814635.57
1544814635.62
1544814635.67
1544814635.7
1544814635.78
1544814635.84
1544814635.89
1544814635.93
1544814635.99
1544814636.05
1544814636.09
1544814636.14
1544814636.23
1544814636.28
1544814636.34
1544814636.37
1544814636.41
1544814636.46
1544814636.51
1544814636.6
1544814636.66
1544814636.7
1544814636.75
1544814636.85
1544814636.89
1544814636.93
1544814636.98
1544814637.03
1544814637.08
1544814637.12
1544814637.21
1544814637.26
1544814637.3
1544814637.36
1544814637.45
1544814637.5
1544814637.56
1544814637.62
1544814637.66
1544814637.7
1544814637.76
1544814637.83
1544814637.88
1544814637.93
1544814638.0
1544814638.05
1544814638.1
1544814638.15
1544814638.24
1544814638.28
1544814638.33
1544814638.39
1544814638.45
1544814638.49
1544814638.57
1544814638.64
1544814638.69
1544814638.74
1544814638.79
1544814638.84
1544814638.88
1544814638.93
1544814639.0
1544814639.06
1544814639.1
1544814639.15
1544814639.24
1544814639.28
1544814639.33
1544814639.38
1544814639.43
1544814639.47
1544814639.5
1544814639.59
1544814639.68
1544814639.77
1544814639.86
1544814639.9
1544814639.95
1544814639.99
1544814640.04
1544814640.09
1544814640.15
1544814640.21
1544814640.27
1544814640.37
1544814640.44
1544814640.51
1544814640.58
1544814640.66
1544814640.76
1544814640.84
1544814640.91
1544814640.98
1544814641.06
1544814641.11
1544814641.19
1544814641.25
1544814641.32
1544814641.38
1544814641.44
1544814641.5
1544814641.59
1544814641.65
1544814641.7
1544814641.8
1544814641.86
1544814641.9
1544814641.98
1544814642.04
1544814642.08
1544814642.12
1544814642.16
1544814642.2
1544814642.26
1544814642.3
1544814642.35
1544814642.42
1544814642.46
1544814642.5
1544814642.55
1544814642.64
1544814642.69
1544814642.73
1544814642.8
1544814642.85
1544814642.89
1544814642.95
1544814643.01
1544814643.06
1544814643.1
1544814643.15
1544814643.25
1544814643.28
1544814643.33
1544814643.37
1544814643.44
1544814643.48
1544814643.53
1544814643.6
1544814643.66
1544814643.69
1544814643.76
1544814643.83
1544814643.88
1544814643.91
1544814643.98
1544814644.03
1544814644.07
1544814644.11
1544814644.15
1544814644.21
1544814644.26
1544814644.3
1544814644.35
1544814644.39
1544814644.44
1544814644.48
1544814644.52
1544814644.57
1544814644.63
1544814644.67
1544814644.72
1544814644.78
1544814644.84
1544814644.88
1544814644.91
1544814644.97
1544814645.02
1544814645.06
1544814645.09
1544814645.13
1544814645.2
1544814645.25
1544814645.3
1544814645.33
1544814645.39
1544814645.44
1544814645.47
1544814645.51
1544814645.56
1544814645.61
1544814645.66
1544814645.7
1544814645.74
1544814645.79
1544814645.86
1544814645.9
1544814645.94
1544814645.99
1544814646.05
1544814646.09
1544814646.13
1544814646.19
1544814646.25
1544814646.28
1544814646.32
1544814646.36
1544814646.4
1544814646.45
1544814646.49
1544814646.54
1544814646.57
1544814646.62
1544814646.66
1544814646.7
1544814646.75
1544814646.8
1544814646.86
1544814646.89
1544814646.92
1544814646.96
1544814647.02
1544814647.08
1544814647.12
1544814647.17
1544814647.23
1544814647.28
1544814647.33
1544814647.37
1544814647.43
1544814647.48
1544814647.53
1544814647.56
1544814647.61
1544814647.65
1544814647.69
1544814647.75
1544814647.79
1544814647.84
1544814647.88
1544814647.91
1544814647.98
1544814648.04
1544814648.08
1544814648.11
1544814648.15
1544814648.19
1544814648.23
1544814648.27
1544814648.3
1544814648.34
1544814648.4
1544814648.45
1544814648.49
1544814648.54
1544814648.57
1544814648.62
1544814648.67
1544814648.73
1544814648.8
1544814648.86
1544814648.9
1544814648.94
1544814649.0
1544814649.06
1544814649.14
1544814649.18
1544814649.22
1544814649.27
1544814649.32
1544814649.36
1544814649.4
1544814649.45
1544814649.5
1544814649.54
1544814649.59
1544814649.63
1544814649.69
1544814649.74
1544814649.81
1544814649.9
1544814649.95
1544814649.99
1544814650.04
1544814650.1
1544814650.17
1544814650.23
1544814650.29
1544814650.33
1544814650.38
1544814650.43
1544814650.47
1544814650.51
1544814650.57
1544814650.61
1544814650.67
1544814650.7
1544814650.75
1544814650.79
1544814650.85
1544814650.89
1544814650.94
1544814650.98
1544814651.02
1544814651.1
1544814651.15
1544814651.19
1544814651.24
1544814651.3
1544814651.35
1544814651.39
1544814651.42
1544814651.49
1544814651.54
1544814651.57
1544814651.63
1544814651.7
1544814651.75
1544814651.79
1544814651.83
1544814651.91
1544814651.96
1544814652.0
1544814652.06
1544814652.11
1544814652.16
1544814652.2
1544814652.24
1544814652.3
1544814652.35
1544814652.39
1544814652.44
1544814652.49
1544814652.55
1544814652.59
1544814652.65
1544814652.7
1544814652.75
1544814652.79
1544814652.84
1544814652.89
1544814652.95
1544814652.98
1544814653.01
1544814653.05
1544814653.13
1544814653.18
1544814653.24
1544814653.29
1544814653.35
1544814653.38
1544814653.43
1544814653.49
1544814653.54
1544814653.58
1544814653.61
1544814653.66
1544814653.71
1544814653.75
1544814653.8
1544814653.84
1544814653.88
1544814653.93
1544814654.03
1544814654.06
1544814654.1
1544814654.15
1544814654.22
1544814654.28
1544814654.33
1544814654.37
1544814654.41
1544814654.46
1544814654.53
1544814654.59
1544814654.64
1544814654.67
1544814654.71
1544814654.75
1544814654.8
1544814654.89
1544814654.94
1544814654.99
1544814655.05
1544814655.09
1544814655.14
1544814655.2
1544814655.25
1544814655.3
1544814655.38
1544814655.44
1544814655.48
1544814655.54
1544814655.61
1544814655.66
1544814655.71
1544814655.78
1544814655.86
1544814655.95
1544814656.01
1544814656.09
1544814656.17
1544814656.26
1544814656.34
1544814656.43
1544814656.48
1544814656.51
1544814656.64
1544814656.72
1544814656.79
1544814656.88
1544814656.96
1544814657.03
1544814657.1
1544814657.17
1544814657.25
1544814657.31
1544814657.36
1544814657.42
1544814657.48
1544814657.54
1544814657.6
1544814657.64
1544814657.68
1544814657.76
1544814657.79
1544814657.82
1544814657.91
1544814657.95
1544814657.98
1544814658.01
1544814658.07
1544814658.11
1544814658.16
1544814658.19
1544814658.24
1544814658.31
1544814658.37
1544814658.4
1544814658.45
1544814658.48
1544814658.53
1544814658.57
1544814658.61
1544814658.68
1544814658.74
1544814658.79
1544814658.85
1544814658.91
1544814658.98
1544814659.05
1544814659.12
1544814659.17
1544814659.21
1544814659.25
1544814659.3
1544814659.34
1544814659.38
1544814659.44
1544814659.52
1544814659.57
1544814659.61
1544814659.7
1544814659.75
1544814659.8
1544814659.86
1544814659.91
1544814659.97
1544814660.0
1544814660.04
1544814660.1
1544814660.15
1544814660.2
1544814660.24
1544814660.3
1544814660.36
1544814660.4
1544814660.44
1544814660.51
1544814660.56
1544814660.6
1544814660.66
1544814660.74
1544814660.77
1544814660.82
1544814660.92
1544814660.97
1544814661.01
1544814661.07
1544814661.1
1544814661.15
1544814661.2
1544814661.24
1544814661.29
1544814661.34
1544814661.37
1544814661.41
1544814661.46
1544814661.51
1544814661.55
1544814661.6
1544814661.65
1544814661.69
1544814661.75
1544814661.79
1544814661.85
1544814661.9
1544814661.97
1544814662.0
1544814662.05
1544814662.11
1544814662.16
1544814662.21
1544814662.3
1544814662.35
1544814662.4
1544814662.46
1544814662.52
1544814662.56
1544814662.6
1544814662.67
1544814662.73
1544814662.77
1544814662.81
1544814662.86
1544814662.95
1544814662.99
1544814663.05
1544814663.08
1544814663.11
1544814663.16
1544814663.2
1544814663.25
1544814663.33
1544814663.37
1544814663.4
1544814663.46
1544814663.51
1544814663.56
1544814663.6
1544814663.64
1544814663.68
1544814663.74
1544814663.78
1544814663.85
1544814663.91
1544814663.96
1544814664.0
1544814664.05
1544814664.09
1544814664.13
1544814664.21
1544814664.28
1544814664.36
1544814664.4
1544814664.47
1544814664.51
1544814664.57
1544814664.64
1544814664.7
1544814664.76
1544814664.83
1544814664.9
1544814664.95
1544814665.0
1544814665.08
1544814665.14
1544814665.19
1544814665.24
1544814665.29
1544814665.34
1544814665.38
1544814665.42
1544814665.49
1544814665.6
1544814665.67
1544814665.72
1544814665.8
1544814665.88
1544814665.98
1544814666.08
1544814666.18
1544814666.27
1544814666.35
1544814666.38
1544814666.44
1544814666.53
1544814666.63
1544814666.72
1544814666.81
1544814666.9
1544814667.01
1544814667.12
1544814667.21
1544814667.28
1544814667.33
1544814667.4
1544814667.47
1544814667.51
1544814667.61
1544814667.67
1544814667.7
1544814667.75
1544814667.79
1544814667.82
1544814667.88
1544814667.91
1544814668.0
1544814668.06
1544814668.1
1544814668.14
1544814668.2
1544814668.25
1544814668.29
1544814668.34
1544814668.4
1544814668.45
1544814668.5
1544814668.57
1544814668.66
1544814668.7
1544814668.75
1544814668.79
1544814668.83
1544814668.88
1544814668.93
1544814668.97
1544814669.01
1544814669.05
1544814669.1
1544814669.17
1544814669.22
1544814669.27
1544814669.31
1544814669.37
1544814669.43
1544814669.5
1544814669.56
1544814669.6
1544814669.66
1544814669.7
1544814669.74
1544814669.78
1544814669.82
1544814669.9
1544814669.98
1544814670.05
1544814670.1
1544814670.16
1544814670.2
1544814670.25
1544814670.29
1544814670.35
1544814670.4
1544814670.47
1544814670.56
1544814670.64
1544814670.7
1544814670.78
1544814670.87
1544814670.95
1544814671.01
1544814671.08
1544814671.15
1544814671.19
1544814671.25
1544814671.3
1544814671.36
1544814671.43
1544814671.47
1544814671.52
1544814671.57
1544814671.62
1544814671.68
1544814671.75
1544814671.81
1544814671.86
1544814671.9
1544814671.94
1544814672.0
1544814672.09
1544814672.15
1544814672.2
1544814672.26
1544814672.3
1544814672.36
1544814672.42
1544814672.48
1544814672.51
1544814672.56
1544814672.61
1544814672.68
1544814672.74
1544814672.8
1544814672.85
1544814672.9
1544814672.94
1544814673.05
1544814673.09
1544814673.13
1544814673.17
1544814673.22
1544814673.27
1544814673.31
1544814673.35
1544814673.38
1544814673.42
1544814673.47
1544814673.51
1544814673.56
1544814673.61
1544814673.66
1544814673.7
1544814673.74
1544814673.79
1544814673.85
1544814673.88
1544814673.91
1544814673.97
1544814674.01
1544814674.05
1544814674.08
1544814674.12
1544814674.2
1544814674.26
1544814674.3
1544814674.34
1544814674.4
1544814674.46
1544814674.49
1544814674.54
1544814674.59
1544814674.64
1544814674.7
1544814674.74
1544814674.8
1544814674.85
1544814674.9
1544814674.98
1544814675.05
1544814675.08
1544814675.12
1544814675.19
1544814675.24
1544814675.27
1544814675.31
1544814675.37
1544814675.44
1544814675.49
1544814675.54
1544814675.6
1544814675.66
1544814675.69
1544814675.75
1544814675.81
1544814675.86
1544814675.9
1544814675.94
1544814675.99
1544814676.04
1544814676.07
1544814676.11
1544814676.18
1544814676.24
1544814676.27
1544814676.31
1544814676.36
1544814676.42
1544814676.46
1544814676.5
1544814676.55
1544814676.6
1544814676.65
1544814676.7
1544814676.74
1544814676.83
1544814676.88
1544814676.93
1544814677.0
1544814677.06
1544814677.09
1544814677.14
1544814677.21
1544814677.26
1544814677.29
1544814677.35
1544814677.39
1544814677.45
1544814677.51
1544814677.56
1544814677.6
1544814677.65
1544814677.68
1544814677.72
1544814677.78
1544814677.83
1544814677.88
1544814677.92
1544814677.98
1544814678.05
1544814678.08
1544814678.12
1544814678.16
1544814678.21
1544814678.24
1544814678.29
1544814678.32
1544814678.39
1544814678.44
1544814678.48
1544814678.52
1544814678.56
1544814678.6
1544814678.65
1544814678.68
1544814678.72
1544814678.77
1544814678.81
1544814678.86
1544814678.9
1544814678.95
1544814679.01
1544814679.06
1544814679.1
1544814679.16
1544814679.23
1544814679.27
1544814679.31
1544814679.36
1544814679.43
1544814679.48
1544814679.52
1544814679.57
1544814679.63
1544814679.67
1544814679.71
1544814679.76
1544814679.8
1544814679.85
1544814679.89
1544814679.94
1544814680.0
1544814680.05
1544814680.11
1544814680.16
1544814680.21
1544814680.26
1544814680.29
1544814680.34
1544814680.38
1544814680.42
1544814680.48
1544814680.51
1544814680.55
1544814680.59
1544814680.64
1544814680.69
1544814680.75
1544814680.79
1544814680.84
1544814680.87
1544814680.92
1544814680.95
1544814680.99
1544814681.02
1544814681.06
1544814681.1
1544814681.14
1544814681.2
1544814681.25
1544814681.29
1544814681.34
1544814681.39
1544814681.45
1544814681.5
1544814681.58
1544814681.65
1544814681.69
1544814681.73
1544814681.81
1544814681.86
1544814681.9
1544814681.98
1544814682.04
1544814682.08
1544814682.11
1544814682.2
1544814682.26
1544814682.3
1544814682.36
1544814682.4
1544814682.45
1544814682.49
1544814682.54
1544814682.61
1544814682.66
1544814682.7
1544814682.75
1544814682.79
1544814682.83
1544814682.88
1544814682.92
1544814682.98
1544814683.03
1544814683.08
1544814683.11
1544814683.16
1544814683.23
1544814683.27
1544814683.3
1544814683.36
1544814683.43
1544814683.47
1544814683.51
1544814683.59
1544814683.65
1544814683.69
1544814683.73
1544814683.79
1544814683.85
1544814683.88
1544814683.93
1544814684.0
1544814684.06
1544814684.1
1544814684.15
1544814684.24
1544814684.29
1544814684.34
1544814684.43
1544814684.49
1544814684.54
1544814684.58
1544814684.64
1544814684.68
1544814684.72
1544814684.78
1544814684.85
1544814684.89
1544814684.94
1544814684.97
1544814685.02
1544814685.07
1544814685.1
1544814685.15
1544814685.2
1544814685.24
1544814685.28
1544814685.32
1544814685.4
1544814685.45
1544814685.48
1544814685.52
1544814685.59
1544814685.64
1544814685.7
1544814685.75
1544814685.81
1544814685.86
1544814685.9
1544814685.94
1544814686.0
1544814686.06
1544814686.09
1544814686.13
1544814686.2
1544814686.27
1544814686.31
1544814686.36
1544814686.4
1544814686.45
1544814686.49
1544814686.54
1544814686.6
1544814686.64
1544814686.69
1544814686.73
1544814686.79
1544814686.84
1544814686.88
1544814686.92
1544814686.96
1544814687.02
1544814687.06
1544814687.1
1544814687.15
1544814687.19
1544814687.25
1544814687.28
1544814687.31
1544814687.35
1544814687.41
1544814687.45
1544814687.49
1544814687.54
1544814687.6
1544814687.65
1544814687.69
1544814687.76
1544814687.83
1544814687.89
1544814687.97
1544814688.05
1544814688.12
1544814688.2
1544814688.27
1544814688.33
1544814688.41
1544814688.48
1544814688.55
1544814688.61
1544814688.68
1544814688.76
1544814688.82
1544814688.89
1544814688.97
1544814689.04
1544814689.12
1544814689.18
1544814689.28
1544814689.34
1544814689.41
1544814689.51
1544814689.61
1544814689.69
1544814689.77
1544814689.83
1544814689.91
1544814689.97
1544814690.04
1544814690.08
1544814690.13
1544814690.18
1544814690.23
1544814690.28
1544814690.33
1544814690.4
1544814690.45
1544814690.5
1544814690.55
1544814690.64
1544814690.68
1544814690.74
1544814690.83
1544814690.87
1544814690.91
1544814690.95
1544814691.0
1544814691.07
1544814691.12
1544814691.18
1544814691.25
1544814691.3
1544814691.34
1544814691.4
1544814691.47
1544814691.5
1544814691.54
1544814691.6
1544814691.65
1544814691.69
1544814691.75
1544814691.81
1544814691.86
1544814691.9
1544814691.97
1544814692.01
1544814692.05
1544814692.08
1544814692.13
1544814692.16
1544814692.21
1544814692.27
1544814692.31
1544814692.38
1544814692.42
1544814692.48
1544814692.52
1544814692.57
1544814692.63
1544814692.67
1544814692.74
1544814692.76
1544814692.8
1544814692.86
1544814692.9
1544814692.96
1544814693.02
1544814693.08
1544814693.12
1544814693.17
1544814693.22
1544814693.26
1544814693.3
1544814693.34
1544814693.44
1544814693.48
1544814693.52
1544814693.6
1544814693.66
1544814693.69
1544814693.74
1544814693.77
1544814693.84
1544814693.89
1544814693.95
1544814694.0
1544814694.05
1544814694.08
1544814694.11
1544814694.17
1544814694.25
1544814694.31
1544814694.4
1544814694.47
1544814694.55
1544814694.61
1544814694.7
1544814694.77
1544814694.85
1544814694.91
1544814694.98
1544814695.05
1544814695.11
1544814695.17
1544814695.24
1544814695.3
1544814695.36
1544814695.41
1544814695.49
1544814695.56
1544814695.66
1544814695.75
1544814695.84
1544814695.93
1544814696.0
1544814696.08
1544814696.15
1544814696.22
1544814696.29
1544814696.35
1544814696.41
1544814696.48
1544814696.53
1544814696.58
1544814696.64
1544814696.7
1544814696.78
1544814696.86
1544814696.94
1544814697.04
1544814697.12
1544814697.17
1544814697.22
1544814697.26
1544814697.29
1544814697.34
1544814697.37
1544814697.42
1544814697.47
1544814697.5
1544814697.55
1544814697.6
1544814697.64
1544814697.67
1544814697.71
1544814697.76
1544814697.82
1544814697.86
1544814697.9
1544814697.98
1544814698.06
1544814698.1
1544814698.16
1544814698.22
1544814698.27
1544814698.31
1544814698.38
1544814698.44
1544814698.49
1544814698.56
1544814698.63
1544814698.67
1544814698.7
1544814698.74
1544814698.79
1544814698.86
1544814698.9
1544814698.94
1544814699.02
1544814699.07
1544814699.11
1544814699.18
1544814699.24
1544814699.29
1544814699.32
1544814699.36
1544814699.41
1544814699.46
1544814699.5
1544814699.54
1544814699.6
1544814699.65
1544814699.69
1544814699.73
1544814699.81
1544814699.87
1544814699.9
1544814699.98
1544814700.05
1544814700.1
1544814700.16
1544814700.24
1544814700.28
1544814700.34
1544814700.41
1544814700.45
1544814700.49
1544814700.53
1544814700.58
1544814700.64
1544814700.67
1544814700.7
1544814700.75
1544814700.79
1544814700.84
1544814700.88
1544814700.91
1544814700.95
1544814700.99
1544814701.04
1544814701.08
1544814701.13
1544814701.17
1544814701.23
1544814701.27
1544814701.3
1544814701.35
1544814701.4
1544814701.46
1544814701.5
1544814701.56
1544814701.64
1544814701.67
1544814701.7
1544814701.77
1544814701.84
1544814701.9
1544814701.94
1544814701.99
1544814702.04
1544814702.07
1544814702.11
1544814702.17
1544814702.22
1544814702.27
1544814702.31
1544814702.35
1544814702.39
1544814702.44
1544814702.47
1544814702.51
1544814702.55
1544814702.65
1544814702.68
1544814702.75
1544814702.83
1544814702.87
1544814702.9
1544814702.96
1544814703.03
1544814703.07
1544814703.11
1544814703.17
1544814703.23
1544814703.28
1544814703.34
1544814703.4
1544814703.45
1544814703.49
1544814703.53
1544814703.61
1544814703.66
1544814703.71
1544814703.77
1544814703.84
1544814703.88
1544814703.93
1544814703.98
1544814704.05
1544814704.1
1544814704.16
1544814704.24
1544814704.29
1544814704.35
1544814704.4
1544814704.44
1544814704.48
1544814704.51
1544814704.56
1544814704.65
1544814704.74
1544814704.78
1544814704.85
1544814704.89
1544814704.95
1544814705.02
1544814705.08
1544814705.13
1544814705.21
1544814705.3
1544814705.38
1544814705.46
1544814705.53
1544814705.61
1544814705.66
1544814705.71
1544814705.76
1544814705.8
1544814705.86
1544814705.91
1544814705.96
1544814706.0
1544814706.03
1544814706.09
1544814706.14
1544814706.2
1544814706.23
1544814706.32
1544814706.39
1544814706.44
1544814706.52
1544814706.55
1544814706.6
1544814706.66
1544814706.72
1544814706.77
1544814706.81
1544814706.9
1544814706.96
1544814707.0
1544814707.05
1544814707.16
1544814707.21
1544814707.27
1544814707.34
1544814707.4
1544814707.46
1544814707.54
1544814707.58
1544814707.63
1544814707.7
1544814707.76
1544814707.8
1544814707.84
1544814707.88
1544814707.94
1544814707.98
1544814708.04
1544814708.11
1544814708.16
1544814708.21
1544814708.28
1544814708.35
1544814708.4
1544814708.46
1544814708.51
1544814708.56
1544814708.59
1544814708.65
1544814708.7
1544814708.75
1544814708.78
1544814708.81
1544814708.87
1544814708.93
1544814708.97
1544814709.0
1544814709.05
1544814709.09
1544814709.13
1544814709.17
1544814709.2
1544814709.24
1544814709.31
1544814709.36
1544814709.4
1544814709.46
1544814709.52
1544814709.58
1544814709.61
1544814709.65
1544814709.7
1544814709.75
1544814709.8
1544814709.84
1544814709.9
1544814709.95
1544814709.99
1544814710.02
1544814710.07
1544814710.17
1544814710.22
1544814710.29
1544814710.35
1544814710.39
1544814710.45
1544814710.5
1544814710.55
1544814710.59
1544814710.67
1544814710.74
1544814710.78
1544814710.82
1544814710.87
1544814710.95
1544814711.0
1544814711.09
1544814711.17
1544814711.25
1544814711.31
1544814711.39
1544814711.46
1544814711.5
1544814711.56
1544814711.61
1544814711.67
1544814711.75
1544814711.86
1544814711.93
1544814711.98
1544814712.07
1544814712.15
1544814712.23
1544814712.28
1544814712.32
1544814712.4
1544814712.49
1544814712.57
1544814712.65
1544814712.71
1544814712.8
1544814712.87
1544814712.95
1544814713.01
1544814713.08
1544814713.15
1544814713.24
1544814713.28
1544814713.31
1544814713.36
1544814713.43
1544814713.47
1544814713.51
1544814713.56
1544814713.6
1544814713.65
1544814713.7
1544814713.75
1544814713.8
1544814713.85
1544814713.89
1544814713.94
1544814713.99
1544814714.05
1544814714.09
1544814714.14
1544814714.21
1544814714.26
1544814714.3
1544814714.34
1544814714.42
1544814714.48
1544814714.52
1544814714.6
1544814714.66
1544814714.7
1544814714.77
1544814714.84
1544814714.88
1544814714.91
1544814714.97
1544814715.04
1544814715.09
1544814715.14
1544814715.2
1544814715.24
1544814715.28
1544814715.31
1544814715.36
1544814715.44
1544814715.48
1544814715.53
1544814715.57
1544814715.64
1544814715.68
1544814715.71
1544814715.75
1544814715.79
1544814715.83
1544814715.88
1544814715.91
1544814715.96
1544814716.0
1544814716.04
1544814716.08
1544814716.12
1544814716.2
1544814716.26
1544814716.3
1544814716.36
1544814716.43
1544814716.48
1544814716.53
1544814716.6
1544814716.65
1544814716.7
1544814716.76
1544814716.84
1544814716.89
1544814716.95
1544814717.05
1544814717.09
1544814717.13
1544814717.19
1544814717.25
1544814717.29
1544814717.33
1544814717.39
1544814717.45
1544814717.48
1544814717.54
1544814717.59
1544814717.67
1544814717.74
1544814717.82
1544814717.89
1544814717.97
1544814718.04
1544814718.13
1544814718.18
1544814718.22
1544814718.28
1544814718.37
1544814718.47
1544814718.51
1544814718.56
1544814718.65
1544814718.7
1544814718.75
1544814718.81
1544814718.87
1544814718.92
1544814719.0
1544814719.07
1544814719.12
1544814719.2
1544814719.26
1544814719.3
1544814719.37
1544814719.41
1544814719.48
1544814719.54
1544814719.58
1544814719.62
1544814719.71
1544814719.78
1544814719.85
1544814719.93
1544814720.01
1544814720.07
1544814720.16
1544814720.23
1544814720.26
1544814720.3
1544814720.36
1544814720.4
1544814720.45
1544814720.5
1544814720.54
1544814720.58
1544814720.61
1544814720.66
1544814720.73
1544814720.77
1544814720.81
1544814720.88
1544814720.93
1544814720.98
1544814721.01
1544814721.08
1544814721.13
1544814721.17
1544814721.22
1544814721.29
1544814721.36
1544814721.4
1544814721.45
1544814721.51
1544814721.56
1544814721.6
1544814721.67
1544814721.72
1544814721.77
1544814721.8
1544814721.87
1544814721.93
1544814721.97
1544814722.01
1544814722.07
1544814722.13
1544814722.17
1544814722.21
1544814722.29
1544814722.34
1544814722.38
1544814722.42
1544814722.5
1544814722.56
1544814722.6
1544814722.68
1544814722.76
1544814722.8
1544814722.87
1544814722.93
1544814722.97
1544814723.02
1544814723.1
1544814723.18
1544814723.25
1544814723.33
1544814723.41
1544814723.46
1544814723.51
1544814723.57
1544814723.61
1544814723.66
1544814723.71
1544814723.77
1544814723.82
1544814723.89
1544814723.97
1544814724.02
1544814724.1
1544814724.16
1544814724.19
1544814724.25
1544814724.34
1544814724.38
1544814724.43
1544814724.5
1544814724.56
1544814724.6
1544814724.66
1544814724.74
1544814724.79
1544814724.83
1544814724.91
1544814724.96
1544814724.99
1544814725.05
1544814725.11
1544814725.16
1544814725.2
1544814725.28
1544814725.35
1544814725.39
1544814725.42
1544814725.5
1544814725.57
1544814725.61
1544814725.66
1544814725.75
1544814725.79
1544814725.86
1544814725.91
1544814725.96
1544814725.99
1544814726.03
1544814726.09
1544814726.14
1544814726.19
1544814726.23
1544814726.28
1544814726.32
1544814726.37
1544814726.4
1544814726.49
1544814726.53
1544814726.58
1544814726.63
1544814726.68
1544814726.75
1544814726.8
1544814726.86
1544814726.9
1544814726.95
1544814726.99
1544814727.04
1544814727.1
1544814727.15
1544814727.19
1544814727.24
1544814727.28
1544814727.32
1544814727.36
1544814727.4
1544814727.45
1544814727.49
1544814727.54
1544814727.58
1544814727.62
1544814727.68
1544814727.73
1544814727.77
1544814727.8
1544814727.87
1544814727.94
1544814727.98
1544814728.02
1544814728.07
1544814728.14
1544814728.19
1544814728.23
1544814728.31
1544814728.36
1544814728.41
1544814728.5
1544814728.56
1544814728.61
1544814728.67
1544814728.74
1544814728.78
1544814728.83
1544814728.89
1544814728.94
1544814728.99
1544814729.03
1544814729.07
1544814729.12
1544814729.2
1544814729.27
1544814729.32
1544814729.37
1544814729.42
1544814729.47
1544814729.53
1544814729.59
1544814729.66
1544814729.7
1544814729.75
1544814729.8
1544814729.84
1544814729.91
1544814729.96
1544814730.04
1544814730.11
1544814730.17
1544814730.24
1544814730.3
1544814730.36
1544814730.43
1544814730.5
1544814730.58
1544814730.65
1544814730.74
1544814730.8
1544814730.89
1544814730.96
1544814731.01
1544814731.06
1544814731.11
1544814731.16
1544814731.21
1544814731.27
1544814731.33
1544814731.38
1544814731.44
1544814731.49
1544814731.54
1544814731.58
1544814731.62
1544814731.66
1544814731.7
1544814731.76
1544814731.82
1544814731.86
1544814731.91
1544814731.96
1544814732.03
1544814732.07
1544814732.11
1544814732.18
1544814732.25
1544814732.28
1544814732.34
1544814732.43
1544814732.47
1544814732.51
1544814732.57
1544814732.62
1544814732.67
1544814732.71
1544814732.77
1544814732.83
1544814732.87
1544814732.93
1544814733.0
1544814733.06
1544814733.1
1544814733.16
1544814733.23
1544814733.28
1544814733.32
1544814733.38
1544814733.44
1544814733.48
1544814733.52
1544814733.58
1544814733.63
1544814733.71
1544814733.77
1544814733.84
1544814733.87
1544814733.9
1544814733.97
1544814734.03
1544814734.07
1544814734.14
1544814734.21
1544814734.26
1544814734.3
1544814734.35
1544814734.44
1544814734.49
1544814734.56
1544814734.63
1544814734.67
1544814734.71
1544814734.77
1544814734.83
1544814734.87
1544814734.91
1544814734.96
1544814735.01
1544814735.05
1544814735.1
1544814735.15
1544814735.19
1544814735.25
1544814735.29
1544814735.34
1544814735.38
1544814735.44
1544814735.49
1544814735.53
1544814735.57
1544814735.65
1544814735.69
1544814735.72
1544814735.77
1544814735.85
1544814735.89
1544814735.92
1544814735.99
1544814736.04
1544814736.09
1544814736.14
1544814736.18
1544814736.23
1544814736.28
1544814736.33
1544814736.37
1544814736.44
1544814736.49
1544814736.54
1544814736.58
1544814736.65
1544814736.68
1544814736.72
1544814736.77
1544814736.84
1544814736.9
1544814736.95
1544814737.01
1544814737.06
1544814737.12
1544814737.24
1544814737.29
1544814737.37
1544814737.46
1544814737.51
1544814737.56
1544814737.61
1544814737.67
1544814737.7
1544814737.75
1544814737.81
1544814737.87
1544814737.91
1544814737.96
1544814738.01
1544814738.07
1544814738.11
1544814738.18
1544814738.26
1544814738.3
1544814738.35
1544814738.39
1544814738.45
1544814738.51
1544814738.57
1544814738.61
1544814738.67
1544814738.71
1544814738.78
1544814738.85
1544814738.92
1544814738.99
1544814739.07
1544814739.13
1544814739.21
1544814739.27
1544814739.31
1544814739.39
1544814739.47
1544814739.55
1544814739.6
1544814739.68
1544814739.76
1544814739.8
1544814739.91
1544814740.0
1544814740.1
1544814740.2
1544814740.32
1544814740.42
1544814740.53
1544814740.63
1544814740.72
1544814740.81
1544814740.9
1544814740.95
1544814741.03
1544814741.09
1544814741.18
1544814741.25
1544814741.33
1544814741.41
1544814741.5
1544814741.56
1544814741.63
1544814741.72
1544814741.81
1544814741.86
1544814741.9
1544814741.97
1544814742.01
1544814742.07
1544814742.15
1544814742.2
1544814742.27
1544814742.35
1544814742.44
1544814742.49
1544814742.53
1544814742.56
1544814742.6
1544814742.65
1544814742.7
1544814742.77
1544814742.81
1544814742.87
1544814742.91
1544814742.97
1544814743.01
1544814743.08
1544814743.15
1544814743.23
1544814743.28
1544814743.35
1544814743.4
1544814743.45
1544814743.52
1544814743.58
1544814743.64
1544814743.71
1544814743.77
1544814743.85
1544814743.89
1544814743.95
1544814744.04
1544814744.13
1544814744.21
1544814744.26
1544814744.31
1544814744.37
1544814744.43
1544814744.5
1544814744.56
1544814744.6
1544814744.67
1544814744.73
1544814744.81
1544814744.87
1544814744.94
1544814745.0
1544814745.08
1544814745.15
1544814745.23
1544814745.3
1544814745.38
1544814745.48
1544814745.57
1544814745.64
1544814745.72
1544814745.79
1544814745.88
1544814745.96
1544814746.04
1544814746.13
1544814746.17
1544814746.22
1544814746.28
1544814746.38
1544814746.47
1544814746.55
1544814746.59
1544814746.63
1544814746.68
1544814746.74
1544814746.78
1544814746.81
1544814746.86
1544814746.9
1544814746.96
1544814747.01
1544814747.07
1544814747.13
1544814747.18
1544814747.24
1544814747.3
1544814747.38
1544814747.48
1544814747.54
1544814747.57
1544814747.62
1544814747.67
1544814747.73
1544814747.79
1544814747.87
1544814747.94
1544814747.99
1544814748.05
1544814748.1
1544814748.16
1544814748.2
1544814748.25
1544814748.3
1544814748.37
1544814748.42
1544814748.47
1544814748.51
1544814748.56
1544814748.65
1544814748.75
1544814748.84
1544814748.87
1544814748.94
1544814748.97
1544814749.01
1544814749.09
1544814749.15
1544814749.19
1544814749.24
1544814749.28
1544814749.33
1544814749.36
1544814749.41
1544814749.48
1544814749.53
1544814749.57
1544814749.61
1544814749.68
1544814749.75
1544814749.79
1544814749.83
1544814749.88
1544814749.93
1544814749.99
1544814750.03
1544814750.09
1544814750.14
1544814750.19
1544814750.25
1544814750.3
1544814750.36
1544814750.39
1544814750.44
1544814750.51
1544814750.55
1544814750.59
1544814750.65
1544814750.7
1544814750.75
1544814750.78
1544814750.81
1544814750.87
1544814750.92
1544814750.96
1544814751.0
1544814751.06
1544814751.1
1544814751.16
1544814751.2
1544814751.26
1544814751.3
1544814751.36
1544814751.41
1544814751.47
1544814751.51
1544814751.57
1544814751.62
1544814751.68
1544814751.73
1544814751.78
1544814751.81
1544814751.9
1544814751.95
1544814751.98
1544814752.04
1544814752.12
1544814752.18
1544814752.25
1544814752.32
1544814752.37
1544814752.43
1544814752.49
1544814752.58
1544814752.64
1544814752.71
1544814752.79
1544814752.87
1544814752.95
1544814752.99
1544814753.02
1544814753.1
1544814753.15
1544814753.24
1544814753.32
1544814753.38
1544814753.44
1544814753.48
1544814753.53
1544814753.56
1544814753.6
1544814753.65
1544814753.7
1544814753.75
1544814753.83
1544814753.88
1544814753.94
1544814754.0
1544814754.07
1544814754.11
1544814754.16
1544814754.23
1544814754.28
1544814754.32
1544814754.39
1544814754.45
1544814754.5
1544814754.55
1544814754.61
1544814754.65
1544814754.69
1544814754.73
1544814754.8
1544814754.85
1544814754.89
1544814754.94
1544814755.0
1544814755.05
1544814755.1
1544814755.14
1544814755.21
1544814755.26
1544814755.29
1544814755.34
1544814755.41
1544814755.45
1544814755.5
1544814755.55
1544814755.6
1544814755.64
1544814755.68
1544814755.73
1544814755.81
1544814755.86
1544814755.91
1544814755.96
1544814756.01
1544814756.07
1544814756.11
1544814756.18
1544814756.25
1544814756.3
1544814756.36
1544814756.41
1544814756.46
1544814756.5
1544814756.54
1544814756.6
1544814756.65
1544814756.69
1544814756.74
1544814756.79
1544814756.84
1544814756.88
1544814756.92
1544814756.96
1544814757.01
1544814757.05
1544814757.1
1544814757.14
1544814757.19
1544814757.24
1544814757.28
1544814757.34
1544814757.41
1544814757.46
1544814757.5
1544814757.55
1544814757.6
1544814757.66
1544814757.72
1544814757.81
1544814757.87
1544814757.91
1544814757.97
1544814758.05
1544814758.09
1544814758.15
1544814758.2
1544814758.25
1544814758.29
1544814758.32
1544814758.36
1544814758.4
1544814758.44
1544814758.48
1544814758.51
1544814758.56
1544814758.61
1544814758.66
1544814758.73
1544814758.8
1544814758.87
1544814758.92
1544814759.0
1544814759.06
1544814759.1
1544814759.18
1544814759.26
1544814759.31
1544814759.36
1544814759.41
1544814759.47
1544814759.5
1544814759.55
1544814759.6
1544814759.67
1544814759.71
1544814759.78
1544814759.84
1544814759.88
1544814759.94
1544814760.01
1544814760.07
1544814760.11
1544814760.18
1544814760.25
1544814760.29
1544814760.34
1544814760.39
1544814760.45
1544814760.49
1544814760.54
1544814760.63
1544814760.68
1544814760.72
1544814760.79
1544814760.86
1544814760.9
1544814760.97
1544814761.04
1544814761.08
1544814761.14
1544814761.2
1544814761.25
1544814761.28
1544814761.33
1544814761.38
1544814761.42
1544814761.47
1544814761.51
1544814761.58
1544814761.64
1544814761.67
1544814761.71
1544814761.76
1544814761.82
1544814761.86
1544814761.9
1544814761.94
1544814762.0
1544814762.05
1544814762.08
1544814762.13
1544814762.23
1544814762.28
1544814762.35
1544814762.4
1544814762.47
1544814762.52
1544814762.59
1544814762.64
1544814762.69
1544814762.72
1544814762.76
1544814762.84
1544814762.88
1544814762.91
1544814762.96
1544814763.01
1544814763.05
1544814763.09
1544814763.13
1544814763.2
1544814763.25
1544814763.29
1544814763.32
1544814763.39
1544814763.46
1544814763.51
1544814763.56
1544814763.62
1544814763.66
1544814763.7
1544814763.74
1544814763.79
1544814763.84
1544814763.87
1544814763.91
1544814763.95
1544814763.99
1544814764.04
1544814764.07
1544814764.12
1544814764.16
1544814764.23
1544814764.27
1544814764.34
1544814764.38
1544814764.41
1544814764.47
1544814764.52
1544814764.57
1544814764.65
1544814764.68
1544814764.72
1544814764.78
1544814764.86
1544814764.94
1544814765.01
1544814765.07
1544814765.12
1544814765.17
1544814765.21
1544814765.28
1544814765.39
1544814765.5
1544814765.56
1544814765.61
1544814765.67
1544814765.76
1544814765.84
1544814765.89
1544814765.93
1544814766.03
1544814766.09
1544814766.15
1544814766.21
1544814766.28
1544814766.35
1544814766.41
1544814766.49
1544814766.56
1544814766.63
1544814766.7
1544814766.76
1544814766.81
1544814766.86
1544814766.9
1544814766.97
1544814767.01
1544814767.07
1544814767.13
1544814767.19
1544814767.24
1544814767.32
1544814767.38
1544814767.41
1544814767.46
1544814767.52
1544814767.57
1544814767.6
1544814767.67
1544814767.72
1544814767.77
1544814767.81
1544814767.86
1544814767.91
1544814767.96
1544814768.0
1544814768.04
1544814768.09
1544814768.15
1544814768.2
1544814768.26
1544814768.34
1544814768.37
1544814768.4
1544814768.45
1544814768.52
1544814768.57
1544814768.6
1544814768.65
1544814768.69
1544814768.75
1544814768.8
1544814768.84
1544814768.89
1544814768.96
1544814769.02
1544814769.08
1544814769.13
1544814769.17
1544814769.21
1544814769.26
1544814769.31
1544814769.36
1544814769.4
1544814769.44
1544814769.51
1544814769.57
1544814769.6
1544814769.64
1544814769.69
1544814769.74
1544814769.77
1544814769.82
1544814769.88
1544814769.94
1544814769.99
1544814770.03
1544814770.07
1544814770.11
1544814770.16
1544814770.21
1544814770.25
1544814770.31
1544814770.36
1544814770.4
1544814770.46
1544814770.55
1544814770.64
1544814770.73
1544814770.83
1544814770.91
1544814770.99
1544814771.07
1544814771.16
1544814771.23
1544814771.3
1544814771.39
1544814771.47
1544814771.53
1544814771.58
1544814771.66
1544814771.74
1544814771.79
1544814771.87
1544814771.92
1544814771.99
1544814772.07
1544814772.13
1544814772.19
1544814772.23
1544814772.27
1544814772.31
1544814772.36
1544814772.4
1544814772.47
1544814772.54
1544814772.6
1544814772.67
1544814772.72
1544814772.77
1544814772.8
1544814772.84
1544814772.88
1544814772.92
1544814772.97
1544814773.01
1544814773.09
1544814773.15
1544814773.19
1544814773.24
1544814773.29
1544814773.34
1544814773.38
1544814773.41
1544814773.49
1544814773.54
1544814773.59
1544814773.66
1544814773.73
1544814773.77
1544814773.81
1544814773.87
1544814773.93
1544814773.98
1544814774.04
1544814774.08
1544814774.12
1544814774.17
1544814774.22
1544814774.27
1544814774.32
1544814774.37
1544814774.43
1544814774.52
1544814774.57
1544814774.63
1544814774.67
1544814774.74
1544814774.83
1544814774.89
1544814774.94
1544814774.99
1544814775.05
1544814775.08
1544814775.12
1544814775.16
1544814775.21
1544814775.25
1544814775.3
1544814775.36
1544814775.43
1544814775.51
1544814775.59
1544814775.67
1544814775.74
1544814775.82
1544814775.9
1544814775.96
1544814776.0
1544814776.03
1544814776.08
1544814776.17
