1544815977.93
1544815978.09
1544815978.17
1544815978.25
1544815978.33
1544815978.4
1544815978.44
1544815978.51
1544815978.58
1544815978.64
1544815978.69
1544815978.74
1544815978.8
1544815978.85
1544815978.93
1544815979.0
1544815979.07
1544815979.13
1544815979.2
1544815979.25
1544815979.29
1544815979.34
1544815979.38
1544815979.43
1544815979.48
1544815979.51
1544815979.54
1544815979.58
1544815979.67
1544815979.75
1544815979.81
1544815979.85
1544815979.92
1544815979.97
1544815980.05
1544815980.14
1544815980.22
1544815980.27
1544815980.34
1544815980.42
1544815980.49
1544815980.58
1544815980.67
1544815980.73
1544815980.81
1544815980.88
1544815980.95
1544815981.03
1544815981.11
1544815981.19
1544815981.25
1544815981.33
1544815981.4
1544815981.47
1544815981.52
1544815981.57
1544815981.62
1544815981.69
1544815981.75
1544815981.8
1544815981.85
1544815981.89
1544815981.93
1544815981.97
1544815982.05
1544815982.12
1544815982.18
1544815982.23
1544815982.3
1544815982.39
1544815982.46
1544815982.54
1544815982.59
1544815982.62
1544815982.71
1544815982.79
1544815982.87
1544815982.97
1544815983.04
1544815983.13
1544815983.21
1544815983.29
1544815983.37
1544815983.45
1544815983.52
1544815983.59
1544815983.7
1544815983.79
1544815983.87
1544815983.93
1544815983.98
1544815984.05
1544815984.12
1544815984.18
1544815984.24
1544815984.3
1544815984.34
1544815984.42
1544815984.49
1544815984.52
1544815984.56
1544815984.63
1544815984.69
1544815984.73
1544815984.77
1544815984.81
1544815984.87
1544815984.91
1544815984.95
1544815984.99
1544815985.03
1544815985.09
1544815985.12
1544815985.16
1544815985.21
1544815985.24
1544815985.28
1544815985.32
1544815985.35
1544815985.42
1544815985.48
1544815985.51
1544815985.56
1544815985.62
1544815985.67
1544815985.71
1544815985.74
1544815985.78
1544815985.85
1544815985.91
1544815985.95
1544815986.03
1544815986.08
1544815986.11
1544815986.16
1544815986.23
1544815986.28
1544815986.31
1544815986.36
1544815986.4
1544815986.44
1544815986.48
1544815986.52
1544815986.59
1544815986.64
1544815986.69
1544815986.74
1544815986.77
1544815986.87
1544815986.91
1544815986.95
1544815987.05
1544815987.13
1544815987.21
1544815987.28
1544815987.33
1544815987.37
1544815987.42
1544815987.49
1544815987.53
1544815987.61
1544815987.68
1544815987.77
1544815987.86
1544815987.97
1544815988.05
1544815988.14
1544815988.23
1544815988.33
1544815988.42
1544815988.52
1544815988.6
1544815988.69
1544815988.76
1544815988.83
1544815988.92
1544815988.99
1544815989.04
1544815989.1
1544815989.17
1544815989.23
1544815989.29
1544815989.34
1544815989.39
1544815989.43
1544815989.48
1544815989.52
1544815989.59
1544815989.63
1544815989.68
1544815989.77
1544815989.85
1544815989.93
1544815989.99
1544815990.06
1544815990.13
1544815990.17
1544815990.23
1544815990.29
1544815990.35
1544815990.4
1544815990.45
1544815990.49
1544815990.53
1544815990.58
1544815990.62
1544815990.66
1544815990.71
1544815990.77
1544815990.82
1544815990.86
1544815990.95
1544815991.01
1544815991.04
1544815991.08
1544815991.14
1544815991.19
1544815991.22
1544815991.27
1544815991.32
1544815991.38
1544815991.42
1544815991.46
1544815991.51
1544815991.54
1544815991.58
1544815991.62
1544815991.67
1544815991.73
1544815991.78
1544815991.82
1544815991.85
1544815991.92
1544815991.98
1544815992.02
1544815992.05
1544815992.12
1544815992.18
1544815992.23
1544815992.27
1544815992.31
1544815992.35
1544815992.4
1544815992.45
1544815992.55
1544815992.6
1544815992.65
1544815992.7
1544815992.75
1544815992.79
1544815992.82
1544815992.87
1544815992.95
1544815992.99
1544815993.02
1544815993.07
1544815993.1
1544815993.16
1544815993.2
1544815993.24
1544815993.28
1544815993.37
1544815993.41
1544815993.45
1544815993.52
1544815993.58
1544815993.63
1544815993.69
1544815993.75
1544815993.79
1544815993.83
1544815993.87
1544815993.96
1544815994.01
1544815994.04
1544815994.08
1544815994.13
1544815994.18
1544815994.22
1544815994.28
1544815994.33
1544815994.38
1544815994.42
1544815994.46
1544815994.57
1544815994.61
1544815994.65
1544815994.73
1544815994.77
1544815994.8
1544815994.84
1544815994.87
1544815994.93
1544815994.99
1544815995.03
1544815995.07
1544815995.13
1544815995.17
1544815995.21
1544815995.25
1544815995.29
1544815995.33
1544815995.38
1544815995.42
1544815995.46
1544815995.53
1544815995.61
1544815995.65
1544815995.7
1544815995.77
1544815995.82
1544815995.87
1544815995.9
1544815995.95
1544815996.0
1544815996.04
1544815996.09
1544815996.13
1544815996.18
1544815996.22
1544815996.27
1544815996.31
1544815996.38
1544815996.43
1544815996.47
1544815996.54
1544815996.6
1544815996.65
1544815996.7
1544815996.77
1544815996.81
1544815996.85
1544815996.93
1544815996.98
1544815997.02
1544815997.07
1544815997.12
1544815997.17
1544815997.22
1544815997.26
1544815997.32
1544815997.38
1544815997.42
1544815997.47
1544815997.51
1544815997.54
1544815997.6
1544815997.64
1544815997.69
1544815997.76
1544815997.8
1544815997.84
1544815997.89
1544815997.94
1544815997.99
1544815998.03
1544815998.08
1544815998.18
1544815998.23
1544815998.28
1544815998.35
1544815998.38
1544815998.42
1544815998.48
1544815998.54
1544815998.61
1544815998.65
1544815998.74
1544815998.8
1544815998.84
1544815998.9
1544815998.94
1544815998.99
1544815999.03
1544815999.06
1544815999.11
1544815999.18
1544815999.23
1544815999.27
1544815999.38
1544815999.41
1544815999.45
1544815999.48
1544815999.54
1544815999.58
1544815999.61
1544815999.66
1544815999.72
1544815999.79
1544815999.83
1544815999.89
1544815999.97
1544816000.02
1544816000.07
1544816000.11
1544816000.16
1544816000.21
1544816000.27
1544816000.31
1544816000.35
1544816000.4
1544816000.45
1544816000.53
1544816000.59
1544816000.65
1544816000.73
1544816000.81
1544816000.88
1544816000.96
1544816001.03
1544816001.1
1544816001.17
1544816001.24
1544816001.31
1544816001.37
1544816001.43
1544816001.5
1544816001.57
1544816001.64
1544816001.71
1544816001.77
1544816001.82
1544816001.88
1544816001.95
1544816002.03
1544816002.08
1544816002.12
1544816002.18
1544816002.23
1544816002.29
1544816002.33
1544816002.39
1544816002.44
1544816002.48
1544816002.54
1544816002.59
1544816002.64
1544816002.69
1544816002.73
1544816002.78
1544816002.85
1544816002.94
1544816003.03
1544816003.09
1544816003.13
1544816003.18
1544816003.23
1544816003.29
1544816003.33
1544816003.37
1544816003.42
1544816003.46
1544816003.52
1544816003.57
1544816003.62
1544816003.66
1544816003.72
1544816003.77
1544816003.8
1544816003.84
1544816003.89
1544816003.94
1544816004.0
1544816004.04
1544816004.11
1544816004.17
1544816004.21
1544816004.25
1544816004.29
1544816004.32
1544816004.37
1544816004.41
1544816004.45
1544816004.49
1544816004.54
1544816004.58
1544816004.62
1544816004.66
1544816004.71
1544816004.77
1544816004.81
1544816004.85
1544816004.9
1544816005.0
1544816005.09
1544816005.17
1544816005.21
1544816005.25
1544816005.38
1544816005.44
1544816005.48
1544816005.56
1544816005.64
1544816005.72
1544816005.8
1544816005.87
1544816005.91
1544816005.95
1544816006.0
1544816006.07
1544816006.13
1544816006.2
1544816006.27
1544816006.34
1544816006.4
1544816006.44
1544816006.49
1544816006.56
1544816006.62
1544816006.68
1544816006.72
1544816006.75
1544816006.81
1544816006.88
1544816006.92
1544816006.96
1544816007.0
1544816007.05
1544816007.1
1544816007.14
1544816007.18
1544816007.22
1544816007.28
1544816007.33
1544816007.37
1544816007.42
1544816007.46
1544816007.5
1544816007.53
1544816007.57
1544816007.63
1544816007.67
1544816007.71
1544816007.75
1544816007.79
1544816007.86
1544816007.9
1544816007.94
1544816008.0
1544816008.05
1544816008.11
1544816008.15
1544816008.22
1544816008.28
1544816008.31
1544816008.34
1544816008.38
1544816008.43
1544816008.5
1544816008.53
1544816008.58
1544816008.63
1544816008.68
1544816008.71
1544816008.76
1544816008.8
1544816008.87
1544816008.91
1544816008.96
1544816009.01
1544816009.08
1544816009.12
1544816009.15
1544816009.23
1544816009.29
1544816009.33
1544816009.37
1544816009.42
1544816009.47
1544816009.51
1544816009.55
1544816009.6
1544816009.66
1544816009.7
1544816009.73
1544816009.77
1544816009.82
1544816009.85
1544816009.9
1544816009.93
1544816009.98
1544816010.03
1544816010.07
1544816010.11
1544816010.14
1544816010.2
1544816010.25
1544816010.29
1544816010.34
1544816010.43
1544816010.49
1544816010.54
1544816010.63
1544816010.7
1544816010.74
1544816010.79
1544816010.82
1544816010.88
1544816010.91
1544816010.95
1544816011.02
1544816011.07
1544816011.11
1544816011.15
1544816011.21
1544816011.27
1544816011.31
1544816011.35
1544816011.42
1544816011.47
1544816011.51
1544816011.6
1544816011.67
1544816011.71
1544816011.75
1544816011.83
1544816011.89
1544816011.93
1544816012.01
1544816012.09
1544816012.14
1544816012.22
1544816012.29
1544816012.33
1544816012.39
1544816012.42
1544816012.48
1544816012.54
1544816012.61
1544816012.73
1544816012.81
1544816012.88
1544816012.97
1544816013.04
1544816013.12
1544816013.2
1544816013.28
1544816013.34
1544816013.43
1544816013.5
1544816013.59
1544816013.67
1544816013.75
1544816013.82
1544816013.9
1544816013.94
1544816014.0
1544816014.06
1544816014.14
1544816014.21
1544816014.29
1544816014.35
1544816014.42
1544816014.49
1544816014.57
1544816014.63
1544816014.71
1544816014.81
1544816014.89
1544816014.98
1544816015.04
1544816015.11
1544816015.17
1544816015.22
1544816015.28
1544816015.35
1544816015.42
1544816015.48
1544816015.52
1544816015.55
1544816015.59
1544816015.66
1544816015.72
1544816015.75
1544816015.79
1544816015.83
1544816015.88
1544816015.92
1544816015.98
1544816016.03
1544816016.09
1544816016.14
1544816016.19
1544816016.26
1544816016.31
1544816016.35
1544816016.4
1544816016.47
1544816016.51
1544816016.57
1544816016.64
1544816016.71
1544816016.77
1544816016.85
1544816016.9
1544816016.94
1544816017.03
1544816017.08
1544816017.12
1544816017.16
1544816017.2
1544816017.25
1544816017.3
1544816017.34
1544816017.39
1544816017.44
1544816017.49
1544816017.53
1544816017.58
1544816017.62
1544816017.69
1544816017.73
1544816017.78
1544816017.82
1544816017.86
1544816017.91
1544816017.96
1544816018.02
1544816018.06
1544816018.11
1544816018.15
1544816018.19
1544816018.24
1544816018.31
1544816018.34
1544816018.39
1544816018.44
1544816018.49
1544816018.52
1544816018.56
1544816018.62
1544816018.66
1544816018.71
1544816018.77
1544816018.85
1544816018.91
1544816018.97
1544816019.01
1544816019.07
1544816019.12
1544816019.18
1544816019.24
1544816019.29
1544816019.33
1544816019.37
1544816019.42
1544816019.47
1544816019.52
1544816019.57
1544816019.65
1544816019.71
1544816019.75
1544816019.84
1544816019.91
1544816019.95
1544816020.01
1544816020.06
1544816020.09
1544816020.13
1544816020.19
1544816020.22
1544816020.28
1544816020.32
1544816020.35
1544816020.4
1544816020.45
1544816020.5
1544816020.54
1544816020.61
1544816020.65
1544816020.69
1544816020.73
1544816020.77
1544816020.81
1544816020.88
1544816020.93
1544816020.98
1544816021.03
1544816021.08
1544816021.11
1544816021.15
1544816021.18
1544816021.24
1544816021.29
1544816021.33
1544816021.38
1544816021.42
1544816021.47
1544816021.53
1544816021.59
1544816021.63
1544816021.68
1544816021.72
1544816021.75
1544816021.8
1544816021.87
1544816021.92
1544816021.97
1544816022.02
1544816022.09
1544816022.13
1544816022.18
1544816022.24
1544816022.3
1544816022.34
1544816022.38
1544816022.44
1544816022.49
1544816022.53
1544816022.58
1544816022.64
1544816022.68
1544816022.72
1544816022.75
1544816022.81
1544816022.87
1544816022.92
1544816022.95
1544816023.05
1544816023.11
1544816023.14
1544816023.23
1544816023.28
1544816023.32
1544816023.36
1544816023.45
1544816023.52
1544816023.55
1544816023.61
1544816023.65
1544816023.7
1544816023.74
1544816023.8
1544816023.84
1544816023.89
1544816023.93
1544816023.97
1544816024.07
1544816024.12
1544816024.19
1544816024.25
1544816024.31
1544816024.35
1544816024.42
1544816024.48
1544816024.52
1544816024.57
1544816024.64
1544816024.7
1544816024.73
1544816024.77
1544816024.84
1544816024.89
1544816024.92
1544816024.95
1544816025.0
1544816025.04
1544816025.09
1544816025.12
1544816025.15
1544816025.2
1544816025.24
1544816025.29
1544816025.33
1544816025.38
1544816025.43
1544816025.49
1544816025.52
1544816025.58
1544816025.64
1544816025.7
1544816025.74
1544816025.82
1544816025.89
1544816025.93
1544816025.97
1544816026.04
1544816026.08
1544816026.13
1544816026.16
1544816026.24
1544816026.31
1544816026.35
1544816026.43
1544816026.51
1544816026.57
1544816026.65
1544816026.71
1544816026.78
1544816026.85
1544816026.91
1544816026.98
1544816027.04
1544816027.1
1544816027.17
1544816027.25
1544816027.33
1544816027.42
1544816027.5
1544816027.55
1544816027.61
1544816027.68
1544816027.75
1544816027.82
1544816027.87
1544816027.92
1544816028.0
1544816028.07
1544816028.15
1544816028.22
1544816028.28
1544816028.35
1544816028.43
1544816028.5
1544816028.58
1544816028.65
1544816028.71
1544816028.79
1544816028.88
1544816028.99
1544816029.08
1544816029.18
1544816029.26
1544816029.33
1544816029.41
1544816029.47
1544816029.53
1544816029.59
1544816029.66
1544816029.72
1544816029.8
1544816029.88
1544816029.96
1544816030.03
1544816030.11
1544816030.17
1544816030.23
1544816030.3
1544816030.36
1544816030.42
1544816030.49
1544816030.54
1544816030.6
1544816030.65
1544816030.71
1544816030.78
1544816030.85
1544816030.92
1544816030.98
1544816031.05
1544816031.1
1544816031.17
1544816031.23
1544816031.29
1544816031.34
1544816031.38
1544816031.44
1544816031.48
1544816031.52
1544816031.57
1544816031.62
1544816031.67
1544816031.74
1544816031.81
1544816031.89
1544816031.92
1544816031.97
1544816032.05
1544816032.1
1544816032.13
1544816032.17
1544816032.24
1544816032.29
1544816032.33
1544816032.37
1544816032.43
1544816032.48
1544816032.52
1544816032.57
1544816032.62
1544816032.68
1544816032.73
1544816032.79
1544816032.85
1544816032.92
1544816032.95
1544816033.01
1544816033.08
1544816033.12
1544816033.15
1544816033.22
1544816033.28
1544816033.32
1544816033.36
1544816033.39
1544816033.44
1544816033.49
1544816033.53
1544816033.58
1544816033.64
1544816033.69
1544816033.73
1544816033.77
1544816033.81
1544816033.85
1544816033.9
1544816033.93
1544816034.0
1544816034.07
1544816034.12
1544816034.17
1544816034.22
1544816034.29
1544816034.35
1544816034.42
1544816034.49
1544816034.54
1544816034.59
1544816034.63
1544816034.67
1544816034.75
1544816034.81
1544816034.88
1544816034.92
1544816034.96
1544816035.04
1544816035.11
1544816035.19
1544816035.26
1544816035.34
1544816035.4
1544816035.47
1544816035.52
1544816035.59
1544816035.65
1544816035.72
1544816035.78
1544816035.82
1544816035.88
1544816035.99
1544816036.05
1544816036.13
1544816036.19
1544816036.23
1544816036.33
1544816036.39
1544816036.45
1544816036.53
1544816036.59
1544816036.64
1544816036.7
1544816036.79
1544816036.87
1544816036.91
1544816036.95
1544816037.01
1544816037.08
1544816037.12
1544816037.15
1544816037.21
1544816037.25
1544816037.31
1544816037.35
1544816037.4
1544816037.45
1544816037.49
1544816037.53
1544816037.57
1544816037.64
1544816037.69
1544816037.72
1544816037.75
1544816037.84
1544816037.9
1544816037.94
1544816038.0
1544816038.06
1544816038.11
1544816038.17
1544816038.21
1544816038.25
1544816038.29
1544816038.33
1544816038.37
1544816038.43
1544816038.47
1544816038.52
1544816038.55
1544816038.61
1544816038.65
1544816038.7
1544816038.74
1544816038.78
1544816038.83
1544816038.88
1544816038.92
1544816038.95
1544816039.02
1544816039.07
1544816039.11
1544816039.14
1544816039.19
1544816039.26
1544816039.31
1544816039.34
1544816039.39
1544816039.45
1544816039.49
1544816039.53
1544816039.58
1544816039.65
1544816039.7
1544816039.74
1544816039.79
1544816039.84
1544816039.9
1544816039.94
1544816039.99
1544816040.04
1544816040.11
1544816040.15
1544816040.19
1544816040.23
1544816040.29
1544816040.33
1544816040.39
1544816040.45
1544816040.5
1544816040.54
1544816040.6
1544816040.64
1544816040.68
1544816040.72
1544816040.75
1544816040.81
1544816040.87
1544816040.91
1544816040.94
1544816040.97
1544816041.04
1544816041.09
1544816041.12
1544816041.15
1544816041.2
1544816041.26
1544816041.31
1544816041.34
1544816041.39
1544816041.43
1544816041.49
1544816041.53
1544816041.56
1544816041.61
1544816041.65
1544816041.7
1544816041.73
1544816041.77
1544816041.84
1544816041.89
1544816041.93
1544816041.97
1544816042.03
1544816042.08
1544816042.12
1544816042.17
1544816042.22
1544816042.27
1544816042.31
1544816042.35
1544816042.39
1544816042.46
1544816042.5
1544816042.54
1544816042.57
1544816042.62
1544816042.67
1544816042.71
1544816042.74
1544816042.79
1544816042.83
1544816042.89
1544816042.93
1544816042.97
1544816043.03
1544816043.08
1544816043.12
1544816043.17
1544816043.21
1544816043.26
1544816043.3
1544816043.34
1544816043.39
1544816043.43
1544816043.47
1544816043.52
1544816043.55
1544816043.62
1544816043.68
1544816043.72
1544816043.75
1544816043.81
1544816043.86
1544816043.9
1544816043.94
1544816043.97
1544816044.04
1544816044.09
1544816044.13
1544816044.18
1544816044.22
1544816044.27
1544816044.32
1544816044.36
1544816044.4
1544816044.47
1544816044.51
1544816044.56
1544816044.62
1544816044.67
1544816044.72
1544816044.75
1544816044.8
1544816044.83
1544816044.9
1544816044.93
1544816044.98
1544816045.03
1544816045.09
1544816045.13
1544816045.17
1544816045.23
1544816045.3
1544816045.34
1544816045.38
1544816045.44
1544816045.5
1544816045.53
1544816045.57
1544816045.64
1544816045.7
1544816045.74
1544816045.78
1544816045.88
1544816045.93
1544816045.97
1544816046.03
1544816046.08
1544816046.12
1544816046.18
1544816046.25
1544816046.29
1544816046.33
1544816046.37
1544816046.42
1544816046.47
1544816046.51
1544816046.55
1544816046.61
1544816046.66
1544816046.71
1544816046.75
1544816046.78
1544816046.84
1544816046.89
1544816046.94
1544816047.01
1544816047.06
1544816047.09
1544816047.14
1544816047.22
1544816047.28
1544816047.32
1544816047.36
1544816047.45
1544816047.53
1544816047.62
1544816047.7
1544816047.77
1544816047.84
1544816047.94
1544816048.01
1544816048.08
1544816048.15
1544816048.23
1544816048.32
1544816048.41
1544816048.51
1544816048.59
1544816048.68
1544816048.77
1544816048.84
1544816048.92
1544816049.0
1544816049.07
1544816049.15
1544816049.24
1544816049.34
1544816049.4
1544816049.45
1544816049.5
1544816049.55
1544816049.6
1544816049.65
1544816049.7
1544816049.74
1544816049.78
1544816049.83
1544816049.87
1544816049.92
1544816049.96
1544816050.02
1544816050.08
1544816050.13
1544816050.17
1544816050.24
1544816050.3
1544816050.34
1544816050.39
1544816050.44
1544816050.49
1544816050.53
1544816050.57
1544816050.63
1544816050.69
1544816050.72
1544816050.76
1544816050.81
1544816050.87
1544816050.91
1544816050.94
1544816051.0
1544816051.04
1544816051.08
1544816051.11
1544816051.15
1544816051.22
1544816051.27
1544816051.32
1544816051.37
1544816051.42
1544816051.48
1544816051.52
1544816051.57
1544816051.63
1544816051.68
1544816051.75
1544816051.83
1544816051.91
1544816051.98
1544816052.04
1544816052.1
1544816052.16
1544816052.23
1544816052.3
1544816052.37
1544816052.43
1544816052.49
1544816052.52
1544816052.58
1544816052.63
1544816052.69
1544816052.73
1544816052.79
1544816052.88
1544816052.97
1544816053.04
1544816053.12
1544816053.21
1544816053.27
1544816053.32
1544816053.4
1544816053.43
1544816053.47
1544816053.51
1544816053.6
1544816053.65
1544816053.72
1544816053.76
1544816053.81
1544816053.85
1544816053.94
1544816053.99
1544816054.03
1544816054.07
1544816054.12
1544816054.17
1544816054.22
1544816054.28
1544816054.37
1544816054.41
1544816054.46
1544816054.51
1544816054.58
1544816054.61
1544816054.65
1544816054.7
1544816054.77
1544816054.8
1544816054.86
1544816054.91
1544816054.98
1544816055.02
1544816055.07
1544816055.13
1544816055.18
1544816055.24
1544816055.31
1544816055.37
1544816055.43
1544816055.49
1544816055.57
1544816055.63
1544816055.72
1544816055.77
1544816055.82
1544816055.89
1544816055.95
1544816056.01
1544816056.05
1544816056.1
1544816056.16
1544816056.23
1544816056.28
1544816056.31
1544816056.35
1544816056.44
1544816056.48
1544816056.53
1544816056.57
1544816056.61
1544816056.64
1544816056.69
1544816056.75
1544816056.8
1544816056.83
1544816056.88
1544816056.94
1544816056.99
1544816057.03
1544816057.08
1544816057.11
1544816057.15
1544816057.21
1544816057.25
1544816057.3
1544816057.34
1544816057.39
1544816057.44
1544816057.48
1544816057.54
1544816057.58
1544816057.61
1544816057.65
1544816057.69
1544816057.73
1544816057.79
1544816057.83
1544816057.87
1544816057.94
1544816057.99
1544816058.03
1544816058.08
1544816058.12
1544816058.16
1544816058.21
1544816058.25
1544816058.31
1544816058.35
1544816058.41
1544816058.44
1544816058.48
1544816058.53
1544816058.59
1544816058.63
1544816058.67
1544816058.72
1544816058.75
1544816058.79
1544816058.84
1544816058.88
1544816058.97
1544816059.0
1544816059.04
1544816059.07
1544816059.15
1544816059.2
1544816059.23
1544816059.27
1544816059.34
1544816059.39
1544816059.43
1544816059.49
1544816059.55
1544816059.61
1544816059.67
1544816059.74
1544816059.81
1544816059.85
1544816059.92
1544816059.98
1544816060.02
1544816060.05
1544816060.12
1544816060.17
1544816060.22
1544816060.25
1544816060.33
1544816060.38
1544816060.42
1544816060.45
1544816060.49
1544816060.55
1544816060.59
1544816060.62
1544816060.66
1544816060.7
1544816060.74
1544816060.79
1544816060.83
1544816060.87
1544816060.91
1544816060.95
1544816061.0
1544816061.03
1544816061.09
1544816061.15
1544816061.22
1544816061.28
1544816061.34
1544816061.41
1544816061.49
1544816061.56
1544816061.64
1544816061.71
1544816061.78
1544816061.82
1544816061.87
1544816061.96
1544816062.05
1544816062.11
1544816062.2
1544816062.27
1544816062.37
1544816062.48
1544816062.52
1544816062.57
1544816062.62
1544816062.69
1544816062.78
1544816062.87
1544816062.95
1544816063.07
1544816063.14
1544816063.25
1544816063.35
1544816063.44
1544816063.54
1544816063.62
1544816063.7
1544816063.73
1544816063.77
1544816063.8
1544816063.83
1544816063.87
1544816063.94
1544816063.99
1544816064.02
1544816064.05
1544816064.11
1544816064.17
1544816064.21
1544816064.25
1544816064.3
1544816064.36
1544816064.4
1544816064.45
1544816064.48
1544816064.52
1544816064.58
1544816064.62
1544816064.69
1544816064.76
1544816064.82
1544816064.86
1544816064.93
1544816064.98
1544816065.02
1544816065.05
1544816065.1
1544816065.15
1544816065.2
1544816065.24
1544816065.29
1544816065.33
1544816065.39
1544816065.42
1544816065.46
1544816065.51
1544816065.57
1544816065.6
1544816065.63
1544816065.67
1544816065.72
1544816065.76
1544816065.79
1544816065.83
1544816065.87
1544816065.94
1544816065.99
1544816066.03
1544816066.07
1544816066.12
1544816066.18
1544816066.22
1544816066.27
1544816066.35
1544816066.4
1544816066.43
1544816066.47
1544816066.51
1544816066.55
1544816066.6
1544816066.63
1544816066.68
1544816066.73
1544816066.79
1544816066.83
1544816066.89
1544816066.97
1544816067.02
1544816067.06
1544816067.13
1544816067.18
1544816067.21
1544816067.25
1544816067.32
1544816067.37
1544816067.41
1544816067.44
1544816067.49
1544816067.53
1544816067.58
1544816067.62
1544816067.67
1544816067.7
1544816067.77
1544816067.82
1544816067.85
1544816067.93
1544816067.98
1544816068.03
1544816068.07
1544816068.12
1544816068.17
1544816068.23
1544816068.28
1544816068.33
1544816068.38
1544816068.42
1544816068.47
1544816068.51
1544816068.54
1544816068.58
1544816068.61
1544816068.65
1544816068.7
1544816068.75
1544816068.8
1544816068.84
1544816068.88
1544816068.94
1544816069.0
1544816069.04
1544816069.08
1544816069.15
1544816069.2
1544816069.23
1544816069.27
1544816069.33
1544816069.4
1544816069.44
1544816069.48
1544816069.52
1544816069.55
1544816069.6
1544816069.64
1544816069.69
1544816069.75
1544816069.8
1544816069.84
1544816069.9
1544816069.95
1544816070.0
1544816070.04
1544816070.11
1544816070.18
1544816070.21
1544816070.27
1544816070.35
1544816070.42
1544816070.47
1544816070.51
1544816070.55
1544816070.59
1544816070.63
1544816070.7
1544816070.76
1544816070.81
1544816070.85
1544816070.9
1544816070.95
1544816070.99
1544816071.04
1544816071.08
1544816071.11
1544816071.17
1544816071.21
1544816071.25
1544816071.33
1544816071.38
1544816071.42
1544816071.47
1544816071.51
1544816071.55
1544816071.6
1544816071.65
1544816071.76
1544816071.87
1544816071.99
1544816072.07
1544816072.12
1544816072.21
1544816072.28
1544816072.32
1544816072.38
1544816072.43
1544816072.5
1544816072.59
1544816072.67
1544816072.75
1544816072.84
1544816072.93
1544816073.01
1544816073.1
1544816073.2
1544816073.26
1544816073.33
1544816073.38
1544816073.46
1544816073.57
1544816073.6
1544816073.65
1544816073.71
1544816073.75
1544816073.81
1544816073.86
1544816073.9
1544816073.94
1544816074.01
1544816074.07
1544816074.11
1544816074.14
1544816074.18
1544816074.24
1544816074.3
1544816074.33
1544816074.39
1544816074.45
1544816074.5
1544816074.54
1544816074.61
1544816074.66
1544816074.71
1544816074.74
1544816074.8
1544816074.84
1544816074.94
1544816074.99
1544816075.03
1544816075.07
1544816075.14
1544816075.21
1544816075.28
1544816075.35
1544816075.4
1544816075.48
1544816075.53
1544816075.58
1544816075.62
1544816075.67
1544816075.74
1544816075.79
1544816075.83
1544816075.89
1544816075.93
1544816075.98
1544816076.03
1544816076.07
1544816076.12
1544816076.17
1544816076.23
1544816076.27
1544816076.32
1544816076.35
1544816076.41
1544816076.47
1544816076.51
1544816076.57
1544816076.6
1544816076.64
1544816076.69
1544816076.72
1544816076.77
1544816076.82
1544816076.87
1544816076.91
1544816076.95
1544816077.02
1544816077.07
1544816077.12
1544816077.2
1544816077.27
1544816077.32
1544816077.37
1544816077.41
1544816077.45
1544816077.5
1544816077.55
1544816077.6
1544816077.65
1544816077.7
1544816077.73
1544816077.79
1544816077.84
1544816077.87
1544816077.92
1544816077.95
1544816078.04
1544816078.09
1544816078.13
1544816078.17
1544816078.23
1544816078.28
1544816078.32
1544816078.35
1544816078.4
1544816078.45
1544816078.49
1544816078.53
1544816078.57
1544816078.64
1544816078.69
1544816078.72
1544816078.75
1544816078.83
1544816078.88
1544816078.92
1544816078.97
1544816079.02
1544816079.06
1544816079.1
1544816079.14
1544816079.2
1544816079.27
1544816079.31
1544816079.34
1544816079.4
1544816079.44
1544816079.49
1544816079.53
1544816079.58
1544816079.63
1544816079.69
1544816079.72
1544816079.75
1544816079.82
1544816079.91
1544816080.01
1544816080.07
1544816080.11
1544816080.17
1544816080.23
1544816080.3
1544816080.36
1544816080.42
1544816080.47
1544816080.53
1544816080.58
1544816080.69
1544816080.8
1544816080.89
1544816080.98
1544816081.04
1544816081.1
1544816081.14
1544816081.22
1544816081.29
1544816081.35
1544816081.43
1544816081.5
1544816081.58
1544816081.66
1544816081.75
1544816081.83
1544816081.9
1544816082.03
1544816082.14
1544816082.24
1544816082.33
1544816082.39
1544816082.45
1544816082.52
1544816082.6
1544816082.67
1544816082.74
1544816082.8
1544816082.88
1544816082.95
1544816083.01
1544816083.08
1544816083.12
1544816083.15
1544816083.25
1544816083.31
1544816083.35
1544816083.41
1544816083.49
1544816083.53
1544816083.58
1544816083.68
1544816083.72
1544816083.75
1544816083.81
1544816083.86
1544816083.91
1544816083.94
1544816083.99
1544816084.04
1544816084.08
1544816084.12
1544816084.16
1544816084.22
1544816084.28
1544816084.32
1544816084.38
1544816084.43
1544816084.49
1544816084.53
1544816084.6
1544816084.65
1544816084.7
1544816084.75
1544816084.81
1544816084.87
1544816084.91
1544816084.99
1544816085.05
1544816085.09
1544816085.13
1544816085.19
1544816085.24
1544816085.29
1544816085.34
1544816085.4
1544816085.47
1544816085.51
1544816085.55
1544816085.59
1544816085.68
1544816085.71
1544816085.77
1544816085.84
1544816085.9
1544816085.94
1544816086.0
1544816086.08
1544816086.12
1544816086.17
1544816086.22
1544816086.27
1544816086.3
1544816086.33
1544816086.38
1544816086.45
1544816086.51
1544816086.55
1544816086.6
1544816086.65
1544816086.7
1544816086.74
1544816086.79
1544816086.83
1544816086.88
1544816086.92
1544816086.97
1544816087.04
1544816087.1
1544816087.14
1544816087.23
1544816087.28
1544816087.33
1544816087.38
1544816087.44
1544816087.5
1544816087.53
1544816087.59
1544816087.64
1544816087.69
1544816087.74
1544816087.79
1544816087.85
1544816087.9
1544816087.94
1544816087.98
1544816088.01
1544816088.07
1544816088.11
1544816088.14
1544816088.19
1544816088.23
1544816088.27
1544816088.32
1544816088.36
1544816088.46
1544816088.5
1544816088.53
1544816088.6
1544816088.65
1544816088.7
1544816088.73
1544816088.8
1544816088.87
1544816088.9
1544816088.94
1544816089.0
1544816089.04
1544816089.09
1544816089.12
1544816089.17
1544816089.25
1544816089.31
1544816089.34
1544816089.38
1544816089.44
1544816089.5
1544816089.54
1544816089.57
1544816089.61
1544816089.67
1544816089.72
1544816089.76
1544816089.8
1544816089.84
1544816089.87
1544816089.92
1544816089.96
1544816090.02
1544816090.06
1544816090.11
1544816090.15
1544816090.19
1544816090.23
1544816090.28
1544816090.32
1544816090.35
1544816090.42
1544816090.48
1544816090.52
1544816090.56
1544816090.64
1544816090.69
1544816090.73
1544816090.79
1544816090.84
1544816090.9
1544816090.94
1544816091.0
1544816091.04
1544816091.09
1544816091.14
1544816091.21
1544816091.25
1544816091.3
1544816091.33
1544816091.38
1544816091.45
1544816091.5
1544816091.54
1544816091.59
1544816091.63
1544816091.68
1544816091.72
1544816091.75
1544816091.8
1544816091.84
1544816091.89
1544816091.93
1544816091.98
1544816092.05
1544816092.09
1544816092.13
1544816092.2
1544816092.26
1544816092.29
1544816092.33
1544816092.38
1544816092.48
1544816092.53
1544816092.6
1544816092.67
1544816092.73
1544816092.8
1544816092.88
1544816092.94
1544816093.02
1544816093.1
1544816093.18
1544816093.25
1544816093.33
1544816093.41
1544816093.49
1544816093.52
1544816093.57
1544816093.61
1544816093.68
1544816093.74
1544816093.8
1544816093.86
1544816093.93
1544816093.98
1544816094.02
1544816094.08
1544816094.14
1544816094.2
1544816094.25
1544816094.31
1544816094.38
1544816094.45
1544816094.53
1544816094.61
1544816094.69
1544816094.78
1544816094.85
1544816094.94
1544816094.99
1544816095.03
1544816095.08
1544816095.14
1544816095.22
1544816095.31
1544816095.39
1544816095.47
1544816095.54
1544816095.61
1544816095.68
1544816095.74
1544816095.8
1544816095.85
1544816095.91
1544816095.96
1544816096.0
1544816096.04
1544816096.08
1544816096.12
1544816096.18
1544816096.21
1544816096.26
1544816096.31
1544816096.37
1544816096.42
1544816096.48
1544816096.54
1544816096.6
1544816096.64
1544816096.71
1544816096.78
1544816096.83
1544816096.88
1544816096.94
1544816096.99
1544816097.03
1544816097.09
1544816097.15
1544816097.19
1544816097.23
1544816097.27
1544816097.33
1544816097.38
1544816097.42
1544816097.46
1544816097.52
1544816097.58
1544816097.61
1544816097.66
1544816097.71
1544816097.75
1544816097.81
1544816097.85
1544816097.93
1544816097.99
1544816098.04
1544816098.12
1544816098.18
1544816098.22
1544816098.27
1544816098.31
1544816098.34
1544816098.39
1544816098.43
1544816098.47
1544816098.54
1544816098.61
1544816098.65
1544816098.73
1544816098.8
1544816098.83
1544816098.88
1544816098.92
1544816098.99
1544816099.03
1544816099.09
1544816099.16
1544816099.2
1544816099.24
1544816099.29
1544816099.34
1544816099.39
1544816099.44
1544816099.51
1544816099.57
1544816099.6
1544816099.65
1544816099.71
1544816099.75
1544816099.8
1544816099.85
1544816099.9
1544816099.96
1544816100.01
1544816100.05
1544816100.11
1544816100.17
1544816100.22
1544816100.26
1544816100.32
1544816100.38
1544816100.42
1544816100.46
1544816100.56
1544816100.61
1544816100.66
1544816100.73
1544816100.78
1544816100.83
1544816100.89
1544816100.96
1544816101.01
1544816101.04
1544816101.1
1544816101.16
1544816101.2
1544816101.23
1544816101.29
1544816101.34
1544816101.39
1544816101.43
1544816101.47
1544816101.52
1544816101.56
1544816101.59
1544816101.63
1544816101.68
1544816101.73
1544816101.79
1544816101.83
1544816101.87
1544816101.93
1544816101.99
1544816102.04
1544816102.12
1544816102.18
1544816102.22
1544816102.27
1544816102.33
1544816102.37
1544816102.41
1544816102.44
1544816102.48
1544816102.53
1544816102.58
1544816102.62
1544816102.65
1544816102.71
1544816102.77
1544816102.81
1544816102.85
1544816102.91
1544816102.97
1544816103.0
1544816103.04
1544816103.07
1544816103.15
1544816103.2
1544816103.23
1544816103.27
1544816103.33
1544816103.39
1544816103.43
1544816103.49
1544816103.55
1544816103.6
1544816103.64
1544816103.69
1544816103.73
1544816103.8
1544816103.84
1544816103.88
1544816103.96
1544816104.02
1544816104.06
1544816104.13
1544816104.18
1544816104.22
1544816104.27
1544816104.33
1544816104.39
1544816104.42
1544816104.45
1544816104.53
1544816104.57
1544816104.62
1544816104.67
1544816104.75
1544816104.81
1544816104.86
1544816104.95
1544816105.01
1544816105.05
1544816105.12
1544816105.18
1544816105.23
1544816105.29
1544816105.36
1544816105.4
1544816105.47
1544816105.51
1544816105.58
1544816105.64
1544816105.71
1544816105.78
1544816105.84
1544816105.91
1544816105.95
1544816106.01
1544816106.08
1544816106.19
1544816106.26
1544816106.35
1544816106.39
1544816106.43
1544816106.52
1544816106.58
1544816106.62
1544816106.67
1544816106.75
1544816106.8
1544816106.84
1544816106.92
1544816106.99
1544816107.02
1544816107.08
1544816107.14
1544816107.2
1544816107.25
1544816107.31
1544816107.39
1544816107.43
1544816107.47
1544816107.52
1544816107.59
1544816107.64
1544816107.68
1544816107.73
1544816107.78
1544816107.83
1544816107.86
1544816107.9
1544816107.98
1544816108.03
1544816108.06
1544816108.12
1544816108.17
1544816108.21
1544816108.28
1544816108.34
1544816108.4
1544816108.43
1544816108.49
1544816108.59
1544816108.62
1544816108.67
1544816108.7
1544816108.75
1544816108.82
1544816108.86
1544816108.92
1544816108.99
1544816109.03
1544816109.08
1544816109.13
1544816109.18
1544816109.23
1544816109.29
1544816109.34
1544816109.42
1544816109.47
1544816109.55
1544816109.64
1544816109.72
1544816109.82
1544816109.92
1544816110.0
1544816110.09
1544816110.17
1544816110.24
1544816110.31
1544816110.39
1544816110.45
1544816110.5
1544816110.55
1544816110.63
1544816110.7
1544816110.78
1544816110.86
1544816110.99
1544816111.1
1544816111.2
1544816111.27
1544816111.33
1544816111.39
1544816111.43
1544816111.49
1544816111.54
1544816111.6
1544816111.67
1544816111.72
1544816111.77
1544816111.83
1544816111.88
1544816111.93
1544816111.99
1544816112.04
1544816112.11
1544816112.14
1544816112.2
1544816112.27
1544816112.31
1544816112.35
1544816112.41
1544816112.44
1544816112.49
1544816112.53
1544816112.57
1544816112.65
1544816112.72
1544816112.77
1544816112.85
1544816112.91
1544816112.95
1544816113.0
1544816113.05
1544816113.09
1544816113.13
1544816113.17
1544816113.21
1544816113.24
1544816113.3
1544816113.34
1544816113.41
1544816113.47
1544816113.53
1544816113.6
1544816113.65
1544816113.7
1544816113.74
1544816113.8
1544816113.84
1544816113.89
1544816113.93
1544816113.98
1544816114.04
1544816114.09
1544816114.13
1544816114.19
1544816114.29
1544816114.34
1544816114.39
1544816114.45
1544816114.5
1544816114.54
1544816114.58
1544816114.63
1544816114.67
1544816114.71
1544816114.74
1544816114.78
1544816114.83
1544816114.89
1544816114.92
1544816114.95
1544816115.0
1544816115.04
1544816115.08
1544816115.12
1544816115.15
1544816115.19
1544816115.23
1544816115.28
1544816115.33
1544816115.38
1544816115.45
1544816115.49
1544816115.53
1544816115.58
1544816115.65
1544816115.69
1544816115.73
1544816115.79
1544816115.86
1544816115.9
1544816115.94
1544816116.03
1544816116.09
1544816116.13
1544816116.2
1544816116.29
1544816116.33
1544816116.42
1544816116.48
1544816116.55
1544816116.61
1544816116.67
1544816116.72
1544816116.78
1544816116.83
1544816116.89
1544816116.94
1544816117.0
1544816117.05
1544816117.12
1544816117.17
1544816117.23
1544816117.31
1544816117.39
1544816117.48
1544816117.53
1544816117.6
1544816117.65
1544816117.71
1544816117.78
1544816117.85
1544816117.89
1544816117.94
1544816118.01
1544816118.05
1544816118.11
1544816118.16
1544816118.2
1544816118.24
1544816118.28
1544816118.34
1544816118.39
1544816118.43
1544816118.49
1544816118.54
1544816118.59
1544816118.62
1544816118.66
1544816118.75
1544816118.81
1544816118.85
1544816118.92
1544816118.98
1544816119.01
1544816119.04
1544816119.09
1544816119.15
1544816119.21
1544816119.25
1544816119.32
1544816119.38
1544816119.42
1544816119.48
1544816119.53
1544816119.59
1544816119.64
1544816119.68
1544816119.73
1544816119.78
1544816119.82
1544816119.85
1544816119.9
1544816119.99
1544816120.06
1544816120.1
1544816120.14
1544816120.22
1544816120.26
1544816120.3
1544816120.34
1544816120.4
1544816120.44
1544816120.5
1544816120.55
1544816120.61
1544816120.64
1544816120.72
1544816120.77
1544816120.81
1544816120.85
1544816120.92
1544816120.97
1544816121.02
1544816121.06
1544816121.11
1544816121.15
1544816121.21
1544816121.25
1544816121.31
1544816121.35
1544816121.4
1544816121.47
1544816121.53
1544816121.59
1544816121.63
1544816121.69
1544816121.74
1544816121.8
1544816121.85
1544816121.92
1544816121.98
1544816122.01
1544816122.05
1544816122.12
1544816122.18
1544816122.22
1544816122.25
1544816122.31
1544816122.37
1544816122.42
1544816122.47
1544816122.51
1544816122.57
1544816122.61
1544816122.66
1544816122.72
1544816122.77
1544816122.82
1544816122.87
1544816122.92
1544816122.99
1544816123.03
1544816123.07
1544816123.12
1544816123.18
1544816123.24
1544816123.32
1544816123.38
1544816123.42
1544816123.47
1544816123.51
1544816123.56
1544816123.61
1544816123.65
1544816123.69
1544816123.75
1544816123.81
1544816123.85
1544816123.89
1544816123.98
1544816124.02
1544816124.06
1544816124.11
1544816124.15
1544816124.19
1544816124.23
1544816124.3
1544816124.35
1544816124.39
1544816124.43
1544816124.48
1544816124.53
1544816124.57
1544816124.61
1544816124.67
1544816124.71
1544816124.77
1544816124.81
1544816124.84
1544816124.89
1544816124.93
1544816124.98
1544816125.02
1544816125.07
1544816125.12
1544816125.17
1544816125.2
1544816125.24
1544816125.28
1544816125.35
1544816125.41
1544816125.45
1544816125.51
1544816125.57
1544816125.6
1544816125.64
1544816125.69
1544816125.75
1544816125.79
1544816125.83
1544816125.89
1544816125.94
1544816125.99
1544816126.03
1544816126.08
1544816126.13
1544816126.18
1544816126.22
1544816126.27
1544816126.35
1544816126.41
1544816126.45
1544816126.55
1544816126.59
1544816126.64
1544816126.71
1544816126.77
1544816126.8
1544816126.84
1544816126.92
1544816126.98
1544816127.01
1544816127.05
1544816127.1
1544816127.15
1544816127.2
1544816127.24
1544816127.32
1544816127.38
1544816127.42
1544816127.51
1544816127.58
1544816127.63
1544816127.71
1544816127.78
1544816127.82
1544816127.87
1544816127.93
1544816128.0
1544816128.05
1544816128.11
1544816128.16
1544816128.21
1544816128.26
1544816128.33
1544816128.4
1544816128.48
1544816128.56
1544816128.64
1544816128.72
1544816128.79
1544816128.85
1544816128.93
1544816129.0
1544816129.08
1544816129.15
1544816129.24
1544816129.32
1544816129.4
1544816129.47
1544816129.55
1544816129.61
1544816129.68
1544816129.74
1544816129.8
1544816129.85
1544816129.92
1544816129.99
1544816130.05
1544816130.13
1544816130.21
1544816130.31
1544816130.37
1544816130.41
1544816130.46
1544816130.53
1544816130.58
1544816130.62
1544816130.67
1544816130.72
1544816130.78
1544816130.83
1544816130.9
1544816130.97
1544816131.01
1544816131.04
1544816131.12
1544816131.18
1544816131.22
1544816131.25
1544816131.32
1544816131.38
1544816131.42
1544816131.45
1544816131.5
1544816131.57
1544816131.64
1544816131.71
1544816131.78
1544816131.85
1544816131.94
1544816132.01
1544816132.11
1544816132.19
1544816132.23
1544816132.29
1544816132.38
1544816132.43
1544816132.51
1544816132.58
1544816132.63
1544816132.67
1544816132.77
1544816132.81
1544816132.84
1544816132.91
1544816132.95
1544816133.02
1544816133.1
1544816133.15
1544816133.23
1544816133.29
1544816133.32
1544816133.38
1544816133.42
1544816133.47
1544816133.55
1544816133.6
1544816133.65
1544816133.71
1544816133.77
1544816133.81
1544816133.85
1544816133.9
1544816133.93
1544816133.98
1544816134.02
1544816134.09
1544816134.14
1544816134.18
1544816134.22
1544816134.26
1544816134.32
1544816134.38
1544816134.42
1544816134.47
1544816134.55
1544816134.6
1544816134.65
1544816134.71
1544816134.75
1544816134.81
1544816134.84
1544816134.96
1544816135.01
1544816135.05
1544816135.11
1544816135.16
1544816135.2
1544816135.24
1544816135.3
1544816135.34
1544816135.39
1544816135.43
1544816135.5
1544816135.55
1544816135.58
1544816135.62
1544816135.67
1544816135.73
1544816135.77
1544816135.81
1544816135.85
1544816135.91
1544816135.96
1544816136.01
1544816136.04
1544816136.08
1544816136.15
1544816136.21
1544816136.24
1544816136.34
1544816136.39
1544816136.42
1544816136.45
1544816136.51
1544816136.58
1544816136.62
1544816136.66
1544816136.72
1544816136.78
1544816136.82
1544816136.87
1544816136.91
1544816136.95
1544816136.98
1544816137.02
1544816137.07
1544816137.14
1544816137.19
1544816137.24
1544816137.28
1544816137.35
1544816137.4
1544816137.45
1544816137.53
1544816137.58
1544816137.64
1544816137.7
1544816137.74
1544816137.79
1544816137.84
1544816137.88
1544816137.92
1544816137.97
1544816138.02
1544816138.07
1544816138.12
1544816138.18
1544816138.23
1544816138.27
1544816138.31
1544816138.37
1544816138.42
1544816138.46
1544816138.55
1544816138.59
1544816138.63
1544816138.68
1544816138.73
1544816138.78
1544816138.82
1544816138.88
1544816138.93
1544816139.02
1544816139.08
1544816139.15
1544816139.2
1544816139.26
1544816139.34
1544816139.41
1544816139.47
1544816139.52
1544816139.58
1544816139.64
1544816139.7
1544816139.77
1544816139.82
1544816139.88
1544816139.95
1544816140.03
1544816140.09
1544816140.14
1544816140.2
1544816140.25
1544816140.31
1544816140.37
1544816140.42
1544816140.47
1544816140.51
1544816140.58
1544816140.62
1544816140.65
1544816140.74
1544816140.8
1544816140.83
1544816140.89
1544816140.95
1544816140.99
1544816141.02
1544816141.07
1544816141.13
1544816141.18
1544816141.22
1544816141.26
1544816141.32
1544816141.39
1544816141.43
1544816141.49
1544816141.55
1544816141.6
1544816141.63
1544816141.68
1544816141.73
1544816141.78
1544816141.82
1544816141.87
1544816141.91
1544816141.97
1544816142.01
1544816142.06
1544816142.11
1544816142.15
1544816142.2
1544816142.25
1544816142.31
1544816142.37
1544816142.42
1544816142.47
1544816142.53
1544816142.57
1544816142.61
1544816142.65
1544816142.7
1544816142.74
1544816142.78
1544816142.82
1544816142.86
1544816142.94
1544816143.01
1544816143.05
1544816143.12
1544816143.18
1544816143.22
1544816143.26
1544816143.31
1544816143.37
1544816143.4
1544816143.43
1544816143.48
1544816143.54
1544816143.6
1544816143.64
1544816143.68
1544816143.73
1544816143.78
1544816143.82
1544816143.87
1544816143.91
1544816143.97
1544816144.02
1544816144.07
1544816144.11
1544816144.17
1544816144.2
1544816144.24
1544816144.3
1544816144.35
1544816144.4
1544816144.43
1544816144.5
1544816144.58
1544816144.61
1544816144.65
1544816144.71
1544816144.78
1544816144.81
1544816144.84
1544816144.88
1544816144.97
1544816145.01
1544816145.05
1544816145.12
1544816145.17
1544816145.21
1544816145.25
1544816145.32
1544816145.38
1544816145.42
1544816145.47
1544816145.52
1544816145.58
1544816145.62
1544816145.67
1544816145.76
1544816145.8
1544816145.83
1544816145.89
1544816145.94
1544816145.99
1544816146.03
1544816146.08
1544816146.14
1544816146.2
1544816146.24
1544816146.3
1544816146.37
1544816146.4
1544816146.45
1544816146.5
1544816146.58
1544816146.62
1544816146.67
1544816146.75
1544816146.82
1544816146.85
1544816146.89
1544816146.94
1544816146.98
1544816147.01
1544816147.04
1544816147.09
1544816147.12
1544816147.18
1544816147.22
1544816147.28
1544816147.34
1544816147.39
1544816147.43
1544816147.5
1544816147.55
1544816147.6
1544816147.63
1544816147.7
1544816147.78
1544816147.82
1544816147.85
1544816147.91
1544816147.97
1544816148.05
1544816148.19
1544816148.27
1544816148.33
1544816148.41
1544816148.48
1544816148.53
1544816148.59
1544816148.65
1544816148.72
1544816148.79
1544816148.85
1544816148.9
1544816148.94
1544816148.99
1544816149.03
1544816149.09
1544816149.14
1544816149.2
1544816149.25
1544816149.3
1544816149.38
1544816149.44
1544816149.49
1544816149.55
1544816149.61
1544816149.69
1544816149.73
1544816149.81
1544816149.88
1544816149.93
1544816150.0
1544816150.07
1544816150.17
1544816150.25
1544816150.34
1544816150.42
1544816150.5
1544816150.56
1544816150.61
1544816150.66
1544816150.71
1544816150.74
1544816150.8
1544816150.84
1544816150.89
1544816150.93
1544816150.97
1544816151.02
1544816151.07
1544816151.11
1544816151.16
1544816151.23
1544816151.3
1544816151.34
1544816151.43
1544816151.51
1544816151.55
1544816151.63
1544816151.68
1544816151.72
1544816151.76
1544816151.81
1544816151.87
1544816151.91
1544816151.95
1544816152.02
1544816152.09
1544816152.13
1544816152.17
1544816152.2
1544816152.24
1544816152.28
1544816152.32
1544816152.37
1544816152.4
1544816152.46
1544816152.52
1544816152.57
1544816152.61
1544816152.67
1544816152.72
1544816152.77
1544816152.85
1544816152.9
1544816152.93
1544816152.97
1544816153.02
1544816153.06
1544816153.1
1544816153.14
1544816153.22
1544816153.26
1544816153.31
1544816153.35
1544816153.44
1544816153.49
1544816153.53
1544816153.57
1544816153.63
1544816153.68
1544816153.72
1544816153.76
1544816153.82
1544816153.86
1544816153.9
1544816153.94
1544816153.99
1544816154.04
1544816154.09
1544816154.12
1544816154.15
1544816154.19
1544816154.23
1544816154.27
1544816154.31
1544816154.37
1544816154.44
1544816154.5
1544816154.53
1544816154.58
1544816154.65
1544816154.71
1544816154.75
1544816154.79
1544816154.87
1544816154.93
1544816154.99
1544816155.07
1544816155.12
1544816155.16
1544816155.23
1544816155.29
1544816155.33
1544816155.37
1544816155.44
1544816155.51
1544816155.59
1544816155.68
1544816155.72
1544816155.77
1544816155.84
1544816155.9
1544816155.95
1544816156.0
1544816156.06
1544816156.11
1544816156.14
1544816156.18
1544816156.22
1544816156.27
1544816156.31
1544816156.37
1544816156.44
1544816156.49
1544816156.53
1544816156.56
1544816156.65
1544816156.72
1544816156.75
1544816156.81
1544816156.86
1544816156.9
1544816156.95
1544816157.0
1544816157.07
1544816157.11
1544816157.15
1544816157.22
1544816157.28
1544816157.32
1544816157.35
1544816157.39
1544816157.44
1544816157.5
1544816157.54
1544816157.6
1544816157.64
1544816157.69
1544816157.73
1544816157.77
1544816157.82
1544816157.87
1544816157.93
1544816157.97
1544816158.03
1544816158.08
1544816158.13
1544816158.19
1544816158.26
1544816158.32
1544816158.36
1544816158.43
1544816158.49
1544816158.54
1544816158.61
1544816158.67
1544816158.71
1544816158.75
1544816158.81
1544816158.87
1544816158.92
1544816158.99
1544816159.04
1544816159.11
1544816159.17
1544816159.24
1544816159.29
1544816159.33
1544816159.4
1544816159.45
1544816159.51
1544816159.54
1544816159.62
1544816159.68
1544816159.72
1544816159.78
1544816159.83
1544816159.87
1544816159.92
1544816159.96
1544816160.02
1544816160.08
1544816160.12
1544816160.17
1544816160.23
1544816160.29
1544816160.33
1544816160.38
1544816160.44
1544816160.51
1544816160.59
1544816160.65
1544816160.74
1544816160.8
1544816160.87
1544816160.92
1544816160.97
1544816161.03
1544816161.07
1544816161.11
1544816161.16
1544816161.2
1544816161.24
1544816161.3
1544816161.37
1544816161.45
1544816161.54
1544816161.61
1544816161.66
1544816161.71
1544816161.77
1544816161.83
1544816161.89
1544816161.93
1544816161.97
1544816162.04
1544816162.14
1544816162.23
1544816162.31
1544816162.38
1544816162.46
1544816162.53
1544816162.62
1544816162.68
1544816162.73
1544816162.78
1544816162.83
1544816162.89
1544816162.93
1544816163.01
1544816163.08
1544816163.12
1544816163.16
1544816163.21
1544816163.26
1544816163.3
1544816163.36
1544816163.42
1544816163.47
1544816163.53
1544816163.58
1544816163.62
1544816163.67
1544816163.73
1544816163.8
1544816163.83
1544816163.88
1544816163.92
1544816163.97
1544816164.01
1544816164.05
1544816164.1
1544816164.16
1544816164.2
1544816164.25
1544816164.32
1544816164.37
1544816164.42
1544816164.47
1544816164.53
1544816164.59
1544816164.63
1544816164.67
1544816164.71
1544816164.8
1544816164.84
1544816164.89
1544816164.94
1544816164.99
1544816165.03
1544816165.09
1544816165.14
1544816165.19
1544816165.23
1544816165.27
1544816165.33
1544816165.39
1544816165.43
1544816165.48
1544816165.55
1544816165.59
1544816165.64
1544816165.7
1544816165.77
1544816165.8
1544816165.83
1544816165.88
1544816165.94
1544816165.99
1544816166.03
1544816166.09
1544816166.14
1544816166.18
1544816166.23
1544816166.27
1544816166.33
1544816166.37
1544816166.42
1544816166.47
1544816166.51
1544816166.57
1544816166.61
1544816166.65
1544816166.69
1544816166.78
1544816166.82
1544816166.86
1544816166.93
1544816166.99
1544816167.03
1544816167.08
1544816167.12
1544816167.18
1544816167.22
1544816167.27
1544816167.38
1544816167.43
1544816167.47
1544816167.52
1544816167.57
1544816167.61
1544816167.64
1544816167.71
1544816167.75
1544816167.8
1544816167.85
1544816167.91
1544816167.98
1544816168.02
1544816168.06
1544816168.14
1544816168.19
1544816168.23
1544816168.26
1544816168.31
1544816168.34
1544816168.39
1544816168.42
1544816168.46
1544816168.51
1544816168.57
1544816168.62
1544816168.68
1544816168.74
1544816168.8
1544816168.86
1544816168.92
1544816168.98
1544816169.02
1544816169.05
1544816169.11
1544816169.17
1544816169.21
1544816169.25
1544816169.3
1544816169.34
1544816169.39
1544816169.42
1544816169.48
1544816169.51
1544816169.56
1544816169.6
1544816169.64
1544816169.7
1544816169.77
1544816169.82
1544816169.86
1544816169.9
1544816169.95
1544816170.0
1544816170.04
1544816170.09
1544816170.14
1544816170.19
1544816170.24
1544816170.29
1544816170.33
1544816170.38
1544816170.43
1544816170.47
1544816170.52
1544816170.58
1544816170.62
1544816170.66
1544816170.72
1544816170.79
1544816170.83
1544816170.87
1544816170.91
1544816170.97
1544816171.0
1544816171.04
1544816171.09
1544816171.13
1544816171.18
1544816171.21
1544816171.25
1544816171.3
1544816171.34
1544816171.39
1544816171.42
1544816171.47
1544816171.57
1544816171.61
1544816171.64
1544816171.74
1544816171.79
1544816171.83
1544816171.88
1544816171.95
1544816172.0
1544816172.04
1544816172.11
1544816172.17
1544816172.21
1544816172.24
1544816172.31
1544816172.35
1544816172.41
1544816172.45
1544816172.54
1544816172.61
1544816172.64
1544816172.7
1544816172.76
1544816172.81
1544816172.85
1544816172.92
1544816172.98
1544816173.02
1544816173.07
1544816173.12
1544816173.18
1544816173.22
1544816173.27
1544816173.31
1544816173.37
1544816173.42
1544816173.48
1544816173.57
1544816173.61
1544816173.67
1544816173.74
1544816173.79
1544816173.84
1544816173.89
1544816173.97
1544816174.02
1544816174.09
1544816174.17
1544816174.25
1544816174.34
1544816174.4
1544816174.45
1544816174.52
1544816174.57
1544816174.62
1544816174.66
1544816174.72
1544816174.78
1544816174.82
1544816174.88
1544816174.97
1544816175.01
1544816175.04
1544816175.09
1544816175.14
1544816175.19
1544816175.24
1544816175.29
1544816175.35
1544816175.4
1544816175.45
1544816175.52
1544816175.59
1544816175.62
1544816175.68
1544816175.75
1544816175.8
1544816175.84
1544816175.91
1544816175.97
1544816176.02
1544816176.07
1544816176.12
1544816176.17
1544816176.22
1544816176.27
1544816176.31
1544816176.35
1544816176.42
1544816176.49
1544816176.53
1544816176.58
1544816176.64
1544816176.69
1544816176.72
1544816176.77
1544816176.81
1544816176.88
1544816176.95
1544816176.99
1544816177.04
1544816177.1
1544816177.13
1544816177.19
1544816177.28
1544816177.34
1544816177.4
1544816177.46
1544816177.55
1544816177.64
1544816177.74
1544816177.82
1544816177.92
1544816178.02
1544816178.1
1544816178.17
1544816178.23
1544816178.29
1544816178.34
1544816178.4
1544816178.44
1544816178.49
1544816178.52
1544816178.56
1544816178.63
1544816178.68
1544816178.72
1544816178.75
1544816178.81
1544816178.85
1544816178.92
1544816178.98
1544816179.07
1544816179.11
1544816179.18
1544816179.24
1544816179.29
1544816179.32
1544816179.37
1544816179.42
1544816179.49
1544816179.53
1544816179.58
1544816179.68
1544816179.72
1544816179.76
1544816179.82
1544816179.87
1544816179.91
1544816179.95
1544816180.02
1544816180.08
1544816180.12
1544816180.21
1544816180.29
1544816180.33
1544816180.39
1544816180.44
1544816180.5
1544816180.53
1544816180.59
1544816180.64
1544816180.68
1544816180.73
1544816180.79
1544816180.84
1544816180.9
1544816180.94
1544816181.02
1544816181.07
1544816181.12
1544816181.17
1544816181.23
1544816181.28
1544816181.32
1544816181.38
1544816181.47
1544816181.52
1544816181.56
1544816181.62
1544816181.68
1544816181.72
1544816181.77
1544816181.82
1544816181.9
1544816181.95
1544816182.01
1544816182.08
1544816182.12
1544816182.17
1544816182.23
1544816182.29
1544816182.35
1544816182.42
1544816182.49
1544816182.54
1544816182.59
1544816182.63
1544816182.68
1544816182.72
1544816182.79
1544816182.84
1544816182.89
1544816182.94
1544816182.99
1544816183.03
1544816183.09
1544816183.13
1544816183.19
1544816183.24
1544816183.31
1544816183.37
1544816183.42
1544816183.5
1544816183.57
1544816183.67
1544816183.74
1544816183.82
1544816183.9
1544816183.97
1544816184.02
1544816184.05
1544816184.1
1544816184.15
1544816184.2
1544816184.27
1544816184.36
1544816184.42
1544816184.47
1544816184.55
1544816184.62
1544816184.69
1544816184.75
1544816184.82
1544816184.89
1544816184.92
1544816185.0
1544816185.05
1544816185.1
1544816185.15
1544816185.22
1544816185.29
1544816185.35
