1544817809.87
1544817810.03
1544817810.12
1544817810.22
1544817810.3
1544817810.43
1544817810.53
1544817810.63
1544817810.74
1544817810.86
1544817810.99
1544817811.14
1544817811.23
1544817811.29
1544817811.4
1544817811.49
1544817811.64
1544817811.77
1544817811.9
1544817812.03
1544817812.17
1544817812.27
1544817812.39
1544817812.5
1544817812.6
1544817812.7
1544817812.8
1544817812.85
1544817812.92
1544817812.98
1544817813.05
1544817813.12
1544817813.19
1544817813.27
1544817813.34
1544817813.4
1544817813.47
1544817813.52
1544817813.62
1544817813.7
1544817813.77
1544817813.87
1544817813.94
1544817814.0
1544817814.07
1544817814.12
1544817814.19
1544817814.28
1544817814.34
1544817814.38
1544817814.47
1544817814.54
1544817814.61
1544817814.67
1544817814.74
1544817814.81
1544817814.87
1544817814.94
1544817815.01
1544817815.08
1544817815.17
1544817815.23
1544817815.29
1544817815.38
1544817815.44
1544817815.5
1544817815.56
1544817815.62
1544817815.71
1544817815.77
1544817815.83
1544817815.9
1544817815.96
1544817816.01
1544817816.08
1544817816.15
1544817816.25
1544817816.33
1544817816.41
1544817816.48
1544817816.56
1544817816.64
1544817816.71
1544817816.75
1544817816.82
1544817816.89
1544817816.96
1544817817.03
1544817817.09
1544817817.15
1544817817.22
1544817817.28
1544817817.34
1544817817.4
1544817817.46
1544817817.53
1544817817.59
1544817817.65
1544817817.74
1544817817.81
1544817817.87
1544817817.95
1544817818.01
1544817818.06
1544817818.13
1544817818.2
1544817818.28
1544817818.36
1544817818.43
1544817818.49
1544817818.56
1544817818.64
1544817818.7
1544817818.8
1544817818.88
1544817818.98
1544817819.06
1544817819.15
1544817819.21
1544817819.32
1544817819.43
1544817819.49
1544817819.57
1544817819.64
1544817819.7
1544817819.78
1544817819.85
1544817819.92
1544817819.98
1544817820.05
1544817820.11
1544817820.18
1544817820.25
1544817820.3
1544817820.37
1544817820.44
1544817820.51
1544817820.57
1544817820.65
1544817820.71
1544817820.77
1544817820.84
1544817820.9
1544817820.98
1544817821.04
1544817821.08
1544817821.15
1544817821.21
1544817821.28
1544817821.35
1544817821.41
1544817821.48
1544817821.55
1544817821.61
1544817821.67
1544817821.74
1544817821.8
1544817821.86
1544817821.93
1544817821.98
1544817822.1
1544817822.19
1544817822.29
1544817822.44
1544817822.53
1544817822.61
1544817822.69
1544817822.76
1544817822.82
1544817822.87
1544817822.93
1544817822.99
1544817823.05
1544817823.11
1544817823.15
1544817823.19
1544817823.28
1544817823.36
1544817823.44
1544817823.52
1544817823.58
1544817823.64
1544817823.71
1544817823.76
1544817823.82
1544817823.87
1544817823.93
1544817823.97
1544817824.03
1544817824.09
1544817824.15
1544817824.23
1544817824.29
1544817824.33
1544817824.37
1544817824.45
1544817824.51
1544817824.59
1544817824.66
1544817824.74
1544817824.82
1544817824.89
1544817824.94
1544817824.98
1544817825.06
1544817825.12
1544817825.19
1544817825.27
1544817825.33
1544817825.42
1544817825.49
1544817825.55
1544817825.61
1544817825.67
1544817825.73
1544817825.77
1544817825.8
1544817825.87
1544817825.93
1544817825.99
1544817826.05
1544817826.1
1544817826.18
1544817826.23
1544817826.3
1544817826.36
1544817826.42
1544817826.47
1544817826.53
1544817826.58
1544817826.65
1544817826.7
1544817826.73
1544817826.77
1544817826.85
1544817826.95
1544817827.04
1544817827.1
1544817827.16
1544817827.23
1544817827.29
1544817827.35
1544817827.41
1544817827.48
1544817827.54
1544817827.6
1544817827.66
1544817827.7
1544817827.77
1544817827.84
1544817827.93
1544817828.0
1544817828.08
1544817828.14
1544817828.23
1544817828.28
1544817828.34
1544817828.41
1544817828.48
1544817828.54
1544817828.6
1544817828.66
1544817828.74
1544817828.82
1544817828.93
1544817828.99
1544817829.08
1544817829.15
1544817829.21
1544817829.28
1544817829.35
1544817829.43
1544817829.51
1544817829.57
1544817829.66
1544817829.72
1544817829.77
1544817829.83
1544817829.9
1544817829.98
1544817830.1
1544817830.17
1544817830.27
1544817830.34
1544817830.4
1544817830.47
1544817830.54
1544817830.61
1544817830.68
1544817830.73
1544817830.8
1544817830.87
1544817830.93
1544817830.99
1544817831.06
1544817831.09
1544817831.13
1544817831.17
1544817831.27
1544817831.35
1544817831.44
1544817831.49
1544817831.56
1544817831.63
1544817831.7
1544817831.76
1544817831.83
1544817831.89
1544817831.95
1544817832.02
1544817832.1
1544817832.17
1544817832.23
1544817832.3
1544817832.37
1544817832.44
1544817832.52
1544817832.6
1544817832.66
1544817832.72
1544817832.78
1544817832.86
1544817832.94
1544817833.01
1544817833.07
1544817833.14
1544817833.2
1544817833.27
1544817833.32
1544817833.39
1544817833.46
1544817833.52
1544817833.58
1544817833.64
1544817833.7
1544817833.76
1544817833.83
1544817833.88
1544817833.95
1544817834.01
1544817834.07
1544817834.13
1544817834.19
1544817834.24
1544817834.31
1544817834.38
1544817834.47
1544817834.55
1544817834.6
1544817834.65
1544817834.68
1544817834.75
1544817834.81
1544817834.87
1544817834.92
1544817834.98
1544817835.03
1544817835.09
1544817835.15
1544817835.2
1544817835.25
1544817835.28
1544817835.35
1544817835.41
1544817835.46
1544817835.56
1544817835.63
1544817835.7
1544817835.75
1544817835.81
1544817835.86
1544817835.93
1544817835.98
1544817836.04
1544817836.1
1544817836.16
1544817836.22
1544817836.29
1544817836.34
1544817836.4
1544817836.46
1544817836.52
1544817836.6
1544817836.67
1544817836.73
1544817836.8
1544817836.87
1544817836.95
1544817837.01
1544817837.07
1544817837.14
1544817837.21
1544817837.26
1544817837.33
1544817837.39
1544817837.45
1544817837.51
1544817837.55
1544817837.6
1544817837.66
1544817837.72
1544817837.79
1544817837.86
1544817837.92
1544817837.95
1544817838.0
1544817838.05
1544817838.13
1544817838.21
1544817838.28
1544817838.34
1544817838.41
1544817838.47
1544817838.53
1544817838.6
1544817838.67
1544817838.75
1544817838.83
1544817838.91
1544817839.0
1544817839.06
1544817839.12
1544817839.18
1544817839.25
1544817839.31
1544817839.37
1544817839.44
1544817839.51
1544817839.57
1544817839.65
1544817839.74
1544817839.84
1544817839.9
1544817839.97
1544817840.08
1544817840.15
1544817840.24
1544817840.3
1544817840.39
1544817840.45
1544817840.52
1544817840.58
1544817840.64
1544817840.7
1544817840.77
1544817840.82
1544817840.9
1544817840.95
1544817841.03
1544817841.11
1544817841.17
1544817841.25
1544817841.31
1544817841.37
1544817841.45
1544817841.53
1544817841.59
1544817841.65
1544817841.72
1544817841.79
1544817841.85
1544817841.91
1544817841.97
1544817842.02
1544817842.09
1544817842.14
1544817842.21
1544817842.27
1544817842.32
1544817842.35
1544817842.43
1544817842.49
1544817842.56
1544817842.63
1544817842.69
1544817842.74
1544817842.81
1544817842.87
1544817842.94
1544817842.99
1544817843.05
1544817843.1
1544817843.16
1544817843.2
1544817843.27
1544817843.32
1544817843.38
1544817843.45
1544817843.51
1544817843.56
1544817843.62
1544817843.67
1544817843.73
1544817843.78
1544817843.85
1544817843.91
1544817843.96
1544817844.01
1544817844.07
1544817844.13
1544817844.19
1544817844.24
1544817844.3
1544817844.36
1544817844.42
1544817844.47
1544817844.54
1544817844.61
1544817844.67
1544817844.74
1544817844.8
1544817844.85
1544817844.91
1544817844.98
1544817845.05
1544817845.11
1544817845.2
1544817845.25
1544817845.32
1544817845.39
1544817845.45
1544817845.54
1544817845.61
1544817845.67
1544817845.73
1544817845.78
1544817845.85
1544817845.91
1544817845.97
1544817846.02
1544817846.08
1544817846.17
1544817846.26
1544817846.34
1544817846.42
1544817846.5
1544817846.55
1544817846.62
1544817846.71
1544817846.76
1544817846.86
1544817846.92
1544817846.99
1544817847.06
1544817847.13
1544817847.18
1544817847.24
1544817847.31
1544817847.37
1544817847.44
1544817847.52
1544817847.59
1544817847.65
1544817847.71
1544817847.77
1544817847.84
1544817847.91
1544817847.98
1544817848.04
1544817848.11
1544817848.16
1544817848.23
1544817848.3
1544817848.38
1544817848.43
1544817848.5
1544817848.56
1544817848.63
1544817848.7
1544817848.75
1544817848.82
1544817848.89
1544817848.96
1544817849.01
1544817849.09
1544817849.16
1544817849.24
1544817849.29
1544817849.36
1544817849.42
1544817849.48
1544817849.54
1544817849.6
1544817849.65
1544817849.71
1544817849.78
1544817849.85
1544817849.92
1544817849.99
1544817850.05
1544817850.12
1544817850.19
1544817850.26
1544817850.32
1544817850.42
1544817850.49
1544817850.59
1544817850.64
1544817850.72
1544817850.82
1544817850.89
1544817850.98
1544817851.04
1544817851.1
1544817851.19
1544817851.27
1544817851.35
1544817851.4
1544817851.47
1544817851.53
1544817851.58
1544817851.65
1544817851.71
1544817851.77
1544817851.83
1544817851.89
1544817851.95
1544817852.01
1544817852.11
1544817852.16
1544817852.22
1544817852.27
1544817852.33
1544817852.38
1544817852.44
1544817852.48
1544817852.54
1544817852.59
1544817852.65
1544817852.7
1544817852.76
1544817852.81
1544817852.87
1544817852.93
1544817852.99
1544817853.04
1544817853.09
1544817853.14
1544817853.2
1544817853.26
1544817853.31
1544817853.38
1544817853.44
1544817853.5
1544817853.56
1544817853.62
1544817853.68
1544817853.73
1544817853.8
1544817853.85
1544817853.93
1544817853.99
1544817854.07
1544817854.13
1544817854.19
1544817854.23
1544817854.26
1544817854.3
1544817854.37
1544817854.4
1544817854.43
1544817854.47
1544817854.51
1544817854.56
1544817854.62
1544817854.66
1544817854.7
1544817854.75
1544817854.8
1544817854.84
1544817854.88
1544817854.93
1544817854.97
1544817855.01
1544817855.05
1544817855.1
1544817855.18
1544817855.22
1544817855.26
1544817855.31
1544817855.37
1544817855.41
1544817855.45
1544817855.48
1544817855.55
1544817855.59
1544817855.64
1544817855.68
1544817855.73
1544817855.77
1544817855.83
1544817855.87
1544817855.92
1544817855.96
1544817856.02
1544817856.06
1544817856.12
1544817856.16
1544817856.22
1544817856.26
1544817856.31
1544817856.36
1544817856.41
1544817856.49
1544817856.55
1544817856.59
1544817856.66
1544817856.71
1544817856.75
1544817856.78
1544817856.82
1544817856.85
1544817856.9
1544817856.94
1544817856.98
1544817857.04
1544817857.1
1544817857.13
1544817857.17
1544817857.25
1544817857.3
1544817857.34
1544817857.38
1544817857.44
1544817857.48
1544817857.53
1544817857.56
1544817857.61
1544817857.68
1544817857.74
1544817857.77
1544817857.83
1544817857.89
1544817857.93
1544817857.97
1544817858.01
1544817858.08
1544817858.12
1544817858.15
1544817858.19
1544817858.26
1544817858.31
1544817858.34
1544817858.38
1544817858.42
1544817858.48
1544817858.53
1544817858.57
1544817858.62
1544817858.67
1544817858.73
1544817858.77
1544817858.83
1544817858.88
1544817858.93
1544817858.97
1544817859.02
1544817859.05
1544817859.1
1544817859.14
1544817859.18
1544817859.24
1544817859.3
1544817859.34
1544817859.38
1544817859.43
1544817859.47
1544817859.51
1544817859.55
1544817859.58
1544817859.63
1544817859.68
1544817859.72
1544817859.75
1544817859.79
1544817859.84
1544817859.88
1544817859.93
1544817859.97
1544817860.01
1544817860.08
1544817860.12
1544817860.15
1544817860.19
1544817860.27
1544817860.31
1544817860.35
1544817860.38
1544817860.43
1544817860.47
1544817860.51
1544817860.54
1544817860.59
1544817860.66
1544817860.71
1544817860.75
1544817860.79
1544817860.83
1544817860.91
1544817860.94
1544817860.97
1544817861.02
1544817861.06
1544817861.11
1544817861.15
1544817861.19
1544817861.24
1544817861.28
1544817861.33
1544817861.37
1544817861.42
1544817861.46
1544817861.51
1544817861.55
1544817861.58
1544817861.65
1544817861.72
1544817861.77
1544817861.84
1544817861.88
1544817861.95
1544817862.0
1544817862.05
1544817862.1
1544817862.15
1544817862.21
1544817862.25
1544817862.31
1544817862.36
1544817862.41
1544817862.45
1544817862.51
1544817862.55
1544817862.61
1544817862.65
1544817862.7
1544817862.75
1544817862.82
1544817862.87
1544817862.93
1544817862.98
1544817863.02
1544817863.08
1544817863.15
1544817863.21
1544817863.26
1544817863.32
1544817863.37
1544817863.43
1544817863.49
1544817863.55
1544817863.62
1544817863.67
1544817863.72
1544817863.77
1544817863.83
1544817863.9
1544817863.96
1544817864.01
1544817864.04
1544817864.08
1544817864.13
1544817864.2
1544817864.23
1544817864.27
1544817864.32
1544817864.37
1544817864.43
1544817864.46
1544817864.49
1544817864.56
1544817864.61
1544817864.65
1544817864.69
1544817864.77
1544817864.82
1544817864.86
1544817864.88
1544817864.97
1544817865.02
1544817865.05
1544817865.08
1544817865.14
1544817865.18
1544817865.23
1544817865.26
1544817865.3
1544817865.34
1544817865.39
1544817865.42
1544817865.46
1544817865.52
1544817865.59
1544817865.62
1544817865.66
1544817865.69
1544817865.75
1544817865.79
1544817865.83
1544817865.87
1544817865.93
1544817865.98
1544817866.03
1544817866.07
1544817866.11
1544817866.17
1544817866.22
1544817866.26
1544817866.3
1544817866.35
1544817866.39
1544817866.43
1544817866.47
1544817866.51
1544817866.56
1544817866.59
1544817866.63
1544817866.66
1544817866.71
1544817866.75
1544817866.8
1544817866.84
1544817866.88
1544817866.93
1544817866.97
1544817867.0
1544817867.04
1544817867.08
1544817867.12
1544817867.16
1544817867.2
1544817867.23
1544817867.27
1544817867.33
1544817867.39
1544817867.44
1544817867.48
1544817867.54
1544817867.59
1544817867.63
1544817867.66
1544817867.7
1544817867.75
1544817867.81
1544817867.84
1544817867.87
1544817867.92
1544817867.96
1544817868.0
1544817868.03
1544817868.07
1544817868.11
1544817868.15
1544817868.19
1544817868.23
1544817868.26
1544817868.3
1544817868.36
1544817868.41
1544817868.45
1544817868.48
1544817868.53
1544817868.58
1544817868.63
1544817868.66
1544817868.71
1544817868.75
1544817868.81
1544817868.84
1544817868.87
1544817868.91
1544817868.98
1544817869.02
1544817869.06
1544817869.1
1544817869.14
1544817869.17
1544817869.22
1544817869.26
1544817869.31
1544817869.37
1544817869.41
1544817869.45
1544817869.49
1544817869.55
1544817869.59
1544817869.64
1544817869.68
1544817869.74
1544817869.79
1544817869.82
1544817869.88
1544817869.93
1544817869.98
1544817870.02
1544817870.06
1544817870.1
1544817870.15
1544817870.21
1544817870.25
1544817870.29
1544817870.34
1544817870.4
1544817870.43
1544817870.47
1544817870.51
1544817870.57
1544817870.62
1544817870.66
1544817870.69
1544817870.74
1544817870.82
1544817870.86
1544817870.9
1544817870.96
1544817871.01
1544817871.04
1544817871.08
1544817871.13
1544817871.18
1544817871.22
1544817871.25
1544817871.29
1544817871.33
1544817871.4
1544817871.44
1544817871.47
1544817871.54
1544817871.59
1544817871.63
1544817871.66
1544817871.71
1544817871.8
1544817871.83
1544817871.87
1544817871.93
1544817871.97
1544817872.02
1544817872.06
1544817872.11
1544817872.17
1544817872.22
1544817872.26
1544817872.29
1544817872.33
1544817872.38
1544817872.42
1544817872.45
1544817872.5
1544817872.53
1544817872.58
1544817872.63
1544817872.66
1544817872.72
1544817872.77
1544817872.81
1544817872.84
1544817872.87
1544817872.94
1544817873.0
1544817873.04
1544817873.08
1544817873.15
1544817873.2
1544817873.24
1544817873.28
1544817873.33
1544817873.38
1544817873.42
1544817873.45
1544817873.48
1544817873.53
1544817873.57
1544817873.62
1544817873.66
1544817873.7
1544817873.75
1544817873.81
1544817873.85
1544817873.89
1544817873.94
1544817873.98
1544817874.04
1544817874.08
1544817874.15
1544817874.2
1544817874.25
1544817874.31
1544817874.36
1544817874.43
1544817874.48
1544817874.55
1544817874.62
1544817874.66
1544817874.72
1544817874.76
1544817874.79
1544817874.84
1544817874.88
1544817874.93
1544817874.97
1544817875.03
1544817875.07
1544817875.12
1544817875.17
1544817875.22
1544817875.27
1544817875.33
1544817875.38
1544817875.43
1544817875.48
1544817875.54
1544817875.61
1544817875.67
1544817875.73
1544817875.78
1544817875.85
1544817875.9
1544817875.95
1544817876.0
1544817876.06
1544817876.12
1544817876.18
1544817876.24
1544817876.29
1544817876.33
1544817876.37
1544817876.42
1544817876.47
1544817876.51
1544817876.55
1544817876.58
1544817876.63
1544817876.67
1544817876.72
1544817876.75
1544817876.8
1544817876.84
1544817876.91
1544817876.95
1544817876.98
1544817877.04
1544817877.08
1544817877.13
1544817877.18
1544817877.23
1544817877.26
1544817877.31
1544817877.37
1544817877.43
1544817877.48
1544817877.54
1544817877.58
1544817877.62
1544817877.67
1544817877.72
1544817877.76
1544817877.82
1544817877.86
1544817877.93
1544817877.98
1544817878.03
1544817878.08
1544817878.13
1544817878.18
1544817878.24
1544817878.3
1544817878.35
1544817878.4
1544817878.45
1544817878.49
1544817878.54
1544817878.59
1544817878.67
1544817878.73
1544817878.76
1544817878.8
1544817878.85
1544817878.91
1544817878.96
1544817878.99
1544817879.05
1544817879.1
1544817879.15
1544817879.18
1544817879.23
1544817879.28
1544817879.32
1544817879.36
1544817879.38
1544817879.43
1544817879.48
1544817879.53
1544817879.57
1544817879.62
1544817879.67
1544817879.73
1544817879.76
1544817879.81
1544817879.85
1544817879.89
1544817879.93
1544817879.97
1544817880.01
1544817880.06
1544817880.1
1544817880.15
1544817880.19
1544817880.25
1544817880.3
1544817880.34
1544817880.37
1544817880.43
1544817880.49
1544817880.53
1544817880.56
1544817880.6
1544817880.66
1544817880.7
1544817880.73
1544817880.77
1544817880.81
1544817880.85
1544817880.9
1544817880.94
1544817880.97
1544817881.01
1544817881.05
1544817881.09
1544817881.13
1544817881.17
1544817881.23
1544817881.28
1544817881.32
1544817881.36
1544817881.4
1544817881.45
1544817881.5
1544817881.55
1544817881.6
1544817881.65
1544817881.7
1544817881.75
1544817881.81
1544817881.87
1544817881.92
1544817881.96
1544817882.01
1544817882.06
1544817882.11
1544817882.14
1544817882.19
1544817882.26
1544817882.33
1544817882.37
1544817882.42
1544817882.45
1544817882.49
1544817882.53
1544817882.58
1544817882.65
1544817882.68
1544817882.74
1544817882.78
1544817882.86
1544817882.91
1544817882.94
1544817882.98
1544817883.06
1544817883.11
1544817883.15
1544817883.18
1544817883.24
1544817883.28
1544817883.33
1544817883.37
1544817883.43
1544817883.47
1544817883.51
1544817883.55
1544817883.58
1544817883.67
1544817883.73
1544817883.77
1544817883.81
1544817883.86
1544817883.91
1544817883.95
1544817883.99
1544817884.04
1544817884.09
1544817884.14
1544817884.17
1544817884.23
1544817884.3
1544817884.34
1544817884.39
1544817884.46
1544817884.52
1544817884.56
1544817884.6
1544817884.67
1544817884.71
1544817884.75
1544817884.79
1544817884.87
1544817884.92
1544817884.95
1544817884.99
1544817885.04
1544817885.09
1544817885.13
1544817885.17
1544817885.23
1544817885.29
1544817885.33
1544817885.37
1544817885.43
1544817885.48
1544817885.52
1544817885.56
1544817885.6
1544817885.64
1544817885.69
1544817885.73
1544817885.78
1544817885.83
1544817885.87
1544817885.92
1544817885.96
1544817886.0
1544817886.07
1544817886.11
1544817886.15
1544817886.18
1544817886.24
1544817886.29
1544817886.33
1544817886.37
1544817886.4
1544817886.46
1544817886.51
1544817886.54
1544817886.58
1544817886.67
1544817886.71
1544817886.74
1544817886.77
1544817886.83
1544817886.88
1544817886.93
1544817886.96
1544817887.03
1544817887.09
1544817887.14
1544817887.18
1544817887.21
1544817887.25
1544817887.29
1544817887.33
1544817887.37
1544817887.43
1544817887.47
1544817887.51
1544817887.55
1544817887.6
1544817887.63
1544817887.68
1544817887.72
1544817887.75
1544817887.79
1544817887.84
1544817887.87
1544817887.92
1544817887.96
1544817888.0
1544817888.06
1544817888.12
1544817888.16
1544817888.2
1544817888.25
1544817888.29
1544817888.33
1544817888.37
1544817888.43
1544817888.48
1544817888.52
1544817888.56
1544817888.61
1544817888.66
1544817888.7
1544817888.74
1544817888.77
1544817888.83
1544817888.9
1544817888.94
1544817888.98
1544817889.03
1544817889.08
1544817889.13
1544817889.17
1544817889.21
1544817889.25
1544817889.3
1544817889.34
1544817889.38
1544817889.46
1544817889.51
1544817889.54
1544817889.58
1544817889.62
1544817889.67
1544817889.71
1544817889.74
1544817889.78
1544817889.85
1544817889.91
1544817889.95
1544817890.0
1544817890.05
1544817890.09
1544817890.14
1544817890.17
1544817890.22
1544817890.28
1544817890.33
1544817890.38
1544817890.43
1544817890.48
1544817890.51
1544817890.56
1544817890.59
1544817890.63
1544817890.68
1544817890.73
1544817890.76
1544817890.81
1544817890.87
1544817890.91
1544817890.95
1544817891.0
1544817891.06
1544817891.12
1544817891.17
1544817891.23
1544817891.27
1544817891.32
1544817891.35
1544817891.38
1544817891.45
1544817891.51
1544817891.54
1544817891.57
1544817891.61
1544817891.67
1544817891.72
1544817891.76
1544817891.82
1544817891.87
1544817891.93
1544817891.97
1544817892.01
1544817892.1
1544817892.14
1544817892.18
1544817892.21
1544817892.26
1544817892.3
1544817892.34
1544817892.38
1544817892.45
1544817892.51
1544817892.54
1544817892.62
1544817892.68
1544817892.73
1544817892.79
1544817892.84
1544817892.89
1544817892.94
1544817892.98
1544817893.06
1544817893.12
1544817893.18
1544817893.25
1544817893.31
1544817893.35
1544817893.4
1544817893.43
1544817893.47
1544817893.52
1544817893.55
1544817893.6
1544817893.66
1544817893.72
1544817893.75
1544817893.79
1544817893.84
1544817893.88
1544817893.93
1544817893.96
1544817894.0
1544817894.04
1544817894.08
1544817894.12
1544817894.15
1544817894.18
1544817894.24
1544817894.29
1544817894.33
1544817894.37
1544817894.42
1544817894.46
1544817894.5
1544817894.54
1544817894.58
1544817894.64
1544817894.69
1544817894.74
1544817894.8
1544817894.85
1544817894.91
1544817894.96
1544817895.01
1544817895.07
1544817895.12
1544817895.17
1544817895.22
1544817895.28
1544817895.34
1544817895.39
1544817895.44
1544817895.5
1544817895.55
1544817895.61
1544817895.66
1544817895.72
1544817895.76
1544817895.82
1544817895.87
1544817895.93
1544817895.97
1544817896.02
1544817896.06
1544817896.12
1544817896.17
1544817896.23
1544817896.28
1544817896.33
1544817896.38
1544817896.43
1544817896.48
1544817896.53
1544817896.56
1544817896.62
1544817896.7
1544817896.75
1544817896.83
1544817896.9
1544817896.96
1544817897.01
1544817897.07
1544817897.12
1544817897.17
1544817897.22
1544817897.26
1544817897.31
1544817897.39
1544817897.44
1544817897.48
1544817897.53
1544817897.59
1544817897.63
1544817897.66
1544817897.71
1544817897.77
1544817897.81
1544817897.85
1544817897.88
1544817897.94
1544817897.98
1544817898.03
1544817898.06
1544817898.12
1544817898.17
1544817898.21
1544817898.25
1544817898.28
1544817898.35
1544817898.39
1544817898.46
1544817898.53
1544817898.58
1544817898.65
1544817898.71
1544817898.77
1544817898.83
1544817898.88
1544817898.93
1544817898.97
1544817899.02
1544817899.06
1544817899.1
1544817899.15
1544817899.2
1544817899.24
1544817899.29
1544817899.34
1544817899.39
1544817899.43
1544817899.49
1544817899.54
1544817899.59
1544817899.63
1544817899.68
1544817899.73
1544817899.79
1544817899.85
1544817899.89
1544817899.94
1544817900.0
1544817900.03
1544817900.1
1544817900.17
1544817900.23
1544817900.3
1544817900.37
1544817900.42
1544817900.48
1544817900.53
1544817900.6
1544817900.65
1544817900.71
1544817900.76
1544817900.82
1544817900.88
1544817900.94
1544817901.0
1544817901.04
1544817901.1
1544817901.15
1544817901.2
1544817901.25
1544817901.29
1544817901.35
1544817901.4
1544817901.43
1544817901.47
1544817901.53
1544817901.6
1544817901.63
1544817901.67
1544817901.71
1544817901.76
1544817901.8
1544817901.84
1544817901.87
1544817901.93
1544817901.99
1544817902.04
1544817902.09
1544817902.13
1544817902.2
1544817902.24
1544817902.28
1544817902.36
1544817902.41
1544817902.44
1544817902.48
1544817902.54
1544817902.61
1544817902.65
1544817902.7
1544817902.76
1544817902.82
1544817902.85
1544817902.9
1544817902.96
1544817903.01
1544817903.05
1544817903.1
1544817903.15
1544817903.22
1544817903.26
1544817903.3
1544817903.34
1544817903.4
1544817903.44
1544817903.47
1544817903.54
1544817903.6
1544817903.64
1544817903.68
1544817903.72
1544817903.77
1544817903.83
1544817903.87
1544817903.93
1544817903.98
1544817904.02
1544817904.06
1544817904.11
1544817904.18
1544817904.22
1544817904.26
1544817904.3
1544817904.34
1544817904.38
1544817904.44
1544817904.47
1544817904.52
1544817904.58
1544817904.62
1544817904.65
1544817904.68
1544817904.76
1544817904.8
1544817904.83
1544817904.87
1544817904.91
1544817904.97
1544817905.03
1544817905.07
1544817905.11
1544817905.17
1544817905.21
1544817905.25
1544817905.28
1544817905.32
1544817905.35
1544817905.4
1544817905.44
1544817905.48
1544817905.55
1544817905.62
1544817905.66
1544817905.72
1544817905.79
1544817905.84
1544817905.9
1544817905.97
1544817906.02
1544817906.08
1544817906.14
1544817906.21
1544817906.26
1544817906.33
1544817906.38
1544817906.45
1544817906.53
1544817906.61
1544817906.67
1544817906.75
1544817906.82
1544817906.9
1544817906.94
1544817907.0
1544817907.06
1544817907.13
1544817907.18
1544817907.23
1544817907.28
1544817907.34
1544817907.4
1544817907.47
1544817907.51
1544817907.55
1544817907.6
1544817907.65
1544817907.69
1544817907.74
1544817907.78
1544817907.83
1544817907.89
1544817907.95
1544817908.02
1544817908.05
1544817908.09
1544817908.14
1544817908.2
1544817908.23
1544817908.26
1544817908.32
1544817908.37
1544817908.42
1544817908.46
1544817908.51
1544817908.56
1544817908.62
1544817908.65
1544817908.7
1544817908.77
1544817908.81
1544817908.85
1544817908.92
1544817908.98
1544817909.02
1544817909.05
1544817909.09
1544817909.14
1544817909.18
1544817909.23
1544817909.28
1544817909.33
1544817909.38
1544817909.42
1544817909.46
1544817909.49
1544817909.56
1544817909.6
1544817909.64
1544817909.69
1544817909.72
1544817909.76
1544817909.81
1544817909.85
1544817909.89
1544817909.93
1544817909.96
1544817910.02
1544817910.05
1544817910.12
1544817910.16
1544817910.21
1544817910.25
1544817910.28
1544817910.33
1544817910.38
1544817910.42
1544817910.45
1544817910.48
1544817910.53
1544817910.57
1544817910.62
1544817910.65
1544817910.7
1544817910.74
1544817910.8
1544817910.84
1544817910.87
1544817910.93
1544817910.98
1544817911.03
1544817911.06
1544817911.13
1544817911.19
1544817911.23
1544817911.28
1544817911.32
1544817911.36
1544817911.4
1544817911.44
1544817911.48
1544817911.54
1544817911.58
1544817911.62
1544817911.65
1544817911.7
1544817911.76
1544817911.82
1544817911.86
1544817911.91
1544817911.95
1544817911.99
1544817912.03
1544817912.06
1544817912.13
1544817912.18
1544817912.22
1544817912.26
1544817912.33
1544817912.4
1544817912.44
1544817912.49
1544817912.53
1544817912.59
1544817912.63
1544817912.66
1544817912.7
1544817912.74
1544817912.8
1544817912.83
1544817912.88
1544817912.94
1544817913.0
1544817913.05
1544817913.12
1544817913.18
1544817913.23
1544817913.3
1544817913.36
1544817913.41
1544817913.45
1544817913.5
1544817913.55
1544817913.61
1544817913.67
1544817913.73
1544817913.8
1544817913.85
1544817913.92
1544817913.97
1544817914.02
1544817914.07
1544817914.12
1544817914.17
1544817914.23
1544817914.27
1544817914.33
1544817914.37
1544817914.43
1544817914.47
1544817914.52
1544817914.56
1544817914.62
1544817914.67
1544817914.72
1544817914.77
1544817914.82
1544817914.87
1544817914.91
1544817914.95
1544817915.0
1544817915.05
1544817915.1
1544817915.15
1544817915.2
1544817915.25
1544817915.31
1544817915.37
1544817915.44
1544817915.48
1544817915.54
1544817915.58
1544817915.64
1544817915.69
1544817915.75
1544817915.83
1544817915.88
1544817915.93
1544817915.97
1544817916.02
1544817916.06
1544817916.1
1544817916.14
1544817916.18
1544817916.23
1544817916.27
1544817916.32
1544817916.37
1544817916.42
1544817916.45
1544817916.5
1544817916.56
1544817916.6
1544817916.64
1544817916.69
1544817916.75
1544817916.8
1544817916.84
1544817916.88
1544817916.93
1544817916.99
1544817917.03
1544817917.06
1544817917.1
1544817917.14
1544817917.18
1544817917.24
1544817917.27
1544817917.31
1544817917.35
1544817917.4
1544817917.44
1544817917.47
1544817917.52
1544817917.58
1544817917.63
1544817917.66
1544817917.72
1544817917.78
1544817917.82
1544817917.85
1544817917.9
1544817917.97
1544817918.03
1544817918.06
1544817918.1
1544817918.14
1544817918.18
1544817918.23
1544817918.27
1544817918.33
1544817918.37
1544817918.42
1544817918.46
1544817918.52
1544817918.58
1544817918.62
1544817918.65
1544817918.7
1544817918.77
1544817918.82
1544817918.86
1544817918.92
1544817918.96
1544817919.01
1544817919.05
1544817919.1
1544817919.15
1544817919.19
1544817919.23
1544817919.26
1544817919.3
1544817919.36
1544817919.4
1544817919.44
1544817919.47
1544817919.51
1544817919.56
1544817919.61
1544817919.65
1544817919.69
1544817919.73
1544817919.78
1544817919.82
1544817919.85
1544817919.88
1544817919.93
1544817919.97
1544817920.01
1544817920.06
1544817920.1
1544817920.14
1544817920.19
1544817920.23
1544817920.28
1544817920.32
1544817920.36
1544817920.42
1544817920.45
1544817920.49
1544817920.54
1544817920.62
1544817920.66
1544817920.72
1544817920.78
1544817920.83
1544817920.86
1544817920.92
1544817920.98
1544817921.02
1544817921.05
1544817921.1
1544817921.16
1544817921.22
1544817921.26
1544817921.31
1544817921.37
1544817921.41
1544817921.46
1544817921.49
1544817921.58
1544817921.63
1544817921.67
1544817921.73
1544817921.8
1544817921.88
1544817921.92
1544817921.96
1544817922.0
1544817922.07
1544817922.14
1544817922.2
1544817922.26
1544817922.31
1544817922.36
1544817922.41
1544817922.45
1544817922.5
1544817922.55
1544817922.6
1544817922.65
1544817922.7
1544817922.76
1544817922.82
1544817922.89
1544817922.94
1544817922.98
1544817923.03
1544817923.08
1544817923.13
1544817923.19
1544817923.25
1544817923.31
1544817923.36
1544817923.43
1544817923.47
1544817923.54
1544817923.59
1544817923.64
1544817923.7
1544817923.76
1544817923.81
1544817923.86
1544817923.91
1544817923.97
1544817924.03
1544817924.09
1544817924.16
1544817924.23
1544817924.28
1544817924.36
1544817924.42
1544817924.49
1544817924.55
1544817924.63
1544817924.7
1544817924.77
1544817924.86
1544817924.94
1544817925.02
1544817925.08
1544817925.15
1544817925.23
1544817925.3
1544817925.37
1544817925.43
1544817925.51
1544817925.57
1544817925.64
1544817925.72
1544817925.79
1544817925.86
1544817925.93
1544817926.01
1544817926.08
1544817926.13
1544817926.2
1544817926.24
1544817926.28
1544817926.34
1544817926.38
1544817926.43
1544817926.48
1544817926.54
1544817926.6
1544817926.65
1544817926.72
1544817926.76
1544817926.82
1544817926.87
1544817926.93
1544817926.97
1544817927.03
1544817927.08
1544817927.15
1544817927.22
1544817927.28
1544817927.35
1544817927.4
1544817927.45
1544817927.52
1544817927.57
1544817927.62
1544817927.66
1544817927.71
1544817927.78
1544817927.84
1544817927.9
1544817927.95
1544817928.0
1544817928.05
1544817928.09
1544817928.13
1544817928.17
1544817928.22
1544817928.28
1544817928.34
1544817928.37
1544817928.44
1544817928.48
1544817928.54
1544817928.57
1544817928.64
1544817928.69
1544817928.73
1544817928.77
1544817928.83
1544817928.88
1544817928.93
1544817928.97
1544817929.03
1544817929.07
1544817929.11
1544817929.15
1544817929.19
1544817929.22
1544817929.28
1544817929.33
1544817929.36
1544817929.4
1544817929.49
1544817929.53
1544817929.57
1544817929.62
1544817929.67
1544817929.72
1544817929.76
1544817929.8
1544817929.86
1544817929.91
1544817929.95
1544817929.98
1544817930.04
1544817930.08
1544817930.12
1544817930.16
1544817930.19
1544817930.24
1544817930.28
1544817930.32
1544817930.36
1544817930.41
1544817930.46
1544817930.52
1544817930.57
1544817930.61
1544817930.65
1544817930.7
1544817930.74
1544817930.77
1544817930.81
1544817930.85
1544817930.9
1544817930.94
1544817930.97
1544817931.02
1544817931.06
1544817931.11
1544817931.15
1544817931.18
1544817931.23
1544817931.28
1544817931.32
1544817931.36
1544817931.4
1544817931.48
1544817931.53
1544817931.57
1544817931.61
1544817931.68
1544817931.73
1544817931.77
1544817931.82
1544817931.86
1544817931.9
1544817931.94
1544817931.97
1544817932.03
1544817932.07
1544817932.1
1544817932.14
1544817932.17
1544817932.22
1544817932.27
1544817932.32
1544817932.35
1544817932.38
1544817932.45
1544817932.51
1544817932.57
1544817932.62
1544817932.67
1544817932.71
1544817932.75
1544817932.78
1544817932.84
1544817932.91
1544817932.94
1544817932.99
1544817933.04
1544817933.09
1544817933.13
1544817933.17
1544817933.22
1544817933.27
1544817933.32
1544817933.35
1544817933.38
1544817933.43
1544817933.48
1544817933.51
1544817933.55
1544817933.59
1544817933.64
1544817933.68
1544817933.73
1544817933.77
1544817933.81
1544817933.88
1544817933.93
1544817933.97
1544817934.02
1544817934.08
1544817934.13
1544817934.16
1544817934.22
1544817934.28
1544817934.33
1544817934.38
1544817934.43
1544817934.48
1544817934.56
1544817934.65
1544817934.7
1544817934.75
1544817934.81
1544817934.87
1544817934.94
1544817935.01
1544817935.04
1544817935.08
1544817935.12
1544817935.17
1544817935.23
1544817935.3
1544817935.36
1544817935.42
1544817935.47
1544817935.53
1544817935.58
1544817935.63
1544817935.67
1544817935.73
1544817935.77
1544817935.82
1544817935.87
1544817935.94
1544817935.99
1544817936.03
1544817936.07
1544817936.13
1544817936.18
1544817936.23
1544817936.26
1544817936.3
1544817936.34
1544817936.38
1544817936.42
1544817936.45
1544817936.48
1544817936.54
1544817936.57
1544817936.62
1544817936.67
1544817936.71
1544817936.77
1544817936.83
1544817936.87
1544817936.91
1544817936.95
1544817937.0
1544817937.04
1544817937.08
1544817937.14
1544817937.19
1544817937.22
1544817937.26
1544817937.3
1544817937.35
1544817937.39
1544817937.42
1544817937.46
1544817937.5
1544817937.57
1544817937.62
1544817937.65
1544817937.7
1544817937.75
1544817937.8
1544817937.84
1544817937.88
1544817937.92
1544817937.97
1544817938.02
1544817938.05
1544817938.09
1544817938.13
1544817938.17
1544817938.22
1544817938.26
1544817938.31
1544817938.34
1544817938.38
1544817938.43
1544817938.47
1544817938.53
1544817938.58
1544817938.62
1544817938.65
1544817938.7
1544817938.76
1544817938.81
1544817938.85
1544817938.88
1544817938.94
1544817939.0
1544817939.04
1544817939.08
1544817939.14
1544817939.18
1544817939.22
1544817939.26
1544817939.31
1544817939.37
1544817939.43
1544817939.49
1544817939.55
1544817939.62
1544817939.69
1544817939.77
1544817939.82
1544817939.89
1544817939.94
1544817940.0
1544817940.07
1544817940.13
1544817940.2
1544817940.26
1544817940.32
1544817940.38
1544817940.45
1544817940.53
1544817940.6
1544817940.64
1544817940.68
1544817940.74
1544817940.81
1544817940.88
1544817940.93
1544817940.98
1544817941.04
1544817941.13
1544817941.2
1544817941.23
1544817941.28
1544817941.35
1544817941.41
1544817941.44
1544817941.48
1544817941.52
1544817941.57
1544817941.63
1544817941.67
1544817941.71
1544817941.75
1544817941.79
1544817941.84
1544817941.87
1544817941.91
1544817941.97
1544817942.02
1544817942.06
1544817942.09
1544817942.13
1544817942.18
1544817942.22
1544817942.27
1544817942.31
1544817942.35
1544817942.4
1544817942.44
1544817942.47
1544817942.51
1544817942.57
1544817942.61
1544817942.65
1544817942.69
1544817942.74
1544817942.78
1544817942.83
1544817942.87
1544817942.91
1544817942.95
1544817943.0
1544817943.04
1544817943.08
1544817943.12
1544817943.21
1544817943.26
1544817943.31
1544817943.36
1544817943.41
1544817943.45
1544817943.49
1544817943.56
1544817943.6
1544817943.64
1544817943.69
1544817943.77
1544817943.82
1544817943.86
1544817943.9
1544817943.96
1544817944.01
1544817944.05
1544817944.1
1544817944.15
1544817944.18
1544817944.23
1544817944.26
1544817944.3
1544817944.35
1544817944.39
1544817944.44
1544817944.48
1544817944.51
1544817944.58
1544817944.63
1544817944.66
1544817944.7
1544817944.74
1544817944.78
1544817944.83
1544817944.87
1544817944.92
1544817945.0
1544817945.04
1544817945.08
1544817945.14
1544817945.21
1544817945.25
1544817945.28
1544817945.33
1544817945.37
1544817945.42
1544817945.45
1544817945.49
1544817945.53
1544817945.59
1544817945.63
1544817945.67
1544817945.72
1544817945.78
1544817945.82
1544817945.86
1544817945.91
1544817945.97
1544817946.01
1544817946.05
1544817946.09
1544817946.16
1544817946.21
1544817946.25
1544817946.29
1544817946.36
1544817946.42
1544817946.48
1544817946.54
1544817946.61
1544817946.66
1544817946.72
1544817946.78
1544817946.84
1544817946.9
1544817946.96
1544817947.03
1544817947.08
1544817947.15
1544817947.23
1544817947.28
1544817947.35
1544817947.41
1544817947.48
1544817947.54
1544817947.6
1544817947.65
1544817947.69
1544817947.73
1544817947.8
1544817947.85
1544817947.93
1544817947.97
1544817948.02
1544817948.07
1544817948.11
1544817948.15
1544817948.2
1544817948.26
1544817948.32
1544817948.35
1544817948.41
1544817948.46
1544817948.51
1544817948.55
1544817948.59
1544817948.63
1544817948.68
1544817948.72
1544817948.76
1544817948.81
1544817948.85
1544817948.9
1544817948.94
1544817948.98
1544817949.04
1544817949.11
1544817949.15
1544817949.19
1544817949.26
1544817949.32
1544817949.36
1544817949.39
1544817949.43
1544817949.48
1544817949.52
1544817949.55
1544817949.58
1544817949.64
1544817949.71
1544817949.75
1544817949.8
1544817949.84
1544817949.88
1544817949.93
1544817949.96
1544817950.01
1544817950.06
1544817950.1
1544817950.15
1544817950.18
1544817950.22
1544817950.25
1544817950.29
1544817950.33
1544817950.36
1544817950.41
1544817950.48
1544817950.52
1544817950.55
1544817950.58
1544817950.62
1544817950.66
1544817950.71
1544817950.74
1544817950.78
1544817950.84
1544817950.89
1544817950.93
1544817950.98
1544817951.03
1544817951.08
1544817951.12
1544817951.16
1544817951.2
1544817951.26
1544817951.31
1544817951.35
1544817951.38
1544817951.43
1544817951.47
1544817951.51
1544817951.54
1544817951.57
1544817951.61
1544817951.64
1544817951.68
1544817951.72
1544817951.75
1544817951.79
1544817951.84
1544817951.9
1544817951.93
1544817951.96
1544817951.99
1544817952.05
1544817952.08
1544817952.12
1544817952.16
1544817952.19
1544817952.24
1544817952.29
1544817952.33
1544817952.37
1544817952.41
1544817952.45
1544817952.5
1544817952.53
1544817952.56
1544817952.6
1544817952.64
1544817952.67
1544817952.71
1544817952.75
1544817952.78
1544817952.82
1544817952.86
1544817952.9
1544817952.94
1544817952.97
1544817953.01
1544817953.05
1544817953.1
1544817953.14
1544817953.17
1544817953.21
1544817953.25
1544817953.31
1544817953.35
1544817953.38
1544817953.44
1544817953.48
1544817953.51
1544817953.54
1544817953.57
1544817953.61
1544817953.64
1544817953.69
1544817953.73
1544817953.76
1544817953.8
1544817953.85
1544817953.9
1544817953.93
1544817953.96
1544817953.99
1544817954.04
1544817954.08
1544817954.11
1544817954.15
1544817954.18
1544817954.24
1544817954.29
1544817954.33
1544817954.37
1544817954.41
1544817954.45
1544817954.5
1544817954.54
1544817954.57
1544817954.61
1544817954.66
1544817954.71
1544817954.75
1544817954.78
1544817954.83
1544817954.88
1544817954.92
1544817954.95
1544817954.99
1544817955.04
1544817955.07
1544817955.11
1544817955.14
1544817955.18
1544817955.23
1544817955.28
1544817955.32
1544817955.35
1544817955.39
1544817955.43
1544817955.49
1544817955.53
1544817955.56
1544817955.6
1544817955.66
1544817955.72
1544817955.75
1544817955.78
1544817955.82
1544817955.86
1544817955.9
1544817955.94
1544817955.97
1544817956.0
1544817956.05
1544817956.1
1544817956.13
1544817956.16
1544817956.2
1544817956.24
1544817956.29
1544817956.33
1544817956.35
1544817956.38
1544817956.43
1544817956.46
1544817956.51
1544817956.54
1544817956.57
1544817956.63
1544817956.67
1544817956.7
1544817956.74
1544817956.77
1544817956.81
1544817956.84
1544817956.89
1544817956.92
1544817956.96
1544817956.99
1544817957.04
1544817957.1
1544817957.14
1544817957.17
1544817957.23
1544817957.27
1544817957.31
1544817957.34
1544817957.37
1544817957.41
1544817957.45
1544817957.49
1544817957.53
1544817957.56
1544817957.6
1544817957.64
1544817957.68
1544817957.73
1544817957.76
1544817957.8
1544817957.83
1544817957.87
1544817957.91
1544817957.94
1544817957.98
1544817958.02
1544817958.09
1544817958.13
1544817958.17
1544817958.2
1544817958.26
1544817958.29
1544817958.33
1544817958.36
1544817958.4
1544817958.43
1544817958.46
1544817958.5
1544817958.53
1544817958.57
1544817958.61
1544817958.65
1544817958.7
1544817958.73
1544817958.77
1544817958.83
1544817958.87
1544817958.91
1544817958.95
1544817958.98
1544817959.03
1544817959.06
1544817959.1
1544817959.14
1544817959.17
1544817959.21
1544817959.28
1544817959.32
1544817959.35
1544817959.38
1544817959.45
1544817959.5
1544817959.53
1544817959.56
1544817959.59
1544817959.64
1544817959.68
1544817959.7
1544817959.74
1544817959.77
1544817959.81
1544817959.86
1544817959.9
1544817959.94
1544817959.97
1544817960.01
1544817960.04
1544817960.08
1544817960.13
1544817960.16
1544817960.19
1544817960.26
1544817960.31
1544817960.34
1544817960.38
1544817960.43
1544817960.47
1544817960.51
1544817960.54
1544817960.57
1544817960.62
1544817960.66
1544817960.71
1544817960.75
1544817960.79
1544817960.83
1544817960.88
1544817960.92
1544817960.96
1544817961.0
1544817961.05
1544817961.1
1544817961.13
1544817961.17
1544817961.25
1544817961.31
1544817961.35
1544817961.39
1544817961.45
1544817961.49
1544817961.53
1544817961.57
1544817961.63
1544817961.68
1544817961.74
1544817961.78
1544817961.86
1544817961.91
1544817961.95
1544817961.98
1544817962.04
1544817962.09
1544817962.13
1544817962.16
1544817962.19
1544817962.26
1544817962.32
1544817962.35
1544817962.4
1544817962.43
1544817962.51
1544817962.54
1544817962.59
1544817962.63
1544817962.67
1544817962.72
1544817962.75
1544817962.81
1544817962.88
1544817962.92
1544817962.96
1544817963.0
1544817963.05
1544817963.11
1544817963.14
1544817963.19
1544817963.27
1544817963.32
1544817963.36
1544817963.43
1544817963.48
1544817963.53
1544817963.57
1544817963.61
1544817963.67
1544817963.73
1544817963.76
1544817963.8
1544817963.88
1544817963.93
1544817963.97
1544817964.01
1544817964.06
1544817964.1
1544817964.14
1544817964.17
1544817964.24
1544817964.3
1544817964.36
1544817964.41
1544817964.45
1544817964.5
1544817964.54
1544817964.58
1544817964.64
1544817964.69
1544817964.73
1544817964.76
1544817964.8
1544817964.89
1544817964.94
1544817964.99
1544817965.03
1544817965.09
1544817965.14
1544817965.2
1544817965.26
1544817965.31
1544817965.36
1544817965.41
1544817965.45
1544817965.49
1544817965.53
1544817965.57
1544817965.61
1544817965.65
1544817965.69
1544817965.72
1544817965.76
1544817965.78
1544817965.84
1544817965.88
1544817965.93
1544817965.96
1544817965.99
1544817966.04
1544817966.08
1544817966.11
1544817966.14
1544817966.18
1544817966.22
1544817966.27
1544817966.32
1544817966.35
1544817966.38
1544817966.43
1544817966.48
1544817966.53
1544817966.56
1544817966.59
1544817966.64
1544817966.69
1544817966.72
1544817966.75
1544817966.79
1544817966.83
1544817966.88
1544817966.93
1544817967.0
1544817967.03
1544817967.07
1544817967.12
1544817967.17
1544817967.23
1544817967.28
1544817967.31
1544817967.35
1544817967.4
1544817967.47
1544817967.52
1544817967.55
1544817967.6
1544817967.65
1544817967.7
1544817967.73
1544817967.77
1544817967.82
1544817967.87
1544817967.91
1544817967.95
1544817967.98
1544817968.02
1544817968.06
1544817968.1
1544817968.14
1544817968.18
1544817968.25
1544817968.33
1544817968.4
1544817968.46
1544817968.53
1544817968.57
1544817968.62
1544817968.66
1544817968.71
1544817968.75
1544817968.81
1544817968.85
1544817968.89
1544817968.93
1544817968.97
1544817969.02
1544817969.09
1544817969.13
1544817969.19
1544817969.23
1544817969.27
1544817969.32
1544817969.37
1544817969.42
1544817969.46
1544817969.5
1544817969.54
1544817969.58
1544817969.63
1544817969.67
1544817969.71
1544817969.78
1544817969.83
1544817969.86
1544817969.93
1544817969.98
1544817970.04
1544817970.08
1544817970.14
1544817970.19
1544817970.24
1544817970.28
1544817970.36
1544817970.41
1544817970.46
1544817970.51
1544817970.56
1544817970.6
1544817970.63
1544817970.67
1544817970.72
1544817970.75
1544817970.8
1544817970.85
1544817970.89
1544817970.93
1544817970.98
1544817971.03
1544817971.07
1544817971.11
1544817971.17
1544817971.21
1544817971.25
1544817971.29
1544817971.36
1544817971.41
1544817971.45
1544817971.5
1544817971.54
1544817971.59
1544817971.63
1544817971.67
1544817971.71
1544817971.75
1544817971.79
1544817971.85
1544817971.9
1544817971.95
1544817972.0
1544817972.03
1544817972.06
1544817972.1
1544817972.16
1544817972.21
1544817972.24
1544817972.28
1544817972.35
1544817972.41
1544817972.45
1544817972.5
1544817972.55
1544817972.6
1544817972.64
1544817972.7
1544817972.78
1544817972.83
1544817972.87
1544817972.9
1544817972.94
1544817972.98
1544817973.03
1544817973.07
1544817973.11
1544817973.17
1544817973.21
1544817973.25
1544817973.32
1544817973.38
1544817973.43
1544817973.47
1544817973.55
1544817973.6
1544817973.64
1544817973.69
1544817973.76
1544817973.8
1544817973.85
1544817973.88
1544817973.95
1544817974.01
1544817974.05
1544817974.08
1544817974.12
1544817974.2
1544817974.24
1544817974.28
1544817974.36
1544817974.41
1544817974.47
1544817974.54
1544817974.63
1544817974.69
1544817974.78
1544817974.87
1544817974.95
1544817975.03
1544817975.11
1544817975.18
1544817975.22
1544817975.26
1544817975.32
1544817975.36
1544817975.42
1544817975.46
1544817975.52
1544817975.57
1544817975.63
1544817975.69
1544817975.75
1544817975.82
1544817975.88
1544817975.95
1544817976.02
1544817976.07
1544817976.13
1544817976.18
1544817976.24
1544817976.3
1544817976.34
1544817976.37
1544817976.43
1544817976.5
1544817976.54
1544817976.58
1544817976.65
1544817976.7
1544817976.74
1544817976.77
1544817976.81
1544817976.86
1544817976.91
1544817976.95
1544817977.0
1544817977.06
1544817977.11
1544817977.15
1544817977.21
1544817977.25
1544817977.29
1544817977.33
1544817977.38
1544817977.43
1544817977.49
1544817977.54
1544817977.6
1544817977.65
1544817977.72
1544817977.79
1544817977.86
1544817977.93
1544817978.01
1544817978.07
1544817978.14
1544817978.21
1544817978.27
1544817978.32
1544817978.38
1544817978.43
1544817978.47
1544817978.52
1544817978.56
1544817978.62
1544817978.67
1544817978.71
1544817978.77
1544817978.83
1544817978.88
1544817978.94
1544817979.0
1544817979.05
1544817979.08
1544817979.16
1544817979.21
1544817979.25
1544817979.3
1544817979.35
1544817979.39
1544817979.44
1544817979.5
1544817979.54
1544817979.58
1544817979.62
1544817979.66
1544817979.73
1544817979.79
1544817979.83
1544817979.87
1544817979.92
1544817979.97
1544817980.02
1544817980.05
1544817980.09
1544817980.15
1544817980.2
1544817980.23
1544817980.27
1544817980.31
1544817980.38
1544817980.43
1544817980.47
1544817980.53
1544817980.57
1544817980.62
1544817980.66
1544817980.71
1544817980.78
1544817980.84
1544817980.88
1544817980.95
1544817981.0
1544817981.03
1544817981.07
1544817981.11
1544817981.18
1544817981.23
1544817981.27
1544817981.31
1544817981.38
1544817981.42
1544817981.45
1544817981.49
1544817981.56
1544817981.61
1544817981.64
1544817981.68
1544817981.72
1544817981.76
1544817981.81
1544817981.85
1544817981.9
1544817981.95
1544817981.99
1544817982.05
1544817982.09
1544817982.14
1544817982.19
1544817982.23
1544817982.26
1544817982.3
1544817982.33
1544817982.37
1544817982.41
1544817982.45
1544817982.49
1544817982.56
1544817982.6
1544817982.64
1544817982.68
1544817982.74
1544817982.8
1544817982.84
1544817982.87
1544817982.93
1544817982.98
1544817983.04
1544817983.08
1544817983.14
1544817983.18
1544817983.22
1544817983.26
1544817983.3
1544817983.37
1544817983.41
1544817983.44
1544817983.48
1544817983.51
1544817983.57
1544817983.62
1544817983.66
1544817983.7
1544817983.74
1544817983.8
1544817983.84
1544817983.89
1544817983.93
1544817983.96
1544817984.01
1544817984.05
1544817984.09
1544817984.14
1544817984.19
1544817984.23
1544817984.26
1544817984.31
1544817984.38
1544817984.43
1544817984.47
1544817984.51
1544817984.57
1544817984.62
1544817984.66
1544817984.7
1544817984.74
1544817984.78
1544817984.82
1544817984.86
1544817984.9
1544817984.95
1544817985.0
1544817985.04
1544817985.08
1544817985.12
1544817985.18
1544817985.24
1544817985.28
1544817985.36
1544817985.41
1544817985.45
1544817985.49
1544817985.55
1544817985.6
1544817985.63
1544817985.67
1544817985.71
1544817985.75
1544817985.81
1544817985.85
1544817985.88
1544817985.96
1544817986.01
1544817986.05
1544817986.1
1544817986.17
1544817986.22
1544817986.27
1544817986.31
1544817986.36
1544817986.41
1544817986.44
1544817986.48
1544817986.55
1544817986.61
1544817986.65
1544817986.68
1544817986.74
1544817986.77
1544817986.81
1544817986.85
1544817986.89
1544817986.96
1544817987.01
1544817987.06
1544817987.1
1544817987.16
1544817987.22
1544817987.25
1544817987.31
1544817987.37
1544817987.44
1544817987.48
1544817987.54
1544817987.61
1544817987.65
1544817987.68
1544817987.75
1544817987.8
1544817987.84
1544817987.88
1544817987.92
1544817987.96
1544817988.01
1544817988.06
1544817988.1
1544817988.16
1544817988.2
1544817988.24
1544817988.28
1544817988.34
1544817988.38
1544817988.42
1544817988.51
1544817988.55
1544817988.6
1544817988.65
1544817988.7
1544817988.75
1544817988.8
1544817988.84
1544817988.88
1544817988.95
1544817989.01
1544817989.05
1544817989.1
1544817989.17
1544817989.22
1544817989.25
1544817989.28
1544817989.34
1544817989.39
1544817989.44
1544817989.47
1544817989.52
1544817989.57
1544817989.61
1544817989.65
1544817989.68
1544817989.72
1544817989.76
1544817989.8
1544817989.85
1544817989.91
1544817989.96
1544817990.01
1544817990.06
1544817990.12
1544817990.16
1544817990.21
1544817990.27
1544817990.35
1544817990.42
1544817990.5
1544817990.58
1544817990.65
1544817990.72
1544817990.78
1544817990.83
1544817990.88
1544817990.93
1544817990.98
1544817991.04
1544817991.1
1544817991.16
1544817991.23
1544817991.28
1544817991.33
1544817991.36
1544817991.43
1544817991.53
1544817991.6
1544817991.68
1544817991.73
1544817991.78
1544817991.87
1544817991.93
1544817991.98
1544817992.03
1544817992.08
1544817992.14
1544817992.2
1544817992.23
1544817992.27
1544817992.3
1544817992.34
1544817992.4
1544817992.43
1544817992.47
1544817992.53
1544817992.58
1544817992.64
1544817992.68
1544817992.76
1544817992.81
1544817992.86
1544817992.89
1544817992.96
1544817993.01
1544817993.05
1544817993.09
1544817993.14
1544817993.19
1544817993.23
1544817993.28
1544817993.36
1544817993.41
1544817993.46
1544817993.5
1544817993.55
1544817993.6
1544817993.65
1544817993.69
1544817993.77
1544817993.82
1544817993.86
1544817993.9
1544817993.95
1544817994.01
1544817994.04
1544817994.07
1544817994.11
1544817994.15
1544817994.23
1544817994.27
1544817994.32
1544817994.38
1544817994.42
1544817994.47
1544817994.52
1544817994.56
1544817994.61
1544817994.65
1544817994.69
1544817994.73
1544817994.77
1544817994.82
1544817994.87
1544817994.93
1544817994.99
1544817995.05
1544817995.11
1544817995.2
1544817995.25
1544817995.31
1544817995.38
1544817995.47
1544817995.56
1544817995.63
1544817995.72
1544817995.8
1544817995.87
1544817995.95
1544817996.03
1544817996.09
1544817996.16
1544817996.22
1544817996.26
1544817996.29
1544817996.34
1544817996.39
1544817996.43
1544817996.49
1544817996.55
1544817996.62
1544817996.67
1544817996.75
1544817996.82
1544817996.89
1544817996.96
1544817997.01
1544817997.05
1544817997.1
