1544742487.94
1544742488.14
1544742488.25
1544742488.35
1544742488.42
1544742488.51
1544742488.58
1544742488.65
1544742488.73
1544742488.81
1544742488.89
1544742488.96
1544742489.03
1544742489.09
1544742489.16
1544742489.24
1544742489.29
1544742489.37
1544742489.47
1544742489.58
1544742489.64
1544742489.72
1544742489.83
1544742489.92
1544742490.02
1544742490.09
1544742490.19
1544742490.28
1544742490.36
1544742490.45
1544742490.54
1544742490.63
1544742490.68
1544742490.74
1544742490.81
1544742490.88
1544742490.94
1544742490.99
1544742491.06
1544742491.12
1544742491.19
1544742491.25
1544742491.3
1544742491.37
1544742491.43
1544742491.49
1544742491.55
1544742491.62
1544742491.69
1544742491.75
1544742491.81
1544742491.88
1544742491.95
1544742492.02
1544742492.09
1544742492.15
1544742492.22
1544742492.27
1544742492.34
1544742492.4
1544742492.46
1544742492.52
1544742492.59
1544742492.66
1544742492.72
1544742492.79
1544742492.85
1544742492.9
1544742492.97
1544742493.03
1544742493.08
1544742493.16
1544742493.21
1544742493.27
1544742493.34
1544742493.39
1544742493.44
1544742493.5
1544742493.56
1544742493.62
1544742493.68
1544742493.76
1544742493.82
1544742493.88
1544742493.96
1544742494.02
1544742494.09
1544742494.16
1544742494.23
1544742494.3
1544742494.38
1544742494.45
1544742494.51
1544742494.58
1544742494.65
1544742494.71
1544742494.78
1544742494.85
1544742494.91
1544742494.98
1544742495.05
1544742495.11
1544742495.18
1544742495.25
1544742495.31
1544742495.38
1544742495.44
1544742495.51
1544742495.58
1544742495.64
1544742495.7
1544742495.77
1544742495.83
1544742495.9
1544742495.97
1544742496.04
1544742496.11
1544742496.19
1544742496.26
1544742496.33
1544742496.39
1544742496.45
1544742496.51
1544742496.58
1544742496.7
1544742496.83
1544742496.92
1544742497.02
1544742497.09
1544742497.15
1544742497.23
1544742497.31
1544742497.39
1544742497.46
1544742497.52
1544742497.6
1544742497.68
1544742497.75
1544742497.81
1544742497.88
1544742497.96
1544742498.02
1544742498.11
1544742498.21
1544742498.29
1544742498.36
1544742498.43
1544742498.49
1544742498.56
1544742498.62
1544742498.68
1544742498.74
1544742498.8
1544742498.86
1544742498.93
1544742498.98
1544742499.07
1544742499.14
1544742499.21
1544742499.32
1544742499.42
1544742499.51
1544742499.61
1544742499.71
1544742499.77
1544742499.85
1544742499.97
1544742500.09
1544742500.16
1544742500.22
1544742500.29
1544742500.37
1544742500.46
1544742500.54
1544742500.61
1544742500.7
1544742500.79
1544742500.87
1544742500.95
1544742501.02
1544742501.1
1544742501.15
1544742501.22
1544742501.28
1544742501.34
1544742501.45
1544742501.52
1544742501.6
1544742501.67
1544742501.74
1544742501.81
1544742501.88
1544742501.96
1544742502.01
1544742502.06
1544742502.1
1544742502.15
1544742502.23
1544742502.3
1544742502.37
1544742502.42
1544742502.49
1544742502.56
1544742502.61
1544742502.67
1544742502.73
1544742502.81
1544742502.86
1544742502.9
1544742502.97
1544742503.05
1544742503.12
1544742503.19
1544742503.26
1544742503.32
1544742503.41
1544742503.5
1544742503.57
1544742503.63
1544742503.68
1544742503.79
1544742503.86
1544742503.91
1544742504.02
1544742504.12
1544742504.24
1544742504.36
1544742504.43
1544742504.49
1544742504.55
1544742504.65
1544742504.72
1544742504.83
1544742504.9
1544742504.99
1544742505.07
1544742505.18
1544742505.25
1544742505.32
1544742505.42
1544742505.47
1544742505.53
1544742505.59
1544742505.65
1544742505.71
1544742505.78
1544742505.83
1544742505.87
1544742505.91
1544742506.0
1544742506.09
1544742506.18
1544742506.27
1544742506.33
1544742506.41
1544742506.49
1544742506.57
1544742506.65
1544742506.74
1544742506.81
1544742506.88
1544742506.97
1544742507.07
1544742507.16
1544742507.24
1544742507.33
1544742507.38
1544742507.46
1544742507.58
1544742507.69
1544742507.79
1544742507.93
1544742508.01
1544742508.09
1544742508.17
1544742508.26
1544742508.34
1544742508.4
1544742508.47
1544742508.53
1544742508.62
1544742508.69
1544742508.78
1544742508.84
1544742508.9
1544742508.99
1544742509.07
1544742509.15
1544742509.22
1544742509.28
1544742509.35
1544742509.43
1544742509.52
1544742509.61
1544742509.69
1544742509.77
1544742509.85
1544742509.93
1544742510.01
1544742510.09
1544742510.18
1544742510.25
1544742510.33
1544742510.41
1544742510.48
1544742510.57
1544742510.65
1544742510.75
1544742510.84
1544742510.92
1544742511.0
1544742511.08
1544742511.16
1544742511.23
1544742511.32
1544742511.41
1544742511.49
1544742511.56
1544742511.64
1544742511.72
1544742511.81
1544742511.88
1544742511.96
1544742512.03
1544742512.11
1544742512.18
1544742512.25
1544742512.32
1544742512.42
1544742512.55
1544742512.66
1544742512.78
1544742512.88
1544742512.97
1544742513.06
1544742513.13
1544742513.2
1544742513.26
1544742513.33
1544742513.4
1544742513.46
1544742513.56
1544742513.67
1544742513.73
1544742513.8
1544742513.9
1544742514.0
1544742514.08
1544742514.17
1544742514.23
1544742514.31
1544742514.4
1544742514.48
1544742514.58
1544742514.65
1544742514.74
1544742514.81
1544742514.89
1544742514.97
1544742515.05
1544742515.11
1544742515.2
1544742515.27
1544742515.35
1544742515.44
1544742515.51
1544742515.6
1544742515.68
1544742515.76
1544742515.83
1544742515.9
1544742515.99
1544742516.1
1544742516.16
1544742516.26
1544742516.36
1544742516.47
1544742516.55
1544742516.62
1544742516.69
1544742516.76
1544742516.82
1544742516.89
1544742516.96
1544742517.02
1544742517.1
1544742517.18
1544742517.25
1544742517.33
1544742517.4
1544742517.47
1544742517.56
1544742517.64
1544742517.69
1544742517.77
1544742517.85
1544742517.93
1544742517.98
1544742518.06
1544742518.13
1544742518.21
1544742518.27
1544742518.33
1544742518.41
1544742518.48
1544742518.54
1544742518.61
1544742518.68
1544742518.74
1544742518.81
1544742518.87
1544742518.92
1544742518.98
1544742519.03
1544742519.1
1544742519.22
1544742519.35
1544742519.44
1544742519.51
1544742519.61
1544742519.71
1544742519.79
1544742519.9
1544742519.98
1544742520.08
1544742520.16
1544742520.29
1544742520.37
1544742520.45
1544742520.56
1544742520.64
1544742520.71
1544742520.78
1544742520.84
1544742520.91
1544742521.0
1544742521.07
1544742521.16
1544742521.23
1544742521.34
1544742521.41
1544742521.49
1544742521.58
1544742521.66
1544742521.74
1544742521.8
1544742521.9
1544742521.98
1544742522.07
1544742522.14
1544742522.21
1544742522.27
1544742522.34
1544742522.43
1544742522.5
1544742522.55
1544742522.63
1544742522.68
1544742522.74
1544742522.88
1544742523.05
1544742523.16
1544742523.24
1544742523.31
1544742523.39
1544742523.45
1544742523.51
1544742523.59
1544742523.66
1544742523.72
1544742523.79
1544742523.85
1544742523.92
1544742523.98
1544742524.05
1544742524.12
1544742524.2
1544742524.27
1544742524.33
1544742524.41
1544742524.48
1544742524.54
1544742524.59
1544742524.65
1544742524.71
1544742524.78
1544742524.87
1544742524.99
1544742525.09
1544742525.16
1544742525.21
1544742525.27
1544742525.3
1544742525.39
1544742525.48
1544742525.57
1544742525.64
1544742525.71
1544742525.79
1544742525.88
1544742525.95
1544742526.01
1544742526.07
1544742526.12
1544742526.18
1544742526.23
1544742526.29
1544742526.34
1544742526.39
1544742526.44
1544742526.49
1544742526.57
1544742526.65
1544742526.73
1544742526.85
1544742526.92
1544742527.0
1544742527.06
1544742527.23
1544742527.38
1544742527.47
1544742527.54
1544742527.6
1544742527.73
1544742527.8
1544742527.94
1544742528.02
1544742528.11
1544742528.18
1544742528.25
1544742528.31
1544742528.39
1544742528.46
1544742528.52
1544742528.6
1544742528.68
1544742528.75
1544742528.81
1544742528.88
1544742528.96
1544742529.01
1544742529.07
1544742529.14
1544742529.2
1544742529.3
1544742529.38
1544742529.46
1544742529.55
1544742529.62
1544742529.7
1544742529.76
1544742529.82
1544742529.89
1544742529.95
1544742530.01
1544742530.08
1544742530.18
1544742530.24
1544742530.31
1544742530.37
1544742530.44
1544742530.48
1544742530.57
1544742530.64
1544742530.71
1544742530.78
1544742530.83
1544742530.9
1544742530.97
1544742531.03
1544742531.1
1544742531.17
1544742531.23
1544742531.29
1544742531.36
1544742531.43
1544742531.5
1544742531.56
1544742531.63
1544742531.7
1544742531.75
1544742531.81
1544742531.9
1544742531.98
1544742532.06
1544742532.12
1544742532.19
1544742532.25
1544742532.3
1544742532.36
1544742532.43
1544742532.5
1544742532.57
1544742532.64
1544742532.71
1544742532.78
1544742532.86
1544742532.95
1544742533.03
1544742533.1
1544742533.15
1544742533.2
1544742533.26
1544742533.3
1544742533.4
1544742533.49
1544742533.57
1544742533.64
1544742533.7
1544742533.78
1544742533.82
1544742533.9
1544742533.94
1544742534.01
1544742534.06
1544742534.12
1544742534.18
1544742534.24
1544742534.29
1544742534.35
1544742534.41
1544742534.46
1544742534.52
1544742534.59
1544742534.65
1544742534.7
1544742534.75
1544742534.84
1544742534.92
1544742535.02
1544742535.1
1544742535.18
1544742535.26
1544742535.33
1544742535.4
1544742535.46
1544742535.53
1544742535.61
1544742535.66
1544742535.74
1544742535.85
1544742535.91
1544742536.02
1544742536.16
1544742536.29
1544742536.38
1544742536.47
1544742536.57
1544742536.67
1544742536.74
1544742536.84
1544742536.92
1544742536.98
1544742537.03
1544742537.11
1544742537.22
1544742537.32
1544742537.41
1544742537.5
1544742537.59
1544742537.68
1544742537.75
1544742537.85
1544742537.93
1544742538.03
1544742538.12
1544742538.19
1544742538.26
1544742538.32
1544742538.42
1544742538.52
1544742538.6
1544742538.66
1544742538.74
1544742538.8
1544742538.88
1544742538.96
1544742539.05
1544742539.14
1544742539.23
1544742539.33
1544742539.4
1544742539.48
1544742539.58
1544742539.67
1544742539.74
1544742539.81
1544742539.86
1544742539.92
1544742540.0
1544742540.07
1544742540.14
1544742540.2
1544742540.26
1544742540.33
1544742540.4
1544742540.53
1544742540.63
1544742540.76
1544742540.82
1544742540.92
1544742541.0
1544742541.09
1544742541.18
1544742541.31
1544742541.43
1544742541.51
1544742541.62
1544742541.71
1544742541.79
1544742541.9
1544742541.99
1544742542.06
1544742542.16
1544742542.23
1544742542.31
1544742542.4
1544742542.52
1544742542.61
1544742542.69
1544742542.75
1544742542.83
1544742542.91
1544742542.98
1544742543.04
1544742543.09
1544742543.15
1544742543.22
1544742543.38
1544742543.48
1544742543.56
1544742543.63
1544742543.71
1544742543.79
1544742543.86
1544742543.93
1544742544.01
1544742544.09
1544742544.18
1544742544.29
1544742544.42
1544742544.51
1544742544.58
1544742544.67
1544742544.8
1544742544.87
1544742544.95
1544742545.05
1544742545.12
1544742545.18
1544742545.25
1544742545.32
1544742545.39
1544742545.47
1544742545.6
1544742545.71
1544742545.78
1544742545.84
1544742545.92
1544742546.0
1544742546.07
1544742546.16
1544742546.22
1544742546.3
1544742546.37
1544742546.44
1544742546.52
1544742546.59
1544742546.64
1544742546.71
1544742546.75
1544742546.81
1544742546.91
1544742547.02
1544742547.14
1544742547.25
1544742547.38
1544742547.48
1544742547.55
1544742547.67
1544742547.78
1544742547.89
1544742548.0
1544742548.17
1544742548.26
1544742548.42
1544742548.49
1544742548.55
1544742548.62
1544742548.67
1544742548.74
1544742548.84
1544742548.95
1544742549.08
1544742549.23
1544742549.32
1544742549.43
1544742549.53
1544742549.61
1544742549.7
1544742549.79
1544742549.87
1544742549.98
1544742550.03
1544742550.1
1544742550.16
1544742550.27
1544742550.36
1544742550.45
1544742550.53
1544742550.63
1544742550.72
1544742550.81
1544742550.91
1544742550.96
1544742551.07
1544742551.25
1544742551.31
1544742551.42
1544742551.49
1544742551.57
1544742551.65
1544742551.73
1544742551.8
1544742551.87
1544742551.94
1544742552.03
1544742552.12
1544742552.24
1544742552.31
1544742552.39
1544742552.47
1544742552.56
1544742552.62
1544742552.7
1544742552.78
1544742552.85
1544742552.92
1544742553.02
1544742553.1
1544742553.21
1544742553.28
1544742553.4
1544742553.49
1544742553.58
1544742553.67
1544742553.75
1544742553.83
1544742553.9
1544742553.96
1544742554.04
1544742554.14
1544742554.21
1544742554.27
1544742554.34
1544742554.4
1544742554.48
1544742554.57
1544742554.68
1544742554.8
1544742554.84
1544742554.89
1544742555.0
1544742555.08
1544742555.15
1544742555.21
1544742555.29
1544742555.38
1544742555.49
1544742555.6
1544742555.68
1544742555.76
1544742555.82
1544742555.9
1544742555.98
1544742556.04
1544742556.11
1544742556.16
1544742556.23
1544742556.3
1544742556.37
1544742556.44
1544742556.5
1544742556.57
1544742556.63
1544742556.7
1544742556.76
1544742556.83
1544742556.91
1544742557.0
1544742557.07
1544742557.15
1544742557.23
1544742557.3
1544742557.38
1544742557.46
1544742557.52
1544742557.6
1544742557.67
1544742557.73
1544742557.81
1544742557.87
1544742557.93
1544742558.02
1544742558.08
1544742558.15
1544742558.2
1544742558.27
1544742558.32
1544742558.39
1544742558.47
1544742558.52
1544742558.59
1544742558.66
1544742558.74
1544742558.8
1544742558.87
1544742558.98
1544742559.09
1544742559.2
1544742559.3
1544742559.38
1544742559.51
1544742559.6
1544742559.7
1544742559.77
1544742559.83
1544742559.9
1544742559.98
1544742560.06
1544742560.19
1544742560.27
1544742560.35
1544742560.42
1544742560.51
1544742560.6
1544742560.68
1544742560.77
1544742560.85
1544742560.94
1544742561.01
1544742561.09
1544742561.16
1544742561.23
1544742561.3
1544742561.37
1544742561.42
1544742561.5
1544742561.56
1544742561.61
1544742561.68
1544742561.74
1544742561.81
1544742561.88
1544742561.95
1544742562.02
1544742562.1
1544742562.17
1544742562.25
1544742562.31
1544742562.4
1544742562.47
1544742562.54
1544742562.61
1544742562.69
1544742562.76
1544742562.85
1544742562.93
1544742563.05
1544742563.14
1544742563.23
1544742563.32
1544742563.41
1544742563.48
1544742563.55
1544742563.62
1544742563.69
1544742563.76
1544742563.83
1544742563.89
1544742563.94
1544742564.01
1544742564.09
1544742564.15
1544742564.21
1544742564.27
1544742564.34
1544742564.41
1544742564.49
1544742564.56
1544742564.63
1544742564.7
1544742564.76
1544742564.83
1544742564.95
1544742565.04
1544742565.16
1544742565.23
1544742565.32
1544742565.4
1544742565.48
1544742565.56
1544742565.64
1544742565.72
1544742565.79
1544742565.86
1544742565.93
1544742566.01
1544742566.1
1544742566.16
1544742566.24
1544742566.3
1544742566.36
1544742566.42
1544742566.5
1544742566.59
1544742566.65
1544742566.75
1544742566.83
1544742566.91
1544742567.01
1544742567.08
1544742567.16
1544742567.23
1544742567.32
1544742567.4
1544742567.48
1544742567.56
1544742567.65
1544742567.72
1544742567.79
1544742567.85
1544742567.91
1544742567.98
1544742568.06
1544742568.13
1544742568.21
1544742568.27
1544742568.35
1544742568.42
1544742568.53
1544742568.62
1544742568.67
1544742568.72
1544742568.78
1544742568.83
1544742568.9
1544742568.96
1544742569.03
1544742569.1
1544742569.18
1544742569.25
1544742569.31
1544742569.38
1544742569.45
1544742569.51
1544742569.57
1544742569.62
1544742569.7
1544742569.75
1544742569.81
1544742569.87
1544742569.93
1544742569.99
1544742570.04
1544742570.1
1544742570.17
1544742570.25
1544742570.31
1544742570.36
1544742570.43
1544742570.5
1544742570.62
1544742570.76
1544742570.83
1544742570.91
1544742570.98
1544742571.03
1544742571.09
1544742571.17
1544742571.24
1544742571.28
1544742571.35
1544742571.41
1544742571.49
1544742571.61
1544742571.76
1544742571.81
1544742571.9
1544742571.96
1544742572.04
1544742572.12
1544742572.19
1544742572.25
1544742572.37
1544742572.56
1544742572.63
1544742572.71
1544742572.78
1544742572.82
1544742572.91
1544742572.99
1544742573.06
1544742573.13
1544742573.2
1544742573.26
1544742573.34
1544742573.41
1544742573.47
1544742573.53
1544742573.61
1544742573.71
1544742573.8
1544742573.88
1544742573.95
1544742574.04
1544742574.12
1544742574.18
1544742574.26
1544742574.31
1544742574.39
1544742574.5
1544742574.57
1544742574.65
1544742574.77
1544742574.83
1544742574.9
1544742574.96
1544742575.02
1544742575.08
1544742575.15
1544742575.2
1544742575.26
1544742575.32
1544742575.38
1544742575.43
1544742575.52
1544742575.59
1544742575.7
1544742575.76
1544742575.84
1544742575.9
1544742575.96
1544742576.0
1544742576.15
1544742576.22
1544742576.3
1544742576.38
1544742576.46
1544742576.53
1544742576.6
1544742576.68
1544742576.75
1544742576.81
1544742576.89
1544742576.97
1544742577.02
1544742577.09
1544742577.15
1544742577.21
1544742577.33
1544742577.4
1544742577.54
1544742577.7
1544742577.81
1544742577.9
1544742577.97
1544742578.04
1544742578.12
1544742578.2
1544742578.29
1544742578.4
1544742578.5
1544742578.59
1544742578.67
1544742578.71
1544742578.81
1544742578.89
1544742578.95
1544742579.06
1544742579.12
1544742579.18
1544742579.26
1544742579.32
1544742579.39
1544742579.48
1544742579.53
1544742579.59
1544742579.64
1544742579.68
1544742579.76
1544742579.84
1544742579.93
1544742580.03
1544742580.1
1544742580.16
1544742580.23
1544742580.29
1544742580.35
1544742580.42
1544742580.48
1544742580.51
1544742580.6
1544742580.68
1544742580.73
1544742580.81
1544742580.88
1544742580.95
1544742581.01
1544742581.08
1544742581.16
1544742581.22
1544742581.27
1544742581.33
1544742581.42
1544742581.5
1544742581.57
1544742581.63
1544742581.68
1544742581.75
1544742581.81
1544742581.88
1544742581.97
1544742582.04
1544742582.1
1544742582.16
1544742582.23
1544742582.29
1544742582.36
1544742582.42
1544742582.48
1544742582.55
1544742582.61
1544742582.71
1544742582.81
1544742582.91
1544742583.01
1544742583.08
1544742583.15
1544742583.2
1544742583.31
1544742583.41
1544742583.5
1544742583.61
1544742583.71
1544742583.82
1544742583.9
1544742583.99
1544742584.07
1544742584.16
1544742584.24
1544742584.34
1544742584.4
1544742584.44
1544742584.5
1544742584.56
1544742584.63
1544742584.72
1544742584.79
1544742584.87
1544742584.95
1544742585.0
1544742585.06
1544742585.13
1544742585.2
1544742585.26
1544742585.35
1544742585.41
1544742585.49
1544742585.56
1544742585.61
1544742585.67
1544742585.73
1544742585.77
1544742585.84
1544742585.93
1544742585.99
1544742586.07
1544742586.14
1544742586.23
1544742586.3
1544742586.36
1544742586.4
1544742586.51
1544742586.56
1544742586.61
1544742586.7
1544742586.79
1544742586.88
1544742586.96
1544742587.04
1544742587.09
1544742587.23
1544742587.31
1544742587.39
1544742587.48
1544742587.55
1544742587.62
1544742587.7
1544742587.77
1544742587.86
1544742587.93
1544742588.02
1544742588.07
1544742588.2
1544742588.28
1544742588.37
1544742588.46
1544742588.53
1544742588.61
1544742588.71
1544742588.8
1544742588.92
1544742588.99
1544742589.07
1544742589.14
1544742589.21
1544742589.29
1544742589.39
1544742589.49
1544742589.56
1544742589.62
1544742589.7
1544742589.79
1544742589.88
1544742589.97
1544742590.05
1544742590.14
1544742590.2
1544742590.32
1544742590.41
1544742590.5
1544742590.56
1544742590.62
1544742590.72
1544742590.78
1544742590.83
1544742590.88
1544742590.93
1544742591.02
1544742591.08
1544742591.15
1544742591.23
1544742591.31
1544742591.38
1544742591.44
1544742591.51
1544742591.58
1544742591.66
1544742591.74
1544742591.8
1544742591.86
1544742591.92
1544742591.98
1544742592.04
1544742592.12
1544742592.17
1544742592.21
1544742592.3
1544742592.38
1544742592.47
1544742592.55
1544742592.64
1544742592.74
1544742592.8
1544742592.87
1544742592.96
1544742593.04
1544742593.13
1544742593.21
1544742593.31
1544742593.38
1544742593.46
1544742593.54
1544742593.61
1544742593.68
1544742593.75
1544742593.83
1544742593.9
1544742593.97
1544742594.03
1544742594.08
1544742594.12
1544742594.22
1544742594.3
1544742594.39
1544742594.47
1544742594.56
1544742594.64
1544742594.71
1544742594.78
1544742594.86
1544742594.91
1544742594.98
1544742595.06
1544742595.13
1544742595.19
1544742595.26
1544742595.34
1544742595.42
1544742595.5
1544742595.58
1544742595.64
1544742595.73
1544742595.8
1544742595.86
1544742595.93
1544742595.99
1544742596.05
1544742596.14
1544742596.21
1544742596.29
1544742596.35
1544742596.49
1544742596.54
1544742596.57
1544742596.61
1544742596.67
1544742596.73
1544742596.79
1544742596.85
1544742596.92
1544742597.0
1544742597.07
1544742597.18
1544742597.26
1544742597.35
1544742597.4
1544742597.46
1544742597.52
1544742597.6
1544742597.66
1544742597.71
1544742597.79
1544742597.86
1544742597.92
1544742597.98
1544742598.03
1544742598.13
1544742598.21
1544742598.29
1544742598.35
1544742598.47
1544742598.58
1544742598.66
1544742598.76
1544742598.85
1544742598.92
1544742598.99
1544742599.12
1544742599.22
1544742599.3
1544742599.37
1544742599.43
1544742599.5
1544742599.57
1544742599.63
1544742599.69
1544742599.76
1544742599.82
1544742599.87
1544742599.99
1544742600.08
1544742600.15
1544742600.22
1544742600.29
1544742600.36
1544742600.43
1544742600.49
1544742600.57
1544742600.63
1544742600.7
1544742600.75
1544742600.82
1544742600.89
1544742600.95
1544742601.05
1544742601.13
1544742601.21
1544742601.3
1544742601.37
1544742601.49
1544742601.6
1544742601.68
1544742601.77
1544742601.85
1544742601.93
1544742602.01
1544742602.1
1544742602.16
1544742602.26
1544742602.36
1544742602.44
1544742602.51
1544742602.58
1544742602.68
1544742602.75
1544742602.83
1544742602.93
1544742603.01
1544742603.1
1544742603.18
1544742603.25
1544742603.34
1544742603.41
1544742603.46
1544742603.53
1544742603.61
1544742603.68
1544742603.73
1544742603.8
1544742603.87
1544742603.94
1544742604.05
1544742604.13
1544742604.21
1544742604.28
1544742604.35
1544742604.41
1544742604.49
1544742604.57
1544742604.62
1544742604.71
1544742604.79
1544742604.86
1544742604.94
1544742605.01
1544742605.1
1544742605.18
1544742605.25
1544742605.32
1544742605.4
1544742605.5
1544742605.55
1544742605.62
1544742605.68
1544742605.74
1544742605.79
1544742605.88
1544742605.96
1544742606.02
1544742606.1
1544742606.17
1544742606.25
1544742606.33
1544742606.42
1544742606.49
1544742606.6
1544742606.71
1544742606.78
1544742606.85
1544742606.96
1544742607.05
1544742607.16
1544742607.22
1544742607.3
1544742607.36
1544742607.41
1544742607.48
1544742607.57
1544742607.63
1544742607.73
1544742607.85
1544742607.92
1544742607.98
1544742608.01
1544742608.12
1544742608.19
1544742608.25
1544742608.37
1544742608.42
1544742608.49
1544742608.56
1544742608.61
1544742608.72
1544742608.88
1544742608.98
1544742609.05
1544742609.13
1544742609.2
1544742609.31
1544742609.39
1544742609.5
1544742609.59
1544742609.72
1544742609.82
1544742609.92
1544742610.01
1544742610.08
1544742610.2
1544742610.28
1544742610.36
1544742610.45
1544742610.58
1544742610.67
1544742610.73
1544742610.81
1544742610.87
1544742610.94
1544742611.0
1544742611.06
1544742611.13
1544742611.2
1544742611.26
1544742611.32
1544742611.39
1544742611.46
1544742611.53
1544742611.61
1544742611.67
1544742611.76
1544742611.83
1544742611.91
1544742611.99
1544742612.07
1544742612.15
1544742612.23
1544742612.3
1544742612.36
1544742612.42
1544742612.49
1544742612.55
1544742612.63
1544742612.72
1544742612.8
1544742612.88
1544742612.97
1544742613.06
1544742613.13
1544742613.2
1544742613.3
1544742613.35
1544742613.45
1544742613.5
1544742613.6
1544742613.67
1544742613.79
1544742613.89
1544742613.98
1544742614.04
1544742614.1
1544742614.17
1544742614.23
1544742614.27
1544742614.32
1544742614.4
1544742614.48
1544742614.53
1544742614.63
1544742614.73
1544742614.82
1544742614.91
1544742614.99
1544742615.07
1544742615.13
1544742615.21
1544742615.26
1544742615.32
1544742615.44
1544742615.52
1544742615.58
1544742615.65
1544742615.71
1544742615.78
1544742615.83
1544742615.9
1544742615.94
1544742616.0
1544742616.05
1544742616.13
1544742616.22
1544742616.29
1544742616.35
1544742616.42
1544742616.49
1544742616.58
1544742616.67
1544742616.73
1544742616.8
1544742616.87
1544742616.93
1544742616.99
1544742617.04
1544742617.09
1544742617.13
1544742617.23
1544742617.3
1544742617.36
1544742617.42
1544742617.52
1544742617.6
1544742617.74
1544742617.85
1544742617.89
1544742617.97
1544742618.03
1544742618.09
1544742618.17
1544742618.27
1544742618.37
1544742618.47
1544742618.55
1544742618.68
1544742618.75
1544742618.85
1544742618.9
1544742619.0
1544742619.06
1544742619.12
1544742619.24
1544742619.33
1544742619.42
1544742619.49
1544742619.55
1544742619.64
1544742619.7
1544742619.79
1544742619.88
1544742619.95
1544742620.05
1544742620.15
1544742620.25
1544742620.35
1544742620.44
1544742620.53
1544742620.6
1544742620.69
1544742620.78
1544742620.87
1544742620.95
1544742621.03
1544742621.1
1544742621.17
1544742621.24
1544742621.31
1544742621.38
1544742621.44
1544742621.51
1544742621.57
1544742621.64
1544742621.69
1544742621.76
1544742621.81
1544742621.89
1544742621.95
1544742622.0
1544742622.06
1544742622.11
1544742622.17
1544742622.22
1544742622.27
1544742622.32
1544742622.38
1544742622.42
1544742622.48
1544742622.54
1544742622.59
1544742622.64
1544742622.7
1544742622.75
1544742622.81
1544742622.86
1544742622.9
1544742622.95
1544742623.0
1544742623.04
1544742623.1
1544742623.18
1544742623.24
1544742623.3
1544742623.38
1544742623.44
1544742623.5
1544742623.56
1544742623.61
1544742623.69
1544742623.77
1544742623.82
1544742623.88
1544742623.94
1544742624.01
1544742624.09
1544742624.17
1544742624.24
1544742624.33
1544742624.43
1544742624.5
1544742624.58
1544742624.64
1544742624.71
1544742624.8
1544742624.87
1544742624.94
1544742625.01
1544742625.07
1544742625.17
1544742625.25
1544742625.32
1544742625.39
1544742625.45
1544742625.5
1544742625.58
1544742625.66
1544742625.72
1544742625.79
1544742625.86
1544742625.91
1544742625.98
1544742626.06
1544742626.12
1544742626.18
1544742626.28
1544742626.37
1544742626.45
1544742626.53
1544742626.6
1544742626.68
1544742626.77
1544742626.85
1544742626.91
1544742626.98
1544742627.06
1544742627.12
1544742627.18
1544742627.25
1544742627.31
1544742627.36
1544742627.45
1544742627.56
1544742627.65
1544742627.74
1544742627.85
1544742627.97
1544742628.06
1544742628.15
1544742628.21
1544742628.28
1544742628.39
1544742628.45
1544742628.53
1544742628.63
1544742628.75
1544742628.83
1544742628.93
1544742629.01
1544742629.08
1544742629.2
1544742629.29
1544742629.37
1544742629.43
1544742629.52
1544742629.59
1544742629.68
1544742629.77
1544742629.87
1544742629.96
1544742630.02
1544742630.1
1544742630.18
1544742630.28
1544742630.37
1544742630.46
1544742630.54
1544742630.62
1544742630.69
1544742630.75
1544742630.82
1544742630.89
1544742630.95
1544742631.02
1544742631.09
1544742631.15
1544742631.19
1544742631.26
1544742631.32
1544742631.41
1544742631.51
1544742631.62
1544742631.72
1544742631.82
1544742631.9
1544742631.96
1544742632.02
1544742632.1
1544742632.15
1544742632.21
1544742632.32
1544742632.46
1544742632.61
1544742632.69
1544742632.86
1544742632.94
1544742633.01
1544742633.1
1544742633.16
1544742633.25
1544742633.31
1544742633.35
1544742633.43
1544742633.5
1544742633.56
1544742633.62
1544742633.69
1544742633.76
1544742633.84
1544742633.93
1544742633.99
1544742634.07
1544742634.18
1544742634.29
1544742634.38
1544742634.47
1544742634.55
1544742634.63
1544742634.7
1544742634.77
1544742634.87
1544742634.92
1544742634.98
1544742635.05
1544742635.11
1544742635.15
1544742635.22
1544742635.28
1544742635.33
1544742635.45
1544742635.57
1544742635.66
1544742635.73
1544742635.86
1544742635.93
1544742636.01
1544742636.09
1544742636.15
1544742636.22
1544742636.3
1544742636.37
1544742636.45
1544742636.53
1544742636.6
1544742636.67
1544742636.76
1544742636.86
1544742636.94
1544742637.02
1544742637.09
1544742637.16
1544742637.22
1544742637.31
1544742637.36
1544742637.45
1544742637.55
1544742637.6
1544742637.68
1544742637.76
1544742637.83
1544742637.92
1544742637.99
1544742638.04
1544742638.11
1544742638.21
1544742638.27
1544742638.35
1544742638.46
1544742638.55
1544742638.67
1544742638.76
1544742638.86
1544742638.95
1544742639.06
1544742639.18
1544742639.27
1544742639.36
1544742639.46
1544742639.55
1544742639.66
1544742639.76
1544742639.86
1544742639.96
1544742640.06
1544742640.13
1544742640.21
1544742640.28
1544742640.35
1544742640.42
1544742640.53
1544742640.63
1544742640.68
1544742640.75
1544742640.81
1544742640.88
1544742640.94
1544742641.01
1544742641.08
1544742641.15
1544742641.25
1544742641.3
1544742641.39
1544742641.47
1544742641.56
1544742641.62
1544742641.71
1544742641.8
1544742641.88
1544742641.95
1544742642.01
1544742642.1
1544742642.16
1544742642.24
1544742642.31
1544742642.42
1544742642.49
1544742642.6
1544742642.68
1544742642.76
1544742642.84
1544742642.97
1544742643.06
1544742643.15
1544742643.23
1544742643.32
1544742643.42
1544742643.49
1544742643.58
1544742643.66
1544742643.74
1544742643.81
1544742643.88
1544742643.94
1544742644.0
1544742644.07
1544742644.12
1544742644.2
1544742644.28
1544742644.34
1544742644.4
1544742644.51
1544742644.61
1544742644.68
1544742644.74
1544742644.81
1544742644.88
1544742644.93
1544742644.97
1544742645.02
1544742645.1
1544742645.19
1544742645.28
1544742645.36
1544742645.45
1544742645.55
1544742645.63
1544742645.72
1544742645.79
1544742645.86
1544742645.94
1544742646.0
1544742646.05
1544742646.09
1544742646.16
1544742646.22
1544742646.28
1544742646.36
1544742646.43
1544742646.51
1544742646.59
1544742646.68
1544742646.72
1544742646.81
1544742646.9
1544742646.97
1544742647.05
1544742647.2
1544742647.35
1544742647.43
1544742647.53
1544742647.62
1544742647.7
1544742647.79
1544742647.88
1544742647.96
1544742648.04
1544742648.12
1544742648.2
1544742648.29
1544742648.37
1544742648.46
1544742648.53
1544742648.63
1544742648.71
1544742648.8
1544742648.88
1544742648.98
1544742649.08
1544742649.16
1544742649.23
1544742649.33
1544742649.41
1544742649.5
1544742649.58
1544742649.66
1544742649.72
1544742649.81
1544742649.91
1544742650.0
1544742650.12
1544742650.21
1544742650.29
1544742650.37
1544742650.46
1544742650.56
1544742650.65
1544742650.72
1544742650.81
1544742650.9
1544742651.0
1544742651.08
1544742651.18
1544742651.26
1544742651.36
1544742651.42
1544742651.48
1544742651.55
1544742651.66
1544742651.75
1544742651.81
1544742651.94
1544742652.01
1544742652.14
1544742652.3
1544742652.38
1544742652.45
1544742652.52
1544742652.57
1544742652.61
1544742652.66
1544742652.75
1544742652.8
1544742652.92
1544742653.01
1544742653.12
1544742653.2
1544742653.27
1544742653.34
1544742653.41
1544742653.49
1544742653.56
1544742653.62
1544742653.66
1544742653.71
1544742653.78
1544742653.85
1544742653.94
1544742654.01
1544742654.07
1544742654.16
1544742654.24
1544742654.3
1544742654.35
1544742654.4
1544742654.46
1544742654.51
1544742654.57
1544742654.63
1544742654.69
1544742654.74
1544742654.8
1544742654.86
1544742654.92
1544742654.97
1544742655.01
1544742655.08
1544742655.17
1544742655.24
1544742655.33
1544742655.42
1544742655.52
1544742655.62
1544742655.74
1544742655.83
1544742655.94
1544742656.06
1544742656.14
1544742656.21
1544742656.29
1544742656.34
1544742656.42
1544742656.5
1544742656.59
1544742656.67
1544742656.74
1544742656.81
1544742656.87
1544742656.99
1544742657.07
1544742657.15
1544742657.28
1544742657.37
1544742657.5
1544742657.62
1544742657.66
1544742657.72
1544742657.83
1544742657.88
1544742657.94
1544742658.04
1544742658.15
1544742658.23
1544742658.3
1544742658.36
1544742658.43
1544742658.5
1544742658.56
1544742658.62
1544742658.68
1544742658.72
1544742658.8
1544742658.85
1544742658.91
1544742658.95
1544742659.02
1544742659.07
1544742659.14
1544742659.28
1544742659.36
1544742659.44
1544742659.52
1544742659.59
1544742659.67
1544742659.75
1544742659.84
1544742659.91
1544742660.04
1544742660.17
1544742660.26
1544742660.36
1544742660.44
1544742660.54
1544742660.7
1544742660.8
1544742660.89
1544742660.97
1544742661.09
1544742661.18
1544742661.25
1544742661.31
1544742661.39
1544742661.46
1544742661.52
1544742661.58
1544742661.66
1544742661.73
1544742661.8
1544742661.87
1544742661.93
1544742662.0
1544742662.07
1544742662.13
1544742662.2
1544742662.27
1544742662.34
1544742662.4
1544742662.47
1544742662.53
1544742662.61
1544742662.69
1544742662.75
1544742662.81
1544742662.86
1544742662.9
1544742662.97
1544742663.04
1544742663.1
1544742663.17
1544742663.23
1544742663.29
1544742663.36
1544742663.42
1544742663.5
1544742663.58
1544742663.65
1544742663.69
1544742663.78
1544742663.9
1544742663.98
1544742664.09
1544742664.18
1544742664.28
1544742664.36
1544742664.45
1544742664.55
1544742664.63
1544742664.7
1544742664.77
1544742664.85
1544742664.91
1544742664.99
1544742665.06
1544742665.12
1544742665.19
1544742665.27
1544742665.34
1544742665.41
1544742665.49
1544742665.56
1544742665.61
1544742665.68
1544742665.76
1544742665.81
1544742665.88
1544742665.98
1544742666.07
1544742666.16
1544742666.26
1544742666.35
1544742666.45
1544742666.54
1544742666.59
1544742666.66
1544742666.72
1544742666.79
1544742666.86
1544742666.91
1544742666.98
1544742667.04
1544742667.11
1544742667.18
1544742667.27
1544742667.35
1544742667.41
1544742667.51
1544742667.61
1544742667.69
1544742667.79
1544742667.9
1544742667.98
1544742668.05
1544742668.13
1544742668.21
1544742668.27
1544742668.32
1544742668.4
1544742668.46
1544742668.51
1544742668.61
1544742668.69
1544742668.81
1544742668.9
1544742669.02
1544742669.08
1544742669.21
1544742669.29
1544742669.35
1544742669.44
1544742669.52
1544742669.65
1544742669.72
1544742669.79
1544742669.88
1544742669.95
1544742670.02
1544742670.08
1544742670.16
1544742670.23
1544742670.29
1544742670.35
1544742670.41
1544742670.53
1544742670.62
1544742670.7
1544742670.78
1544742670.85
1544742670.91
1544742670.98
1544742671.06
1544742671.13
1544742671.21
1544742671.29
1544742671.38
1544742671.45
1544742671.53
1544742671.61
1544742671.68
1544742671.75
1544742671.82
1544742671.9
1544742671.97
1544742672.04
1544742672.11
1544742672.18
1544742672.25
1544742672.32
1544742672.4
1544742672.47
1544742672.57
1544742672.67
1544742672.77
1544742672.88
1544742672.97
1544742673.12
1544742673.26
1544742673.32
1544742673.41
1544742673.52
1544742673.61
1544742673.71
1544742673.79
1544742673.88
1544742673.96
1544742674.05
1544742674.14
1544742674.2
1544742674.28
1544742674.35
1544742674.43
1544742674.51
1544742674.58
1544742674.68
1544742674.75
1544742674.83
1544742674.95
1544742675.08
1544742675.14
1544742675.22
1544742675.28
1544742675.31
1544742675.36
1544742675.43
1544742675.52
1544742675.6
1544742675.66
1544742675.72
1544742675.79
1544742675.86
1544742675.93
1544742676.0
1544742676.06
1544742676.1
1544742676.21
1544742676.27
1544742676.36
1544742676.41
1544742676.51
1544742676.6
1544742676.71
1544742676.81
1544742676.88
1544742676.99
1544742677.09
1544742677.16
1544742677.26
1544742677.37
1544742677.5
1544742677.58
1544742677.7
1544742677.77
1544742677.84
1544742677.9
1544742677.96
1544742678.04
1544742678.11
1544742678.17
1544742678.26
1544742678.32
1544742678.37
1544742678.41
1544742678.47
1544742678.52
1544742678.6
1544742678.67
1544742678.77
1544742678.84
1544742679.0
1544742679.07
1544742679.15
1544742679.21
1544742679.28
1544742679.34
1544742679.39
1544742679.46
1544742679.52
1544742679.59
1544742679.65
1544742679.71
1544742679.78
1544742679.82
1544742679.89
1544742679.96
1544742680.01
1544742680.07
1544742680.14
1544742680.21
1544742680.26
1544742680.34
1544742680.41
1544742680.49
1544742680.55
1544742680.6
1544742680.67
1544742680.73
1544742680.81
1544742680.88
1544742680.95
1544742681.01
1544742681.07
1544742681.14
1544742681.2
1544742681.32
1544742681.48
1544742681.55
1544742681.62
1544742681.74
1544742681.81
1544742681.87
1544742681.94
1544742682.0
1544742682.08
1544742682.17
1544742682.23
1544742682.33
1544742682.41
1544742682.49
1544742682.56
1544742682.61
1544742682.67
1544742682.72
1544742682.8
1544742682.86
1544742682.93
1544742682.97
1544742683.1
1544742683.21
1544742683.31
1544742683.39
1544742683.5
1544742683.59
1544742683.68
1544742683.76
1544742683.84
1544742683.91
1544742684.0
1544742684.13
1544742684.23
1544742684.32
1544742684.4
1544742684.48
1544742684.55
1544742684.61
1544742684.66
1544742684.76
1544742684.85
1544742684.94
1544742684.99
1544742685.06
1544742685.12
1544742685.22
1544742685.33
1544742685.41
1544742685.46
1544742685.55
1544742685.63
1544742685.78
1544742685.87
1544742685.94
1544742686.01
1544742686.09
1544742686.15
1544742686.22
1544742686.34
1544742686.42
1544742686.5
1544742686.57
1544742686.64
1544742686.7
1544742686.81
1544742686.88
1544742686.96
1544742687.02
1544742687.07
1544742687.13
1544742687.19
1544742687.24
1544742687.3
1544742687.37
1544742687.43
1544742687.5
1544742687.56
1544742687.61
1544742687.67
1544742687.72
1544742687.79
1544742687.85
1544742687.91
1544742687.96
1544742688.02
1544742688.07
1544742688.13
1544742688.22
1544742688.3
1544742688.34
1544742688.37
1544742688.44
1544742688.5
1544742688.57
1544742688.62
1544742688.68
1544742688.73
1544742688.8
1544742688.86
1544742688.92
1544742689.0
1544742689.09
1544742689.21
1544742689.3
1544742689.38
1544742689.47
1544742689.54
1544742689.6
1544742689.67
1544742689.73
1544742689.8
1544742689.91
1544742690.0
1544742690.12
1544742690.28
1544742690.37
1544742690.44
1544742690.5
1544742690.57
1544742690.63
1544742690.71
1544742690.78
1544742690.83
1544742690.89
1544742690.96
1544742691.02
1544742691.1
1544742691.2
1544742691.27
1544742691.34
1544742691.44
1544742691.51
1544742691.61
1544742691.69
1544742691.78
1544742691.89
1544742691.95
1544742692.02
1544742692.1
1544742692.17
1544742692.22
1544742692.29
1544742692.36
1544742692.42
1544742692.49
1544742692.56
1544742692.63
1544742692.71
1544742692.78
1544742692.85
1544742692.93
1544742693.0
1544742693.07
1544742693.16
1544742693.25
1544742693.33
1544742693.42
1544742693.5
1544742693.58
1544742693.68
1544742693.76
1544742693.83
1544742693.9
1544742694.0
1544742694.09
1544742694.17
1544742694.28
1544742694.32
1544742694.38
1544742694.46
1544742694.51
1544742694.59
1544742694.66
1544742694.75
1544742694.84
1544742694.92
1544742695.03
1544742695.11
1544742695.19
1544742695.27
1544742695.34
1544742695.4
1544742695.48
1544742695.57
1544742695.63
1544742695.74
1544742695.81
1544742695.89
1544742696.0
1544742696.07
1544742696.15
1544742696.19
1544742696.27
1544742696.34
1544742696.41
1544742696.48
1544742696.55
1544742696.62
1544742696.71
1544742696.8
1544742696.88
1544742696.96
1544742697.04
1544742697.1
1544742697.18
1544742697.26
1544742697.34
1544742697.42
1544742697.51
1544742697.59
1544742697.65
1544742697.71
1544742697.77
1544742697.81
1544742697.88
1544742697.94
1544742698.02
1544742698.1
1544742698.17
1544742698.24
1544742698.31
1544742698.39
1544742698.44
1544742698.55
1544742698.67
1544742698.76
1544742698.9
1544742698.98
1544742699.05
1544742699.12
1544742699.2
1544742699.28
1544742699.36
1544742699.43
1544742699.51
1544742699.59
1544742699.66
1544742699.72
1544742699.8
1544742699.86
1544742699.94
1544742700.0
1544742700.09
1544742700.17
1544742700.24
1544742700.31
1544742700.38
1544742700.47
1544742700.59
1544742700.66
1544742700.77
1544742700.86
1544742700.93
1544742701.01
1544742701.09
1544742701.17
1544742701.25
1544742701.33
1544742701.4
1544742701.47
1544742701.55
1544742701.63
1544742701.71
1544742701.79
1544742701.86
1544742701.96
1544742702.07
1544742702.16
1544742702.23
1544742702.31
1544742702.4
1544742702.49
1544742702.57
1544742702.66
1544742702.75
1544742702.8
1544742702.88
1544742702.95
1544742703.03
1544742703.11
1544742703.18
1544742703.26
1544742703.33
1544742703.41
1544742703.51
1544742703.63
1544742703.75
1544742703.82
1544742703.94
1544742704.01
1544742704.16
1544742704.25
1544742704.32
1544742704.41
1544742704.5
1544742704.59
1544742704.67
1544742704.77
1544742704.86
1544742704.92
1544742704.98
1544742705.06
1544742705.12
1544742705.19
1544742705.25
1544742705.31
1544742705.38
1544742705.44
1544742705.5
1544742705.57
1544742705.63
1544742705.71
1544742705.82
1544742705.9
1544742706.0
1544742706.09
1544742706.17
1544742706.25
1544742706.36
1544742706.44
1544742706.51
1544742706.58
1544742706.65
1544742706.71
1544742706.79
1544742706.88
1544742706.94
1544742707.01
1544742707.11
1544742707.18
1544742707.23
1544742707.31
1544742707.37
1544742707.42
1544742707.52
1544742707.58
1544742707.64
1544742707.72
1544742707.8
1544742707.86
1544742707.96
1544742708.04
1544742708.12
1544742708.19
1544742708.26
1544742708.32
1544742708.4
1544742708.46
1544742708.54
1544742708.62
1544742708.73
1544742708.81
1544742708.89
1544742708.96
1544742709.03
1544742709.09
1544742709.15
1544742709.21
1544742709.28
1544742709.33
1544742709.39
1544742709.45
1544742709.5
1544742709.55
1544742709.61
1544742709.67
1544742709.75
1544742709.81
1544742709.87
1544742709.93
1544742709.99
1544742710.04
1544742710.08
1544742710.18
1544742710.26
1544742710.36
1544742710.47
1544742710.57
1544742710.62
1544742710.69
1544742710.76
1544742710.82
1544742710.88
1544742710.97
1544742711.06
1544742711.14
1544742711.22
1544742711.31
1544742711.41
1544742711.48
1544742711.61
1544742711.75
1544742711.86
1544742711.95
1544742712.05
1544742712.12
1544742712.2
1544742712.27
1544742712.36
1544742712.45
1544742712.52
1544742712.6
1544742712.68
1544742712.76
1544742712.83
1544742712.9
1544742712.98
1544742713.06
1544742713.13
1544742713.21
1544742713.29
1544742713.36
1544742713.44
1544742713.51
1544742713.59
1544742713.67
1544742713.74
1544742713.82
1544742713.9
1544742713.97
1544742714.05
1544742714.13
1544742714.2
1544742714.28
1544742714.38
1544742714.49
1544742714.57
1544742714.65
1544742714.77
1544742714.87
1544742715.04
1544742715.15
1544742715.24
1544742715.37
1544742715.46
1544742715.57
1544742715.65
1544742715.73
1544742715.8
1544742715.88
1544742715.97
1544742716.05
1544742716.12
1544742716.19
1544742716.27
1544742716.35
1544742716.42
1544742716.49
1544742716.58
1544742716.68
1544742716.77
1544742716.85
1544742716.95
1544742717.02
1544742717.1
1544742717.17
1544742717.25
1544742717.3
1544742717.37
1544742717.45
1544742717.52
1544742717.59
1544742717.68
1544742717.76
1544742717.85
1544742717.91
1544742718.01
1544742718.09
1544742718.2
1544742718.29
1544742718.39
1544742718.48
1544742718.56
1544742718.72
1544742718.82
1544742718.98
1544742719.07
1544742719.16
1544742719.25
1544742719.33
1544742719.45
1544742719.56
1544742719.64
1544742719.74
1544742719.83
1544742719.91
1544742719.98
1544742720.03
1544742720.08
1544742720.18
1544742720.27
1544742720.38
1544742720.53
1544742720.66
1544742720.8
1544742720.89
1544742720.99
1544742721.1
1544742721.26
1544742721.4
1544742721.49
1544742721.56
1544742721.66
1544742721.74
1544742721.82
1544742721.9
1544742721.98
1544742722.08
1544742722.13
1544742722.19
1544742722.28
1544742722.37
1544742722.44
1544742722.51
1544742722.59
1544742722.65
1544742722.71
1544742722.85
1544742722.91
1544742722.99
1544742723.09
1544742723.18
1544742723.26
1544742723.34
1544742723.41
1544742723.47
1544742723.54
1544742723.58
1544742723.67
1544742723.73
1544742723.78
1544742723.89
1544742723.97
1544742724.06
1544742724.15
1544742724.23
1544742724.31
1544742724.38
1544742724.46
1544742724.53
1544742724.6
1544742724.67
1544742724.74
1544742724.81
1544742724.93
1544742725.03
1544742725.11
1544742725.2
1544742725.28
1544742725.36
1544742725.44
1544742725.51
1544742725.58
1544742725.67
1544742725.73
1544742725.8
1544742725.87
1544742725.94
1544742726.02
1544742726.1
1544742726.16
1544742726.24
1544742726.32
1544742726.39
1544742726.46
1544742726.54
1544742726.62
1544742726.71
1544742726.8
1544742726.89
1544742726.94
1544742727.03
1544742727.12
1544742727.19
1544742727.27
1544742727.36
1544742727.47
1544742727.57
1544742727.63
1544742727.74
1544742727.82
1544742727.91
1544742728.02
1544742728.09
1544742728.18
1544742728.25
1544742728.3
1544742728.41
1544742728.56
1544742728.65
1544742728.73
1544742728.79
1544742728.88
1544742728.95
1544742729.02
1544742729.09
1544742729.16
1544742729.21
1544742729.25
1544742729.29
1544742729.32
1544742729.43
1544742729.48
1544742729.55
1544742729.66
1544742729.75
1544742729.85
1544742729.94
1544742730.03
1544742730.09
1544742730.16
1544742730.22
1544742730.31
1544742730.38
1544742730.49
1544742730.6
1544742730.68
1544742730.74
1544742730.83
1544742730.95
1544742731.05
1544742731.1
1544742731.18
1544742731.26
1544742731.31
1544742731.39
1544742731.48
1544742731.55
1544742731.61
1544742731.68
1544742731.74
1544742731.8
1544742731.87
1544742731.93
1544742732.0
1544742732.05
1544742732.1
1544742732.19
1544742732.25
1544742732.32
1544742732.44
1544742732.53
1544742732.61
1544742732.7
1544742732.81
1544742732.88
1544742732.95
1544742733.01
1544742733.12
1544742733.21
1544742733.26
1544742733.31
1544742733.36
1544742733.41
1544742733.45
1544742733.48
1544742733.53
1544742733.6
1544742733.68
1544742733.78
1544742733.86
1544742733.94
1544742734.03
1544742734.12
1544742734.24
1544742734.31
1544742734.43
1544742734.49
1544742734.59
1544742734.67
1544742734.73
1544742734.8
1544742734.85
1544742734.93
1544742735.02
1544742735.12
1544742735.21
1544742735.27
1544742735.35
1544742735.42
1544742735.49
1544742735.56
1544742735.63
1544742735.69
1544742735.77
1544742735.85
1544742735.92
1544742736.01
1544742736.09
1544742736.16
1544742736.23
1544742736.31
1544742736.39
1544742736.47
1544742736.54
1544742736.61
1544742736.69
1544742736.77
1544742736.84
1544742736.9
1544742736.99
1544742737.1
1544742737.16
1544742737.21
1544742737.27
1544742737.37
1544742737.44
1544742737.51
1544742737.56
1544742737.67
1544742737.75
1544742737.84
1544742737.92
1544742738.05
1544742738.15
1544742738.23
1544742738.34
1544742738.45
1544742738.53
1544742738.65
1544742738.73
1544742738.8
1544742738.88
1544742738.95
1544742739.08
1544742739.16
1544742739.23
1544742739.35
1544742739.45
1544742739.53
1544742739.63
1544742739.7
1544742739.8
1544742739.88
1544742739.95
1544742740.03
1544742740.11
1544742740.2
1544742740.27
1544742740.33
1544742740.42
1544742740.49
1544742740.55
1544742740.63
1544742740.7
1544742740.77
1544742740.86
1544742740.95
1544742741.04
1544742741.14
1544742741.23
1544742741.3
1544742741.37
1544742741.47
1544742741.57
1544742741.63
1544742741.67
1544742741.77
1544742741.85
1544742741.93
1544742742.02
1544742742.1
1544742742.16
1544742742.22
1544742742.26
1544742742.33
1544742742.41
1544742742.45
1544742742.49
1544742742.59
1544742742.64
1544742742.72
1544742742.8
1544742742.88
1544742742.98
1544742743.06
1544742743.12
1544742743.22
1544742743.31
1544742743.38
1544742743.43
1544742743.51
1544742743.6
1544742743.68
1544742743.78
1544742743.86
1544742743.92
1544742744.04
1544742744.09
1544742744.18
1544742744.27
1544742744.33
1544742744.44
1544742744.51
1544742744.64
1544742744.69
1544742744.78
1544742744.88
1544742744.98
1544742745.07
1544742745.14
1544742745.19
1544742745.31
1544742745.38
1544742745.49
1544742745.55
1544742745.65
1544742745.71
1544742745.78
1544742745.85
1544742745.91
1544742745.98
1544742746.08
1544742746.16
1544742746.23
1544742746.29
1544742746.37
1544742746.45
1544742746.52
1544742746.59
1544742746.65
1544742746.73
1544742746.79
1544742746.85
1544742746.92
1544742747.01
1544742747.1
1544742747.17
1544742747.25
1544742747.3
1544742747.37
1544742747.44
1544742747.49
1544742747.58
1544742747.68
1544742747.78
1544742747.86
1544742747.93
1544742748.02
1544742748.1
1544742748.18
1544742748.27
1544742748.37
1544742748.5
1544742748.58
1544742748.67
1544742748.76
1544742748.86
1544742748.95
1544742749.02
1544742749.08
1544742749.15
1544742749.22
1544742749.29
1544742749.36
1544742749.43
1544742749.5
1544742749.58
1544742749.65
1544742749.72
1544742749.79
1544742749.86
1544742749.93
1544742750.0
1544742750.07
1544742750.14
1544742750.21
1544742750.31
1544742750.4
1544742750.48
1544742750.57
1544742750.62
1544742750.72
1544742750.8
1544742750.89
1544742750.97
1544742751.07
1544742751.15
1544742751.26
1544742751.32
1544742751.4
1544742751.49
1544742751.56
1544742751.66
1544742751.7
1544742751.74
1544742751.81
1544742751.91
1544742751.98
1544742752.08
1544742752.16
1544742752.24
1544742752.32
1544742752.39
1544742752.47
1544742752.52
1544742752.63
1544742752.71
1544742752.8
1544742752.87
1544742752.94
1544742753.01
1544742753.09
1544742753.17
1544742753.26
1544742753.36
1544742753.48
1544742753.54
1544742753.61
1544742753.74
1544742753.88
1544742753.98
1544742754.1
1544742754.21
1544742754.28
1544742754.35
1544742754.42
1544742754.47
1544742754.53
1544742754.59
1544742754.64
1544742754.7
1544742754.77
1544742754.82
1544742754.89
1544742754.96
1544742755.02
1544742755.08
1544742755.13
1544742755.2
1544742755.3
1544742755.39
1544742755.5
1544742755.57
1544742755.66
1544742755.72
1544742755.78
1544742755.85
1544742755.95
1544742755.99
1544742756.04
1544742756.11
1544742756.18
1544742756.25
1544742756.33
1544742756.4
1544742756.48
1544742756.55
1544742756.62
1544742756.71
1544742756.8
1544742756.88
1544742756.96
1544742757.03
1544742757.12
1544742757.22
1544742757.3
1544742757.41
1544742757.5
1544742757.54
1544742757.59
1544742757.68
1544742757.78
1544742757.88
1544742757.95
1544742758.04
1544742758.11
