1544799400.66
1544799400.85
1544799400.92
1544799400.97
1544799401.04
1544799401.09
1544799401.14
1544799401.19
1544799401.23
1544799401.27
1544799401.33
1544799401.37
1544799401.42
1544799401.45
1544799401.51
1544799401.55
1544799401.6
1544799401.64
1544799401.69
1544799401.73
1544799401.76
1544799401.81
1544799401.85
1544799401.9
1544799401.94
1544799401.97
1544799402.02
1544799402.06
1544799402.12
1544799402.16
1544799402.22
1544799402.26
1544799402.31
1544799402.35
1544799402.39
1544799402.44
1544799402.49
1544799402.54
1544799402.6
1544799402.65
1544799402.7
1544799402.75
1544799402.81
1544799402.85
1544799402.91
1544799402.96
1544799403.01
1544799403.06
1544799403.12
1544799403.17
1544799403.23
1544799403.29
1544799403.35
1544799403.41
1544799403.45
1544799403.51
1544799403.56
1544799403.6
1544799403.65
1544799403.71
1544799403.75
1544799403.8
1544799403.84
1544799403.87
1544799403.94
1544799403.98
1544799404.03
1544799404.07
1544799404.11
1544799404.15
1544799404.2
1544799404.25
1544799404.3
1544799404.35
1544799404.4
1544799404.44
1544799404.5
1544799404.54
1544799404.59
1544799404.64
1544799404.69
1544799404.72
1544799404.75
1544799404.8
1544799404.84
1544799404.9
1544799404.94
1544799404.99
1544799405.05
1544799405.12
1544799405.17
1544799405.23
1544799405.29
1544799405.34
1544799405.38
1544799405.43
1544799405.47
1544799405.52
1544799405.55
1544799405.6
1544799405.65
1544799405.7
1544799405.75
1544799405.81
1544799405.86
1544799405.92
1544799405.98
1544799406.02
1544799406.07
1544799406.12
1544799406.18
1544799406.24
1544799406.3
1544799406.35
1544799406.42
1544799406.49
1544799406.55
1544799406.62
1544799406.69
1544799406.75
1544799406.82
1544799406.87
1544799406.93
1544799406.99
1544799407.04
1544799407.09
1544799407.15
1544799407.21
1544799407.27
1544799407.33
1544799407.37
1544799407.42
1544799407.47
1544799407.52
1544799407.57
1544799407.63
1544799407.69
1544799407.73
1544799407.78
1544799407.84
1544799407.89
1544799407.94
1544799407.99
1544799408.04
1544799408.09
1544799408.14
1544799408.19
1544799408.25
1544799408.31
1544799408.37
1544799408.42
1544799408.48
1544799408.53
1544799408.57
1544799408.61
1544799408.66
1544799408.71
1544799408.75
1544799408.8
1544799408.85
1544799408.9
1544799408.95
1544799409.0
1544799409.05
1544799409.1
1544799409.15
1544799409.19
1544799409.24
1544799409.27
1544799409.35
1544799409.4
1544799409.45
1544799409.51
1544799409.56
1544799409.62
1544799409.68
1544799409.74
1544799409.8
1544799409.86
1544799409.92
1544799409.98
1544799410.03
1544799410.09
1544799410.15
1544799410.21
1544799410.26
1544799410.32
1544799410.38
1544799410.44
1544799410.49
1544799410.55
1544799410.61
1544799410.67
1544799410.72
1544799410.76
1544799410.81
1544799410.85
1544799410.9
1544799410.95
1544799411.0
1544799411.04
1544799411.1
1544799411.15
1544799411.21
1544799411.25
1544799411.31
1544799411.35
1544799411.4
1544799411.46
1544799411.51
1544799411.56
1544799411.61
1544799411.65
1544799411.7
1544799411.75
1544799411.8
1544799411.85
1544799411.89
1544799411.94
1544799411.98
1544799412.03
1544799412.07
1544799412.12
1544799412.17
1544799412.22
1544799412.27
1544799412.32
1544799412.38
1544799412.42
1544799412.45
1544799412.48
1544799412.54
1544799412.6
1544799412.65
1544799412.69
1544799412.76
1544799412.81
1544799412.85
1544799412.89
1544799412.94
1544799412.99
1544799413.03
1544799413.07
1544799413.11
1544799413.14
1544799413.17
1544799413.21
1544799413.25
1544799413.29
1544799413.33
1544799413.37
1544799413.42
1544799413.45
1544799413.5
1544799413.56
1544799413.62
1544799413.65
1544799413.69
1544799413.73
1544799413.77
1544799413.82
1544799413.86
1544799413.9
1544799413.94
1544799413.99
1544799414.02
1544799414.05
1544799414.1
1544799414.13
1544799414.18
1544799414.22
1544799414.26
1544799414.31
1544799414.36
1544799414.41
1544799414.46
1544799414.52
1544799414.56
1544799414.62
1544799414.67
1544799414.72
1544799414.78
1544799414.83
1544799414.87
1544799414.95
1544799415.0
1544799415.05
1544799415.09
1544799415.16
1544799415.21
1544799415.25
1544799415.29
1544799415.34
1544799415.39
1544799415.42
1544799415.46
1544799415.51
1544799415.57
1544799415.62
1544799415.66
1544799415.71
1544799415.75
1544799415.8
1544799415.83
1544799415.87
1544799415.92
1544799415.98
1544799416.02
1544799416.07
1544799416.12
1544799416.17
1544799416.22
1544799416.26
1544799416.3
1544799416.36
1544799416.41
1544799416.44
1544799416.48
1544799416.55
1544799416.6
1544799416.65
1544799416.69
1544799416.75
1544799416.8
1544799416.84
1544799416.87
1544799416.94
1544799417.0
1544799417.04
1544799417.09
1544799417.13
1544799417.17
1544799417.22
1544799417.25
1544799417.3
1544799417.37
1544799417.41
1544799417.45
1544799417.5
1544799417.56
1544799417.61
1544799417.66
1544799417.73
1544799417.8
1544799417.84
1544799417.87
1544799417.91
1544799417.95
1544799417.99
1544799418.03
1544799418.06
1544799418.1
1544799418.15
1544799418.19
1544799418.23
1544799418.27
1544799418.32
1544799418.37
1544799418.41
1544799418.45
1544799418.48
1544799418.53
1544799418.59
1544799418.63
1544799418.67
1544799418.72
1544799418.77
1544799418.82
1544799418.87
1544799418.92
1544799418.96
1544799419.0
1544799419.05
1544799419.1
1544799419.13
1544799419.18
1544799419.24
1544799419.31
1544799419.38
1544799419.44
1544799419.5
1544799419.56
1544799419.62
1544799419.65
1544799419.68
1544799419.72
1544799419.77
1544799419.82
1544799419.85
1544799419.9
1544799419.96
1544799420.01
1544799420.05
1544799420.09
1544799420.15
1544799420.2
1544799420.24
1544799420.27
1544799420.33
1544799420.39
1544799420.43
1544799420.46
1544799420.5
1544799420.55
1544799420.61
1544799420.65
1544799420.69
1544799420.75
1544799420.8
1544799420.84
1544799420.87
1544799420.95
1544799421.02
1544799421.06
1544799421.1
1544799421.16
1544799421.21
1544799421.25
1544799421.28
1544799421.34
1544799421.39
1544799421.42
1544799421.46
1544799421.53
1544799421.59
1544799421.62
1544799421.66
1544799421.7
1544799421.76
1544799421.8
1544799421.84
1544799421.89
1544799421.95
1544799421.99
1544799422.03
1544799422.08
1544799422.14
1544799422.2
1544799422.25
1544799422.29
1544799422.32
1544799422.37
1544799422.42
1544799422.46
1544799422.49
1544799422.54
1544799422.59
1544799422.63
1544799422.66
1544799422.7
1544799422.75
1544799422.81
1544799422.86
1544799422.92
1544799422.97
1544799423.04
1544799423.1
1544799423.15
1544799423.2
1544799423.24
1544799423.28
1544799423.32
1544799423.37
1544799423.42
1544799423.46
1544799423.51
1544799423.55
1544799423.6
1544799423.65
1544799423.69
1544799423.74
1544799423.79
1544799423.84
1544799423.89
1544799423.93
1544799423.99
1544799424.04
1544799424.09
1544799424.14
1544799424.19
1544799424.24
1544799424.29
1544799424.35
1544799424.42
1544799424.49
1544799424.54
1544799424.6
1544799424.65
1544799424.71
1544799424.76
1544799424.81
1544799424.86
1544799424.92
1544799424.95
1544799425.0
1544799425.06
1544799425.12
1544799425.16
1544799425.21
1544799425.26
1544799425.31
1544799425.35
1544799425.42
1544799425.46
1544799425.5
1544799425.54
1544799425.59
1544799425.63
1544799425.66
1544799425.72
1544799425.79
1544799425.83
1544799425.87
1544799425.92
1544799425.95
1544799425.99
1544799426.03
1544799426.06
1544799426.1
1544799426.18
1544799426.22
1544799426.26
1544799426.3
1544799426.35
1544799426.4
1544799426.45
1544799426.51
1544799426.56
1544799426.6
1544799426.64
1544799426.68
1544799426.75
1544799426.79
1544799426.83
1544799426.88
1544799426.95
1544799427.0
1544799427.04
1544799427.09
1544799427.16
1544799427.2
1544799427.24
1544799427.27
1544799427.33
1544799427.38
1544799427.42
1544799427.47
1544799427.53
1544799427.58
1544799427.62
1544799427.65
1544799427.7
1544799427.74
1544799427.77
1544799427.82
1544799427.86
1544799427.91
1544799427.95
1544799428.0
1544799428.04
1544799428.09
1544799428.14
1544799428.19
1544799428.24
1544799428.28
1544799428.31
1544799428.36
1544799428.43
1544799428.47
1544799428.52
1544799428.57
1544799428.63
1544799428.66
1544799428.7
1544799428.76
1544799428.82
1544799428.85
1544799428.9
1544799428.93
1544799428.97
1544799429.01
1544799429.04
1544799429.09
1544799429.13
1544799429.19
1544799429.23
1544799429.27
1544799429.33
1544799429.38
1544799429.42
1544799429.46
1544799429.52
1544799429.57
1544799429.62
1544799429.66
1544799429.7
1544799429.76
1544799429.81
1544799429.85
1544799429.89
1544799429.95
1544799430.0
1544799430.05
1544799430.09
1544799430.14
1544799430.2
1544799430.23
1544799430.37
1544799430.43
1544799430.46
1544799430.51
1544799430.55
1544799430.6
1544799430.63
1544799430.67
1544799430.74
1544799430.79
1544799430.82
1544799430.85
1544799430.89
1544799430.94
1544799430.99
1544799431.03
1544799431.09
1544799431.13
1544799431.16
1544799431.21
1544799431.26
1544799431.32
1544799431.37
1544799431.43
1544799431.49
1544799431.55
1544799431.61
1544799431.67
1544799431.74
1544799431.79
1544799431.83
1544799431.89
1544799431.93
1544799431.98
1544799432.02
1544799432.06
1544799432.12
1544799432.16
1544799432.22
1544799432.27
1544799432.34
1544799432.39
1544799432.42
1544799432.47
1544799432.52
1544799432.57
1544799432.62
1544799432.67
1544799432.72
1544799432.77
1544799432.83
1544799432.89
1544799432.94
1544799433.0
1544799433.04
1544799433.11
1544799433.16
1544799433.2
1544799433.25
1544799433.3
1544799433.36
1544799433.41
1544799433.46
1544799433.52
1544799433.58
1544799433.62
1544799433.65
1544799433.69
1544799433.77
1544799433.84
1544799433.9
1544799433.96
1544799434.02
1544799434.06
1544799434.11
1544799434.18
1544799434.23
1544799434.26
1544799434.29
1544799434.33
1544799434.38
1544799434.42
1544799434.46
1544799434.5
1544799434.54
1544799434.59
1544799434.62
1544799434.66
1544799434.7
1544799434.77
1544799434.81
1544799434.85
1544799434.89
1544799434.96
1544799435.02
1544799435.05
1544799435.08
1544799435.12
1544799435.18
1544799435.22
1544799435.26
1544799435.3
1544799435.36
1544799435.42
1544799435.46
1544799435.52
1544799435.57
1544799435.61
1544799435.65
1544799435.68
1544799435.75
1544799435.8
1544799435.84
1544799435.88
1544799435.94
1544799436.0
1544799436.04
1544799436.07
1544799436.13
1544799436.19
1544799436.22
1544799436.26
1544799436.33
1544799436.39
1544799436.42
1544799436.46
1544799436.5
1544799436.55
1544799436.6
1544799436.64
1544799436.68
1544799436.75
1544799436.8
1544799436.84
1544799436.87
1544799436.94
1544799436.99
1544799437.03
1544799437.07
1544799437.11
1544799437.19
1544799437.24
1544799437.27
1544799437.31
1544799437.37
1544799437.42
1544799437.46
1544799437.51
1544799437.55
1544799437.6
1544799437.64
1544799437.68
1544799437.74
1544799437.8
1544799437.84
1544799437.88
1544799437.95
1544799438.01
1544799438.05
1544799438.1
1544799438.14
1544799438.18
1544799438.22
1544799438.26
1544799438.31
1544799438.35
1544799438.4
1544799438.44
1544799438.49
1544799438.56
1544799438.61
1544799438.65
1544799438.69
1544799438.76
1544799438.8
1544799438.85
1544799438.89
1544799438.95
1544799439.01
1544799439.05
1544799439.1
1544799439.14
1544799439.19
1544799439.23
1544799439.27
1544799439.33
1544799439.4
1544799439.44
1544799439.49
1544799439.53
1544799439.56
1544799439.6
1544799439.64
1544799439.67
1544799439.72
1544799439.76
1544799439.81
1544799439.85
1544799439.89
1544799439.97
1544799440.02
1544799440.06
1544799440.1
1544799440.16
1544799440.22
1544799440.25
1544799440.29
1544799440.33
1544799440.36
1544799440.41
1544799440.44
1544799440.48
1544799440.51
1544799440.57
1544799440.61
1544799440.65
1544799440.69
1544799440.77
1544799440.82
1544799440.85
1544799440.9
1544799440.94
1544799440.98
1544799441.02
1544799441.05
1544799441.1
1544799441.14
1544799441.19
1544799441.23
1544799441.27
1544799441.32
1544799441.35
1544799441.41
1544799441.45
1544799441.5
1544799441.55
1544799441.6
1544799441.64
1544799441.68
1544799441.72
1544799441.76
1544799441.8
1544799441.86
1544799441.89
1544799441.95
1544799442.0
1544799442.03
1544799442.07
1544799442.14
1544799442.19
1544799442.23
1544799442.26
1544799442.32
1544799442.37
1544799442.44
1544799442.5
1544799442.54
1544799442.6
1544799442.64
1544799442.69
1544799442.74
1544799442.81
1544799442.85
1544799442.91
1544799442.95
1544799443.01
1544799443.05
1544799443.11
1544799443.15
1544799443.2
1544799443.24
1544799443.3
1544799443.34
1544799443.4
1544799443.45
1544799443.52
1544799443.59
1544799443.65
1544799443.71
1544799443.77
1544799443.84
1544799443.9
1544799443.95
1544799444.02
1544799444.07
1544799444.13
1544799444.19
1544799444.25
1544799444.31
1544799444.37
1544799444.43
1544799444.49
1544799444.56
1544799444.64
1544799444.7
1544799444.77
1544799444.83
1544799444.9
1544799444.96
1544799445.03
1544799445.08
1544799445.14
1544799445.21
1544799445.26
1544799445.33
1544799445.4
1544799445.45
1544799445.52
1544799445.57
1544799445.63
1544799445.69
1544799445.75
1544799445.81
1544799445.87
1544799445.94
1544799446.02
1544799446.07
1544799446.14
1544799446.21
1544799446.28
1544799446.36
1544799446.41
1544799446.45
1544799446.5
1544799446.54
1544799446.59
1544799446.62
1544799446.65
1544799446.7
1544799446.74
1544799446.79
1544799446.83
1544799446.88
1544799446.95
1544799447.0
1544799447.04
1544799447.07
1544799447.15
1544799447.2
1544799447.24
1544799447.27
1544799447.34
1544799447.38
1544799447.42
1544799447.45
1544799447.49
1544799447.55
1544799447.6
1544799447.64
1544799447.67
1544799447.73
1544799447.76
1544799447.81
1544799447.85
1544799447.89
1544799447.95
1544799448.0
1544799448.04
1544799448.08
1544799448.13
1544799448.17
1544799448.21
1544799448.24
1544799448.28
1544799448.35
1544799448.39
1544799448.43
1544799448.47
1544799448.51
1544799448.56
1544799448.6
1544799448.64
1544799448.68
1544799448.74
1544799448.79
1544799448.83
1544799448.87
1544799448.94
1544799448.99
1544799449.03
1544799449.07
1544799449.11
1544799449.15
1544799449.21
1544799449.24
1544799449.29
1544799449.37
1544799449.42
1544799449.45
1544799449.48
1544799449.52
1544799449.56
1544799449.61
1544799449.65
1544799449.69
1544799449.75
1544799449.81
1544799449.85
1544799449.89
1544799449.94
1544799449.99
1544799450.03
1544799450.06
1544799450.11
1544799450.15
1544799450.2
1544799450.23
1544799450.27
1544799450.33
1544799450.39
1544799450.43
1544799450.47
1544799450.54
1544799450.59
1544799450.63
1544799450.67
1544799450.75
1544799450.79
1544799450.83
1544799450.87
1544799450.93
1544799450.99
1544799451.02
1544799451.06
1544799451.12
1544799451.19
1544799451.23
1544799451.27
1544799451.34
1544799451.4
1544799451.44
1544799451.48
1544799451.52
1544799451.57
1544799451.62
1544799451.67
1544799451.71
1544799451.75
1544799451.8
1544799451.85
1544799451.9
1544799451.95
1544799452.0
1544799452.04
1544799452.09
1544799452.14
1544799452.2
1544799452.24
1544799452.29
1544799452.33
1544799452.37
1544799452.42
1544799452.45
1544799452.5
1544799452.58
1544799452.63
1544799452.67
1544799452.72
1544799452.76
1544799452.82
1544799452.85
1544799452.88
1544799452.95
1544799453.01
1544799453.06
1544799453.13
1544799453.18
1544799453.22
1544799453.26
1544799453.34
1544799453.39
1544799453.43
1544799453.47
1544799453.54
1544799453.59
1544799453.64
1544799453.67
1544799453.74
1544799453.79
1544799453.82
1544799453.86
1544799453.9
1544799453.96
1544799454.01
1544799454.05
1544799454.09
1544799454.14
1544799454.19
1544799454.24
1544799454.29
1544799454.35
1544799454.39
1544799454.43
1544799454.5
1544799454.54
1544799454.6
1544799454.65
1544799454.7
1544799454.74
1544799454.8
1544799454.86
1544799454.93
1544799454.99
1544799455.04
1544799455.1
1544799455.15
1544799455.21
1544799455.25
1544799455.32
1544799455.36
1544799455.41
1544799455.45
1544799455.5
1544799455.55
1544799455.6
1544799455.65
1544799455.7
1544799455.74
1544799455.8
1544799455.84
1544799455.9
1544799455.94
1544799455.99
1544799456.04
1544799456.08
1544799456.12
1544799456.17
1544799456.22
1544799456.26
1544799456.31
1544799456.35
1544799456.38
1544799456.43
1544799456.5
1544799456.54
1544799456.6
1544799456.65
1544799456.7
1544799456.76
1544799456.8
1544799456.85
1544799456.89
1544799456.94
1544799456.99
1544799457.03
1544799457.07
1544799457.12
1544799457.17
1544799457.22
1544799457.25
1544799457.3
1544799457.35
1544799457.39
1544799457.43
1544799457.46
1544799457.51
1544799457.58
1544799457.63
1544799457.66
1544799457.72
1544799457.8
1544799457.84
1544799457.89
1544799457.94
1544799458.0
1544799458.03
1544799458.07
1544799458.12
1544799458.16
1544799458.21
1544799458.25
1544799458.29
1544799458.38
1544799458.42
1544799458.45
1544799458.49
1544799458.57
1544799458.61
1544799458.64
1544799458.68
1544799458.73
1544799458.77
1544799458.81
1544799458.85
1544799458.88
1544799458.95
1544799459.01
1544799459.05
1544799459.09
1544799459.15
1544799459.2
1544799459.24
1544799459.28
1544799459.35
1544799459.4
1544799459.44
1544799459.48
1544799459.52
1544799459.57
1544799459.62
1544799459.66
1544799459.7
1544799459.75
1544799459.79
1544799459.82
1544799459.86
1544799459.91
1544799459.95
1544799460.0
1544799460.04
1544799460.07
1544799460.13
1544799460.18
1544799460.22
1544799460.25
1544799460.3
1544799460.35
1544799460.41
1544799460.45
1544799460.51
1544799460.56
1544799460.6
1544799460.64
1544799460.67
1544799460.75
1544799460.81
1544799460.84
1544799460.88
1544799460.94
1544799460.98
1544799461.02
1544799461.06
1544799461.1
1544799461.16
1544799461.21
1544799461.25
1544799461.28
1544799461.33
1544799461.36
1544799461.4
1544799461.44
1544799461.47
1544799461.54
1544799461.6
1544799461.65
1544799461.69
1544799461.75
1544799461.8
1544799461.84
1544799461.89
1544799461.95
1544799462.0
1544799462.04
1544799462.09
1544799462.15
1544799462.21
1544799462.25
1544799462.3
1544799462.35
1544799462.41
1544799462.44
1544799462.48
1544799462.54
1544799462.59
1544799462.64
1544799462.68
1544799462.73
1544799462.8
1544799462.84
1544799462.89
1544799462.96
1544799463.01
1544799463.05
1544799463.08
1544799463.15
1544799463.2
1544799463.23
1544799463.27
1544799463.31
1544799463.36
1544799463.42
1544799463.45
1544799463.5
1544799463.54
1544799463.59
1544799463.63
1544799463.67
1544799463.74
1544799463.79
1544799463.83
1544799463.86
1544799463.93
1544799463.98
1544799464.02
1544799464.06
1544799464.11
1544799464.16
1544799464.22
1544799464.25
1544799464.29
1544799464.32
1544799464.41
1544799464.45
1544799464.51
1544799464.57
1544799464.63
1544799464.67
1544799464.74
1544799464.8
1544799464.84
1544799464.87
1544799464.91
1544799464.96
1544799464.99
1544799465.02
1544799465.06
1544799465.12
1544799465.19
1544799465.24
1544799465.27
1544799465.33
1544799465.38
1544799465.43
1544799465.47
1544799465.51
1544799465.55
1544799465.6
1544799465.64
1544799465.68
1544799465.76
1544799465.8
1544799465.84
1544799465.88
1544799465.93
1544799465.98
1544799466.02
1544799466.05
1544799466.11
1544799466.16
1544799466.2
1544799466.25
1544799466.3
1544799466.35
1544799466.41
1544799466.45
1544799466.5
1544799466.55
1544799466.62
1544799466.65
1544799466.7
1544799466.77
1544799466.82
1544799466.85
1544799466.9
1544799466.97
1544799467.02
1544799467.06
1544799467.11
1544799467.14
1544799467.18
1544799467.24
1544799467.3
1544799467.34
1544799467.4
1544799467.45
1544799467.5
1544799467.56
1544799467.62
1544799467.67
1544799467.72
1544799467.78
1544799467.83
1544799467.89
1544799467.94
1544799467.99
1544799468.03
1544799468.08
1544799468.13
1544799468.18
1544799468.23
1544799468.29
1544799468.33
1544799468.37
1544799468.42
1544799468.46
1544799468.51
1544799468.55
1544799468.62
1544799468.67
1544799468.73
1544799468.79
1544799468.84
1544799468.89
1544799468.95
1544799469.0
1544799469.05
1544799469.12
1544799469.17
1544799469.22
1544799469.26
1544799469.31
1544799469.34
1544799469.38
1544799469.45
1544799469.5
1544799469.54
1544799469.58
1544799469.65
1544799469.7
1544799469.74
1544799469.78
1544799469.85
1544799469.9
1544799469.95
1544799469.99
1544799470.05
1544799470.09
1544799470.14
1544799470.19
1544799470.24
1544799470.27
1544799470.32
1544799470.36
1544799470.43
1544799470.49
1544799470.53
1544799470.57
1544799470.61
1544799470.64
1544799470.69
1544799470.74
1544799470.77
1544799470.83
1544799470.89
1544799470.92
1544799470.95
1544799471.0
1544799471.05
1544799471.09
1544799471.13
1544799471.16
1544799471.2
1544799471.26
1544799471.3
1544799471.34
1544799471.42
1544799471.46
1544799471.52
1544799471.55
1544799471.61
1544799471.67
1544799471.72
1544799471.77
1544799471.82
1544799471.87
1544799471.93
1544799471.98
1544799472.02
1544799472.06
1544799472.11
1544799472.16
1544799472.22
1544799472.26
1544799472.32
1544799472.36
1544799472.4
1544799472.44
1544799472.49
1544799472.53
1544799472.57
1544799472.63
1544799472.68
1544799472.73
1544799472.77
1544799472.84
1544799472.89
1544799472.93
1544799472.96
1544799473.03
1544799473.09
1544799473.13
1544799473.16
1544799473.22
1544799473.27
1544799473.33
1544799473.37
1544799473.4
1544799473.45
1544799473.5
1544799473.55
1544799473.6
1544799473.64
1544799473.69
1544799473.73
1544799473.77
1544799473.8
1544799473.84
1544799473.87
1544799473.92
1544799473.96
1544799473.99
1544799474.04
1544799474.07
1544799474.11
1544799474.15
1544799474.19
1544799474.22
1544799474.26
1544799474.29
1544799474.33
1544799474.36
1544799474.4
1544799474.44
1544799474.49
1544799474.53
1544799474.57
1544799474.61
1544799474.66
1544799474.7
1544799474.76
1544799474.8
1544799474.84
1544799474.88
1544799474.92
1544799474.95
1544799474.99
1544799475.03
1544799475.08
1544799475.14
1544799475.18
1544799475.21
1544799475.26
1544799475.3
1544799475.34
1544799475.38
1544799475.43
1544799475.47
1544799475.51
1544799475.55
1544799475.58
1544799475.63
1544799475.67
1544799475.7
1544799475.75
1544799475.79
1544799475.82
1544799475.86
1544799475.9
1544799475.94
1544799475.97
1544799476.02
1544799476.06
1544799476.1
1544799476.14
1544799476.17
1544799476.22
1544799476.26
1544799476.3
1544799476.34
1544799476.37
1544799476.41
1544799476.45
1544799476.49
1544799476.53
1544799476.57
1544799476.63
1544799476.67
1544799476.72
1544799476.76
1544799476.81
1544799476.87
1544799476.92
1544799476.96
1544799477.0
1544799477.04
1544799477.07
1544799477.12
1544799477.15
1544799477.19
1544799477.24
1544799477.27
1544799477.32
1544799477.36
1544799477.44
1544799477.51
1544799477.59
1544799477.66
1544799477.73
1544799477.79
1544799477.84
1544799477.9
1544799477.96
1544799478.02
1544799478.07
1544799478.15
1544799478.21
1544799478.24
1544799478.28
1544799478.34
1544799478.39
1544799478.44
1544799478.51
1544799478.56
1544799478.63
1544799478.69
1544799478.75
1544799478.81
1544799478.87
1544799478.93
1544799478.99
1544799479.05
1544799479.11
1544799479.16
1544799479.21
1544799479.26
1544799479.31
1544799479.35
1544799479.4
1544799479.45
1544799479.51
1544799479.55
1544799479.6
1544799479.65
1544799479.7
1544799479.73
1544799479.76
1544799479.8
1544799479.85
1544799479.9
1544799479.93
1544799479.96
1544799480.04
1544799480.1
1544799480.14
1544799480.18
1544799480.25
1544799480.3
1544799480.33
1544799480.37
1544799480.44
1544799480.49
1544799480.52
1544799480.56
1544799480.61
1544799480.65
1544799480.7
1544799480.73
1544799480.78
1544799480.84
1544799480.89
1544799480.92
1544799480.96
1544799481.03
1544799481.09
1544799481.13
1544799481.16
1544799481.24
1544799481.29
1544799481.34
1544799481.38
1544799481.45
1544799481.51
1544799481.54
1544799481.57
1544799481.64
1544799481.69
1544799481.72
1544799481.77
1544799481.85
1544799481.9
1544799481.94
1544799481.98
1544799482.03
1544799482.09
1544799482.13
1544799482.17
1544799482.24
1544799482.3
1544799482.34
1544799482.38
1544799482.45
1544799482.51
1544799482.55
1544799482.6
1544799482.64
1544799482.69
1544799482.72
1544799482.77
1544799482.81
1544799482.86
1544799482.9
1544799482.94
1544799482.97
1544799483.02
1544799483.08
1544799483.12
1544799483.15
1544799483.2
1544799483.24
1544799483.27
1544799483.32
1544799483.36
1544799483.41
1544799483.47
1544799483.51
1544799483.55
1544799483.58
1544799483.64
1544799483.69
1544799483.72
1544799483.75
1544799483.8
1544799483.86
1544799483.9
1544799483.94
1544799483.98
1544799484.02
1544799484.09
1544799484.13
1544799484.17
1544799484.23
1544799484.28
1544799484.32
1544799484.35
1544799484.4
1544799484.45
1544799484.49
1544799484.52
1544799484.56
1544799484.6
1544799484.66
1544799484.7
1544799484.74
1544799484.77
1544799484.83
1544799484.89
1544799484.92
1544799484.96
1544799485.01
1544799485.05
1544799485.11
1544799485.15
1544799485.19
1544799485.24
1544799485.29
1544799485.32
1544799485.37
1544799485.41
1544799485.46
1544799485.51
1544799485.55
1544799485.59
1544799485.65
1544799485.7
1544799485.74
1544799485.77
1544799485.84
1544799485.89
1544799485.93
1544799485.97
1544799486.05
1544799486.1
1544799486.14
1544799486.17
1544799486.23
1544799486.29
1544799486.33
1544799486.37
1544799486.45
1544799486.49
1544799486.53
1544799486.58
1544799486.63
1544799486.68
1544799486.72
1544799486.77
1544799486.82
1544799486.89
1544799486.92
1544799486.97
1544799487.02
1544799487.07
1544799487.12
1544799487.16
1544799487.22
1544799487.28
1544799487.32
1544799487.37
1544799487.42
1544799487.48
1544799487.52
1544799487.57
1544799487.61
1544799487.65
1544799487.7
1544799487.73
1544799487.77
1544799487.81
1544799487.86
1544799487.91
1544799487.94
1544799487.97
1544799488.05
1544799488.1
1544799488.14
1544799488.17
1544799488.25
1544799488.3
1544799488.34
1544799488.37
1544799488.43
1544799488.47
1544799488.52
1544799488.55
1544799488.59
1544799488.63
1544799488.67
1544799488.72
1544799488.76
1544799488.81
1544799488.87
1544799488.92
1544799488.96
1544799489.0
1544799489.04
1544799489.08
1544799489.12
1544799489.15
1544799489.19
1544799489.24
1544799489.28
1544799489.32
1544799489.36
1544799489.44
1544799489.49
1544799489.52
1544799489.55
1544799489.59
1544799489.65
1544799489.69
1544799489.73
1544799489.77
1544799489.85
1544799489.94
1544799490.01
1544799490.09
1544799490.15
1544799490.21
1544799490.27
1544799490.34
1544799490.4
1544799490.46
1544799490.53
1544799490.59
1544799490.64
1544799490.7
1544799490.76
1544799490.81
1544799490.86
1544799490.9
1544799490.96
1544799491.01
1544799491.05
1544799491.1
1544799491.17
1544799491.22
1544799491.26
1544799491.34
1544799491.39
1544799491.43
1544799491.47
1544799491.55
1544799491.6
1544799491.64
1544799491.68
1544799491.74
1544799491.79
1544799491.84
1544799491.87
1544799491.95
1544799492.01
1544799492.04
1544799492.09
1544799492.15
1544799492.19
1544799492.23
1544799492.27
1544799492.34
1544799492.39
1544799492.43
1544799492.47
1544799492.51
1544799492.55
1544799492.6
1544799492.64
1544799492.7
1544799492.74
1544799492.79
1544799492.83
1544799492.87
1544799492.92
1544799492.97
1544799493.02
1544799493.07
1544799493.12
1544799493.16
1544799493.2
1544799493.24
1544799493.29
1544799493.34
1544799493.4
1544799493.45
1544799493.51
1544799493.58
1544799493.63
1544799493.69
1544799493.75
1544799493.8
1544799493.84
1544799493.9
1544799493.95
1544799494.0
1544799494.05
1544799494.11
1544799494.16
1544799494.22
1544799494.27
1544799494.34
1544799494.4
1544799494.45
1544799494.49
1544799494.53
1544799494.58
1544799494.64
1544799494.7
1544799494.75
1544799494.82
1544799494.87
1544799494.92
1544799494.98
1544799495.05
1544799495.11
1544799495.17
1544799495.24
1544799495.3
1544799495.34
1544799495.38
1544799495.43
1544799495.48
1544799495.52
1544799495.56
1544799495.6
1544799495.64
1544799495.68
1544799495.72
1544799495.76
1544799495.82
1544799495.88
1544799495.92
1544799495.96
1544799496.02
1544799496.07
1544799496.12
1544799496.16
1544799496.22
1544799496.29
1544799496.34
1544799496.37
1544799496.46
1544799496.52
1544799496.55
1544799496.6
1544799496.64
1544799496.69
1544799496.73
1544799496.78
1544799496.87
1544799496.91
1544799496.95
1544799496.98
1544799497.05
1544799497.09
1544799497.14
1544799497.19
1544799497.27
1544799497.31
1544799497.34
1544799497.38
1544799497.45
1544799497.5
1544799497.54
1544799497.57
1544799497.62
1544799497.67
1544799497.72
1544799497.75
1544799497.8
1544799497.84
1544799497.89
1544799497.94
1544799497.98
1544799498.02
1544799498.09
1544799498.13
1544799498.17
1544799498.23
1544799498.27
1544799498.32
1544799498.36
1544799498.41
1544799498.45
1544799498.5
1544799498.54
1544799498.58
1544799498.63
1544799498.67
1544799498.71
1544799498.75
1544799498.79
1544799498.84
1544799498.89
1544799498.93
1544799498.96
1544799499.02
1544799499.06
1544799499.12
1544799499.15
1544799499.19
1544799499.24
1544799499.3
1544799499.34
1544799499.39
1544799499.45
1544799499.5
1544799499.53
1544799499.57
1544799499.63
1544799499.68
1544799499.72
1544799499.78
1544799499.83
1544799499.91
1544799499.94
1544799499.98
1544799500.03
1544799500.09
1544799500.12
1544799500.17
1544799500.24
1544799500.3
1544799500.34
1544799500.38
1544799500.44
1544799500.5
1544799500.53
1544799500.57
1544799500.63
1544799500.69
1544799500.73
1544799500.78
1544799500.82
1544799500.86
1544799500.91
1544799500.95
1544799500.98
1544799501.02
1544799501.06
1544799501.1
1544799501.13
1544799501.16
1544799501.2
1544799501.24
1544799501.29
1544799501.33
1544799501.36
1544799501.4
1544799501.45
1544799501.5
1544799501.53
1544799501.56
1544799501.6
1544799501.66
1544799501.69
1544799501.73
1544799501.76
1544799501.79
1544799501.84
1544799501.88
1544799501.92
1544799501.95
1544799501.99
1544799502.03
1544799502.08
1544799502.12
1544799502.15
1544799502.19
1544799502.23
1544799502.29
1544799502.33
1544799502.36
1544799502.42
1544799502.46
1544799502.5
1544799502.53
1544799502.56
1544799502.61
1544799502.66
1544799502.7
1544799502.74
1544799502.77
1544799502.83
1544799502.87
1544799502.92
1544799502.95
1544799502.99
1544799503.05
1544799503.1
1544799503.13
1544799503.16
1544799503.23
1544799503.29
1544799503.32
1544799503.35
1544799503.39
1544799503.44
1544799503.49
1544799503.52
1544799503.56
1544799503.59
1544799503.63
1544799503.66
1544799503.7
1544799503.74
1544799503.77
1544799503.82
1544799503.86
1544799503.91
1544799503.94
1544799503.97
1544799504.02
1544799504.06
1544799504.11
1544799504.14
1544799504.17
1544799504.23
1544799504.29
1544799504.32
1544799504.35
1544799504.39
1544799504.44
1544799504.48
1544799504.52
1544799504.55
1544799504.6
1544799504.64
1544799504.69
1544799504.73
1544799504.76
1544799504.81
1544799504.85
1544799504.89
1544799504.93
1544799504.97
1544799505.02
1544799505.1
1544799505.14
1544799505.17
1544799505.24
1544799505.29
1544799505.33
1544799505.37
1544799505.44
1544799505.49
1544799505.53
1544799505.58
1544799505.66
1544799505.72
1544799505.76
1544799505.81
1544799505.87
1544799505.93
1544799505.99
1544799506.07
1544799506.12
1544799506.16
1544799506.22
1544799506.25
1544799506.29
1544799506.34
1544799506.39
1544799506.42
1544799506.47
1544799506.5
1544799506.56
1544799506.61
1544799506.65
1544799506.7
1544799506.75
1544799506.8
1544799506.86
1544799506.92
1544799506.96
1544799506.99
1544799507.04
1544799507.09
1544799507.14
1544799507.18
1544799507.23
1544799507.26
1544799507.3
1544799507.35
1544799507.4
1544799507.46
1544799507.53
1544799507.59
1544799507.64
1544799507.69
1544799507.74
1544799507.78
1544799507.84
1544799507.9
1544799507.94
1544799507.98
1544799508.02
1544799508.07
1544799508.1
1544799508.14
1544799508.19
1544799508.22
1544799508.26
1544799508.3
1544799508.34
1544799508.38
1544799508.43
1544799508.47
1544799508.51
1544799508.55
1544799508.6
1544799508.63
1544799508.67
1544799508.72
1544799508.76
1544799508.8
1544799508.83
1544799508.87
1544799508.9
1544799508.94
1544799508.99
1544799509.03
1544799509.09
1544799509.13
1544799509.17
1544799509.21
1544799509.25
1544799509.29
1544799509.35
1544799509.4
1544799509.45
1544799509.49
1544799509.53
1544799509.57
1544799509.62
1544799509.66
1544799509.7
1544799509.74
1544799509.79
1544799509.82
1544799509.86
1544799509.9
1544799509.94
1544799509.98
1544799510.02
1544799510.06
1544799510.11
1544799510.15
1544799510.19
1544799510.22
1544799510.27
1544799510.32
1544799510.35
1544799510.39
1544799510.43
1544799510.47
1544799510.52
1544799510.56
1544799510.6
1544799510.64
1544799510.67
1544799510.71
1544799510.75
1544799510.81
1544799510.87
1544799510.92
1544799510.97
1544799511.02
1544799511.07
1544799511.1
1544799511.14
1544799511.19
1544799511.23
1544799511.26
1544799511.3
1544799511.35
1544799511.39
1544799511.43
1544799511.47
1544799511.51
1544799511.55
1544799511.59
1544799511.62
1544799511.65
1544799511.69
1544799511.73
1544799511.77
1544799511.81
1544799511.85
1544799511.9
1544799511.95
1544799512.0
1544799512.04
1544799512.08
1544799512.13
1544799512.17
1544799512.22
1544799512.26
1544799512.31
1544799512.36
1544799512.4
1544799512.44
1544799512.49
1544799512.54
1544799512.59
1544799512.63
1544799512.7
1544799512.76
1544799512.8
1544799512.83
1544799512.89
1544799512.94
1544799513.0
1544799513.04
1544799513.08
1544799513.13
1544799513.17
1544799513.21
1544799513.25
1544799513.28
1544799513.32
1544799513.36
1544799513.41
1544799513.49
1544799513.54
1544799513.58
1544799513.64
1544799513.72
1544799513.77
1544799513.84
1544799513.89
1544799513.95
1544799514.02
1544799514.08
1544799514.15
1544799514.21
1544799514.27
1544799514.32
1544799514.39
1544799514.45
1544799514.52
1544799514.57
1544799514.63
1544799514.67
1544799514.73
1544799514.79
1544799514.85
1544799514.9
1544799514.94
1544799514.98
1544799515.04
1544799515.09
1544799515.15
1544799515.22
1544799515.27
1544799515.33
1544799515.39
1544799515.46
1544799515.54
1544799515.61
1544799515.67
1544799515.75
1544799515.82
1544799515.87
1544799515.94
1544799516.0
1544799516.04
1544799516.09
1544799516.16
1544799516.23
1544799516.28
1544799516.34
1544799516.39
1544799516.45
1544799516.51
1544799516.59
1544799516.64
1544799516.71
1544799516.77
1544799516.84
1544799516.91
1544799516.97
1544799517.02
1544799517.09
1544799517.15
1544799517.22
1544799517.29
1544799517.34
1544799517.38
1544799517.44
1544799517.49
1544799517.53
1544799517.57
1544799517.61
1544799517.65
1544799517.7
1544799517.74
1544799517.78
1544799517.85
1544799517.91
1544799517.94
1544799517.98
1544799518.03
1544799518.07
1544799518.12
1544799518.16
1544799518.22
1544799518.27
1544799518.32
1544799518.36
1544799518.41
1544799518.46
1544799518.52
1544799518.55
1544799518.59
1544799518.64
1544799518.7
1544799518.74
1544799518.79
1544799518.84
1544799518.92
1544799518.96
1544799519.02
1544799519.07
1544799519.11
1544799519.15
1544799519.19
1544799519.24
1544799519.3
1544799519.34
1544799519.37
1544799519.44
1544799519.51
1544799519.55
1544799519.59
1544799519.66
1544799519.72
1544799519.75
1544799519.79
1544799519.84
1544799519.91
1544799519.95
1544799520.02
1544799520.07
1544799520.12
1544799520.16
1544799520.2
1544799520.24
1544799520.29
1544799520.34
1544799520.37
1544799520.45
1544799520.52
1544799520.57
1544799520.65
1544799520.7
1544799520.74
1544799520.78
1544799520.83
1544799520.87
1544799520.91
1544799520.95
1544799521.01
1544799521.05
1544799521.09
1544799521.13
1544799521.18
1544799521.27
1544799521.32
1544799521.35
1544799521.42
1544799521.48
1544799521.53
1544799521.57
1544799521.63
1544799521.67
1544799521.71
1544799521.75
1544799521.78
1544799521.85
1544799521.92
1544799521.99
1544799522.05
1544799522.12
1544799522.17
1544799522.24
1544799522.3
1544799522.36
1544799522.44
1544799522.5
1544799522.57
1544799522.64
1544799522.72
1544799522.76
1544799522.83
1544799522.89
1544799522.93
1544799522.98
1544799523.02
1544799523.07
1544799523.13
1544799523.19
1544799523.25
1544799523.31
1544799523.37
1544799523.43
1544799523.49
1544799523.53
1544799523.57
1544799523.61
1544799523.65
1544799523.7
1544799523.74
1544799523.78
1544799523.84
1544799523.89
1544799523.94
1544799523.99
1544799524.06
1544799524.11
1544799524.15
1544799524.19
1544799524.28
1544799524.32
1544799524.36
1544799524.4
1544799524.45
1544799524.5
1544799524.55
1544799524.6
1544799524.67
1544799524.72
1544799524.75
1544799524.81
1544799524.85
1544799524.89
1544799524.94
1544799524.99
1544799525.04
1544799525.09
1544799525.13
1544799525.17
1544799525.21
1544799525.26
1544799525.31
1544799525.35
1544799525.39
1544799525.46
1544799525.51
1544799525.54
1544799525.59
1544799525.63
1544799525.69
1544799525.73
1544799525.77
1544799525.83
1544799525.89
1544799525.95
1544799526.02
1544799526.07
1544799526.14
1544799526.2
1544799526.24
1544799526.27
1544799526.33
1544799526.37
1544799526.44
1544799526.51
1544799526.55
1544799526.59
1544799526.65
1544799526.71
1544799526.78
1544799526.83
1544799526.89
1544799526.96
1544799527.01
1544799527.05
1544799527.12
1544799527.2
1544799527.27
1544799527.34
1544799527.42
1544799527.49
1544799527.54
1544799527.58
1544799527.66
1544799527.71
1544799527.75
1544799527.82
1544799527.89
1544799527.94
1544799527.99
1544799528.03
1544799528.07
1544799528.1
1544799528.15
1544799528.19
1544799528.22
1544799528.27
1544799528.34
1544799528.4
1544799528.45
1544799528.48
1544799528.55
1544799528.59
1544799528.63
1544799528.66
1544799528.7
1544799528.77
1544799528.81
1544799528.85
1544799528.89
1544799528.92
1544799528.96
1544799529.01
1544799529.05
1544799529.1
1544799529.15
1544799529.21
1544799529.25
1544799529.31
1544799529.37
1544799529.42
1544799529.46
1544799529.5
1544799529.54
1544799529.6
1544799529.64
1544799529.7
1544799529.78
1544799529.81
1544799529.85
1544799529.92
1544799529.98
1544799530.02
1544799530.07
1544799530.11
1544799530.16
1544799530.22
1544799530.26
1544799530.35
1544799530.42
1544799530.45
1544799530.54
1544799530.61
1544799530.66
1544799530.73
1544799530.8
1544799530.84
1544799530.9
1544799530.95
1544799531.0
1544799531.04
1544799531.08
1544799531.12
1544799531.17
1544799531.22
1544799531.26
1544799531.31
1544799531.35
1544799531.39
1544799531.43
1544799531.47
1544799531.52
1544799531.58
1544799531.63
1544799531.69
1544799531.75
1544799531.82
1544799531.85
1544799531.89
1544799531.97
1544799532.03
1544799532.07
1544799532.15
1544799532.2
1544799532.24
1544799532.27
1544799532.32
1544799532.37
1544799532.42
1544799532.46
1544799532.5
1544799532.56
1544799532.61
1544799532.65
1544799532.69
1544799532.75
1544799532.79
1544799532.83
1544799532.86
1544799532.92
1544799532.99
1544799533.04
1544799533.08
1544799533.15
1544799533.2
1544799533.25
1544799533.29
1544799533.38
1544799533.42
1544799533.47
1544799533.53
1544799533.59
1544799533.64
1544799533.69
1544799533.74
1544799533.78
1544799533.83
1544799533.87
1544799533.93
1544799533.99
1544799534.03
1544799534.07
1544799534.11
1544799534.19
1544799534.23
1544799534.27
1544799534.34
1544799534.39
1544799534.42
1544799534.46
1544799534.52
1544799534.58
1544799534.62
1544799534.66
1544799534.7
1544799534.75
1544799534.81
1544799534.85
1544799534.91
1544799534.96
1544799535.02
1544799535.06
1544799535.09
1544799535.14
1544799535.19
1544799535.24
1544799535.27
1544799535.35
1544799535.42
1544799535.46
1544799535.51
1544799535.55
1544799535.6
1544799535.64
1544799535.7
1544799535.76
1544799535.83
1544799535.87
1544799535.92
1544799535.96
1544799536.01
1544799536.04
1544799536.09
1544799536.14
1544799536.19
1544799536.24
1544799536.29
1544799536.38
1544799536.44
1544799536.49
1544799536.53
1544799536.59
1544799536.64
1544799536.68
1544799536.74
1544799536.79
1544799536.84
1544799536.88
1544799536.94
1544799536.99
1544799537.02
1544799537.05
1544799537.1
1544799537.17
1544799537.22
1544799537.26
1544799537.31
1544799537.37
1544799537.45
1544799537.53
1544799537.61
1544799537.68
1544799537.75
1544799537.81
1544799537.84
1544799537.89
1544799537.95
1544799538.01
1544799538.06
1544799538.12
1544799538.19
1544799538.28
1544799538.36
1544799538.43
1544799538.51
1544799538.58
1544799538.65
1544799538.75
1544799538.83
1544799538.93
1544799539.03
1544799539.07
1544799539.12
1544799539.18
1544799539.23
1544799539.26
1544799539.33
1544799539.39
1544799539.43
1544799539.48
1544799539.55
1544799539.6
1544799539.65
1544799539.69
1544799539.72
1544799539.78
1544799539.82
1544799539.86
1544799539.93
1544799539.99
1544799540.03
1544799540.09
1544799540.15
1544799540.2
1544799540.25
1544799540.29
1544799540.32
1544799540.36
1544799540.41
1544799540.45
1544799540.49
1544799540.55
1544799540.6
1544799540.64
1544799540.67
1544799540.72
1544799540.77
1544799540.82
1544799540.86
1544799540.93
1544799541.01
1544799541.05
1544799541.1
1544799541.16
1544799541.2
1544799541.25
1544799541.29
1544799541.35
1544799541.42
1544799541.46
1544799541.51
1544799541.55
1544799541.6
1544799541.65
1544799541.69
1544799541.76
1544799541.8
1544799541.84
1544799541.89
1544799541.95
1544799541.99
1544799542.03
1544799542.09
1544799542.19
1544799542.24
1544799542.29
1544799542.36
1544799542.43
1544799542.47
1544799542.55
1544799542.62
1544799542.66
1544799542.73
1544799542.8
1544799542.83
1544799542.87
1544799542.92
1544799542.95
1544799543.0
1544799543.04
1544799543.07
1544799543.12
1544799543.18
1544799543.23
1544799543.26
1544799543.32
1544799543.37
1544799543.44
1544799543.48
1544799543.54
1544799543.6
1544799543.64
1544799543.69
1544799543.75
1544799543.81
1544799543.86
1544799543.92
1544799543.95
1544799544.02
1544799544.09
1544799544.16
1544799544.25
1544799544.33
1544799544.4
1544799544.44
1544799544.5
1544799544.57
1544799544.64
1544799544.71
1544799544.76
1544799544.84
1544799544.92
1544799545.0
1544799545.04
1544799545.1
1544799545.14
1544799545.18
1544799545.24
1544799545.3
1544799545.36
1544799545.42
1544799545.46
1544799545.51
1544799545.54
1544799545.58
1544799545.64
1544799545.69
1544799545.73
1544799545.79
1544799545.86
1544799545.92
1544799545.97
1544799546.03
1544799546.09
1544799546.13
1544799546.18
1544799546.24
1544799546.32
1544799546.37
1544799546.42
1544799546.46
1544799546.52
1544799546.57
1544799546.63
1544799546.67
1544799546.74
1544799546.82
1544799546.89
1544799546.93
1544799546.99
1544799547.02
1544799547.06
1544799547.1
1544799547.16
1544799547.21
1544799547.25
1544799547.29
1544799547.35
1544799547.39
1544799547.42
1544799547.45
1544799547.49
1544799547.55
1544799547.59
1544799547.62
1544799547.66
1544799547.72
1544799547.76
1544799547.8
1544799547.85
1544799547.89
1544799547.94
1544799547.99
1544799548.03
1544799548.06
1544799548.09
1544799548.13
1544799548.2
1544799548.23
1544799548.26
1544799548.31
1544799548.37
1544799548.41
1544799548.45
1544799548.51
1544799548.56
1544799548.6
1544799548.64
1544799548.67
1544799548.74
1544799548.79
1544799548.83
1544799548.87
1544799548.92
1544799548.97
1544799549.03
1544799549.07
1544799549.12
1544799549.19
1544799549.23
1544799549.26
1544799549.31
1544799549.36
1544799549.41
1544799549.45
1544799549.5
1544799549.55
1544799549.6
1544799549.64
1544799549.67
1544799549.75
1544799549.8
1544799549.84
1544799549.87
1544799549.94
1544799550.0
1544799550.04
1544799550.07
1544799550.14
1544799550.2
1544799550.23
1544799550.27
1544799550.34
1544799550.39
1544799550.42
1544799550.47
1544799550.53
1544799550.58
1544799550.63
1544799550.66
1544799550.7
1544799550.74
1544799550.78
1544799550.82
1544799550.86
1544799550.9
1544799550.96
1544799551.02
1544799551.06
1544799551.12
1544799551.17
1544799551.22
1544799551.26
1544799551.32
1544799551.36
1544799551.42
1544799551.45
1544799551.52
1544799551.57
1544799551.62
1544799551.66
1544799551.74
1544799551.8
1544799551.84
1544799551.87
1544799551.91
1544799551.99
1544799552.03
1544799552.07
1544799552.12
1544799552.16
1544799552.21
1544799552.24
1544799552.27
1544799552.36
1544799552.4
1544799552.43
1544799552.47
1544799552.52
1544799552.57
1544799552.62
1544799552.67
1544799552.71
1544799552.75
1544799552.81
1544799552.86
1544799552.93
1544799552.99
1544799553.05
1544799553.1
1544799553.16
1544799553.22
1544799553.26
1544799553.31
1544799553.35
1544799553.4
1544799553.43
1544799553.47
1544799553.52
1544799553.57
1544799553.62
1544799553.67
1544799553.74
1544799553.8
1544799553.85
1544799553.91
1544799553.96
1544799554.02
1544799554.11
1544799554.17
1544799554.23
1544799554.3
1544799554.35
1544799554.41
1544799554.46
1544799554.51
1544799554.55
1544799554.59
1544799554.63
1544799554.69
1544799554.75
1544799554.79
1544799554.83
1544799554.87
1544799554.92
1544799554.96
1544799555.01
1544799555.06
1544799555.12
1544799555.15
1544799555.19
1544799555.23
1544799555.27
1544799555.32
1544799555.36
1544799555.4
1544799555.45
1544799555.51
1544799555.55
1544799555.59
1544799555.66
1544799555.71
1544799555.74
1544799555.79
1544799555.84
1544799555.9
1544799555.94
1544799555.98
1544799556.04
1544799556.1
1544799556.15
1544799556.2
1544799556.26
1544799556.32
1544799556.35
1544799556.4
1544799556.47
1544799556.52
1544799556.56
1544799556.6
1544799556.66
1544799556.71
1544799556.75
1544799556.79
1544799556.84
1544799556.89
1544799556.94
1544799556.99
1544799557.05
1544799557.11
1544799557.14
1544799557.18
1544799557.26
1544799557.32
1544799557.36
1544799557.4
1544799557.46
1544799557.52
1544799557.55
1544799557.6
1544799557.65
1544799557.7
1544799557.75
1544799557.82
1544799557.89
1544799557.93
1544799557.97
1544799558.04
1544799558.1
1544799558.13
1544799558.16
1544799558.2
1544799558.29
1544799558.33
1544799558.37
1544799558.42
1544799558.46
1544799558.52
1544799558.55
1544799558.59
1544799558.64
1544799558.69
1544799558.72
1544799558.76
1544799558.82
1544799558.89
1544799558.93
1544799558.97
1544799559.07
1544799559.12
1544799559.15
1544799559.21
1544799559.27
1544799559.32
1544799559.35
1544799559.4
1544799559.45
1544799559.51
1544799559.55
1544799559.59
1544799559.66
1544799559.71
1544799559.74
1544799559.8
1544799559.85
1544799559.89
1544799559.94
1544799559.98
1544799560.03
1544799560.07
1544799560.12
1544799560.16
1544799560.2
1544799560.25
1544799560.32
1544799560.36
1544799560.4
1544799560.47
1544799560.52
1544799560.56
1544799560.61
1544799560.65
1544799560.71
1544799560.77
1544799560.83
1544799560.89
1544799560.95
1544799561.02
1544799561.08
1544799561.14
1544799561.2
1544799561.23
1544799561.29
1544799561.35
1544799561.39
1544799561.45
1544799561.5
1544799561.55
1544799561.61
1544799561.64
1544799561.69
1544799561.74
1544799561.78
1544799561.83
1544799561.89
1544799561.93
1544799561.98
1544799562.03
1544799562.09
1544799562.14
1544799562.21
1544799562.29
1544799562.35
1544799562.42
1544799562.48
1544799562.55
1544799562.61
1544799562.67
1544799562.74
1544799562.81
1544799562.88
1544799562.95
1544799563.01
1544799563.07
1544799563.15
1544799563.2
1544799563.25
1544799563.31
1544799563.35
1544799563.39
1544799563.43
1544799563.47
1544799563.51
1544799563.54
1544799563.58
1544799563.62
1544799563.66
1544799563.7
1544799563.74
1544799563.81
1544799563.87
1544799563.91
1544799563.95
1544799563.99
1544799564.04
1544799564.11
1544799564.15
1544799564.21
1544799564.26
1544799564.31
1544799564.35
1544799564.4
1544799564.47
1544799564.51
1544799564.55
1544799564.6
1544799564.65
1544799564.7
1544799564.74
1544799564.78
1544799564.85
1544799564.91
1544799564.94
1544799565.0
1544799565.06
1544799565.1
1544799565.14
1544799565.19
1544799565.27
1544799565.32
1544799565.37
1544799565.45
1544799565.5
1544799565.54
1544799565.57
1544799565.66
1544799565.72
1544799565.76
1544799565.82
1544799565.87
1544799565.92
1544799565.96
1544799566.03
1544799566.08
1544799566.12
1544799566.16
1544799566.2
1544799566.25
1544799566.3
1544799566.34
1544799566.39
1544799566.45
1544799566.5
1544799566.54
1544799566.57
1544799566.64
1544799566.69
1544799566.74
1544799566.79
1544799566.86
1544799566.91
1544799566.95
1544799566.99
1544799567.04
1544799567.09
1544799567.14
1544799567.18
1544799567.25
1544799567.3
1544799567.34
1544799567.38
1544799567.44
1544799567.49
1544799567.53
1544799567.59
1544799567.65
1544799567.71
1544799567.75
1544799567.79
1544799567.84
1544799567.89
1544799567.92
1544799567.96
1544799568.02
1544799568.07
1544799568.12
1544799568.16
1544799568.21
1544799568.24
1544799568.28
1544799568.31
1544799568.35
1544799568.38
1544799568.44
1544799568.49
1544799568.53
1544799568.57
1544799568.61
1544799568.65
1544799568.7
1544799568.73
1544799568.77
1544799568.81
1544799568.86
1544799568.91
1544799568.94
1544799568.97
1544799569.01
1544799569.06
1544799569.11
1544799569.15
1544799569.18
1544799569.23
1544799569.27
1544799569.31
1544799569.34
1544799569.39
1544799569.43
1544799569.48
1544799569.52
1544799569.55
1544799569.59
1544799569.63
1544799569.67
1544799569.71
1544799569.74
1544799569.78
1544799569.83
1544799569.88
1544799569.92
1544799569.95
1544799569.99
1544799570.03
1544799570.08
1544799570.12
1544799570.15
1544799570.19
1544799570.22
1544799570.27
1544799570.31
1544799570.34
1544799570.39
1544799570.42
1544799570.46
1544799570.5
1544799570.54
1544799570.57
1544799570.62
1544799570.66
1544799570.7
1544799570.74
1544799570.77
1544799570.82
1544799570.87
1544799570.9
1544799570.94
1544799570.97
1544799571.03
1544799571.07
1544799571.11
1544799571.14
1544799571.17
1544799571.22
1544799571.26
1544799571.3
1544799571.34
1544799571.37
1544799571.42
1544799571.46
1544799571.5
1544799571.53
1544799571.57
1544799571.62
1544799571.69
1544799571.72
1544799571.75
1544799571.8
1544799571.84
1544799571.9
1544799571.94
1544799571.97
1544799572.02
1544799572.07
1544799572.12
1544799572.15
1544799572.19
1544799572.23
1544799572.27
1544799572.31
1544799572.34
1544799572.37
1544799572.43
1544799572.48
1544799572.52
1544799572.55
1544799572.61
1544799572.65
1544799572.7
1544799572.74
1544799572.77
1544799572.82
1544799572.86
1544799572.9
1544799572.93
1544799572.97
1544799573.02
1544799573.07
1544799573.11
1544799573.15
1544799573.19
1544799573.23
1544799573.27
1544799573.31
1544799573.35
1544799573.38
1544799573.45
1544799573.5
1544799573.54
1544799573.58
1544799573.63
1544799573.67
1544799573.71
1544799573.74
1544799573.78
1544799573.84
1544799573.88
1544799573.91
1544799573.94
1544799573.98
1544799574.04
1544799574.09
1544799574.12
1544799574.15
1544799574.19
1544799574.25
1544799574.31
1544799574.34
1544799574.38
1544799574.42
1544799574.48
1544799574.52
1544799574.55
1544799574.59
1544799574.64
1544799574.69
1544799574.72
1544799574.75
1544799574.8
1544799574.84
1544799574.88
1544799574.91
1544799574.95
1544799574.99
1544799575.05
1544799575.11
1544799575.14
1544799575.18
1544799575.23
1544799575.27
1544799575.31
1544799575.35
1544799575.39
1544799575.43
1544799575.48
1544799575.52
1544799575.55
1544799575.6
1544799575.65
1544799575.7
1544799575.74
1544799575.77
1544799575.82
1544799575.88
1544799575.92
1544799575.95
1544799575.99
1544799576.02
1544799576.07
1544799576.11
1544799576.14
1544799576.18
1544799576.22
1544799576.26
1544799576.3
1544799576.34
1544799576.37
1544799576.41
1544799576.45
1544799576.5
1544799576.53
1544799576.57
1544799576.62
1544799576.66
1544799576.7
1544799576.73
1544799576.77
1544799576.81
1544799576.89
1544799576.92
1544799576.95
1544799576.99
1544799577.04
1544799577.09
1544799577.12
1544799577.15
1544799577.19
1544799577.25
1544799577.3
1544799577.34
1544799577.37
1544799577.41
1544799577.47
1544799577.52
1544799577.55
1544799577.6
1544799577.65
1544799577.7
1544799577.73
1544799577.77
1544799577.83
1544799577.88
1544799577.92
1544799577.95
1544799577.98
1544799578.03
1544799578.08
1544799578.12
1544799578.15
1544799578.19
1544799578.25
1544799578.3
1544799578.34
1544799578.38
1544799578.43
1544799578.49
1544799578.54
1544799578.58
1544799578.62
1544799578.66
1544799578.73
1544799578.76
1544799578.81
1544799578.85
1544799578.91
1544799578.94
1544799578.99
1544799579.04
1544799579.1
1544799579.15
1544799579.19
1544799579.26
1544799579.31
1544799579.35
1544799579.42
1544799579.49
1544799579.53
1544799579.57
1544799579.64
1544799579.68
1544799579.72
1544799579.76
1544799579.8
1544799579.87
1544799579.93
1544799579.96
1544799580.04
1544799580.1
1544799580.14
1544799580.19
1544799580.24
1544799580.28
1544799580.32
1544799580.36
1544799580.42
1544799580.49
1544799580.55
1544799580.62
1544799580.67
1544799580.74
1544799580.79
1544799580.85
1544799580.9
1544799580.95
1544799581.03
1544799581.09
1544799581.16
1544799581.2
1544799581.24
1544799581.29
1544799581.34
1544799581.39
1544799581.44
1544799581.49
1544799581.54
1544799581.57
1544799581.62
1544799581.67
1544799581.73
1544799581.8
1544799581.86
1544799581.93
1544799582.0
1544799582.06
1544799582.13
1544799582.19
1544799582.25
1544799582.31
1544799582.36
1544799582.43
1544799582.48
1544799582.54
1544799582.6
1544799582.64
1544799582.7
1544799582.77
1544799582.82
1544799582.86
1544799582.92
1544799582.97
1544799583.02
1544799583.07
1544799583.13
1544799583.2
1544799583.24
1544799583.28
1544799583.34
1544799583.37
1544799583.43
1544799583.51
1544799583.56
1544799583.61
1544799583.65
1544799583.7
1544799583.75
1544799583.8
1544799583.84
1544799583.89
1544799583.95
1544799584.0
1544799584.04
1544799584.09
1544799584.14
1544799584.18
1544799584.23
1544799584.29
1544799584.33
1544799584.36
1544799584.45
1544799584.49
1544799584.54
1544799584.58
1544799584.64
1544799584.69
1544799584.73
1544799584.76
1544799584.82
1544799584.89
1544799584.93
1544799584.96
1544799585.01
1544799585.06
1544799585.11
1544799585.16
1544799585.23
1544799585.29
1544799585.33
1544799585.36
1544799585.42
1544799585.49
1544799585.53
1544799585.56
1544799585.61
1544799585.65
1544799585.7
1544799585.74
1544799585.8
1544799585.85
1544799585.9
1544799585.94
1544799585.97
1544799586.05
1544799586.1
1544799586.14
1544799586.18
1544799586.26
1544799586.31
1544799586.35
1544799586.42
1544799586.47
1544799586.52
1544799586.55
1544799586.61
1544799586.66
1544799586.72
1544799586.78
1544799586.85
1544799586.96
1544799587.03
1544799587.11
1544799587.16
1544799587.22
1544799587.27
1544799587.3
1544799587.35
1544799587.4
1544799587.44
1544799587.49
1544799587.55
1544799587.6
1544799587.64
1544799587.67
1544799587.75
1544799587.8
1544799587.84
1544799587.89
1544799587.95
1544799588.01
1544799588.05
1544799588.09
1544799588.16
1544799588.2
1544799588.24
1544799588.27
1544799588.33
1544799588.38
1544799588.43
1544799588.47
1544799588.55
1544799588.61
1544799588.65
1544799588.69
1544799588.74
1544799588.79
1544799588.83
1544799588.86
1544799588.92
1544799588.96
1544799589.02
1544799589.05
1544799589.1
1544799589.15
1544799589.2
1544799589.24
1544799589.28
1544799589.32
1544799589.37
1544799589.42
1544799589.46
1544799589.52
1544799589.57
1544799589.61
1544799589.66
1544799589.72
1544799589.76
1544799589.8
1544799589.84
1544799589.88
1544799589.93
1544799589.97
1544799590.02
1544799590.06
1544799590.12
1544799590.17
1544799590.24
1544799590.28
1544799590.33
1544799590.39
1544799590.44
1544799590.47
1544799590.56
1544799590.62
1544799590.66
1544799590.72
1544799590.77
1544799590.81
1544799590.85
1544799590.89
1544799590.95
1544799591.01
1544799591.04
1544799591.09
1544799591.13
1544799591.16
1544799591.22
1544799591.27
1544799591.32
1544799591.37
1544799591.42
1544799591.49
1544799591.53
1544799591.57
1544799591.62
1544799591.66
1544799591.72
1544799591.77
1544799591.81
1544799591.84
1544799591.88
1544799591.92
1544799591.97
1544799592.02
1544799592.06
1544799592.12
1544799592.17
1544799592.23
1544799592.27
1544799592.36
1544799592.41
1544799592.45
1544799592.5
1544799592.57
1544799592.62
1544799592.66
1544799592.71
1544799592.78
1544799592.82
1544799592.87
1544799592.93
1544799593.0
1544799593.04
1544799593.07
1544799593.14
1544799593.21
1544799593.25
1544799593.3
1544799593.4
1544799593.44
1544799593.5
1544799593.56
1544799593.61
1544799593.64
1544799593.67
1544799593.72
1544799593.76
1544799593.82
1544799593.86
1544799593.92
1544799593.98
1544799594.03
1544799594.08
1544799594.14
1544799594.19
1544799594.23
1544799594.27
1544799594.33
1544799594.37
1544799594.41
1544799594.45
1544799594.49
1544799594.54
1544799594.57
1544799594.63
1544799594.68
1544799594.74
1544799594.81
1544799594.85
1544799594.89
1544799594.93
1544799594.98
1544799595.04
1544799595.11
1544799595.15
1544799595.2
1544799595.24
1544799595.29
1544799595.34
1544799595.42
1544799595.48
1544799595.53
1544799595.56
1544799595.62
1544799595.67
1544799595.75
1544799595.83
1544799595.91
1544799595.99
1544799596.05
1544799596.12
1544799596.17
1544799596.24
1544799596.29
1544799596.34
1544799596.38
1544799596.47
1544799596.53
1544799596.57
1544799596.62
1544799596.66
1544799596.7
1544799596.74
1544799596.79
1544799596.86
1544799596.92
1544799596.95
1544799597.0
1544799597.05
1544799597.09
1544799597.13
1544799597.17
1544799597.24
1544799597.29
1544799597.33
1544799597.38
1544799597.44
1544799597.5
1544799597.53
1544799597.57
1544799597.63
1544799597.67
1544799597.73
1544799597.77
1544799597.82
1544799597.87
1544799597.92
1544799597.96
1544799598.02
1544799598.1
1544799598.14
1544799598.17
1544799598.24
1544799598.3
1544799598.34
1544799598.39
1544799598.44
1544799598.5
1544799598.54
1544799598.57
1544799598.63
1544799598.67
1544799598.72
1544799598.76
1544799598.82
1544799598.88
1544799598.92
1544799598.96
1544799599.0
1544799599.05
1544799599.09
1544799599.14
1544799599.19
1544799599.24
1544799599.29
1544799599.32
1544799599.36
1544799599.39
1544799599.44
1544799599.5
1544799599.54
1544799599.59
1544799599.65
1544799599.7
1544799599.74
1544799599.79
1544799599.84
1544799599.89
1544799599.93
1544799599.97
1544799600.01
1544799600.06
1544799600.11
1544799600.14
1544799600.17
1544799600.22
1544799600.25
1544799600.3
1544799600.34
1544799600.39
1544799600.45
1544799600.49
1544799600.53
1544799600.57
1544799600.62
1544799600.65
1544799600.72
1544799600.75
1544799600.8
1544799600.86
1544799600.91
1544799600.95
1544799601.0
1544799601.04
1544799601.09
1544799601.12
1544799601.16
1544799601.23
1544799601.29
1544799601.34
1544799601.37
1544799601.43
1544799601.49
1544799601.52
1544799601.56
1544799601.64
1544799601.7
1544799601.77
1544799601.83
1544799601.87
1544799601.94
1544799602.01
1544799602.06
1544799602.11
1544799602.15
1544799602.21
1544799602.26
1544799602.32
1544799602.37
1544799602.43
1544799602.49
1544799602.53
1544799602.57
1544799602.64
1544799602.7
1544799602.77
1544799602.84
1544799602.89
1544799602.94
1544799602.98
1544799603.07
1544799603.15
1544799603.24
1544799603.32
1544799603.39
1544799603.45
1544799603.48
1544799603.54
1544799603.6
1544799603.67
1544799603.75
1544799603.85
1544799603.92
1544799603.99
1544799604.03
1544799604.07
1544799604.16
1544799604.23
1544799604.27
1544799604.33
1544799604.37
1544799604.41
1544799604.46
1544799604.5
1544799604.55
1544799604.6
1544799604.69
1544799604.73
1544799604.77
1544799604.81
1544799604.85
1544799604.9
1544799604.94
1544799604.97
1544799605.02
1544799605.06
1544799605.11
1544799605.15
1544799605.19
1544799605.24
1544799605.3
1544799605.34
1544799605.38
1544799605.45
1544799605.5
1544799605.53
1544799605.57
1544799605.61
1544799605.66
1544799605.71
1544799605.76
1544799605.84
1544799605.88
1544799605.93
1544799605.96
1544799606.01
1544799606.06
1544799606.11
1544799606.15
1544799606.2
1544799606.25
1544799606.3
1544799606.34
1544799606.39
1544799606.46
1544799606.51
1544799606.54
1544799606.58
1544799606.62
1544799606.66
1544799606.7
1544799606.75
1544799606.79
1544799606.86
1544799606.92
1544799606.96
1544799607.03
1544799607.08
1544799607.14
1544799607.17
1544799607.24
1544799607.29
1544799607.36
1544799607.44
1544799607.51
1544799607.58
1544799607.64
1544799607.7
1544799607.76
1544799607.82
1544799607.89
1544799607.95
1544799608.01
1544799608.06
1544799608.14
1544799608.22
1544799608.27
1544799608.35
1544799608.44
1544799608.5
1544799608.55
1544799608.61
1544799608.66
1544799608.72
1544799608.78
1544799608.82
1544799608.85
1544799608.89
1544799608.93
1544799608.97
1544799609.03
1544799609.07
1544799609.12
1544799609.15
1544799609.2
1544799609.26
1544799609.31
1544799609.35
1544799609.4
1544799609.45
1544799609.5
1544799609.55
1544799609.59
1544799609.64
1544799609.69
1544799609.74
1544799609.79
1544799609.83
1544799609.88
1544799609.93
1544799609.99
1544799610.02
1544799610.07
1544799610.12
1544799610.16
1544799610.2
1544799610.27
1544799610.31
1544799610.36
1544799610.4
1544799610.47
1544799610.51
1544799610.56
1544799610.61
1544799610.69
1544799610.74
1544799610.77
1544799610.85
1544799610.89
1544799610.92
1544799610.97
1544799611.05
1544799611.15
1544799611.22
1544799611.28
1544799611.33
1544799611.4
1544799611.45
1544799611.53
1544799611.59
1544799611.63
1544799611.69
1544799611.75
1544799611.83
1544799611.89
1544799611.93
1544799611.98
1544799612.02
1544799612.09
1544799612.14
1544799612.18
1544799612.24
1544799612.3
1544799612.33
1544799612.37
1544799612.42
1544799612.46
1544799612.5
1544799612.55
1544799612.59
1544799612.64
1544799612.69
1544799612.74
1544799612.79
1544799612.85
1544799612.9
1544799612.95
1544799613.01
1544799613.06
1544799613.1
1544799613.14
1544799613.18
1544799613.23
1544799613.28
1544799613.32
1544799613.36
1544799613.39
1544799613.45
1544799613.5
1544799613.54
1544799613.6
1544799613.66
1544799613.74
1544799613.82
1544799613.89
1544799613.96
1544799614.03
1544799614.1
1544799614.17
1544799614.24
1544799614.31
1544799614.36
1544799614.43
1544799614.48
1544799614.54
1544799614.62
1544799614.69
1544799614.75
1544799614.84
1544799614.94
1544799615.03
1544799615.12
1544799615.17
1544799615.25
1544799615.33
1544799615.36
1544799615.42
1544799615.48
1544799615.56
1544799615.65
1544799615.72
1544799615.8
