1544742118.29
1544742119.38
1544742119.51
1544742119.62
1544742119.72
1544742119.83
1544742119.97
1544742120.07
1544742120.18
1544742120.27
1544742120.36
1544742120.45
1544742120.52
1544742120.6
1544742120.66
1544742120.76
1544742120.83
1544742120.91
1544742120.99
1544742121.08
1544742121.16
1544742121.26
1544742121.34
1544742121.42
1544742121.51
1544742121.62
1544742121.71
1544742121.82
1544742121.9
1544742121.99
1544742122.11
1544742122.22
1544742122.32
1544742122.41
1544742122.5
1544742122.59
1544742122.66
1544742122.73
1544742122.79
1544742122.87
1544742122.98
1544742123.06
1544742123.14
1544742123.23
1544742123.31
1544742123.4
1544742123.48
1544742123.57
1544742123.65
1544742123.75
1544742123.86
1544742123.99
1544742124.09
1544742124.2
1544742124.36
1544742124.48
1544742124.58
1544742124.69
1544742124.78
1544742124.88
1544742124.97
1544742125.06
1544742125.16
1544742125.27
1544742125.37
1544742125.48
1544742125.6
1544742125.69
1544742125.81
1544742125.91
1544742126.03
1544742126.14
1544742126.21
1544742126.3
1544742126.38
1544742126.51
1544742126.63
1544742126.71
1544742126.82
1544742126.92
1544742127.02
1544742127.1
1544742127.17
1544742127.27
1544742127.33
1544742127.43
1544742127.49
1544742127.55
1544742127.65
1544742127.72
1544742127.85
1544742127.92
1544742128.01
1544742128.08
1544742128.14
1544742128.21
1544742128.28
1544742128.33
1544742128.41
1544742128.5
1544742128.58
1544742128.67
1544742128.74
1544742128.82
1544742128.89
1544742128.99
1544742129.08
1544742129.2
1544742129.29
1544742129.38
1544742129.48
1544742129.58
1544742129.69
1544742129.78
1544742129.87
1544742129.95
1544742130.04
1544742130.13
1544742130.22
1544742130.31
1544742130.4
1544742130.49
1544742130.57
1544742130.67
1544742130.77
1544742130.84
1544742130.92
1544742131.01
1544742131.09
1544742131.17
1544742131.26
1544742131.34
1544742131.42
1544742131.51
1544742131.59
1544742131.66
1544742131.72
1544742131.79
1544742131.89
1544742131.96
1544742132.06
1544742132.17
1544742132.25
1544742132.36
1544742132.45
1544742132.52
1544742132.6
1544742132.69
1544742132.8
1544742132.91
1544742132.99
1544742133.1
1544742133.2
1544742133.3
1544742133.4
1544742133.48
1544742133.56
1544742133.67
1544742133.75
1544742133.85
1544742133.93
1544742134.03
1544742134.1
1544742134.18
1544742134.28
1544742134.36
1544742134.42
1544742134.49
1544742134.55
1544742134.61
1544742134.68
1544742134.77
1544742134.84
1544742134.92
1544742134.99
1544742135.08
1544742135.17
1544742135.26
1544742135.34
1544742135.42
1544742135.49
1544742135.55
1544742135.6
1544742135.68
1544742135.74
1544742135.83
1544742135.92
1544742136.02
1544742136.1
1544742136.19
1544742136.27
1544742136.37
1544742136.46
1544742136.55
1544742136.64
1544742136.73
1544742136.82
1544742136.91
1544742137.0
1544742137.1
1544742137.17
1544742137.27
1544742137.37
1544742137.46
1544742137.52
1544742137.62
1544742137.69
1544742137.79
1544742137.88
1544742137.96
1544742138.02
1544742138.12
1544742138.2
1544742138.28
1544742138.36
1544742138.44
1544742138.51
1544742138.57
1544742138.62
1544742138.68
1544742138.74
1544742138.81
1544742138.87
1544742138.93
1544742139.0
1544742139.05
1544742139.11
1544742139.17
1544742139.23
1544742139.3
1544742139.36
1544742139.43
1544742139.49
1544742139.56
1544742139.62
1544742139.69
1544742139.76
1544742139.82
1544742139.9
1544742139.97
1544742140.03
1544742140.1
1544742140.18
1544742140.27
1544742140.36
1544742140.49
1544742140.62
1544742140.76
1544742140.87
1544742140.99
1544742141.1
1544742141.19
1544742141.25
1544742141.35
1544742141.43
1544742141.53
1544742141.6
1544742141.68
1544742141.74
1544742141.82
1544742141.89
1544742141.97
1544742142.08
1544742142.19
1544742142.29
1544742142.39
1544742142.49
1544742142.57
1544742142.67
1544742142.72
1544742142.79
1544742142.88
1544742142.98
1544742143.08
1544742143.16
1544742143.24
1544742143.32
1544742143.41
1544742143.48
1544742143.54
1544742143.63
1544742143.73
1544742143.81
1544742143.89
1544742143.98
1544742144.08
1544742144.17
1544742144.26
1544742144.32
1544742144.39
1544742144.45
1544742144.52
1544742144.59
1544742144.66
1544742144.72
1544742144.79
1544742144.86
1544742144.93
1544742144.99
1544742145.06
1544742145.12
1544742145.21
1544742145.28
1544742145.36
1544742145.45
1544742145.52
1544742145.63
1544742145.71
1544742145.78
1544742145.89
1544742146.02
1544742146.11
1544742146.21
1544742146.29
1544742146.39
1544742146.49
1544742146.58
1544742146.65
1544742146.75
1544742146.8
1544742146.86
1544742146.92
1544742146.98
1544742147.03
1544742147.09
1544742147.16
1544742147.22
1544742147.28
1544742147.34
1544742147.41
1544742147.53
1544742147.63
1544742147.72
1544742147.81
1544742147.89
1544742147.98
1544742148.07
1544742148.16
1544742148.23
1544742148.32
1544742148.4
1544742148.48
1544742148.55
1544742148.62
1544742148.7
1544742148.78
1544742148.85
1544742148.93
1544742149.0
1544742149.09
1544742149.13
1544742149.21
1544742149.29
1544742149.36
1544742149.43
1544742149.51
1544742149.59
1544742149.67
1544742149.75
1544742149.85
1544742149.92
1544742150.01
1544742150.05
1544742150.12
1544742150.23
1544742150.32
1544742150.4
1544742150.5
1544742150.58
1544742150.67
1544742150.78
1544742150.88
1544742150.95
1544742151.02
1544742151.08
1544742151.15
1544742151.22
1544742151.28
1544742151.34
1544742151.41
1544742151.52
1544742151.61
1544742151.69
1544742151.78
1544742151.87
1544742151.96
1544742152.03
1544742152.14
1544742152.23
1544742152.37
1544742152.47
1544742152.58
1544742152.67
1544742152.79
1544742152.87
1544742152.98
1544742153.07
1544742153.14
1544742153.19
1544742153.27
1544742153.35
1544742153.42
1544742153.5
1544742153.57
1544742153.64
1544742153.72
1544742153.8
1544742153.87
1544742153.94
1544742154.01
1544742154.09
1544742154.19
1544742154.27
1544742154.33
1544742154.4
1544742154.48
1544742154.54
1544742154.6
1544742154.68
1544742154.77
1544742154.85
1544742154.96
1544742155.04
1544742155.13
1544742155.23
1544742155.32
1544742155.39
1544742155.46
1544742155.52
1544742155.59
1544742155.67
1544742155.74
1544742155.81
1544742155.87
1544742155.94
1544742156.03
1544742156.14
1544742156.3
1544742156.37
1544742156.47
1544742156.57
1544742156.65
1544742156.77
1544742156.86
1544742156.93
1544742157.0
1544742157.07
1544742157.18
1544742157.29
1544742157.41
1544742157.51
1544742157.64
1544742157.75
1544742157.87
1544742157.95
1544742158.05
1544742158.12
1544742158.23
1544742158.3
1544742158.43
1544742158.51
1544742158.62
1544742158.7
1544742158.78
1544742158.85
1544742158.92
1544742159.0
1544742159.07
1544742159.13
1544742159.2
1544742159.26
1544742159.32
1544742159.39
1544742159.45
1544742159.51
1544742159.58
1544742159.63
1544742159.7
1544742159.75
1544742159.88
1544742159.96
1544742160.06
1544742160.12
1544742160.21
1544742160.33
1544742160.42
1544742160.5
1544742160.58
1544742160.68
1544742160.78
1544742160.9
1544742161.03
1544742161.1
1544742161.18
1544742161.27
1544742161.37
1544742161.48
1544742161.58
1544742161.66
1544742161.72
1544742161.79
1544742161.86
1544742161.92
1544742161.99
1544742162.05
1544742162.14
1544742162.22
1544742162.32
1544742162.39
1544742162.47
1544742162.56
1544742162.65
1544742162.74
1544742162.82
1544742162.91
1544742163.01
1544742163.08
1544742163.2
1544742163.29
1544742163.35
1544742163.43
1544742163.54
1544742163.63
1544742163.71
1544742163.85
1544742163.95
1544742164.02
1544742164.13
1544742164.23
1544742164.33
1544742164.42
1544742164.51
1544742164.6
1544742164.68
1544742164.77
1544742164.81
1544742164.85
1544742164.92
1544742164.96
1544742165.03
1544742165.08
1544742165.13
1544742165.18
1544742165.23
1544742165.28
1544742165.34
1544742165.39
1544742165.43
1544742165.48
1544742165.53
1544742165.58
1544742165.63
1544742165.68
1544742165.73
1544742165.8
1544742165.86
1544742165.92
1544742165.98
1544742166.03
1544742166.09
1544742166.15
1544742166.2
1544742166.27
1544742166.33
1544742166.39
1544742166.46
1544742166.51
1544742166.58
1544742166.64
1544742166.71
1544742166.77
1544742166.83
1544742166.9
1544742166.96
1544742167.01
1544742167.09
1544742167.16
1544742167.23
1544742167.3
1544742167.35
1544742167.43
1544742167.5
1544742167.57
1544742167.64
1544742167.7
1544742167.77
1544742167.82
1544742167.89
1544742167.96
1544742168.01
1544742168.08
1544742168.18
1544742168.23
1544742168.29
1544742168.37
1544742168.44
1544742168.51
1544742168.59
1544742168.66
1544742168.73
1544742168.78
1544742168.82
1544742168.87
1544742168.95
1544742169.04
1544742169.12
1544742169.2
1544742169.27
1544742169.36
1544742169.44
1544742169.51
1544742169.59
1544742169.66
1544742169.72
1544742169.78
1544742169.87
1544742169.95
1544742170.01
1544742170.08
1544742170.15
1544742170.21
1544742170.28
1544742170.35
1544742170.42
1544742170.49
1544742170.55
1544742170.61
1544742170.66
1544742170.71
1544742170.79
1544742170.87
1544742170.95
1544742171.01
1544742171.08
1544742171.14
1544742171.19
1544742171.25
1544742171.31
1544742171.35
1544742171.42
1544742171.49
1544742171.55
1544742171.62
1544742171.7
1544742171.77
1544742171.84
1544742171.88
1544742171.94
1544742172.02
1544742172.1
1544742172.15
1544742172.21
1544742172.28
1544742172.35
1544742172.41
1544742172.48
1544742172.57
1544742172.65
1544742172.7
1544742172.77
1544742172.84
1544742172.91
1544742172.98
1544742173.05
1544742173.09
1544742173.13
1544742173.22
1544742173.34
1544742173.43
1544742173.48
1544742173.52
1544742173.56
1544742173.62
1544742173.69
1544742173.74
1544742173.8
1544742173.86
1544742173.92
1544742173.99
1544742174.05
1544742174.11
1544742174.17
1544742174.23
1544742174.29
1544742174.35
1544742174.42
1544742174.47
1544742174.54
1544742174.6
1544742174.66
1544742174.72
1544742174.79
1544742174.84
1544742174.91
1544742174.98
1544742175.04
1544742175.1
1544742175.18
1544742175.24
1544742175.31
1544742175.38
1544742175.45
1544742175.51
1544742175.59
1544742175.67
1544742175.76
1544742175.82
1544742175.91
1544742175.99
1544742176.06
1544742176.12
1544742176.16
1544742176.26
1544742176.34
1544742176.43
1544742176.52
1544742176.6
1544742176.67
1544742176.74
1544742176.81
1544742176.88
1544742176.94
1544742176.99
1544742177.05
1544742177.12
1544742177.19
1544742177.26
1544742177.32
1544742177.4
1544742177.46
1544742177.53
1544742177.57
1544742177.66
1544742177.74
1544742177.8
1544742177.87
1544742177.94
1544742178.02
1544742178.09
1544742178.15
1544742178.22
1544742178.29
1544742178.35
1544742178.42
1544742178.49
1544742178.55
1544742178.61
1544742178.7
1544742178.79
1544742178.88
1544742178.97
1544742179.06
1544742179.16
1544742179.24
1544742179.31
1544742179.39
1544742179.48
1544742179.57
1544742179.63
1544742179.72
1544742179.81
1544742179.9
1544742179.98
1544742180.03
1544742180.08
1544742180.17
1544742180.26
1544742180.36
1544742180.44
1544742180.52
1544742180.58
1544742180.63
1544742180.69
1544742180.76
1544742180.83
1544742180.89
1544742180.96
1544742181.02
1544742181.09
1544742181.16
1544742181.25
1544742181.33
1544742181.39
1544742181.48
1544742181.53
1544742181.61
1544742181.67
1544742181.74
1544742181.8
1544742181.85
1544742181.92
1544742181.97
1544742182.02
1544742182.08
1544742182.16
1544742182.26
1544742182.31
1544742182.46
1544742182.54
1544742182.62
1544742182.69
1544742182.76
1544742182.82
1544742182.89
1544742182.96
1544742183.07
1544742183.14
1544742183.21
1544742183.3
1544742183.38
1544742183.46
1544742183.51
1544742183.58
1544742183.65
1544742183.71
1544742183.78
1544742183.84
1544742183.91
1544742183.97
1544742184.03
1544742184.1
1544742184.17
1544742184.22
1544742184.33
1544742184.4
1544742184.47
1544742184.54
1544742184.61
1544742184.7
1544742184.78
1544742184.85
1544742184.95
1544742185.02
1544742185.12
1544742185.2
1544742185.28
1544742185.35
1544742185.42
1544742185.51
1544742185.59
1544742185.66
1544742185.73
1544742185.79
1544742185.87
1544742185.95
1544742186.02
1544742186.1
1544742186.16
1544742186.23
1544742186.3
1544742186.36
1544742186.42
1544742186.48
1544742186.54
1544742186.6
1544742186.67
1544742186.74
1544742186.8
1544742186.86
1544742186.92
1544742187.0
1544742187.06
1544742187.13
1544742187.2
1544742187.27
1544742187.33
1544742187.38
1544742187.42
1544742187.49
1544742187.57
1544742187.65
1544742187.72
1544742187.78
1544742187.84
1544742187.88
1544742187.98
1544742188.05
1544742188.15
1544742188.21
1544742188.27
1544742188.33
1544742188.38
1544742188.42
1544742188.48
1544742188.56
1544742188.64
1544742188.71
1544742188.79
1544742188.86
1544742188.92
1544742188.98
1544742189.09
1544742189.16
1544742189.22
1544742189.28
1544742189.34
1544742189.4
1544742189.49
1544742189.57
1544742189.63
1544742189.73
1544742189.79
1544742189.87
1544742189.96
1544742190.03
1544742190.1
1544742190.18
1544742190.27
1544742190.33
1544742190.37
1544742190.42
1544742190.51
1544742190.57
1544742190.65
1544742190.71
1544742190.79
1544742190.85
1544742190.92
1544742190.97
1544742191.01
1544742191.05
1544742191.1
1544742191.15
1544742191.21
1544742191.27
1544742191.31
1544742191.37
1544742191.44
1544742191.49
1544742191.53
1544742191.62
1544742191.69
1544742191.76
1544742191.82
1544742191.89
1544742191.95
1544742192.02
1544742192.08
1544742192.13
1544742192.2
1544742192.26
1544742192.32
1544742192.38
1544742192.44
1544742192.52
1544742192.59
1544742192.67
1544742192.76
1544742192.82
1544742192.91
1544742192.97
1544742193.03
1544742193.2
1544742193.29
1544742193.36
1544742193.42
1544742193.52
1544742193.59
1544742193.68
1544742193.8
1544742193.88
1544742193.97
1544742194.02
1544742194.07
1544742194.15
1544742194.22
1544742194.29
1544742194.36
1544742194.42
1544742194.54
1544742194.66
1544742194.78
1544742194.9
1544742194.98
1544742195.04
1544742195.09
1544742195.16
1544742195.21
1544742195.29
1544742195.37
1544742195.42
1544742195.5
1544742195.6
1544742195.67
1544742195.74
1544742195.8
1544742195.9
1544742196.02
1544742196.09
1544742196.17
1544742196.24
1544742196.31
1544742196.37
1544742196.43
1544742196.52
1544742196.6
1544742196.68
1544742196.76
1544742196.81
1544742196.89
1544742196.98
1544742197.06
1544742197.12
1544742197.19
1544742197.26
1544742197.32
1544742197.39
1544742197.45
1544742197.51
1544742197.59
1544742197.65
1544742197.72
1544742197.79
1544742197.89
1544742197.97
1544742198.07
1544742198.15
1544742198.21
1544742198.29
1544742198.36
1544742198.43
1544742198.51
1544742198.57
1544742198.65
1544742198.71
1544742198.79
1544742198.87
1544742198.93
1544742198.99
1544742199.06
1544742199.11
1544742199.17
1544742199.24
1544742199.28
1544742199.32
1544742199.41
1544742199.48
1544742199.58
1544742199.65
1544742199.71
1544742199.78
1544742199.84
1544742199.89
1544742199.94
1544742199.99
1544742200.04
1544742200.09
1544742200.14
1544742200.2
1544742200.3
1544742200.37
1544742200.45
1544742200.53
1544742200.61
1544742200.7
1544742200.8
1544742200.87
1544742200.94
1544742200.98
1544742201.06
1544742201.12
1544742201.18
1544742201.25
1544742201.31
1544742201.37
1544742201.44
1544742201.5
1544742201.55
1544742201.61
1544742201.68
1544742201.72
1544742201.79
1544742201.84
1544742201.89
1544742201.95
1544742202.01
1544742202.08
1544742202.15
1544742202.27
1544742202.36
1544742202.42
1544742202.47
1544742202.53
1544742202.59
1544742202.67
1544742202.75
1544742202.82
1544742202.89
1544742202.94
1544742203.02
1544742203.08
1544742203.12
1544742203.17
1544742203.26
1544742203.32
1544742203.41
1544742203.46
1544742203.5
1544742203.57
1544742203.65
1544742203.72
1544742203.8
1544742203.87
1544742203.93
1544742204.02
1544742204.1
1544742204.17
1544742204.24
1544742204.32
1544742204.39
1544742204.46
1544742204.52
1544742204.59
1544742204.66
1544742204.72
1544742204.78
1544742204.82
1544742204.86
1544742204.92
1544742205.0
1544742205.08
1544742205.12
1544742205.24
1544742205.31
1544742205.4
1544742205.47
1544742205.54
1544742205.61
1544742205.7
1544742205.76
1544742205.81
1544742205.91
1544742205.99
1544742206.07
1544742206.13
1544742206.22
1544742206.31
1544742206.41
1544742206.47
1544742206.55
1544742206.63
1544742206.72
1544742206.81
1544742206.87
1544742206.95
1544742207.03
1544742207.12
1544742207.2
1544742207.29
1544742207.37
1544742207.45
1544742207.54
1544742207.64
1544742207.74
1544742207.8
1544742207.85
1544742207.91
1544742207.98
1544742208.05
1544742208.08
1544742208.12
1544742208.22
1544742208.28
1544742208.33
1544742208.42
1544742208.48
1544742208.52
1544742208.61
1544742208.68
1544742208.73
1544742208.85
1544742208.97
1544742209.03
1544742209.08
1544742209.11
1544742209.19
1544742209.26
1544742209.32
1544742209.42
1544742209.47
1544742209.51
1544742209.58
1544742209.65
1544742209.71
1544742209.79
1544742209.86
1544742209.92
1544742209.99
1544742210.05
1544742210.12
1544742210.18
1544742210.24
1544742210.29
1544742210.38
1544742210.45
1544742210.53
1544742210.6
1544742210.66
1544742210.72
1544742210.8
1544742210.85
1544742210.94
1544742210.99
1544742211.06
1544742211.12
1544742211.2
1544742211.26
1544742211.32
1544742211.39
1544742211.44
1544742211.5
1544742211.59
1544742211.65
1544742211.75
1544742211.78
1544742211.88
1544742211.95
1544742212.01
1544742212.09
1544742212.16
1544742212.22
1544742212.28
1544742212.34
1544742212.41
1544742212.46
1544742212.52
1544742212.57
1544742212.62
1544742212.69
1544742212.76
1544742212.86
1544742212.94
1544742213.01
1544742213.09
1544742213.16
1544742213.22
1544742213.3
1544742213.36
1544742213.42
1544742213.5
1544742213.56
1544742213.65
1544742213.74
1544742213.81
1544742213.89
1544742213.95
1544742214.02
1544742214.11
1544742214.17
1544742214.23
1544742214.3
1544742214.38
1544742214.46
1544742214.52
1544742214.59
1544742214.66
1544742214.72
1544742214.78
1544742214.85
1544742214.92
1544742214.99
1544742215.05
1544742215.13
1544742215.22
1544742215.3
1544742215.38
1544742215.48
1544742215.56
1544742215.63
1544742215.72
1544742215.79
1544742215.85
1544742215.94
1544742216.01
1544742216.09
1544742216.17
1544742216.23
1544742216.32
1544742216.39
1544742216.47
1544742216.51
1544742216.57
1544742216.66
1544742216.74
1544742216.81
1544742216.89
1544742216.95
1544742217.02
1544742217.1
1544742217.17
1544742217.22
1544742217.28
1544742217.33
1544742217.4
1544742217.45
1544742217.5
1544742217.55
1544742217.62
1544742217.67
1544742217.74
1544742217.82
1544742217.9
1544742217.95
1544742218.05
1544742218.15
1544742218.23
1544742218.3
1544742218.38
1544742218.44
1544742218.51
1544742218.57
1544742218.64
1544742218.7
1544742218.77
1544742218.83
1544742218.9
1544742218.96
1544742219.03
1544742219.1
1544742219.17
1544742219.21
1544742219.26
1544742219.3
1544742219.38
1544742219.44
1544742219.52
1544742219.59
1544742219.66
1544742219.73
1544742219.78
1544742219.84
1544742219.9
1544742219.96
1544742220.03
1544742220.09
1544742220.15
1544742220.19
1544742220.25
1544742220.3
1544742220.36
1544742220.42
1544742220.48
1544742220.53
1544742220.59
1544742220.65
1544742220.7
1544742220.75
1544742220.8
1544742220.86
1544742220.91
1544742220.97
1544742221.04
1544742221.13
1544742221.19
1544742221.27
1544742221.33
1544742221.4
1544742221.46
1544742221.52
1544742221.58
1544742221.65
1544742221.75
1544742221.86
1544742221.89
1544742221.93
1544742221.98
1544742222.07
1544742222.14
1544742222.21
1544742222.29
1544742222.35
1544742222.41
1544742222.48
1544742222.55
1544742222.61
1544742222.68
1544742222.76
1544742222.83
1544742222.9
1544742222.97
1544742223.07
1544742223.13
1544742223.18
1544742223.26
1544742223.32
1544742223.39
1544742223.47
1544742223.53
1544742223.61
1544742223.67
1544742223.72
1544742223.81
1544742223.87
1544742223.91
1544742223.99
1544742224.07
1544742224.11
1544742224.15
1544742224.24
1544742224.32
1544742224.38
1544742224.44
1544742224.5
1544742224.57
1544742224.64
1544742224.7
1544742224.77
1544742224.84
1544742224.9
1544742224.97
1544742225.04
1544742225.1
1544742225.15
1544742225.21
1544742225.32
1544742225.39
1544742225.48
1544742225.57
1544742225.62
1544742225.71
1544742225.78
1544742225.85
1544742225.92
1544742226.02
1544742226.09
1544742226.17
1544742226.23
1544742226.3
1544742226.37
1544742226.43
1544742226.49
1544742226.58
1544742226.65
1544742226.71
1544742226.78
1544742226.85
1544742226.9
1544742226.98
1544742227.07
1544742227.15
1544742227.24
1544742227.33
1544742227.39
1544742227.47
1544742227.53
1544742227.63
1544742227.72
1544742227.8
1544742227.9
1544742227.98
1544742228.02
1544742228.12
1544742228.21
1544742228.29
1544742228.35
1544742228.42
1544742228.47
1544742228.54
1544742228.62
1544742228.68
1544742228.73
1544742228.8
1544742228.87
1544742228.93
1544742228.99
1544742229.04
1544742229.1
1544742229.17
1544742229.27
1544742229.36
1544742229.43
1544742229.51
1544742229.57
1544742229.65
1544742229.72
1544742229.81
1544742229.88
1544742229.96
1544742230.02
1544742230.09
1544742230.16
1544742230.24
1544742230.3
1544742230.36
1544742230.4
1544742230.48
1544742230.56
1544742230.63
1544742230.7
1544742230.77
1544742230.82
1544742230.89
1544742230.95
1544742231.01
1544742231.09
1544742231.16
1544742231.23
1544742231.28
1544742231.33
1544742231.38
1544742231.44
1544742231.52
1544742231.57
1544742231.63
1544742231.69
1544742231.75
1544742231.81
1544742231.87
1544742231.92
1544742231.99
1544742232.06
1544742232.12
1544742232.18
1544742232.24
1544742232.29
1544742232.34
1544742232.41
1544742232.5
1544742232.57
1544742232.64
1544742232.7
1544742232.77
1544742232.81
1544742232.86
1544742232.95
1544742233.02
1544742233.08
1544742233.15
1544742233.21
1544742233.29
1544742233.36
1544742233.43
1544742233.51
1544742233.58
1544742233.67
1544742233.76
1544742233.83
1544742233.89
1544742233.96
1544742234.06
1544742234.12
1544742234.2
1544742234.26
1544742234.33
1544742234.41
1544742234.49
1544742234.55
1544742234.62
1544742234.69
1544742234.76
1544742234.81
1544742234.9
1544742234.97
1544742235.05
1544742235.12
1544742235.19
1544742235.26
1544742235.32
1544742235.39
1544742235.47
1544742235.55
1544742235.63
1544742235.7
1544742235.8
1544742235.89
1544742235.98
1544742236.07
1544742236.15
1544742236.22
1544742236.28
1544742236.34
1544742236.4
1544742236.47
1544742236.53
1544742236.59
1544742236.67
1544742236.73
1544742236.79
1544742236.86
1544742236.92
1544742236.98
1544742237.04
1544742237.11
1544742237.17
1544742237.27
1544742237.36
1544742237.44
1544742237.52
1544742237.61
1544742237.66
1544742237.72
1544742237.79
1544742237.85
1544742237.93
1544742237.99
1544742238.05
1544742238.13
1544742238.18
1544742238.25
1544742238.31
1544742238.4
1544742238.5
1544742238.58
1544742238.64
1544742238.71
1544742238.79
1544742238.85
1544742238.91
1544742238.97
1544742239.05
1544742239.11
1544742239.18
1544742239.26
1544742239.32
1544742239.38
1544742239.47
1544742239.55
1544742239.61
1544742239.68
1544742239.77
1544742239.83
1544742239.92
1544742239.98
1544742240.05
1544742240.13
1544742240.2
1544742240.28
1544742240.36
1544742240.42
1544742240.48
1544742240.54
1544742240.6
1544742240.67
1544742240.73
1544742240.78
1544742240.82
1544742240.91
1544742240.97
1544742241.09
1544742241.17
1544742241.24
1544742241.32
1544742241.38
1544742241.44
1544742241.55
1544742241.61
1544742241.73
1544742241.83
1544742241.89
1544742241.96
1544742242.01
1544742242.07
1544742242.13
1544742242.2
1544742242.26
1544742242.35
1544742242.42
1544742242.49
1544742242.55
1544742242.63
1544742242.69
1544742242.74
1544742242.78
1544742242.83
1544742242.9
1544742242.97
1544742243.03
1544742243.11
1544742243.2
1544742243.28
1544742243.32
1544742243.37
1544742243.42
1544742243.49
1544742243.57
1544742243.7
1544742243.78
1544742243.84
1544742243.9
1544742243.95
1544742243.99
1544742244.07
1544742244.13
1544742244.2
1544742244.26
1544742244.32
1544742244.38
1544742244.47
1544742244.55
1544742244.62
1544742244.68
1544742244.75
1544742244.82
1544742244.9
1544742244.96
1544742245.04
1544742245.12
1544742245.2
1544742245.27
1544742245.35
1544742245.41
1544742245.49
1544742245.57
1544742245.66
1544742245.72
1544742245.78
1544742245.82
1544742245.91
1544742246.0
1544742246.08
1544742246.17
1544742246.24
1544742246.3
1544742246.37
1544742246.43
1544742246.5
1544742246.56
1544742246.62
1544742246.67
1544742246.74
1544742246.8
1544742246.88
1544742246.94
1544742247.01
1544742247.08
1544742247.15
1544742247.21
1544742247.28
1544742247.34
1544742247.42
1544742247.47
1544742247.53
1544742247.6
1544742247.68
1544742247.75
1544742247.82
1544742247.9
1544742247.97
1544742248.04
1544742248.1
1544742248.18
1544742248.23
1544742248.31
1544742248.4
1544742248.47
1544742248.56
1544742248.63
1544742248.69
1544742248.77
1544742248.84
1544742248.9
1544742248.97
1544742249.02
1544742249.08
1544742249.15
1544742249.21
1544742249.28
1544742249.36
1544742249.42
1544742249.48
1544742249.54
1544742249.6
1544742249.65
1544742249.69
1544742249.77
1544742249.83
1544742249.9
1544742249.99
1544742250.05
1544742250.11
1544742250.16
1544742250.25
1544742250.32
1544742250.39
1544742250.47
1544742250.53
1544742250.6
1544742250.67
1544742250.73
1544742250.8
1544742250.86
1544742250.94
1544742251.0
1544742251.05
1544742251.12
1544742251.18
1544742251.24
1544742251.3
1544742251.35
1544742251.41
1544742251.46
1544742251.51
1544742251.56
1544742251.62
1544742251.7
1544742251.76
1544742251.83
1544742251.9
1544742251.97
1544742252.03
1544742252.11
1544742252.18
1544742252.24
1544742252.32
1544742252.39
1544742252.46
1544742252.53
1544742252.61
1544742252.69
1544742252.77
1544742252.85
1544742252.93
1544742253.01
1544742253.08
1544742253.15
1544742253.28
1544742253.38
1544742253.46
1544742253.55
1544742253.61
1544742253.68
1544742253.74
1544742253.8
1544742253.87
1544742253.93
1544742253.99
1544742254.04
1544742254.11
1544742254.18
1544742254.24
1544742254.29
1544742254.33
1544742254.39
1544742254.44
1544742254.52
1544742254.59
1544742254.65
1544742254.71
1544742254.76
1544742254.82
1544742254.89
1544742254.94
1544742255.01
1544742255.06
1544742255.12
1544742255.2
1544742255.27
1544742255.33
1544742255.4
1544742255.47
1544742255.52
1544742255.59
1544742255.67
1544742255.74
1544742255.8
1544742255.88
1544742255.95
1544742256.01
1544742256.09
1544742256.17
1544742256.24
1544742256.31
1544742256.37
1544742256.44
1544742256.52
1544742256.6
1544742256.67
1544742256.76
1544742256.83
1544742256.91
1544742256.99
1544742257.06
1544742257.16
1544742257.21
1544742257.28
1544742257.35
1544742257.43
1544742257.49
1544742257.59
1544742257.65
1544742257.7
1544742257.76
1544742257.85
1544742257.91
1544742258.0
1544742258.1
1544742258.18
1544742258.26
1544742258.33
1544742258.39
1544742258.47
1544742258.55
1544742258.64
1544742258.78
1544742258.89
1544742258.97
1544742259.03
1544742259.1
1544742259.16
1544742259.24
1544742259.29
1544742259.35
1544742259.42
1544742259.48
1544742259.52
1544742259.61
1544742259.68
1544742259.75
1544742259.84
1544742259.89
1544742259.93
1544742260.0
1544742260.1
1544742260.19
1544742260.26
1544742260.31
1544742260.37
1544742260.43
1544742260.49
1544742260.54
1544742260.58
1544742260.66
1544742260.71
1544742260.78
1544742260.87
1544742260.94
1544742261.02
1544742261.09
1544742261.18
1544742261.31
1544742261.42
1544742261.53
1544742261.61
1544742261.7
1544742261.81
1544742261.9
1544742261.96
1544742262.02
1544742262.08
1544742262.13
1544742262.19
1544742262.26
1544742262.34
1544742262.43
1544742262.52
1544742262.57
1544742262.63
1544742262.7
1544742262.77
1544742262.83
1544742262.9
1544742262.97
1544742263.0
1544742263.09
1544742263.17
1544742263.23
1544742263.31
1544742263.4
1544742263.46
1544742263.54
1544742263.64
1544742263.71
1544742263.82
1544742263.9
1544742263.97
1544742264.05
1544742264.13
1544742264.23
1544742264.32
1544742264.42
1544742264.47
1544742264.53
1544742264.62
1544742264.71
1544742264.78
1544742264.84
1544742264.89
1544742264.95
1544742265.02
1544742265.1
1544742265.18
1544742265.26
1544742265.33
1544742265.42
1544742265.47
1544742265.52
1544742265.59
1544742265.66
1544742265.71
1544742265.79
1544742265.86
1544742265.93
1544742266.01
1544742266.08
1544742266.18
1544742266.28
1544742266.35
1544742266.4
1544742266.48
1544742266.58
1544742266.67
1544742266.74
1544742266.83
1544742266.95
1544742267.05
1544742267.15
1544742267.23
1544742267.32
1544742267.4
1544742267.49
1544742267.58
1544742267.67
1544742267.75
1544742267.81
1544742267.87
1544742267.94
1544742268.0
1544742268.06
1544742268.12
1544742268.19
1544742268.26
1544742268.34
1544742268.42
1544742268.52
1544742268.61
1544742268.69
1544742268.77
1544742268.84
1544742268.91
1544742268.99
1544742269.06
1544742269.13
1544742269.21
1544742269.29
1544742269.36
1544742269.43
1544742269.49
1544742269.56
1544742269.62
1544742269.69
1544742269.77
1544742269.85
1544742269.91
1544742269.98
1544742270.05
1544742270.12
1544742270.17
1544742270.23
1544742270.3
1544742270.41
1544742270.47
1544742270.53
1544742270.59
1544742270.66
1544742270.71
1544742270.78
1544742270.85
1544742270.92
1544742270.98
1544742271.05
1544742271.12
1544742271.18
1544742271.24
1544742271.3
1544742271.36
1544742271.41
1544742271.47
1544742271.52
1544742271.61
1544742271.7
1544742271.79
1544742271.85
1544742271.91
1544742271.98
1544742272.04
1544742272.1
1544742272.16
1544742272.23
1544742272.29
1544742272.35
1544742272.42
1544742272.47
1544742272.54
1544742272.6
1544742272.66
1544742272.73
1544742272.8
1544742272.87
1544742272.93
1544742273.0
1544742273.07
1544742273.14
1544742273.22
1544742273.28
1544742273.35
1544742273.41
1544742273.48
1544742273.54
1544742273.61
1544742273.66
1544742273.72
1544742273.77
1544742273.83
1544742273.89
1544742273.96
1544742274.02
1544742274.08
1544742274.14
1544742274.19
1544742274.29
1544742274.38
1544742274.45
1544742274.56
1544742274.66
1544742274.73
1544742274.81
1544742274.89
1544742274.98
1544742275.06
1544742275.19
1544742275.32
1544742275.4
1544742275.49
1544742275.57
1544742275.65
1544742275.73
1544742275.83
1544742275.94
1544742276.03
1544742276.13
1544742276.21
1544742276.3
1544742276.38
1544742276.49
1544742276.57
1544742276.67
1544742276.75
1544742276.85
1544742276.92
1544742277.03
1544742277.12
1544742277.23
1544742277.29
1544742277.36
1544742277.42
1544742277.48
1544742277.54
1544742277.61
1544742277.7
1544742277.8
1544742277.85
1544742277.91
1544742277.97
1544742278.03
1544742278.1
1544742278.16
1544742278.22
1544742278.29
1544742278.35
1544742278.42
1544742278.47
1544742278.52
1544742278.6
1544742278.67
1544742278.73
1544742278.81
1544742278.88
1544742278.93
1544742279.03
1544742279.11
1544742279.17
1544742279.23
1544742279.29
1544742279.35
1544742279.4
1544742279.46
1544742279.52
1544742279.57
1544742279.62
1544742279.66
1544742279.69
1544742279.77
1544742279.84
1544742279.9
1544742279.95
1544742280.04
1544742280.1
1544742280.17
1544742280.22
1544742280.27
1544742280.31
1544742280.37
1544742280.43
1544742280.52
1544742280.59
1544742280.69
1544742280.76
1544742280.82
1544742280.86
1544742280.9
1544742280.97
1544742281.04
1544742281.11
1544742281.18
1544742281.24
1544742281.31
1544742281.37
1544742281.44
1544742281.51
1544742281.57
1544742281.63
1544742281.7
1544742281.76
1544742281.83
1544742281.9
1544742281.97
1544742282.05
1544742282.11
1544742282.19
1544742282.28
1544742282.36
1544742282.4
1544742282.48
1544742282.58
1544742282.66
1544742282.74
1544742282.8
1544742282.86
1544742282.92
1544742282.98
1544742283.07
1544742283.15
1544742283.2
1544742283.28
1544742283.35
1544742283.41
1544742283.48
1544742283.58
1544742283.66
1544742283.77
1544742283.81
1544742283.9
1544742284.0
1544742284.1
1544742284.16
1544742284.24
1544742284.3
1544742284.36
1544742284.45
1544742284.53
1544742284.59
1544742284.67
1544742284.75
1544742284.8
1544742284.89
1544742284.97
1544742285.02
1544742285.08
1544742285.12
1544742285.17
1544742285.21
1544742285.28
1544742285.33
1544742285.4
1544742285.45
1544742285.51
1544742285.58
1544742285.63
1544742285.7
1544742285.76
1544742285.8
1544742285.85
1544742285.93
1544742285.97
1544742286.03
1544742286.1
1544742286.15
1544742286.23
1544742286.3
1544742286.38
1544742286.45
1544742286.52
1544742286.56
1544742286.64
1544742286.71
1544742286.76
1544742286.81
1544742286.88
1544742286.95
1544742287.0
1544742287.09
1544742287.17
1544742287.23
1544742287.3
1544742287.35
1544742287.42
1544742287.49
1544742287.55
1544742287.62
1544742287.68
1544742287.74
1544742287.8
1544742287.87
1544742287.94
1544742288.0
1544742288.06
1544742288.11
1544742288.17
1544742288.27
1544742288.34
1544742288.43
1544742288.5
1544742288.59
1544742288.69
1544742288.78
1544742288.87
1544742288.95
1544742289.03
1544742289.11
1544742289.2
1544742289.28
1544742289.38
1544742289.45
1544742289.55
1544742289.63
1544742289.72
1544742289.77
1544742289.85
1544742289.95
1544742290.02
1544742290.11
1544742290.2
1544742290.29
1544742290.38
1544742290.46
1544742290.56
1544742290.65
1544742290.75
1544742290.82
1544742290.91
1544742290.99
1544742291.05
1544742291.11
1544742291.2
1544742291.28
1544742291.35
1544742291.41
1544742291.47
1544742291.54
1544742291.62
1544742291.72
1544742291.82
1544742291.91
1544742291.98
1544742292.08
1544742292.15
1544742292.25
1544742292.33
1544742292.43
1544742292.51
1544742292.58
1544742292.65
1544742292.68
1544742292.72
1544742292.81
1544742292.88
1544742292.94
1544742293.0
1544742293.06
1544742293.12
1544742293.18
1544742293.26
1544742293.33
1544742293.41
1544742293.48
1544742293.57
1544742293.64
1544742293.72
1544742293.81
1544742293.89
1544742293.97
1544742294.04
1544742294.12
1544742294.19
1544742294.27
1544742294.38
1544742294.47
1544742294.57
1544742294.65
1544742294.71
1544742294.76
1544742294.87
1544742294.92
1544742294.97
1544742295.01
1544742295.1
1544742295.2
1544742295.27
1544742295.33
1544742295.4
1544742295.52
1544742295.6
1544742295.68
1544742295.75
1544742295.81
1544742295.86
1544742295.91
1544742295.98
1544742296.04
1544742296.11
1544742296.16
1544742296.21
1544742296.28
1544742296.35
1544742296.39
1544742296.46
1544742296.52
1544742296.57
1544742296.62
1544742296.7
1544742296.76
1544742296.82
1544742296.89
1544742296.97
1544742297.04
1544742297.1
1544742297.16
1544742297.22
1544742297.29
1544742297.36
1544742297.43
1544742297.51
1544742297.59
1544742297.66
1544742297.73
1544742297.8
1544742297.87
1544742297.95
1544742298.0
1544742298.07
1544742298.13
1544742298.2
1544742298.28
1544742298.35
1544742298.43
1544742298.51
1544742298.58
1544742298.64
1544742298.72
1544742298.77
1544742298.81
1544742298.87
1544742298.95
1544742299.02
1544742299.09
1544742299.16
1544742299.21
1544742299.27
1544742299.33
1544742299.39
1544742299.47
1544742299.53
1544742299.59
1544742299.67
1544742299.74
1544742299.81
1544742299.87
1544742299.95
1544742300.01
1544742300.11
1544742300.18
1544742300.26
1544742300.35
1544742300.43
1544742300.51
1544742300.61
1544742300.7
1544742300.76
1544742300.85
1544742300.9
1544742301.01
1544742301.07
1544742301.12
1544742301.18
1544742301.23
1544742301.29
1544742301.34
1544742301.41
1544742301.47
1544742301.52
1544742301.65
1544742301.72
1544742301.79
1544742301.84
1544742301.91
1544742301.98
1544742302.04
1544742302.11
1544742302.17
1544742302.22
1544742302.29
1544742302.36
1544742302.42
1544742302.48
1544742302.57
1544742302.67
1544742302.77
1544742302.85
1544742302.92
1544742303.0
1544742303.05
1544742303.13
1544742303.2
1544742303.27
1544742303.32
1544742303.39
1544742303.46
1544742303.52
1544742303.57
1544742303.64
1544742303.69
1544742303.76
1544742303.81
1544742303.89
1544742303.94
1544742304.0
1544742304.07
1544742304.13
1544742304.19
1544742304.25
1544742304.39
1544742304.49
1544742304.57
1544742304.62
1544742304.73
1544742304.81
1544742304.88
1544742304.98
1544742305.04
1544742305.12
1544742305.18
1544742305.24
1544742305.32
1544742305.39
1544742305.44
1544742305.5
1544742305.56
1544742305.62
1544742305.67
1544742305.73
1544742305.79
1544742305.84
1544742305.89
1544742305.96
1544742306.02
1544742306.08
1544742306.15
1544742306.22
1544742306.27
1544742306.35
1544742306.42
1544742306.49
1544742306.57
1544742306.61
1544742306.71
1544742306.77
1544742306.84
1544742306.91
1544742306.97
1544742307.04
1544742307.1
1544742307.17
1544742307.23
1544742307.3
1544742307.36
1544742307.4
1544742307.46
1544742307.52
1544742307.57
1544742307.63
1544742307.68
1544742307.72
1544742307.78
1544742307.84
1544742307.9
1544742307.97
1544742308.03
1544742308.09
1544742308.16
1544742308.23
1544742308.3
1544742308.36
1544742308.42
1544742308.55
1544742308.66
1544742308.76
1544742308.89
1544742308.99
1544742309.09
1544742309.2
1544742309.3
1544742309.38
1544742309.47
1544742309.56
1544742309.65
1544742309.72
1544742309.78
1544742309.85
1544742309.92
1544742309.99
1544742310.04
1544742310.1
1544742310.15
1544742310.22
1544742310.27
1544742310.33
1544742310.39
1544742310.46
1544742310.56
1544742310.71
1544742310.79
1544742310.86
1544742310.94
1544742311.02
1544742311.1
1544742311.16
1544742311.23
1544742311.31
1544742311.37
1544742311.42
1544742311.49
1544742311.56
1544742311.63
1544742311.72
1544742311.77
1544742311.82
1544742311.92
1544742311.98
1544742312.08
1544742312.16
1544742312.23
1544742312.32
1544742312.36
1544742312.43
1544742312.59
1544742312.75
1544742312.82
1544742312.92
1544742312.97
1544742313.02
1544742313.1
1544742313.19
1544742313.3
1544742313.39
1544742313.47
1544742313.58
1544742313.7
1544742313.8
1544742313.85
1544742313.9
1544742313.96
1544742314.02
1544742314.08
1544742314.17
1544742314.24
1544742314.31
1544742314.37
1544742314.46
1544742314.53
1544742314.59
1544742314.69
1544742314.78
1544742314.87
1544742314.97
1544742315.02
1544742315.09
1544742315.17
1544742315.26
1544742315.32
1544742315.39
1544742315.46
1544742315.53
1544742315.6
1544742315.67
1544742315.75
1544742315.82
1544742315.91
1544742315.98
1544742316.06
1544742316.15
1544742316.21
1544742316.28
1544742316.35
1544742316.41
1544742316.48
1544742316.55
1544742316.61
1544742316.67
1544742316.74
1544742316.81
1544742316.87
1544742316.94
1544742316.99
1544742317.06
1544742317.12
1544742317.18
1544742317.27
1544742317.34
1544742317.43
1544742317.51
1544742317.57
1544742317.64
1544742317.71
1544742317.77
1544742317.82
1544742317.89
1544742317.95
1544742318.01
1544742318.07
1544742318.13
1544742318.2
1544742318.26
1544742318.32
1544742318.38
1544742318.45
1544742318.51
1544742318.56
1544742318.62
1544742318.69
1544742318.74
1544742318.83
1544742318.89
1544742318.96
1544742319.02
1544742319.08
1544742319.14
1544742319.24
1544742319.29
1544742319.34
1544742319.42
1544742319.48
1544742319.55
1544742319.63
1544742319.69
1544742319.77
1544742319.87
1544742319.95
1544742320.03
1544742320.12
1544742320.21
1544742320.29
1544742320.37
1544742320.44
1544742320.51
1544742320.59
1544742320.65
1544742320.72
1544742320.79
1544742320.85
1544742320.92
1544742320.98
1544742321.05
1544742321.11
1544742321.17
1544742321.22
1544742321.29
1544742321.39
1544742321.46
1544742321.53
1544742321.6
1544742321.67
1544742321.75
1544742321.82
1544742321.9
1544742321.95
1544742322.04
1544742322.15
1544742322.2
1544742322.3
1544742322.41
1544742322.47
1544742322.54
1544742322.61
1544742322.67
1544742322.73
1544742322.8
1544742322.86
1544742322.92
1544742322.98
1544742323.05
1544742323.11
1544742323.17
1544742323.23
1544742323.29
1544742323.35
1544742323.42
1544742323.48
1544742323.53
1544742323.6
1544742323.65
1544742323.71
1544742323.8
1544742323.9
1544742323.99
1544742324.07
1544742324.16
1544742324.23
1544742324.32
1544742324.38
1544742324.47
1544742324.52
1544742324.6
1544742324.68
1544742324.75
1544742324.82
1544742324.89
1544742324.95
1544742325.01
1544742325.11
1544742325.19
1544742325.26
1544742325.32
1544742325.4
1544742325.5
1544742325.57
1544742325.66
1544742325.72
1544742325.79
1544742325.86
1544742325.91
1544742325.97
1544742326.02
1544742326.1
1544742326.2
1544742326.25
1544742326.38
1544742326.47
1544742326.57
1544742326.66
1544742326.76
1544742326.85
1544742326.92
1544742327.0
1544742327.06
1544742327.13
1544742327.21
1544742327.25
1544742327.33
1544742327.42
1544742327.48
1544742327.58
1544742327.65
1544742327.72
1544742327.81
1544742327.87
1544742327.92
1544742327.98
1544742328.04
1544742328.09
1544742328.16
1544742328.2
1544742328.27
1544742328.34
1544742328.39
1544742328.45
1544742328.52
1544742328.58
1544742328.63
1544742328.75
1544742328.82
1544742328.88
1544742328.95
1544742329.01
1544742329.07
1544742329.13
1544742329.19
1544742329.25
1544742329.35
1544742329.42
1544742329.52
1544742329.57
1544742329.64
1544742329.75
1544742329.8
1544742329.87
1544742329.96
1544742330.0
1544742330.09
1544742330.2
1544742330.27
1544742330.31
1544742330.4
1544742330.48
1544742330.59
1544742330.67
1544742330.76
1544742330.84
1544742330.92
1544742330.99
1544742331.06
1544742331.12
1544742331.19
1544742331.25
1544742331.31
1544742331.38
1544742331.43
1544742331.5
1544742331.58
1544742331.67
1544742331.73
1544742331.8
1544742331.89
1544742331.99
1544742332.07
1544742332.16
1544742332.24
1544742332.31
1544742332.39
1544742332.45
1544742332.55
1544742332.6
1544742332.71
1544742332.78
1544742332.86
1544742332.95
1544742333.01
1544742333.06
1544742333.1
1544742333.18
1544742333.28
1544742333.35
1544742333.44
1544742333.51
1544742333.59
1544742333.66
1544742333.72
1544742333.81
1544742333.9
1544742333.98
1544742334.06
1544742334.12
1544742334.19
1544742334.26
1544742334.32
1544742334.4
1544742334.46
1544742334.56
1544742334.65
1544742334.77
1544742334.85
1544742334.94
1544742334.99
1544742335.06
1544742335.12
1544742335.18
1544742335.25
1544742335.32
1544742335.39
1544742335.46
1544742335.53
1544742335.61
1544742335.68
1544742335.75
1544742335.81
1544742335.87
1544742335.92
1544742335.96
1544742336.02
1544742336.1
1544742336.17
1544742336.23
1544742336.31
1544742336.37
1544742336.44
1544742336.5
1544742336.57
1544742336.63
1544742336.69
1544742336.76
1544742336.85
1544742336.94
1544742337.02
1544742337.11
1544742337.19
1544742337.27
1544742337.35
1544742337.42
1544742337.49
1544742337.55
1544742337.61
1544742337.68
1544742337.78
1544742337.86
1544742337.96
1544742338.05
1544742338.17
1544742338.26
1544742338.35
1544742338.45
1544742338.51
1544742338.6
1544742338.67
1544742338.73
1544742338.8
1544742338.86
1544742338.96
1544742339.05
1544742339.14
1544742339.2
1544742339.28
1544742339.35
1544742339.42
1544742339.51
1544742339.6
1544742339.69
1544742339.79
1544742339.86
1544742339.93
1544742339.99
1544742340.05
1544742340.11
1544742340.18
1544742340.25
1544742340.32
1544742340.37
1544742340.44
1544742340.5
1544742340.56
1544742340.59
1544742340.67
1544742340.75
1544742340.82
1544742340.88
1544742340.95
1544742341.01
1544742341.05
1544742341.14
1544742341.19
1544742341.28
1544742341.35
1544742341.4
1544742341.47
1544742341.54
1544742341.62
1544742341.69
1544742341.76
1544742341.83
1544742341.9
1544742341.98
1544742342.05
1544742342.12
1544742342.21
1544742342.29
1544742342.37
1544742342.45
1544742342.5
1544742342.56
1544742342.63
1544742342.71
1544742342.81
1544742342.87
1544742342.96
1544742343.02
1544742343.1
1544742343.15
1544742343.23
1544742343.3
1544742343.38
1544742343.45
1544742343.51
1544742343.58
1544742343.65
1544742343.75
1544742343.83
1544742343.9
1544742343.98
1544742344.06
1544742344.13
1544742344.19
1544742344.25
1544742344.33
1544742344.4
1544742344.47
1544742344.53
1544742344.6
1544742344.67
1544742344.72
1544742344.86
1544742344.98
1544742345.08
1544742345.17
1544742345.29
1544742345.38
1544742345.47
1544742345.52
1544742345.59
1544742345.66
1544742345.75
1544742345.82
1544742345.9
1544742345.98
1544742346.04
1544742346.1
1544742346.18
1544742346.28
1544742346.36
1544742346.42
1544742346.48
1544742346.55
1544742346.62
1544742346.68
1544742346.75
1544742346.81
1544742346.87
1544742346.93
1544742346.99
1544742347.06
1544742347.14
1544742347.22
1544742347.29
1544742347.37
1544742347.46
1544742347.53
1544742347.6
1544742347.67
1544742347.74
1544742347.8
1544742347.87
1544742347.94
1544742348.02
1544742348.09
1544742348.16
1544742348.23
1544742348.3
1544742348.36
1544742348.45
1544742348.52
1544742348.6
1544742348.67
1544742348.73
1544742348.8
1544742348.87
1544742348.93
1544742348.99
1544742349.06
1544742349.13
1544742349.19
1544742349.26
1544742349.31
1544742349.37
1544742349.43
1544742349.53
1544742349.61
1544742349.66
1544742349.7
1544742349.77
1544742349.84
1544742349.92
1544742349.98
1544742350.04
1544742350.11
1544742350.18
1544742350.23
1544742350.3
1544742350.36
1544742350.43
1544742350.49
1544742350.55
1544742350.66
1544742350.72
1544742350.78
1544742350.85
1544742350.93
1544742350.98
1544742351.02
1544742351.12
1544742351.19
1544742351.27
1544742351.33
1544742351.37
1544742351.4
1544742351.48
1544742351.54
1544742351.6
1544742351.7
1544742351.79
1544742351.87
1544742351.96
1544742352.01
1544742352.08
1544742352.14
1544742352.19
1544742352.24
1544742352.31
1544742352.36
1544742352.41
1544742352.46
1544742352.51
1544742352.59
1544742352.66
1544742352.73
1544742352.8
1544742352.88
1544742352.95
1544742353.01
1544742353.06
1544742353.12
1544742353.18
1544742353.24
1544742353.28
1544742353.35
1544742353.41
1544742353.48
1544742353.53
1544742353.61
1544742353.67
1544742353.73
1544742353.79
1544742353.85
1544742353.91
1544742353.98
1544742354.04
1544742354.09
1544742354.14
1544742354.19
1544742354.28
1544742354.36
1544742354.42
1544742354.49
1544742354.56
1544742354.62
1544742354.69
1544742354.75
1544742354.81
1544742354.87
1544742354.94
1544742355.01
1544742355.07
1544742355.14
1544742355.2
1544742355.26
1544742355.32
1544742355.38
1544742355.44
1544742355.51
1544742355.57
1544742355.63
1544742355.7
1544742355.77
1544742355.84
1544742355.91
1544742355.99
1544742356.06
1544742356.13
1544742356.2
1544742356.27
1544742356.33
1544742356.41
1544742356.48
1544742356.55
1544742356.63
1544742356.71
1544742356.79
1544742356.86
1544742356.93
1544742357.0
1544742357.06
1544742357.13
1544742357.19
1544742357.26
1544742357.32
1544742357.38
1544742357.46
1544742357.53
1544742357.61
1544742357.69
1544742357.77
1544742357.85
1544742357.91
1544742358.0
1544742358.11
1544742358.18
1544742358.25
1544742358.31
1544742358.36
1544742358.43
1544742358.51
1544742358.59
1544742358.65
1544742358.71
1544742358.77
1544742358.87
1544742358.94
1544742359.0
1544742359.07
1544742359.13
1544742359.19
1544742359.26
1544742359.37
1544742359.47
1544742359.54
1544742359.61
1544742359.67
1544742359.73
1544742359.8
1544742359.87
1544742359.93
1544742360.0
1544742360.1
1544742360.21
1544742360.3
1544742360.37
1544742360.46
1544742360.55
1544742360.6
1544742360.69
1544742360.76
1544742360.84
1544742360.91
1544742360.99
1544742361.06
1544742361.14
1544742361.22
1544742361.31
1544742361.4
1544742361.47
1544742361.55
1544742361.63
1544742361.68
1544742361.74
1544742361.8
1544742361.87
1544742361.93
1544742362.01
1544742362.06
1544742362.17
1544742362.26
1544742362.33
1544742362.4
1544742362.47
1544742362.54
1544742362.61
1544742362.69
1544742362.76
1544742362.83
1544742362.91
1544742362.99
1544742363.06
1544742363.14
1544742363.2
1544742363.26
1544742363.33
1544742363.41
1544742363.49
1544742363.55
1544742363.62
1544742363.69
1544742363.75
1544742363.83
1544742363.9
1544742363.96
1544742364.02
1544742364.08
1544742364.14
1544742364.21
1544742364.29
1544742364.36
1544742364.42
1544742364.49
1544742364.58
1544742364.65
1544742364.73
1544742364.79
1544742364.86
1544742364.91
1544742364.98
1544742365.02
1544742365.07
1544742365.11
1544742365.17
1544742365.24
1544742365.31
1544742365.39
1544742365.45
1544742365.52
1544742365.56
1544742365.61
1544742365.69
1544742365.76
1544742365.83
1544742365.91
1544742365.99
1544742366.07
1544742366.14
1544742366.26
1544742366.33
1544742366.42
1544742366.52
1544742366.61
1544742366.7
1544742366.78
1544742366.85
1544742366.94
1544742367.01
1544742367.09
1544742367.19
1544742367.25
1544742367.32
1544742367.44
1544742367.5
1544742367.57
1544742367.65
1544742367.72
1544742367.83
1544742367.89
1544742367.95
1544742368.05
1544742368.13
1544742368.24
1544742368.31
1544742368.4
1544742368.47
1544742368.52
1544742368.58
1544742368.67
1544742368.77
1544742368.86
1544742368.92
1544742368.99
1544742369.05
1544742369.13
1544742369.21
1544742369.29
1544742369.36
1544742369.42
1544742369.5
1544742369.56
1544742369.63
1544742369.7
1544742369.77
1544742369.84
1544742369.91
1544742369.97
1544742370.06
1544742370.15
1544742370.3
1544742370.36
1544742370.45
1544742370.52
1544742370.58
1544742370.64
1544742370.71
1544742370.78
1544742370.84
1544742370.91
1544742370.98
1544742371.02
1544742371.1
1544742371.21
1544742371.3
1544742371.39
1544742371.48
1544742371.58
1544742371.68
1544742371.77
1544742371.83
1544742371.91
1544742371.99
1544742372.06
1544742372.16
1544742372.22
1544742372.29
1544742372.38
1544742372.46
1544742372.54
1544742372.62
1544742372.68
1544742372.76
1544742372.83
1544742372.91
1544742372.98
1544742373.05
1544742373.12
1544742373.19
1544742373.27
1544742373.34
1544742373.41
1544742373.47
1544742373.54
1544742373.61
1544742373.68
1544742373.75
1544742373.81
1544742373.89
1544742373.95
1544742374.02
1544742374.09
1544742374.17
1544742374.24
1544742374.29
1544742374.33
1544742374.42
1544742374.5
1544742374.57
1544742374.63
1544742374.69
1544742374.74
1544742374.81
1544742374.87
1544742374.93
1544742375.0
1544742375.06
1544742375.12
1544742375.19
1544742375.25
1544742375.31
1544742375.38
1544742375.44
1544742375.52
1544742375.61
1544742375.68
1544742375.76
1544742375.82
1544742375.9
1544742375.96
1544742376.01
1544742376.09
1544742376.18
1544742376.27
1544742376.36
1544742376.43
1544742376.52
1544742376.6
1544742376.69
1544742376.78
1544742376.86
1544742376.95
1544742377.05
1544742377.13
1544742377.22
1544742377.32
1544742377.39
1544742377.47
1544742377.54
1544742377.6
1544742377.68
1544742377.74
1544742377.81
1544742377.87
1544742377.93
1544742377.99
1544742378.05
1544742378.11
1544742378.18
1544742378.24
1544742378.31
1544742378.37
1544742378.44
1544742378.52
1544742378.59
1544742378.66
1544742378.73
1544742378.88
1544742378.97
1544742379.05
1544742379.12
1544742379.23
1544742379.33
1544742379.41
1544742379.49
1544742379.57
1544742379.67
1544742379.79
1544742379.89
1544742379.97
1544742380.04
1544742380.09
1544742380.19
1544742380.29
1544742380.39
1544742380.47
1544742380.55
1544742380.64
1544742380.72
1544742380.76
1544742380.8
1544742380.86
1544742380.91
1544742380.96
1544742381.04
1544742381.08
1544742381.13
1544742381.21
1544742381.29
1544742381.36
1544742381.43
1544742381.54
1544742381.62
1544742381.71
1544742381.82
1544742381.89
1544742381.98
1544742382.06
1544742382.13
1544742382.2
1544742382.28
1544742382.35
1544742382.42
1544742382.5
1544742382.58
1544742382.65
1544742382.72
1544742382.81
1544742382.88
1544742382.98
1544742383.07
1544742383.15
1544742383.24
1544742383.33
1544742383.41
1544742383.48
1544742383.55
1544742383.63
1544742383.7
1544742383.78
1544742383.85
1544742383.93
1544742384.02
1544742384.11
1544742384.18
1544742384.26
1544742384.33
1544742384.4
1544742384.47
1544742384.53
1544742384.61
1544742384.68
1544742384.78
1544742384.86
1544742384.91
1544742385.01
1544742385.1
1544742385.16
1544742385.23
1544742385.32
1544742385.39
1544742385.45
1544742385.5
1544742385.56
1544742385.62
1544742385.7
1544742385.77
1544742385.85
1544742385.92
1544742385.99
1544742386.06
1544742386.13
1544742386.2
1544742386.27
1544742386.35
1544742386.42
1544742386.49
1544742386.57
1544742386.64
1544742386.7
1544742386.77
1544742386.82
1544742386.89
1544742386.93
1544742387.0
1544742387.09
1544742387.16
1544742387.22
1544742387.31
1544742387.4
1544742387.49
1544742387.56
1544742387.64
1544742387.71
1544742387.77
1544742387.84
1544742387.91
1544742387.98
1544742388.05
1544742388.12
1544742388.2
1544742388.26
1544742388.34
1544742388.41
1544742388.48
1544742388.55
1544742388.62
1544742388.7
1544742388.79
1544742388.88
1544742388.96
1544742389.04
1544742389.12
1544742389.2
1544742389.27
1544742389.34
1544742389.41
1544742389.49
