1544800263.55
1544800263.82
1544800263.94
1544800264.08
1544800264.18
1544800264.28
1544800264.4
1544800264.51
1544800264.61
1544800264.71
1544800264.81
1544800264.91
1544800265.02
1544800265.11
1544800265.22
1544800265.31
1544800265.4
1544800265.48
1544800265.55
1544800265.62
1544800265.68
1544800265.74
1544800265.81
1544800265.88
1544800265.93
1544800266.0
1544800266.07
1544800266.14
1544800266.23
1544800266.3
1544800266.37
1544800266.45
1544800266.51
1544800266.6
1544800266.67
1544800266.75
1544800266.83
1544800266.9
1544800267.0
1544800267.07
1544800267.14
1544800267.2
1544800267.25
1544800267.32
1544800267.38
1544800267.43
1544800267.5
1544800267.56
1544800267.61
1544800267.67
1544800267.74
1544800267.81
1544800267.88
1544800267.94
1544800267.99
1544800268.05
1544800268.1
1544800268.16
1544800268.22
1544800268.28
1544800268.36
1544800268.41
1544800268.46
1544800268.52
1544800268.58
1544800268.63
1544800268.69
1544800268.75
1544800268.82
1544800268.89
1544800268.96
1544800269.01
1544800269.07
1544800269.12
1544800269.18
1544800269.24
1544800269.3
1544800269.35
1544800269.42
1544800269.5
1544800269.56
1544800269.62
1544800269.68
1544800269.74
1544800269.78
1544800269.82
1544800269.91
1544800269.99
1544800270.05
1544800270.11
1544800270.17
1544800270.22
1544800270.3
1544800270.35
1544800270.41
1544800270.48
1544800270.53
1544800270.58
1544800270.64
1544800270.7
1544800270.76
1544800270.83
1544800270.91
1544800270.98
1544800271.03
1544800271.08
1544800271.14
1544800271.19
1544800271.29
1544800271.37
1544800271.44
1544800271.52
1544800271.61
1544800271.7
1544800271.78
1544800271.85
1544800271.93
1544800272.0
1544800272.07
1544800272.15
1544800272.22
1544800272.28
1544800272.36
1544800272.42
1544800272.5
1544800272.58
1544800272.66
1544800272.74
1544800272.81
1544800272.88
1544800272.95
1544800273.01
1544800273.07
1544800273.12
1544800273.19
1544800273.25
1544800273.31
1544800273.37
1544800273.43
1544800273.5
1544800273.55
1544800273.62
1544800273.68
1544800273.75
1544800273.82
1544800273.87
1544800273.92
1544800273.98
1544800274.03
1544800274.08
1544800274.13
1544800274.18
1544800274.23
1544800274.29
1544800274.34
1544800274.4
1544800274.47
1544800274.52
1544800274.57
1544800274.63
1544800274.68
1544800274.74
1544800274.79
1544800274.84
1544800274.9
1544800274.95
1544800275.01
1544800275.07
1544800275.12
1544800275.18
1544800275.23
1544800275.28
1544800275.34
1544800275.4
1544800275.46
1544800275.53
1544800275.58
1544800275.64
1544800275.7
1544800275.75
1544800275.8
1544800275.85
1544800275.92
1544800275.97
1544800276.04
1544800276.11
1544800276.17
1544800276.26
1544800276.32
1544800276.38
1544800276.48
1544800276.56
1544800276.62
1544800276.67
1544800276.72
1544800276.79
1544800276.84
1544800276.91
1544800276.97
1544800277.03
1544800277.11
1544800277.17
1544800277.22
1544800277.28
1544800277.34
1544800277.39
1544800277.45
1544800277.54
1544800277.6
1544800277.66
1544800277.73
1544800277.78
1544800277.85
1544800277.9
1544800277.95
1544800278.02
1544800278.09
1544800278.16
1544800278.22
1544800278.28
1544800278.36
1544800278.42
1544800278.48
1544800278.54
1544800278.61
1544800278.68
1544800278.75
1544800278.81
1544800278.88
1544800278.93
1544800278.99
1544800279.03
1544800279.07
1544800279.17
1544800279.25
1544800279.32
1544800279.4
1544800279.47
1544800279.54
1544800279.6
1544800279.66
1544800279.72
1544800279.79
1544800279.85
1544800279.91
1544800279.96
1544800280.02
1544800280.11
1544800280.17
1544800280.24
1544800280.32
1544800280.39
1544800280.46
1544800280.52
1544800280.59
1544800280.66
1544800280.73
1544800280.79
1544800280.86
1544800280.92
1544800280.99
1544800281.04
1544800281.11
1544800281.19
1544800281.25
1544800281.3
1544800281.38
1544800281.44
1544800281.51
1544800281.59
1544800281.64
1544800281.73
1544800281.81
1544800281.89
1544800281.97
1544800282.03
1544800282.12
1544800282.17
1544800282.24
1544800282.31
1544800282.37
1544800282.43
1544800282.49
1544800282.57
1544800282.63
1544800282.69
1544800282.77
1544800282.82
1544800282.92
1544800282.99
1544800283.1
1544800283.18
1544800283.24
1544800283.33
1544800283.41
1544800283.48
1544800283.56
1544800283.63
1544800283.71
1544800283.78
1544800283.87
1544800283.93
1544800283.99
1544800284.06
1544800284.12
1544800284.18
1544800284.25
1544800284.32
1544800284.39
1544800284.44
1544800284.5
1544800284.56
1544800284.61
1544800284.66
1544800284.71
1544800284.77
1544800284.82
1544800284.86
1544800284.91
1544800285.0
1544800285.08
1544800285.13
1544800285.22
1544800285.29
1544800285.35
1544800285.4
1544800285.48
1544800285.54
1544800285.6
1544800285.66
1544800285.73
1544800285.8
1544800285.87
1544800285.96
1544800286.07
1544800286.14
1544800286.2
1544800286.26
1544800286.32
1544800286.39
1544800286.45
1544800286.52
1544800286.59
1544800286.65
1544800286.71
1544800286.8
1544800286.87
1544800286.93
1544800286.98
1544800287.03
1544800287.08
1544800287.17
1544800287.26
1544800287.36
1544800287.44
1544800287.52
1544800287.61
1544800287.7
1544800287.79
1544800287.87
1544800287.93
1544800288.0
1544800288.08
1544800288.13
1544800288.19
1544800288.25
1544800288.31
1544800288.38
1544800288.45
1544800288.53
1544800288.6
1544800288.67
1544800288.73
1544800288.79
1544800288.88
1544800288.96
1544800289.03
1544800289.1
1544800289.17
1544800289.24
1544800289.3
1544800289.38
1544800289.45
1544800289.51
1544800289.59
1544800289.65
1544800289.73
1544800289.79
1544800289.86
1544800289.95
1544800290.02
1544800290.09
1544800290.15
1544800290.22
1544800290.28
1544800290.34
1544800290.4
1544800290.45
1544800290.51
1544800290.56
1544800290.62
1544800290.68
1544800290.74
1544800290.81
1544800290.88
1544800290.96
1544800291.01
1544800291.08
1544800291.12
1544800291.18
1544800291.23
1544800291.29
1544800291.35
1544800291.41
1544800291.46
1544800291.52
1544800291.57
1544800291.62
1544800291.69
1544800291.76
1544800291.81
1544800291.87
1544800291.91
1544800291.97
1544800292.02
1544800292.08
1544800292.13
1544800292.18
1544800292.24
1544800292.29
1544800292.34
1544800292.4
1544800292.46
1544800292.5
1544800292.57
1544800292.62
1544800292.69
1544800292.74
1544800292.81
1544800292.86
1544800292.92
1544800292.99
1544800293.08
1544800293.13
1544800293.19
1544800293.24
1544800293.31
1544800293.38
1544800293.44
1544800293.51
1544800293.56
1544800293.61
1544800293.66
1544800293.73
1544800293.78
1544800293.83
1544800293.88
1544800293.93
1544800293.99
1544800294.04
1544800294.09
1544800294.15
1544800294.21
1544800294.26
1544800294.3
1544800294.35
1544800294.39
1544800294.47
1544800294.53
1544800294.59
1544800294.65
1544800294.71
1544800294.78
1544800294.83
1544800294.89
1544800294.94
1544800295.0
1544800295.07
1544800295.11
1544800295.18
1544800295.24
1544800295.31
1544800295.37
1544800295.45
1544800295.5
1544800295.55
1544800295.6
1544800295.66
1544800295.71
1544800295.78
1544800295.84
1544800295.89
1544800295.96
1544800296.02
1544800296.08
1544800296.14
1544800296.21
1544800296.27
1544800296.32
1544800296.38
1544800296.43
1544800296.5
1544800296.55
1544800296.61
1544800296.68
1544800296.72
1544800296.79
1544800296.85
1544800296.91
1544800296.96
1544800297.02
1544800297.09
1544800297.13
1544800297.19
1544800297.26
1544800297.31
1544800297.37
1544800297.42
1544800297.48
1544800297.53
1544800297.59
1544800297.66
1544800297.71
1544800297.78
1544800297.83
1544800297.9
1544800297.96
1544800298.05
1544800298.11
1544800298.16
1544800298.22
1544800298.3
1544800298.35
1544800298.41
1544800298.48
1544800298.55
1544800298.62
1544800298.7
1544800298.79
1544800298.88
1544800298.95
1544800299.0
1544800299.07
1544800299.13
1544800299.19
1544800299.25
1544800299.32
1544800299.38
1544800299.44
1544800299.5
1544800299.56
1544800299.63
1544800299.71
1544800299.76
1544800299.83
1544800299.91
1544800299.98
1544800300.04
1544800300.11
1544800300.17
1544800300.23
1544800300.28
1544800300.34
1544800300.4
1544800300.46
1544800300.52
1544800300.63
1544800300.72
1544800300.81
1544800300.9
1544800300.94
1544800301.0
1544800301.09
1544800301.22
1544800301.3
1544800301.34
1544800301.41
1544800301.46
1544800301.5
1544800301.53
1544800301.58
1544800301.63
1544800301.68
1544800301.71
1544800301.75
1544800301.79
1544800301.83
1544800301.87
1544800301.91
1544800301.94
1544800301.99
1544800302.04
1544800302.09
1544800302.12
1544800302.15
1544800302.22
1544800302.28
1544800302.32
1544800302.37
1544800302.42
1544800302.48
1544800302.51
1544800302.58
1544800302.64
1544800302.69
1544800302.73
1544800302.79
1544800302.85
1544800302.89
1544800302.93
1544800302.97
1544800303.02
1544800303.06
1544800303.1
1544800303.13
1544800303.18
1544800303.22
1544800303.27
1544800303.3
1544800303.34
1544800303.4
1544800303.44
1544800303.49
1544800303.52
1544800303.56
1544800303.63
1544800303.67
1544800303.7
1544800303.74
1544800303.78
1544800303.84
1544800303.88
1544800303.92
1544800303.95
1544800304.01
1544800304.07
1544800304.1
1544800304.13
1544800304.16
1544800304.22
1544800304.27
1544800304.3
1544800304.34
1544800304.4
1544800304.44
1544800304.49
1544800304.52
1544800304.57
1544800304.62
1544800304.65
1544800304.7
1544800304.75
1544800304.8
1544800304.85
1544800304.89
1544800304.93
1544800304.96
1544800305.02
1544800305.06
1544800305.1
1544800305.14
1544800305.19
1544800305.24
1544800305.28
1544800305.32
1544800305.35
1544800305.41
1544800305.47
1544800305.5
1544800305.53
1544800305.57
1544800305.62
1544800305.67
1544800305.69
1544800305.73
1544800305.77
1544800305.8
1544800305.84
1544800305.88
1544800305.91
1544800305.94
1544800305.98
1544800306.01
1544800306.04
1544800306.08
1544800306.11
1544800306.15
1544800306.19
1544800306.23
1544800306.28
1544800306.32
1544800306.36
1544800306.42
1544800306.47
1544800306.5
1544800306.53
1544800306.57
1544800306.6
1544800306.64
1544800306.68
1544800306.72
1544800306.75
1544800306.82
1544800306.86
1544800306.9
1544800306.93
1544800306.99
1544800307.05
1544800307.1
1544800307.13
1544800307.17
1544800307.2
1544800307.25
1544800307.3
1544800307.35
1544800307.4
1544800307.45
1544800307.51
1544800307.55
1544800307.61
1544800307.66
1544800307.71
1544800307.76
1544800307.82
1544800307.89
1544800307.94
1544800308.01
1544800308.07
1544800308.12
1544800308.19
1544800308.24
1544800308.29
1544800308.33
1544800308.4
1544800308.47
1544800308.54
1544800308.59
1544800308.64
1544800308.7
1544800308.75
1544800308.81
1544800308.87
1544800308.92
1544800308.98
1544800309.02
1544800309.08
1544800309.13
1544800309.2
1544800309.25
1544800309.32
1544800309.37
1544800309.44
1544800309.51
1544800309.56
1544800309.63
1544800309.7
1544800309.76
1544800309.8
1544800309.84
1544800309.9
1544800309.94
1544800310.01
1544800310.07
1544800310.12
1544800310.17
1544800310.23
1544800310.3
1544800310.34
1544800310.41
1544800310.47
1544800310.53
1544800310.6
1544800310.65
1544800310.72
1544800310.78
1544800310.84
1544800310.91
1544800310.97
1544800311.02
1544800311.09
1544800311.15
1544800311.19
1544800311.22
1544800311.26
1544800311.32
1544800311.37
1544800311.4
1544800311.44
1544800311.48
1544800311.52
1544800311.57
1544800311.61
1544800311.65
1544800311.71
1544800311.75
1544800311.81
1544800311.84
1544800311.88
1544800311.92
1544800311.97
1544800312.0
1544800312.03
1544800312.07
1544800312.11
1544800312.18
1544800312.21
1544800312.24
1544800312.31
1544800312.37
1544800312.4
1544800312.43
1544800312.48
1544800312.54
1544800312.59
1544800312.62
1544800312.65
1544800312.72
1544800312.77
1544800312.8
1544800312.83
1544800312.88
1544800312.93
1544800312.98
1544800313.02
1544800313.06
1544800313.14
1544800313.19
1544800313.23
1544800313.28
1544800313.34
1544800313.39
1544800313.43
1544800313.48
1544800313.53
1544800313.57
1544800313.62
1544800313.67
1544800313.7
1544800313.74
1544800313.78
1544800313.82
1544800313.86
1544800313.92
1544800313.97
1544800314.03
1544800314.09
1544800314.14
1544800314.2
1544800314.25
1544800314.31
1544800314.36
1544800314.4
1544800314.46
1544800314.51
1544800314.56
1544800314.61
1544800314.68
1544800314.73
1544800314.78
1544800314.82
1544800314.85
1544800314.9
1544800314.94
1544800314.97
1544800315.02
1544800315.05
1544800315.1
1544800315.15
1544800315.21
1544800315.26
1544800315.32
1544800315.38
1544800315.42
1544800315.47
1544800315.52
1544800315.57
1544800315.61
1544800315.65
1544800315.71
1544800315.77
1544800315.82
1544800315.87
1544800315.92
1544800315.96
1544800315.99
1544800316.03
1544800316.05
1544800316.12
1544800316.17
1544800316.22
1544800316.28
1544800316.33
1544800316.4
1544800316.46
1544800316.52
1544800316.59
1544800316.66
1544800316.72
1544800316.78
1544800316.82
1544800316.87
1544800316.91
1544800316.95
1544800316.99
1544800317.03
1544800317.07
1544800317.13
1544800317.17
1544800317.2
1544800317.24
1544800317.3
1544800317.36
1544800317.4
1544800317.43
1544800317.47
1544800317.52
1544800317.56
1544800317.6
1544800317.64
1544800317.68
1544800317.73
1544800317.78
1544800317.82
1544800317.86
1544800317.9
1544800317.94
1544800317.99
1544800318.03
1544800318.07
1544800318.12
1544800318.17
1544800318.21
1544800318.25
1544800318.32
1544800318.37
1544800318.42
1544800318.45
1544800318.49
1544800318.54
1544800318.58
1544800318.62
1544800318.66
1544800318.72
1544800318.77
1544800318.81
1544800318.85
1544800318.89
1544800318.92
1544800318.96
1544800319.0
1544800319.04
1544800319.09
1544800319.12
1544800319.17
1544800319.21
1544800319.25
1544800319.31
1544800319.37
1544800319.41
1544800319.45
1544800319.48
1544800319.52
1544800319.58
1544800319.61
1544800319.65
1544800319.69
1544800319.74
1544800319.79
1544800319.82
1544800319.85
1544800319.9
1544800319.96
1544800320.01
1544800320.04
1544800320.08
1544800320.13
1544800320.17
1544800320.2
1544800320.24
1544800320.28
1544800320.33
1544800320.38
1544800320.41
1544800320.44
1544800320.48
1544800320.53
1544800320.59
1544800320.62
1544800320.66
1544800320.73
1544800320.77
1544800320.81
1544800320.85
1544800320.92
1544800320.97
1544800321.0
1544800321.04
1544800321.07
1544800321.12
1544800321.17
1544800321.21
1544800321.24
1544800321.27
1544800321.32
1544800321.35
1544800321.4
1544800321.44
1544800321.48
1544800321.52
1544800321.55
1544800321.59
1544800321.62
1544800321.67
1544800321.73
1544800321.77
1544800321.81
1544800321.85
1544800321.9
1544800321.96
1544800322.0
1544800322.04
1544800322.09
1544800322.13
1544800322.16
1544800322.2
1544800322.24
1544800322.28
1544800322.32
1544800322.36
1544800322.4
1544800322.44
1544800322.49
1544800322.53
1544800322.57
1544800322.61
1544800322.64
1544800322.73
1544800322.78
1544800322.81
1544800322.85
1544800322.91
1544800322.96
1544800323.0
1544800323.03
1544800323.08
1544800323.14
1544800323.2
1544800323.24
1544800323.31
1544800323.37
1544800323.41
1544800323.44
1544800323.48
1544800323.54
1544800323.58
1544800323.62
1544800323.67
1544800323.72
1544800323.78
1544800323.82
1544800323.85
1544800323.92
1544800323.97
1544800324.01
1544800324.04
1544800324.1
1544800324.14
1544800324.18
1544800324.23
1544800324.27
1544800324.33
1544800324.39
1544800324.43
1544800324.48
1544800324.52
1544800324.57
1544800324.6
1544800324.63
1544800324.67
1544800324.73
1544800324.78
1544800324.81
1544800324.84
1544800324.88
1544800324.92
1544800324.96
1544800325.0
1544800325.04
1544800325.09
1544800325.15
1544800325.19
1544800325.22
1544800325.27
1544800325.32
1544800325.37
1544800325.4
1544800325.44
1544800325.49
1544800325.54
1544800325.59
1544800325.63
1544800325.67
1544800325.72
1544800325.78
1544800325.82
1544800325.85
1544800325.91
1544800325.96
1544800326.0
1544800326.03
1544800326.06
1544800326.14
1544800326.19
1544800326.23
1544800326.26
1544800326.3
1544800326.35
1544800326.39
1544800326.42
1544800326.45
1544800326.51
1544800326.55
1544800326.59
1544800326.63
1544800326.67
1544800326.72
1544800326.77
1544800326.81
1544800326.86
1544800326.92
1544800326.97
1544800327.01
1544800327.04
1544800327.12
1544800327.16
1544800327.21
1544800327.25
1544800327.31
1544800327.36
1544800327.4
1544800327.44
1544800327.47
1544800327.55
1544800327.6
1544800327.63
1544800327.68
1544800327.71
1544800327.75
1544800327.79
1544800327.83
1544800327.88
1544800327.95
1544800327.98
1544800328.02
1544800328.06
1544800328.13
1544800328.18
1544800328.21
1544800328.25
1544800328.29
1544800328.33
1544800328.36
1544800328.41
1544800328.45
1544800328.51
1544800328.57
1544800328.61
1544800328.65
1544800328.7
1544800328.74
1544800328.79
1544800328.84
1544800328.91
1544800328.96
1544800329.0
1544800329.03
1544800329.06
1544800329.12
1544800329.16
1544800329.2
1544800329.23
1544800329.27
1544800329.32
1544800329.36
1544800329.39
1544800329.43
1544800329.47
1544800329.52
1544800329.58
1544800329.63
1544800329.69
1544800329.74
1544800329.79
1544800329.84
1544800329.89
1544800329.94
1544800330.0
1544800330.04
1544800330.1
1544800330.15
1544800330.19
1544800330.24
1544800330.3
1544800330.34
1544800330.39
1544800330.44
1544800330.49
1544800330.53
1544800330.58
1544800330.63
1544800330.68
1544800330.75
1544800330.81
1544800330.87
1544800330.91
1544800330.96
1544800331.01
1544800331.07
1544800331.12
1544800331.17
1544800331.22
1544800331.27
1544800331.32
1544800331.37
1544800331.42
1544800331.47
1544800331.53
1544800331.58
1544800331.64
1544800331.69
1544800331.75
1544800331.8
1544800331.85
1544800331.9
1544800331.95
1544800331.99
1544800332.03
1544800332.07
1544800332.1
1544800332.15
1544800332.19
1544800332.24
1544800332.28
1544800332.32
1544800332.37
1544800332.41
1544800332.45
1544800332.5
1544800332.56
1544800332.6
1544800332.65
1544800332.7
1544800332.75
1544800332.79
1544800332.82
1544800332.85
1544800332.91
1544800332.97
1544800333.0
1544800333.04
1544800333.08
1544800333.12
1544800333.17
1544800333.21
1544800333.24
1544800333.33
1544800333.38
1544800333.42
1544800333.47
1544800333.54
1544800333.59
1544800333.63
1544800333.67
1544800333.74
1544800333.79
1544800333.83
1544800333.87
1544800333.93
1544800333.98
1544800334.02
1544800334.05
1544800334.1
1544800334.17
1544800334.2
1544800334.24
1544800334.27
1544800334.32
1544800334.37
1544800334.41
1544800334.45
1544800334.5
1544800334.54
1544800334.58
1544800334.62
1544800334.67
1544800334.73
1544800334.78
1544800334.82
1544800334.85
1544800334.89
1544800334.96
1544800335.0
1544800335.04
1544800335.08
1544800335.12
1544800335.17
1544800335.2
1544800335.24
1544800335.29
1544800335.35
1544800335.39
1544800335.43
1544800335.46
1544800335.54
1544800335.6
1544800335.64
1544800335.69
1544800335.75
1544800335.79
1544800335.83
1544800335.87
1544800335.92
1544800335.99
1544800336.04
1544800336.09
1544800336.15
1544800336.2
1544800336.26
1544800336.3
1544800336.35
1544800336.4
1544800336.45
1544800336.5
1544800336.55
1544800336.6
1544800336.65
1544800336.72
1544800336.77
1544800336.83
1544800336.9
1544800336.95
1544800337.02
1544800337.07
1544800337.13
1544800337.17
1544800337.21
1544800337.27
1544800337.32
1544800337.37
1544800337.41
1544800337.45
1544800337.49
1544800337.53
1544800337.57
1544800337.61
1544800337.66
1544800337.7
1544800337.74
1544800337.79
1544800337.84
1544800337.89
1544800337.92
1544800337.96
1544800338.0
1544800338.05
1544800338.1
1544800338.14
1544800338.19
1544800338.24
1544800338.29
1544800338.32
1544800338.35
1544800338.41
1544800338.46
1544800338.5
1544800338.54
1544800338.58
1544800338.63
1544800338.69
1544800338.72
1544800338.76
1544800338.8
1544800338.84
1544800338.89
1544800338.92
1544800338.97
1544800339.01
1544800339.07
1544800339.11
1544800339.15
1544800339.21
1544800339.25
1544800339.29
1544800339.33
1544800339.39
1544800339.44
1544800339.51
1544800339.54
1544800339.6
1544800339.64
1544800339.67
1544800339.71
1544800339.75
1544800339.8
1544800339.84
1544800339.88
1544800339.92
1544800339.96
1544800340.02
1544800340.06
1544800340.1
1544800340.13
1544800340.2
1544800340.26
1544800340.3
1544800340.34
1544800340.39
1544800340.44
1544800340.49
1544800340.53
1544800340.59
1544800340.64
1544800340.68
1544800340.71
1544800340.74
1544800340.79
1544800340.84
1544800340.89
1544800340.93
1544800340.95
1544800341.01
1544800341.05
1544800341.09
1544800341.12
1544800341.15
1544800341.2
1544800341.27
1544800341.3
1544800341.34
1544800341.38
1544800341.44
1544800341.48
1544800341.52
1544800341.57
1544800341.61
1544800341.66
1544800341.7
1544800341.74
1544800341.8
1544800341.84
1544800341.88
1544800341.92
1544800341.95
1544800342.02
1544800342.07
1544800342.1
1544800342.14
1544800342.18
1544800342.22
1544800342.27
1544800342.31
1544800342.34
1544800342.39
1544800342.44
1544800342.48
1544800342.52
1544800342.55
1544800342.6
1544800342.65
1544800342.7
1544800342.73
1544800342.78
1544800342.82
1544800342.87
1544800342.9
1544800342.94
1544800343.0
1544800343.07
1544800343.1
1544800343.14
1544800343.21
1544800343.27
1544800343.31
1544800343.35
1544800343.42
1544800343.48
1544800343.52
1544800343.55
1544800343.6
1544800343.66
1544800343.69
1544800343.73
1544800343.78
1544800343.82
1544800343.87
1544800343.9
1544800343.94
1544800344.0
1544800344.04
1544800344.08
1544800344.12
1544800344.16
1544800344.21
1544800344.25
1544800344.29
1544800344.32
1544800344.37
1544800344.41
1544800344.47
1544800344.5
1544800344.55
1544800344.61
1544800344.68
1544800344.71
1544800344.75
1544800344.81
1544800344.85
1544800344.9
1544800344.94
1544800344.99
1544800345.03
1544800345.09
1544800345.12
1544800345.17
1544800345.22
1544800345.27
1544800345.32
1544800345.37
1544800345.4
1544800345.43
1544800345.46
1544800345.49
1544800345.54
1544800345.58
1544800345.62
1544800345.68
1544800345.73
1544800345.77
1544800345.81
1544800345.85
1544800345.9
1544800345.93
1544800345.99
1544800346.03
1544800346.07
1544800346.12
1544800346.19
1544800346.26
1544800346.29
1544800346.33
1544800346.37
1544800346.43
1544800346.47
1544800346.52
1544800346.56
1544800346.6
1544800346.63
1544800346.68
1544800346.71
1544800346.76
1544800346.8
1544800346.83
1544800346.87
1544800346.9
1544800346.94
1544800346.99
1544800347.04
1544800347.08
1544800347.12
1544800347.16
1544800347.2
1544800347.24
1544800347.29
1544800347.33
1544800347.38
1544800347.43
1544800347.49
1544800347.52
1544800347.55
1544800347.6
1544800347.65
1544800347.68
1544800347.72
1544800347.78
1544800347.83
1544800347.88
1544800347.92
1544800347.97
1544800348.02
1544800348.06
1544800348.1
1544800348.13
1544800348.19
1544800348.25
1544800348.32
1544800348.38
1544800348.44
1544800348.5
1544800348.57
1544800348.62
1544800348.68
1544800348.72
1544800348.78
1544800348.84
1544800348.9
1544800348.96
1544800349.02
1544800349.08
1544800349.13
1544800349.19
1544800349.25
1544800349.31
1544800349.37
1544800349.42
1544800349.49
1544800349.55
1544800349.61
1544800349.66
1544800349.71
1544800349.75
1544800349.79
1544800349.83
1544800349.88
1544800349.91
1544800349.97
1544800350.01
1544800350.08
1544800350.13
1544800350.2
1544800350.24
1544800350.29
1544800350.33
1544800350.37
1544800350.4
1544800350.44
1544800350.48
1544800350.55
1544800350.59
1544800350.63
1544800350.69
1544800350.73
1544800350.78
1544800350.82
1544800350.86
1544800350.89
1544800350.93
1544800351.02
1544800351.08
1544800351.12
1544800351.17
1544800351.21
1544800351.27
1544800351.31
1544800351.35
1544800351.4
1544800351.44
1544800351.48
1544800351.51
1544800351.55
1544800351.61
1544800351.65
1544800351.69
1544800351.73
1544800351.77
1544800351.82
1544800351.87
1544800351.91
1544800351.95
1544800352.0
1544800352.04
1544800352.09
1544800352.12
1544800352.16
1544800352.22
1544800352.26
1544800352.3
1544800352.34
1544800352.4
1544800352.44
1544800352.49
1544800352.52
1544800352.55
1544800352.61
1544800352.66
1544800352.7
1544800352.73
1544800352.77
1544800352.81
1544800352.87
1544800352.91
1544800352.93
1544800352.98
1544800353.03
1544800353.07
1544800353.1
1544800353.13
1544800353.19
1544800353.24
1544800353.28
1544800353.32
1544800353.37
1544800353.43
1544800353.49
1544800353.53
1544800353.57
1544800353.62
1544800353.68
1544800353.72
1544800353.75
1544800353.79
1544800353.82
1544800353.86
1544800353.9
1544800353.93
1544800353.99
1544800354.03
1544800354.08
1544800354.11
1544800354.14
1544800354.22
1544800354.27
1544800354.3
1544800354.33
1544800354.37
1544800354.41
1544800354.45
1544800354.5
1544800354.54
1544800354.58
1544800354.62
1544800354.67
1544800354.72
1544800354.75
1544800354.8
1544800354.84
1544800354.89
1544800354.92
1544800354.97
1544800355.03
1544800355.08
1544800355.11
1544800355.14
1544800355.21
1544800355.27
1544800355.31
1544800355.34
1544800355.38
1544800355.45
1544800355.5
1544800355.54
1544800355.58
1544800355.66
1544800355.7
1544800355.73
1544800355.76
1544800355.8
1544800355.84
1544800355.88
1544800355.92
1544800355.97
1544800356.01
1544800356.05
1544800356.1
1544800356.13
1544800356.19
1544800356.24
1544800356.29
1544800356.33
1544800356.37
1544800356.4
1544800356.43
1544800356.47
1544800356.51
1544800356.54
1544800356.59
1544800356.64
1544800356.69
1544800356.72
1544800356.76
1544800356.8
1544800356.84
1544800356.88
1544800356.91
1544800356.95
1544800356.99
1544800357.03
1544800357.08
1544800357.12
1544800357.15
1544800357.22
1544800357.27
1544800357.32
1544800357.38
1544800357.43
1544800357.49
1544800357.55
1544800357.6
1544800357.64
1544800357.68
1544800357.72
1544800357.78
1544800357.83
1544800357.9
1544800357.95
1544800358.0
1544800358.07
1544800358.13
1544800358.2
1544800358.25
1544800358.3
1544800358.34
1544800358.41
1544800358.47
1544800358.53
1544800358.59
1544800358.64
1544800358.71
1544800358.77
1544800358.82
1544800358.88
1544800358.93
1544800358.97
1544800359.01
1544800359.05
1544800359.11
1544800359.17
1544800359.23
1544800359.29
1544800359.36
1544800359.42
1544800359.49
1544800359.54
1544800359.6
1544800359.65
1544800359.7
1544800359.73
1544800359.78
1544800359.81
1544800359.85
1544800359.92
1544800359.97
1544800360.01
1544800360.06
1544800360.1
1544800360.15
1544800360.21
1544800360.25
1544800360.3
1544800360.34
1544800360.38
1544800360.42
1544800360.47
1544800360.51
1544800360.55
1544800360.61
1544800360.65
1544800360.69
1544800360.72
1544800360.75
1544800360.8
1544800360.84
1544800360.88
1544800360.92
1544800360.96
1544800361.03
1544800361.08
1544800361.11
1544800361.15
1544800361.2
1544800361.27
1544800361.3
1544800361.34
1544800361.38
1544800361.42
1544800361.47
1544800361.5
1544800361.54
1544800361.6
1544800361.65
1544800361.7
1544800361.74
1544800361.78
1544800361.84
1544800361.88
1544800361.92
1544800361.95
1544800362.02
1544800362.07
1544800362.11
1544800362.15
1544800362.21
1544800362.25
1544800362.3
1544800362.34
1544800362.4
1544800362.45
1544800362.49
1544800362.53
1544800362.56
1544800362.6
1544800362.66
1544800362.7
1544800362.73
1544800362.77
1544800362.83
1544800362.89
1544800362.92
1544800362.97
1544800363.02
1544800363.06
1544800363.1
1544800363.14
1544800363.2
1544800363.24
1544800363.29
1544800363.33
1544800363.36
1544800363.4
1544800363.44
1544800363.49
1544800363.52
1544800363.56
1544800363.62
1544800363.67
1544800363.71
1544800363.75
1544800363.82
1544800363.87
1544800363.9
1544800363.94
1544800364.0
1544800364.03
1544800364.07
1544800364.1
1544800364.14
1544800364.18
1544800364.24
1544800364.28
1544800364.32
1544800364.37
1544800364.42
1544800364.46
1544800364.5
1544800364.53
1544800364.6
1544800364.64
1544800364.68
1544800364.71
1544800364.75
1544800364.78
1544800364.84
1544800364.89
1544800364.93
1544800364.97
1544800365.01
1544800365.05
1544800365.1
1544800365.12
1544800365.17
1544800365.23
1544800365.29
1544800365.33
1544800365.39
1544800365.44
1544800365.49
1544800365.52
1544800365.57
1544800365.62
1544800365.67
1544800365.7
1544800365.73
1544800365.76
1544800365.79
1544800365.84
1544800365.88
1544800365.91
1544800365.94
1544800366.0
1544800366.04
1544800366.07
1544800366.12
1544800366.15
1544800366.21
1544800366.27
1544800366.31
1544800366.34
1544800366.4
1544800366.45
1544800366.5
1544800366.54
1544800366.62
1544800366.68
1544800366.72
1544800366.75
1544800366.79
1544800366.85
1544800366.9
1544800366.93
1544800367.0
1544800367.05
1544800367.09
1544800367.13
1544800367.18
1544800367.23
1544800367.29
1544800367.32
1544800367.36
1544800367.41
1544800367.47
1544800367.52
1544800367.56
1544800367.61
1544800367.67
1544800367.71
1544800367.75
1544800367.81
1544800367.85
1544800367.89
1544800367.93
1544800367.98
1544800368.06
1544800368.1
1544800368.14
1544800368.2
1544800368.24
1544800368.28
1544800368.33
1544800368.37
1544800368.41
1544800368.45
1544800368.5
1544800368.53
1544800368.61
1544800368.67
1544800368.71
1544800368.76
1544800368.8
1544800368.83
1544800368.87
1544800368.92
1544800368.97
1544800369.01
1544800369.05
1544800369.1
1544800369.17
1544800369.23
1544800369.29
1544800369.34
1544800369.41
1544800369.47
1544800369.51
1544800369.54
1544800369.6
1544800369.66
1544800369.71
1544800369.76
1544800369.81
1544800369.86
1544800369.9
1544800369.94
1544800369.98
1544800370.04
1544800370.08
1544800370.12
1544800370.15
1544800370.22
1544800370.29
1544800370.35
1544800370.41
1544800370.46
1544800370.51
1544800370.56
1544800370.61
1544800370.65
1544800370.7
1544800370.75
1544800370.8
1544800370.85
1544800370.9
1544800370.95
1544800371.01
1544800371.06
1544800371.1
1544800371.14
1544800371.18
1544800371.24
1544800371.29
1544800371.34
1544800371.4
1544800371.44
1544800371.5
1544800371.55
1544800371.61
1544800371.66
1544800371.71
1544800371.77
1544800371.82
1544800371.88
1544800371.93
1544800371.99
1544800372.04
1544800372.09
1544800372.15
1544800372.2
1544800372.24
1544800372.29
1544800372.35
1544800372.41
1544800372.46
1544800372.53
1544800372.6
1544800372.65
1544800372.7
1544800372.76
1544800372.79
1544800372.83
1544800372.86
1544800372.9
1544800372.93
1544800372.97
1544800373.01
1544800373.06
1544800373.09
1544800373.13
1544800373.16
1544800373.19
1544800373.23
1544800373.27
1544800373.32
1544800373.37
1544800373.4
1544800373.43
1544800373.48
1544800373.52
1544800373.56
1544800373.6
1544800373.64
1544800373.68
1544800373.72
1544800373.77
1544800373.82
1544800373.86
1544800373.91
1544800373.95
1544800373.99
1544800374.02
1544800374.06
1544800374.09
1544800374.13
1544800374.17
1544800374.2
1544800374.25
1544800374.3
1544800374.34
1544800374.39
1544800374.43
1544800374.47
1544800374.51
1544800374.55
1544800374.59
1544800374.63
1544800374.66
1544800374.7
1544800374.74
1544800374.78
1544800374.82
1544800374.87
1544800374.93
1544800374.98
1544800375.02
1544800375.05
1544800375.1
1544800375.14
1544800375.17
1544800375.2
1544800375.24
1544800375.28
1544800375.34
1544800375.39
1544800375.43
1544800375.48
1544800375.54
1544800375.6
1544800375.63
1544800375.69
1544800375.74
1544800375.79
1544800375.83
1544800375.87
1544800375.93
1544800375.97
1544800376.02
1544800376.06
1544800376.09
1544800376.13
1544800376.17
1544800376.22
1544800376.26
1544800376.3
1544800376.34
1544800376.37
1544800376.41
1544800376.45
1544800376.49
1544800376.54
1544800376.59
1544800376.64
1544800376.67
1544800376.72
1544800376.78
1544800376.82
1544800376.86
1544800376.92
1544800376.96
1544800377.0
1544800377.04
1544800377.09
1544800377.15
1544800377.19
1544800377.23
1544800377.28
1544800377.34
1544800377.38
1544800377.42
1544800377.46
1544800377.53
1544800377.58
1544800377.62
1544800377.66
1544800377.71
1544800377.76
1544800377.8
1544800377.84
1544800377.9
1544800377.95
1544800377.99
1544800378.03
1544800378.09
1544800378.15
1544800378.2
1544800378.24
1544800378.29
1544800378.33
1544800378.39
1544800378.42
1544800378.45
1544800378.53
1544800378.58
1544800378.62
1544800378.65
1544800378.73
1544800378.76
1544800378.8
1544800378.84
1544800378.88
1544800378.99
1544800379.03
1544800379.05
1544800379.11
1544800379.15
1544800379.2
1544800379.24
1544800379.27
1544800379.31
1544800379.35
1544800379.41
1544800379.44
1544800379.48
1544800379.57
1544800379.6
1544800379.64
1544800379.71
1544800379.77
1544800379.83
1544800379.9
1544800379.97
1544800380.04
1544800380.12
1544800380.2
1544800380.27
1544800380.32
1544800380.36
1544800380.41
1544800380.47
1544800380.52
1544800380.57
1544800380.62
1544800380.67
1544800380.71
1544800380.76
1544800380.82
1544800380.87
1544800380.92
1544800380.97
1544800381.02
1544800381.07
1544800381.13
1544800381.19
1544800381.25
1544800381.29
1544800381.34
1544800381.38
1544800381.42
1544800381.45
1544800381.49
1544800381.53
1544800381.57
1544800381.61
1544800381.64
1544800381.69
1544800381.72
1544800381.77
1544800381.82
1544800381.86
1544800381.91
1544800381.98
1544800382.02
1544800382.05
1544800382.12
1544800382.17
1544800382.2
1544800382.23
1544800382.27
1544800382.31
1544800382.35
1544800382.38
1544800382.43
1544800382.48
1544800382.56
1544800382.59
1544800382.63
1544800382.68
1544800382.73
1544800382.77
1544800382.82
1544800382.85
1544800382.91
1544800382.97
1544800383.01
1544800383.04
1544800383.09
1544800383.13
1544800383.17
1544800383.2
1544800383.23
1544800383.28
1544800383.35
1544800383.4
1544800383.44
1544800383.5
1544800383.56
1544800383.6
1544800383.63
1544800383.67
1544800383.72
1544800383.78
1544800383.82
1544800383.86
1544800383.89
1544800383.94
1544800383.99
1544800384.02
1544800384.06
1544800384.11
1544800384.17
1544800384.2
1544800384.24
1544800384.31
1544800384.37
1544800384.4
1544800384.44
1544800384.49
1544800384.54
1544800384.58
1544800384.61
1544800384.65
1544800384.69
1544800384.75
1544800384.79
1544800384.83
1544800384.87
1544800384.92
1544800384.97
1544800385.01
1544800385.05
1544800385.1
1544800385.15
1544800385.19
1544800385.22
1544800385.25
1544800385.3
1544800385.35
1544800385.39
1544800385.43
1544800385.48
1544800385.54
1544800385.59
1544800385.64
1544800385.7
1544800385.75
1544800385.79
1544800385.83
1544800385.86
1544800385.92
1544800385.96
1544800385.99
1544800386.02
1544800386.06
1544800386.1
1544800386.15
1544800386.19
1544800386.23
1544800386.27
1544800386.34
1544800386.38
1544800386.42
1544800386.45
1544800386.49
1544800386.53
1544800386.58
1544800386.62
1544800386.67
1544800386.72
1544800386.77
1544800386.81
1544800386.85
1544800386.93
1544800386.97
1544800387.01
1544800387.05
1544800387.11
1544800387.17
1544800387.2
1544800387.24
1544800387.29
1544800387.35
1544800387.39
1544800387.43
1544800387.48
1544800387.54
1544800387.58
1544800387.61
1544800387.65
1544800387.7
1544800387.75
1544800387.79
1544800387.82
1544800387.87
1544800387.94
1544800387.99
1544800388.02
1544800388.06
1544800388.12
1544800388.16
1544800388.2
1544800388.23
1544800388.27
1544800388.32
1544800388.38
1544800388.41
1544800388.44
1544800388.48
1544800388.53
1544800388.57
1544800388.6
1544800388.63
1544800388.69
1544800388.74
1544800388.79
1544800388.82
1544800388.86
1544800388.91
1544800388.96
1544800388.99
1544800389.03
1544800389.06
1544800389.12
1544800389.17
1544800389.21
1544800389.24
1544800389.29
1544800389.35
1544800389.4
1544800389.43
1544800389.46
1544800389.5
1544800389.55
1544800389.59
1544800389.62
1544800389.65
1544800389.72
1544800389.77
1544800389.8
1544800389.84
1544800389.87
1544800389.92
1544800389.98
1544800390.01
1544800390.05
1544800390.1
1544800390.14
1544800390.19
1544800390.23
1544800390.27
1544800390.32
1544800390.37
1544800390.41
1544800390.44
1544800390.49
1544800390.54
1544800390.58
1544800390.62
1544800390.65
1544800390.68
1544800390.72
1544800390.75
1544800390.78
1544800390.82
1544800390.85
1544800390.92
1544800390.97
1544800390.99
1544800391.03
1544800391.06
1544800391.13
1544800391.17
1544800391.2
1544800391.24
1544800391.29
1544800391.34
1544800391.39
1544800391.42
1544800391.45
1544800391.49
1544800391.53
1544800391.58
1544800391.62
1544800391.67
1544800391.72
1544800391.77
1544800391.81
1544800391.86
1544800391.9
1544800391.94
1544800391.98
1544800392.02
1544800392.05
1544800392.15
1544800392.19
1544800392.23
1544800392.27
1544800392.33
1544800392.4
1544800392.47
1544800392.53
1544800392.6
1544800392.68
1544800392.74
1544800392.83
1544800392.9
1544800392.95
1544800392.99
1544800393.03
1544800393.09
1544800393.13
1544800393.18
1544800393.22
1544800393.27
1544800393.32
1544800393.37
1544800393.44
1544800393.5
1544800393.57
1544800393.63
1544800393.69
1544800393.76
1544800393.82
1544800393.89
1544800393.95
1544800394.0
1544800394.07
1544800394.12
1544800394.18
1544800394.23
1544800394.28
1544800394.33
1544800394.39
1544800394.43
1544800394.49
1544800394.54
1544800394.61
1544800394.68
1544800394.74
1544800394.8
1544800394.88
1544800394.95
1544800395.01
1544800395.1
1544800395.16
1544800395.2
1544800395.24
1544800395.29
1544800395.35
1544800395.39
1544800395.43
1544800395.46
1544800395.5
1544800395.54
1544800395.58
1544800395.62
1544800395.65
1544800395.7
1544800395.78
1544800395.81
1544800395.85
1544800395.9
1544800395.94
1544800395.98
1544800396.02
1544800396.08
1544800396.11
1544800396.15
1544800396.18
1544800396.22
1544800396.25
1544800396.3
1544800396.34
1544800396.38
1544800396.41
1544800396.45
1544800396.51
1544800396.56
1544800396.6
1544800396.64
1544800396.72
1544800396.76
1544800396.8
1544800396.84
1544800396.93
1544800396.99
1544800397.03
1544800397.07
1544800397.12
1544800397.17
1544800397.21
1544800397.27
1544800397.34
1544800397.39
1544800397.43
1544800397.48
1544800397.53
1544800397.58
1544800397.62
1544800397.65
1544800397.7
1544800397.75
1544800397.79
1544800397.82
1544800397.86
1544800397.91
1544800397.95
1544800397.99
1544800398.02
1544800398.06
1544800398.11
1544800398.17
1544800398.2
1544800398.25
1544800398.31
1544800398.35
1544800398.39
1544800398.42
1544800398.47
1544800398.52
1544800398.58
1544800398.62
1544800398.67
1544800398.7
1544800398.74
1544800398.8
1544800398.84
1544800398.9
1544800398.94
1544800398.99
1544800399.03
1544800399.08
1544800399.15
1544800399.19
1544800399.22
1544800399.27
1544800399.32
1544800399.36
1544800399.39
1544800399.43
1544800399.46
1544800399.52
1544800399.56
1544800399.59
1544800399.62
1544800399.67
1544800399.72
1544800399.77
1544800399.81
1544800399.85
1544800399.91
1544800399.97
1544800400.0
1544800400.05
1544800400.11
1544800400.17
1544800400.2
1544800400.24
1544800400.27
1544800400.3
1544800400.35
1544800400.39
1544800400.43
1544800400.46
1544800400.52
1544800400.56
1544800400.61
1544800400.64
1544800400.71
1544800400.76
1544800400.8
1544800400.84
1544800400.88
1544800400.95
1544800401.0
1544800401.03
1544800401.07
1544800401.12
1544800401.16
1544800401.2
1544800401.24
1544800401.3
1544800401.36
1544800401.39
1544800401.44
1544800401.51
1544800401.56
1544800401.59
1544800401.63
1544800401.67
1544800401.72
1544800401.77
1544800401.81
1544800401.85
1544800401.89
1544800401.94
1544800401.99
1544800402.03
1544800402.07
1544800402.12
1544800402.17
1544800402.2
1544800402.24
1544800402.28
1544800402.33
1544800402.39
1544800402.43
1544800402.5
1544800402.58
1544800402.62
1544800402.65
1544800402.69
1544800402.73
1544800402.77
1544800402.82
1544800402.86
1544800402.9
1544800402.93
1544800402.97
1544800403.0
1544800403.03
1544800403.07
1544800403.12
1544800403.16
1544800403.21
1544800403.26
1544800403.3
1544800403.35
1544800403.39
1544800403.43
1544800403.47
1544800403.5
1544800403.54
1544800403.58
1544800403.61
1544800403.65
1544800403.69
1544800403.72
1544800403.76
1544800403.79
1544800403.82
1544800403.86
1544800403.9
1544800403.93
1544800403.96
1544800404.0
1544800404.03
1544800404.09
1544800404.13
1544800404.17
1544800404.21
1544800404.24
1544800404.28
1544800404.31
1544800404.35
1544800404.38
1544800404.41
1544800404.45
1544800404.49
1544800404.53
1544800404.56
1544800404.6
1544800404.64
1544800404.7
1544800404.76
1544800404.81
1544800404.85
1544800404.89
1544800404.92
1544800404.96
1544800405.0
1544800405.04
1544800405.1
1544800405.13
1544800405.17
1544800405.22
1544800405.26
1544800405.3
1544800405.33
1544800405.37
1544800405.41
1544800405.45
1544800405.49
1544800405.53
1544800405.57
1544800405.6
1544800405.64
1544800405.69
1544800405.73
1544800405.77
1544800405.81
1544800405.84
1544800405.87
1544800405.91
1544800405.95
1544800405.99
1544800406.03
1544800406.07
1544800406.11
1544800406.16
1544800406.2
1544800406.24
1544800406.3
1544800406.34
1544800406.38
1544800406.42
1544800406.45
1544800406.5
1544800406.54
1544800406.58
1544800406.62
1544800406.66
1544800406.7
1544800406.74
1544800406.79
1544800406.84
1544800406.88
1544800406.92
1544800406.96
1544800407.0
1544800407.07
1544800407.1
1544800407.15
1544800407.19
1544800407.23
1544800407.28
1544800407.32
1544800407.36
1544800407.4
1544800407.44
1544800407.48
1544800407.51
1544800407.55
1544800407.59
1544800407.63
1544800407.67
1544800407.7
1544800407.74
1544800407.77
1544800407.81
1544800407.84
1544800407.89
1544800407.92
1544800407.96
1544800408.0
1544800408.03
1544800408.07
1544800408.1
1544800408.14
1544800408.18
1544800408.23
1544800408.27
1544800408.31
1544800408.35
1544800408.39
1544800408.44
1544800408.5
1544800408.55
1544800408.58
1544800408.62
1544800408.65
1544800408.7
1544800408.74
1544800408.77
1544800408.8
1544800408.84
1544800408.89
1544800408.93
1544800408.98
1544800409.02
1544800409.07
1544800409.11
1544800409.15
1544800409.19
1544800409.23
1544800409.26
1544800409.3
1544800409.34
1544800409.39
1544800409.43
1544800409.47
1544800409.51
1544800409.55
1544800409.59
1544800409.62
1544800409.65
1544800409.69
1544800409.72
1544800409.76
1544800409.8
1544800409.83
1544800409.88
1544800409.91
1544800409.95
1544800410.03
1544800410.08
1544800410.12
1544800410.16
1544800410.22
1544800410.27
1544800410.31
1544800410.35
1544800410.42
1544800410.47
1544800410.5
1544800410.53
1544800410.59
1544800410.63
1544800410.68
1544800410.72
1544800410.76
1544800410.82
1544800410.87
1544800410.9
1544800410.93
1544800410.97
1544800411.03
1544800411.08
1544800411.11
1544800411.15
1544800411.2
1544800411.27
1544800411.3
1544800411.34
1544800411.39
1544800411.44
1544800411.49
1544800411.52
1544800411.56
1544800411.6
1544800411.65
1544800411.7
1544800411.73
1544800411.78
1544800411.87
1544800411.91
1544800411.95
1544800412.01
1544800412.07
1544800412.1
1544800412.13
1544800412.19
1544800412.24
1544800412.28
1544800412.31
1544800412.35
1544800412.4
1544800412.44
1544800412.49
1544800412.53
1544800412.57
1544800412.61
1544800412.68
1544800412.72
1544800412.75
1544800412.8
1544800412.88
1544800412.92
1544800412.95
1544800413.0
1544800413.04
1544800413.09
1544800413.13
1544800413.17
1544800413.22
1544800413.27
1544800413.32
1544800413.36
1544800413.46
1544800413.5
1544800413.53
1544800413.58
1544800413.64
1544800413.7
1544800413.74
1544800413.8
1544800413.84
1544800413.9
1544800413.93
1544800413.97
1544800414.0
1544800414.07
1544800414.11
1544800414.14
1544800414.21
1544800414.26
1544800414.31
1544800414.35
1544800414.41
1544800414.47
1544800414.51
1544800414.55
1544800414.6
1544800414.64
1544800414.7
1544800414.74
1544800414.8
1544800414.84
1544800414.9
1544800414.94
1544800415.0
1544800415.04
1544800415.09
1544800415.14
1544800415.19
1544800415.23
1544800415.29
1544800415.33
1544800415.38
1544800415.43
1544800415.48
1544800415.53
1544800415.58
1544800415.63
1544800415.68
1544800415.73
1544800415.77
1544800415.81
1544800415.84
1544800415.9
1544800415.93
1544800416.0
1544800416.07
1544800416.14
1544800416.22
1544800416.29
1544800416.35
1544800416.41
1544800416.45
1544800416.49
1544800416.53
1544800416.58
1544800416.64
1544800416.71
1544800416.76
1544800416.84
1544800416.89
1544800416.93
1544800416.98
1544800417.03
1544800417.09
1544800417.12
1544800417.15
1544800417.2
1544800417.25
1544800417.3
1544800417.33
1544800417.38
1544800417.44
1544800417.48
1544800417.52
1544800417.57
1544800417.64
1544800417.69
1544800417.72
1544800417.77
1544800417.81
1544800417.87
1544800417.91
1544800417.95
1544800418.03
1544800418.08
1544800418.11
1544800418.15
1544800418.2
1544800418.24
1544800418.29
1544800418.32
1544800418.36
1544800418.42
1544800418.46
1544800418.51
1544800418.55
1544800418.6
1544800418.64
1544800418.69
1544800418.72
1544800418.76
1544800418.81
1544800418.85
1544800418.9
1544800418.94
1544800418.98
1544800419.04
1544800419.08
1544800419.12
1544800419.18
1544800419.23
1544800419.28
1544800419.31
1544800419.34
1544800419.39
1544800419.44
1544800419.49
1544800419.52
1544800419.55
1544800419.6
1544800419.66
1544800419.7
1544800419.74
1544800419.78
1544800419.81
1544800419.84
1544800419.89
1544800419.92
1544800419.96
1544800420.01
1544800420.06
1544800420.1
1544800420.14
1544800420.18
1544800420.23
1544800420.27
1544800420.31
1544800420.36
1544800420.42
1544800420.48
1544800420.52
1544800420.56
1544800420.64
1544800420.69
1544800420.73
1544800420.79
1544800420.84
1544800420.9
1544800420.93
1544800420.97
1544800421.03
1544800421.07
1544800421.1
1544800421.13
1544800421.17
1544800421.25
1544800421.29
1544800421.32
1544800421.35
1544800421.4
1544800421.44
1544800421.47
1544800421.51
1544800421.54
1544800421.6
1544800421.65
1544800421.69
1544800421.72
1544800421.76
1544800421.83
1544800421.88
1544800421.91
1544800421.94
1544800421.98
1544800422.02
1544800422.06
1544800422.1
1544800422.13
1544800422.17
1544800422.21
1544800422.25
1544800422.29
1544800422.32
1544800422.36
1544800422.4
1544800422.44
1544800422.47
1544800422.5
1544800422.53
1544800422.57
1544800422.62
1544800422.65
1544800422.69
1544800422.72
1544800422.75
1544800422.8
1544800422.84
1544800422.87
1544800422.9
1544800422.94
1544800422.98
1544800423.02
1544800423.07
1544800423.1
1544800423.13
1544800423.17
1544800423.21
1544800423.25
1544800423.29
1544800423.32
1544800423.35
1544800423.41
1544800423.45
1544800423.49
1544800423.52
1544800423.56
1544800423.59
1544800423.66
1544800423.69
1544800423.73
1544800423.76
1544800423.81
1544800423.84
1544800423.89
1544800423.92
1544800423.96
1544800423.99
1544800424.03
1544800424.07
1544800424.1
1544800424.13
1544800424.16
1544800424.2
1544800424.24
1544800424.27
1544800424.31
1544800424.34
1544800424.39
1544800424.42
1544800424.47
1544800424.5
1544800424.54
1544800424.59
1544800424.63
1544800424.66
1544800424.7
1544800424.73
1544800424.76
1544800424.79
1544800424.83
1544800424.87
1544800424.9
1544800424.93
1544800424.97
1544800425.02
1544800425.06
1544800425.09
1544800425.12
1544800425.16
1544800425.22
1544800425.27
1544800425.3
1544800425.33
1544800425.37
1544800425.4
1544800425.44
1544800425.47
1544800425.5
1544800425.53
1544800425.57
1544800425.6
1544800425.64
1544800425.68
1544800425.71
1544800425.74
1544800425.77
1544800425.81
1544800425.85
1544800425.89
1544800425.91
1544800425.95
1544800425.99
1544800426.02
1544800426.07
1544800426.1
1544800426.13
1544800426.16
1544800426.21
1544800426.26
1544800426.29
1544800426.32
1544800426.35
1544800426.4
1544800426.44
1544800426.48
1544800426.51
1544800426.54
1544800426.6
1544800426.64
1544800426.68
1544800426.71
1544800426.75
1544800426.79
1544800426.83
1544800426.87
1544800426.9
1544800426.93
1544800426.96
1544800427.0
1544800427.04
1544800427.09
1544800427.12
1544800427.16
1544800427.2
1544800427.24
1544800427.28
1544800427.31
1544800427.34
1544800427.38
1544800427.42
1544800427.46
1544800427.5
1544800427.53
1544800427.57
1544800427.6
1544800427.64
1544800427.68
1544800427.71
1544800427.74
1544800427.79
1544800427.85
1544800427.89
1544800427.92
1544800427.95
1544800427.99
1544800428.05
1544800428.09
1544800428.12
1544800428.15
1544800428.19
1544800428.23
1544800428.27
1544800428.3
1544800428.34
1544800428.4
1544800428.44
1544800428.48
1544800428.51
1544800428.56
1544800428.61
1544800428.64
1544800428.68
1544800428.71
1544800428.74
1544800428.79
1544800428.84
1544800428.89
1544800428.92
1544800428.95
1544800429.02
1544800429.07
1544800429.1
1544800429.13
1544800429.16
1544800429.21
1544800429.25
1544800429.28
1544800429.31
1544800429.34
1544800429.4
1544800429.46
1544800429.5
1544800429.53
1544800429.57
1544800429.6
1544800429.63
1544800429.67
1544800429.7
1544800429.73
1544800429.77
1544800429.82
1544800429.85
1544800429.89
1544800429.92
1544800429.95
1544800429.99
1544800430.03
1544800430.06
1544800430.1
1544800430.13
1544800430.17
1544800430.21
1544800430.26
1544800430.3
1544800430.34
1544800430.37
1544800430.42
1544800430.47
1544800430.5
1544800430.54
1544800430.57
1544800430.61
1544800430.66
1544800430.69
1544800430.72
1544800430.75
1544800430.79
1544800430.84
1544800430.88
1544800430.91
1544800430.94
1544800431.0
1544800431.04
1544800431.07
1544800431.1
1544800431.14
1544800431.18
1544800431.24
1544800431.29
1544800431.32
1544800431.35
1544800431.41
1544800431.47
1544800431.5
1544800431.53
1544800431.56
1544800431.61
1544800431.65
1544800431.69
1544800431.72
1544800431.75
1544800431.8
1544800431.84
1544800431.89
1544800431.92
1544800431.95
1544800431.99
1544800432.03
1544800432.07
1544800432.11
1544800432.13
1544800432.17
1544800432.22
1544800432.25
1544800432.29
1544800432.32
1544800432.35
1544800432.39
1544800432.44
1544800432.48
1544800432.5
1544800432.54
1544800432.58
1544800432.64
1544800432.69
1544800432.72
1544800432.76
1544800432.8
1544800432.84
1544800432.87
1544800432.91
1544800432.94
1544800432.98
1544800433.03
1544800433.08
1544800433.11
1544800433.14
1544800433.2
1544800433.24
1544800433.29
1544800433.32
1544800433.36
1544800433.42
1544800433.47
1544800433.51
1544800433.54
1544800433.59
1544800433.64
1544800433.69
1544800433.72
1544800433.76
1544800433.8
1544800433.85
1544800433.89
1544800433.92
1544800433.97
1544800434.02
1544800434.07
1544800434.1
1544800434.13
1544800434.18
1544800434.23
1544800434.27
1544800434.31
1544800434.35
1544800434.42
1544800434.47
1544800434.51
1544800434.54
1544800434.58
1544800434.63
1544800434.69
1544800434.74
1544800434.8
1544800434.86
1544800434.91
1544800434.97
1544800435.0
1544800435.04
1544800435.12
1544800435.17
1544800435.21
1544800435.25
1544800435.33
1544800435.42
1544800435.49
1544800435.57
1544800435.65
1544800435.72
1544800435.79
1544800435.87
1544800435.93
1544800436.0
1544800436.07
1544800436.14
1544800436.21
1544800436.25
1544800436.3
1544800436.34
1544800436.39
1544800436.43
1544800436.49
1544800436.55
1544800436.59
1544800436.62
1544800436.67
1544800436.72
1544800436.76
1544800436.81
1544800436.86
1544800436.91
1544800436.96
1544800437.01
1544800437.06
1544800437.1
1544800437.17
1544800437.2
1544800437.23
1544800437.27
1544800437.34
1544800437.41
1544800437.45
1544800437.5
1544800437.54
1544800437.59
1544800437.63
1544800437.67
1544800437.7
1544800437.74
1544800437.78
1544800437.82
1544800437.86
1544800437.92
1544800437.96
1544800438.0
1544800438.05
1544800438.09
1544800438.16
1544800438.21
1544800438.25
1544800438.31
1544800438.36
1544800438.4
1544800438.43
1544800438.47
1544800438.54
1544800438.58
1544800438.62
1544800438.67
1544800438.7
1544800438.75
1544800438.79
1544800438.83
1544800438.87
1544800438.92
1544800438.97
1544800439.0
1544800439.05
1544800439.09
1544800439.14
1544800439.19
1544800439.22
1544800439.26
1544800439.31
1544800439.34
1544800439.39
1544800439.42
1544800439.47
1544800439.53
1544800439.57
1544800439.61
1544800439.65
1544800439.74
1544800439.8
1544800439.83
1544800439.87
1544800439.9
1544800439.94
1544800439.98
1544800440.02
1544800440.05
1544800440.1
1544800440.15
1544800440.19
1544800440.22
1544800440.26
1544800440.3
1544800440.37
1544800440.4
1544800440.45
1544800440.49
1544800440.55
1544800440.59
1544800440.64
1544800440.69
1544800440.75
1544800440.79
1544800440.83
1544800440.87
1544800440.93
1544800440.97
1544800441.0
1544800441.04
1544800441.11
1544800441.17
1544800441.22
1544800441.26
1544800441.31
1544800441.38
1544800441.42
1544800441.46
1544800441.52
1544800441.57
1544800441.62
1544800441.66
1544800441.72
1544800441.77
1544800441.8
1544800441.84
1544800441.89
1544800441.95
1544800442.0
1544800442.03
1544800442.07
1544800442.11
1544800442.16
1544800442.2
1544800442.24
1544800442.3
1544800442.37
1544800442.41
1544800442.44
1544800442.5
1544800442.57
1544800442.61
1544800442.65
1544800442.71
1544800442.78
1544800442.83
1544800442.87
1544800442.95
1544800443.0
1544800443.06
1544800443.13
1544800443.17
1544800443.21
1544800443.25
1544800443.28
1544800443.36
1544800443.4
1544800443.44
1544800443.49
1544800443.56
1544800443.6
1544800443.65
1544800443.71
1544800443.76
1544800443.79
1544800443.83
1544800443.89
1544800443.93
1544800443.98
1544800444.02
1544800444.06
1544800444.13
1544800444.19
1544800444.23
1544800444.27
1544800444.34
1544800444.39
1544800444.44
1544800444.49
1544800444.55
1544800444.6
1544800444.64
1544800444.76
1544800444.8
1544800444.83
1544800444.89
1544800444.94
1544800444.99
1544800445.02
1544800445.07
1544800445.11
1544800445.17
1544800445.2
1544800445.24
1544800445.28
1544800445.35
1544800445.39
1544800445.43
1544800445.48
1544800445.54
1544800445.6
1544800445.66
1544800445.7
1544800445.75
1544800445.8
1544800445.84
1544800445.89
1544800445.92
1544800445.97
1544800446.0
1544800446.05
1544800446.11
1544800446.16
1544800446.2
1544800446.23
1544800446.27
1544800446.31
1544800446.35
1544800446.39
1544800446.42
1544800446.46
1544800446.52
1544800446.57
1544800446.61
1544800446.68
1544800446.75
1544800446.8
1544800446.84
1544800446.9
1544800446.95
1544800447.0
1544800447.04
1544800447.08
1544800447.12
1544800447.17
1544800447.21
1544800447.25
1544800447.29
1544800447.36
1544800447.42
1544800447.49
1544800447.55
1544800447.61
1544800447.65
1544800447.71
1544800447.76
1544800447.83
1544800447.9
1544800447.97
1544800448.01
1544800448.07
1544800448.12
1544800448.17
1544800448.22
1544800448.29
1544800448.33
1544800448.39
1544800448.45
1544800448.52
1544800448.56
1544800448.61
1544800448.67
1544800448.73
1544800448.79
1544800448.88
1544800448.95
1544800449.02
1544800449.09
1544800449.16
1544800449.23
1544800449.31
1544800449.38
1544800449.46
1544800449.52
1544800449.59
1544800449.64
1544800449.71
1544800449.78
1544800449.84
1544800449.9
1544800449.97
1544800450.02
1544800450.08
1544800450.12
1544800450.16
1544800450.19
1544800450.24
1544800450.28
1544800450.33
1544800450.38
1544800450.42
1544800450.47
1544800450.52
1544800450.59
1544800450.64
1544800450.7
1544800450.73
1544800450.77
1544800450.82
1544800450.86
1544800450.9
1544800450.94
1544800451.03
1544800451.08
1544800451.12
1544800451.17
1544800451.22
1544800451.27
1544800451.31
1544800451.35
1544800451.41
1544800451.45
1544800451.5
1544800451.53
1544800451.57
1544800451.6
1544800451.66
1544800451.7
1544800451.75
1544800451.82
1544800451.89
1544800451.94
1544800451.98
1544800452.07
1544800452.13
1544800452.18
1544800452.23
1544800452.28
1544800452.32
1544800452.37
1544800452.41
1544800452.46
1544800452.5
1544800452.53
1544800452.59
1544800452.63
1544800452.7
1544800452.73
1544800452.77
1544800452.82
1544800452.86
1544800452.9
1544800452.94
1544800452.99
1544800453.05
1544800453.09
1544800453.13
1544800453.16
1544800453.2
1544800453.25
1544800453.3
1544800453.34
1544800453.4
1544800453.45
1544800453.51
1544800453.55
1544800453.59
1544800453.63
1544800453.67
1544800453.7
1544800453.74
1544800453.81
1544800453.87
1544800453.9
1544800453.94
1544800454.01
1544800454.07
1544800454.11
1544800454.15
1544800454.22
1544800454.27
1544800454.32
1544800454.36
1544800454.43
1544800454.48
1544800454.52
1544800454.57
1544800454.62
1544800454.66
1544800454.7
1544800454.73
1544800454.78
1544800454.83
1544800454.89
1544800454.93
1544800454.97
1544800455.02
1544800455.06
1544800455.1
1544800455.13
1544800455.17
1544800455.22
1544800455.27
1544800455.31
1544800455.35
1544800455.39
1544800455.43
1544800455.47
1544800455.51
1544800455.55
1544800455.59
1544800455.62
1544800455.67
1544800455.7
1544800455.76
1544800455.8
1544800455.85
1544800455.9
1544800455.93
1544800456.0
1544800456.05
1544800456.09
1544800456.13
1544800456.17
1544800456.24
1544800456.29
1544800456.33
1544800456.37
1544800456.43
1544800456.47
1544800456.51
1544800456.57
1544800456.62
1544800456.67
1544800456.71
1544800456.75
1544800456.8
1544800456.84
1544800456.89
1544800456.93
1544800456.99
1544800457.03
1544800457.07
1544800457.12
1544800457.16
1544800457.2
1544800457.25
1544800457.3
1544800457.34
1544800457.38
1544800457.44
1544800457.51
1544800457.57
1544800457.62
1544800457.68
1544800457.75
1544800457.81
1544800457.86
1544800457.92
1544800457.98
1544800458.03
1544800458.09
1544800458.12
1544800458.16
1544800458.2
1544800458.28
1544800458.34
1544800458.42
1544800458.5
1544800458.59
1544800458.67
1544800458.74
1544800458.82
1544800458.9
1544800458.98
1544800459.07
1544800459.14
1544800459.22
1544800459.3
1544800459.4
1544800459.47
1544800459.57
1544800459.61
1544800459.67
1544800459.73
1544800459.77
1544800459.82
1544800459.85
1544800459.92
1544800459.96
1544800460.0
1544800460.04
1544800460.08
1544800460.13
1544800460.19
1544800460.23
1544800460.31
1544800460.36
1544800460.4
1544800460.44
1544800460.5
1544800460.55
1544800460.6
1544800460.64
1544800460.72
1544800460.77
1544800460.81
1544800460.85
1544800460.94
1544800460.99
1544800461.02
1544800461.07
1544800461.12
1544800461.18
1544800461.22
1544800461.27
1544800461.34
1544800461.4
1544800461.44
1544800461.49
1544800461.55
1544800461.6
1544800461.64
1544800461.71
1544800461.77
1544800461.82
1544800461.86
1544800461.94
1544800461.98
1544800462.01
1544800462.06
1544800462.12
1544800462.17
1544800462.21
1544800462.27
1544800462.31
1544800462.36
1544800462.4
1544800462.45
1544800462.52
1544800462.59
1544800462.66
1544800462.72
1544800462.79
1544800462.84
1544800462.88
1544800462.93
1544800462.98
1544800463.03
1544800463.08
1544800463.12
1544800463.18
1544800463.22
1544800463.27
1544800463.32
1544800463.38
1544800463.43
1544800463.5
1544800463.57
1544800463.63
1544800463.7
1544800463.75
1544800463.8
1544800463.84
1544800463.9
1544800463.95
1544800464.02
1544800464.08
1544800464.13
1544800464.2
1544800464.28
1544800464.34
1544800464.42
1544800464.49
1544800464.57
1544800464.61
1544800464.69
1544800464.74
1544800464.8
1544800464.86
1544800464.91
1544800464.97
1544800465.02
1544800465.09
1544800465.13
1544800465.18
1544800465.23
1544800465.26
1544800465.37
1544800465.4
1544800465.44
1544800465.5
1544800465.55
1544800465.59
1544800465.62
1544800465.65
1544800465.7
1544800465.73
1544800465.78
1544800465.82
1544800465.87
1544800465.92
1544800465.99
1544800466.03
1544800466.07
1544800466.15
1544800466.2
1544800466.24
1544800466.29
1544800466.33
1544800466.38
1544800466.42
1544800466.45
1544800466.5
1544800466.56
1544800466.61
1544800466.65
1544800466.71
1544800466.78
1544800466.81
1544800466.84
1544800466.91
1544800466.98
1544800467.02
1544800467.07
1544800467.12
1544800467.17
1544800467.21
1544800467.25
1544800467.28
1544800467.31
1544800467.35
1544800467.42
1544800467.46
1544800467.5
1544800467.54
1544800467.58
1544800467.61
1544800467.66
1544800467.7
1544800467.74
1544800467.79
1544800467.83
1544800467.87
1544800467.9
1544800467.93
1544800467.97
1544800468.01
1544800468.04
1544800468.09
1544800468.14
1544800468.18
1544800468.23
1544800468.27
1544800468.32
1544800468.35
1544800468.41
1544800468.46
1544800468.53
1544800468.61
1544800468.67
1544800468.72
1544800468.79
1544800468.85
1544800468.91
1544800468.98
1544800469.04
1544800469.11
1544800469.19
1544800469.24
1544800469.31
1544800469.38
1544800469.45
1544800469.52
1544800469.6
1544800469.67
1544800469.74
1544800469.8
1544800469.88
1544800469.93
1544800469.99
1544800470.04
1544800470.11
1544800470.19
1544800470.26
1544800470.35
1544800470.4
1544800470.51
1544800470.57
1544800470.62
1544800470.67
1544800470.72
1544800470.77
1544800470.8
1544800470.85
1544800470.9
1544800470.96
1544800471.02
1544800471.08
1544800471.14
1544800471.2
1544800471.24
1544800471.32
1544800471.37
1544800471.42
1544800471.45
