1544800557.26
1544800557.8
1544800557.99
1544800558.08
1544800558.15
1544800558.23
1544800558.3
1544800558.35
1544800558.42
1544800558.5
1544800558.54
1544800558.62
1544800558.68
1544800558.73
1544800558.78
1544800558.91
1544800558.97
1544800559.02
1544800559.07
1544800559.13
1544800559.18
1544800559.3
1544800559.39
1544800559.43
1544800559.52
1544800559.63
1544800559.71
1544800559.82
1544800559.88
1544800559.94
1544800560.0
1544800560.04
1544800560.09
1544800560.15
1544800560.21
1544800560.28
1544800560.34
1544800560.39
1544800560.46
1544800560.52
1544800560.59
1544800560.66
1544800560.72
1544800560.78
1544800560.84
1544800560.91
1544800561.0
1544800561.05
1544800561.1
1544800561.15
1544800561.21
1544800561.27
1544800561.33
1544800561.39
1544800561.46
1544800561.5
1544800561.54
1544800561.61
1544800561.68
1544800561.74
1544800561.81
1544800561.91
1544800561.98
1544800562.07
1544800562.17
1544800562.23
1544800562.29
1544800562.32
1544800562.37
1544800562.4
1544800562.45
1544800562.49
1544800562.53
1544800562.57
1544800562.6
1544800562.64
1544800562.67
1544800562.74
1544800562.79
1544800562.84
1544800562.9
1544800562.95
1544800563.0
1544800563.03
1544800563.07
1544800563.11
1544800563.16
1544800563.21
1544800563.3
1544800563.37
1544800563.41
1544800563.45
1544800563.5
1544800563.53
1544800563.58
1544800563.62
1544800563.7
1544800563.76
1544800563.8
1544800563.84
1544800563.89
1544800563.95
1544800564.0
1544800564.05
1544800564.09
1544800564.15
1544800564.19
1544800564.23
1544800564.27
1544800564.3
1544800564.34
1544800564.4
1544800564.45
1544800564.52
1544800564.57
1544800564.61
1544800564.64
1544800564.7
1544800564.75
1544800564.79
1544800564.82
1544800564.87
1544800564.91
1544800564.96
1544800565.01
1544800565.04
1544800565.08
1544800565.15
1544800565.2
1544800565.24
1544800565.28
1544800565.35
1544800565.4
1544800565.44
1544800565.49
1544800565.52
1544800565.57
1544800565.6
1544800565.64
1544800565.68
1544800565.72
1544800565.77
1544800565.8
1544800565.84
1544800565.89
1544800565.93
1544800565.97
1544800566.0
1544800566.04
1544800566.09
1544800566.14
1544800566.19
1544800566.23
1544800566.3
1544800566.36
1544800566.41
1544800566.44
1544800566.5
1544800566.55
1544800566.59
1544800566.62
1544800566.66
1544800566.7
1544800566.74
1544800566.79
1544800566.83
1544800566.87
1544800566.94
1544800566.98
1544800567.01
1544800567.04
1544800567.1
1544800567.17
1544800567.21
1544800567.25
1544800567.3
1544800567.34
1544800567.39
1544800567.42
1544800567.48
1544800567.53
1544800567.58
1544800567.62
1544800567.69
1544800567.76
1544800567.81
1544800567.86
1544800567.92
1544800567.96
1544800568.0
1544800568.04
1544800568.08
1544800568.13
1544800568.17
1544800568.2
1544800568.24
1544800568.3
1544800568.35
1544800568.39
1544800568.44
1544800568.49
1544800568.55
1544800568.6
1544800568.64
1544800568.71
1544800568.79
1544800568.82
1544800568.85
1544800568.9
1544800568.96
1544800569.0
1544800569.03
1544800569.07
1544800569.12
1544800569.16
1544800569.2
1544800569.24
1544800569.28
1544800569.32
1544800569.37
1544800569.4
1544800569.44
1544800569.52
1544800569.6
1544800569.67
1544800569.75
1544800569.82
1544800569.91
1544800569.99
1544800570.07
1544800570.13
1544800570.22
1544800570.29
1544800570.36
1544800570.44
1544800570.52
1544800570.58
1544800570.62
1544800570.67
1544800570.72
1544800570.81
1544800570.86
1544800570.9
1544800570.95
1544800571.02
1544800571.09
1544800571.13
1544800571.2
1544800571.28
1544800571.36
1544800571.44
1544800571.52
1544800571.59
1544800571.64
1544800571.68
1544800571.72
1544800571.79
1544800571.84
1544800571.92
1544800571.99
1544800572.05
1544800572.12
1544800572.17
1544800572.22
1544800572.29
1544800572.36
1544800572.44
1544800572.52
1544800572.57
1544800572.63
1544800572.67
1544800572.75
1544800572.79
1544800572.82
1544800572.87
1544800572.95
1544800573.0
1544800573.03
1544800573.08
1544800573.13
1544800573.19
1544800573.22
1544800573.27
1544800573.31
1544800573.37
1544800573.41
1544800573.46
1544800573.54
1544800573.58
1544800573.62
1544800573.66
1544800573.71
1544800573.75
1544800573.8
1544800573.84
1544800573.88
1544800573.93
1544800573.97
1544800574.01
1544800574.05
1544800574.1
1544800574.16
1544800574.2
1544800574.24
1544800574.31
1544800574.37
1544800574.41
1544800574.45
1544800574.51
1544800574.56
1544800574.6
1544800574.65
1544800574.72
1544800574.77
1544800574.81
1544800574.85
1544800574.89
1544800574.93
1544800574.98
1544800575.02
1544800575.05
1544800575.15
1544800575.19
1544800575.22
1544800575.27
1544800575.3
1544800575.34
1544800575.39
1544800575.43
1544800575.47
1544800575.53
1544800575.6
1544800575.63
1544800575.69
1544800575.75
1544800575.8
1544800575.83
1544800575.87
1544800575.93
1544800575.97
1544800576.01
1544800576.05
1544800576.09
1544800576.12
1544800576.16
1544800576.2
1544800576.23
1544800576.28
1544800576.32
1544800576.38
1544800576.41
1544800576.46
1544800576.52
1544800576.56
1544800576.6
1544800576.63
1544800576.68
1544800576.74
1544800576.78
1544800576.81
1544800576.85
1544800576.91
1544800576.96
1544800576.99
1544800577.03
1544800577.07
1544800577.13
1544800577.17
1544800577.2
1544800577.24
1544800577.29
1544800577.34
1544800577.38
1544800577.42
1544800577.44
1544800577.5
1544800577.57
1544800577.61
1544800577.64
1544800577.69
1544800577.74
1544800577.78
1544800577.82
1544800577.86
1544800577.9
1544800577.96
1544800577.99
1544800578.02
1544800578.08
1544800578.14
1544800578.19
1544800578.22
1544800578.27
1544800578.33
1544800578.39
1544800578.42
1544800578.47
1544800578.5
1544800578.55
1544800578.6
1544800578.63
1544800578.71
1544800578.76
1544800578.8
1544800578.84
1544800578.93
1544800578.99
1544800579.02
1544800579.06
1544800579.09
1544800579.12
1544800579.17
1544800579.2
1544800579.24
1544800579.28
1544800579.37
1544800579.4
1544800579.45
1544800579.52
1544800579.57
1544800579.62
1544800579.67
1544800579.71
1544800579.76
1544800579.8
1544800579.84
1544800579.88
1544800579.92
1544800579.97
1544800580.01
1544800580.06
1544800580.11
1544800580.17
1544800580.22
1544800580.27
1544800580.33
1544800580.39
1544800580.43
1544800580.5
1544800580.56
1544800580.66
1544800580.74
1544800580.82
1544800580.92
1544800580.99
1544800581.08
1544800581.14
1544800581.2
1544800581.25
1544800581.31
1544800581.37
1544800581.43
1544800581.49
1544800581.57
1544800581.64
1544800581.72
1544800581.8
1544800581.87
1544800581.95
1544800582.04
1544800582.12
1544800582.2
1544800582.27
1544800582.33
1544800582.4
1544800582.47
1544800582.55
1544800582.62
1544800582.68
1544800582.72
1544800582.8
1544800582.91
1544800582.99
1544800583.06
1544800583.12
1544800583.2
1544800583.27
1544800583.34
1544800583.42
1544800583.48
1544800583.56
1544800583.63
1544800583.7
1544800583.78
1544800583.85
1544800583.92
1544800584.0
1544800584.08
1544800584.15
1544800584.22
1544800584.29
1544800584.34
1544800584.39
1544800584.47
1544800584.52
1544800584.57
1544800584.63
1544800584.69
1544800584.73
1544800584.77
1544800584.82
1544800584.87
1544800584.94
1544800585.02
1544800585.07
1544800585.12
1544800585.16
1544800585.2
1544800585.24
1544800585.29
1544800585.33
1544800585.39
1544800585.43
1544800585.47
1544800585.51
1544800585.56
1544800585.61
1544800585.64
1544800585.68
1544800585.72
1544800585.75
1544800585.8
1544800585.87
1544800585.92
1544800585.97
1544800586.06
1544800586.1
1544800586.13
1544800586.16
1544800586.23
1544800586.28
1544800586.32
1544800586.36
1544800586.42
1544800586.48
1544800586.52
1544800586.58
1544800586.63
1544800586.69
1544800586.72
1544800586.77
1544800586.84
1544800586.89
1544800586.92
1544800586.96
1544800587.02
1544800587.08
1544800587.11
1544800587.15
1544800587.19
1544800587.22
1544800587.27
1544800587.32
1544800587.37
1544800587.41
1544800587.48
1544800587.53
1544800587.57
1544800587.62
1544800587.69
1544800587.73
1544800587.77
1544800587.82
1544800587.88
1544800587.92
1544800587.95
1544800588.0
1544800588.06
1544800588.11
1544800588.15
1544800588.21
1544800588.28
1544800588.32
1544800588.35
1544800588.4
1544800588.45
1544800588.49
1544800588.53
1544800588.57
1544800588.63
1544800588.68
1544800588.72
1544800588.76
1544800588.8
1544800588.84
1544800588.89
1544800588.93
1544800588.98
1544800589.03
1544800589.1
1544800589.14
1544800589.19
1544800589.24
1544800589.3
1544800589.36
1544800589.43
1544800589.47
1544800589.52
1544800589.55
1544800589.59
1544800589.63
1544800589.69
1544800589.72
1544800589.77
1544800589.81
1544800589.87
1544800589.91
1544800589.94
1544800589.99
1544800590.05
1544800590.1
1544800590.13
1544800590.19
1544800590.26
1544800590.3
1544800590.34
1544800590.39
1544800590.45
1544800590.5
1544800590.53
1544800590.6
1544800590.67
1544800590.71
1544800590.75
1544800590.83
1544800590.88
1544800590.93
1544800590.97
1544800591.03
1544800591.09
1544800591.13
1544800591.19
1544800591.27
1544800591.32
1544800591.4
1544800591.45
1544800591.49
1544800591.54
1544800591.59
1544800591.62
1544800591.66
1544800591.73
1544800591.78
1544800591.84
1544800591.89
1544800591.93
1544800591.97
1544800592.03
1544800592.07
1544800592.11
1544800592.14
1544800592.19
1544800592.26
1544800592.3
1544800592.34
1544800592.39
1544800592.45
1544800592.5
1544800592.55
1544800592.62
1544800592.68
1544800592.72
1544800592.75
1544800592.81
1544800592.85
1544800592.91
1544800592.95
1544800593.0
1544800593.07
1544800593.12
1544800593.16
1544800593.2
1544800593.24
1544800593.3
1544800593.34
1544800593.38
1544800593.45
1544800593.51
1544800593.54
1544800593.61
1544800593.67
1544800593.71
1544800593.76
1544800593.84
1544800593.89
1544800593.93
1544800593.97
1544800594.01
1544800594.07
1544800594.1
1544800594.15
1544800594.19
1544800594.25
1544800594.3
1544800594.34
1544800594.41
1544800594.47
1544800594.53
1544800594.58
1544800594.64
1544800594.69
1544800594.72
1544800594.76
1544800594.8
1544800594.84
1544800594.9
1544800594.94
1544800594.98
1544800595.02
1544800595.07
1544800595.1
1544800595.16
1544800595.19
1544800595.23
1544800595.3
1544800595.33
1544800595.4
1544800595.47
1544800595.52
1544800595.55
1544800595.63
1544800595.69
1544800595.73
1544800595.8
1544800595.87
1544800595.95
1544800596.03
1544800596.1
1544800596.17
1544800596.22
1544800596.28
1544800596.33
1544800596.38
1544800596.42
1544800596.47
1544800596.51
1544800596.55
1544800596.61
1544800596.69
1544800596.74
1544800596.8
1544800596.86
1544800596.92
1544800596.98
1544800597.03
1544800597.1
1544800597.15
1544800597.22
1544800597.28
1544800597.35
1544800597.42
1544800597.5
1544800597.58
1544800597.68
1544800597.75
1544800597.84
1544800597.92
1544800597.96
1544800598.02
1544800598.08
1544800598.15
1544800598.22
1544800598.29
1544800598.37
1544800598.43
1544800598.48
1544800598.52
1544800598.58
1544800598.62
1544800598.67
1544800598.71
1544800598.77
1544800598.81
1544800598.87
1544800598.93
1544800599.0
1544800599.05
1544800599.12
1544800599.22
1544800599.31
1544800599.39
1544800599.45
1544800599.49
1544800599.53
1544800599.58
1544800599.64
1544800599.7
1544800599.74
1544800599.8
1544800599.86
1544800599.91
1544800600.0
1544800600.08
1544800600.14
1544800600.18
1544800600.23
1544800600.3
1544800600.4
1544800600.5
1544800600.59
1544800600.67
1544800600.73
1544800600.8
1544800600.9
1544800600.98
1544800601.07
1544800601.16
1544800601.25
1544800601.33
1544800601.39
1544800601.43
1544800601.5
1544800601.57
1544800601.64
1544800601.69
1544800601.75
1544800601.84
1544800601.92
1544800601.98
1544800602.03
1544800602.1
1544800602.19
1544800602.29
1544800602.36
1544800602.4
1544800602.45
1544800602.51
1544800602.55
1544800602.59
1544800602.63
1544800602.67
1544800602.73
1544800602.77
1544800602.81
1544800602.86
1544800602.9
1544800602.96
1544800603.0
1544800603.04
1544800603.1
1544800603.18
1544800603.21
1544800603.25
1544800603.3
1544800603.37
1544800603.41
1544800603.45
1544800603.49
1544800603.53
1544800603.59
1544800603.62
1544800603.67
1544800603.74
1544800603.78
1544800603.82
1544800603.86
1544800603.9
1544800603.97
1544800604.0
1544800604.04
1544800604.1
1544800604.16
1544800604.19
1544800604.23
1544800604.29
1544800604.37
1544800604.41
1544800604.46
1544800604.55
1544800604.6
1544800604.64
1544800604.71
1544800604.76
1544800604.81
1544800604.84
1544800604.9
1544800604.94
1544800604.98
1544800605.01
1544800605.05
1544800605.09
1544800605.16
1544800605.2
1544800605.23
1544800605.29
1544800605.36
1544800605.4
1544800605.44
1544800605.49
1544800605.54
1544800605.59
1544800605.63
1544800605.67
1544800605.72
1544800605.77
1544800605.81
1544800605.85
1544800605.89
1544800605.96
1544800606.0
1544800606.04
1544800606.1
1544800606.15
1544800606.19
1544800606.22
1544800606.28
1544800606.32
1544800606.39
1544800606.43
1544800606.48
1544800606.52
1544800606.58
1544800606.62
1544800606.68
1544800606.73
1544800606.78
1544800606.82
1544800606.86
1544800606.92
1544800606.97
1544800607.01
1544800607.06
1544800607.13
1544800607.17
1544800607.21
1544800607.24
1544800607.27
1544800607.33
1544800607.38
1544800607.42
1544800607.45
1544800607.49
1544800607.54
1544800607.59
1544800607.63
1544800607.67
1544800607.72
1544800607.78
1544800607.81
1544800607.85
1544800607.92
1544800607.98
1544800608.01
1544800608.06
1544800608.12
1544800608.19
1544800608.22
1544800608.27
1544800608.32
1544800608.37
1544800608.4
1544800608.44
1544800608.51
1544800608.57
1544800608.62
1544800608.66
1544800608.7
1544800608.77
1544800608.81
1544800608.84
1544800608.91
1544800608.97
1544800609.02
1544800609.08
1544800609.12
1544800609.15
1544800609.2
1544800609.24
1544800609.32
1544800609.37
1544800609.42
1544800609.46
1544800609.53
1544800609.57
1544800609.6
1544800609.64
1544800609.71
1544800609.76
1544800609.8
1544800609.84
1544800609.89
1544800609.94
1544800609.99
1544800610.03
1544800610.06
1544800610.1
1544800610.16
1544800610.2
1544800610.24
1544800610.29
1544800610.33
1544800610.38
1544800610.42
1544800610.49
1544800610.57
1544800610.62
1544800610.66
1544800610.72
1544800610.78
1544800610.81
1544800610.86
1544800610.92
1544800610.98
1544800611.02
1544800611.09
1544800611.14
1544800611.19
1544800611.23
1544800611.3
1544800611.37
1544800611.4
1544800611.43
1544800611.49
1544800611.55
1544800611.59
1544800611.63
1544800611.7
1544800611.78
1544800611.82
1544800611.85
1544800611.89
1544800611.99
1544800612.02
1544800612.1
1544800612.15
1544800612.19
1544800612.24
1544800612.32
1544800612.39
1544800612.43
1544800612.49
1544800612.54
1544800612.59
1544800612.62
1544800612.67
1544800612.72
1544800612.76
1544800612.81
1544800612.86
1544800612.92
1544800612.99
1544800613.02
1544800613.06
1544800613.11
1544800613.16
1544800613.2
1544800613.23
1544800613.29
1544800613.36
1544800613.39
1544800613.43
1544800613.47
1544800613.53
1544800613.58
1544800613.62
1544800613.66
1544800613.74
1544800613.79
1544800613.81
1544800613.85
1544800613.91
1544800613.95
1544800613.99
1544800614.03
1544800614.06
1544800614.13
1544800614.17
1544800614.21
1544800614.25
1544800614.31
1544800614.37
1544800614.42
1544800614.47
1544800614.53
1544800614.59
1544800614.62
1544800614.67
1544800614.71
1544800614.76
1544800614.82
1544800614.88
1544800614.93
1544800614.97
1544800615.01
1544800615.06
1544800615.13
1544800615.18
1544800615.21
1544800615.26
1544800615.31
1544800615.34
1544800615.39
1544800615.42
1544800615.47
1544800615.51
1544800615.55
1544800615.6
1544800615.63
1544800615.7
1544800615.76
1544800615.8
1544800615.85
1544800615.92
1544800615.98
1544800616.01
1544800616.05
1544800616.13
1544800616.18
1544800616.23
1544800616.27
1544800616.34
1544800616.39
1544800616.42
1544800616.47
1544800616.53
1544800616.59
1544800616.63
1544800616.68
1544800616.72
1544800616.77
1544800616.81
1544800616.85
1544800616.91
1544800616.96
1544800617.0
1544800617.04
1544800617.1
1544800617.17
1544800617.2
1544800617.24
1544800617.28
1544800617.32
1544800617.37
1544800617.41
1544800617.45
1544800617.51
1544800617.58
1544800617.62
1544800617.68
1544800617.75
1544800617.8
1544800617.85
1544800617.89
1544800617.94
1544800617.98
1544800618.02
1544800618.07
1544800618.15
1544800618.2
1544800618.29
1544800618.37
1544800618.45
1544800618.52
1544800618.6
1544800618.66
1544800618.71
1544800618.8
1544800618.91
1544800618.99
1544800619.05
1544800619.09
1544800619.14
1544800619.2
1544800619.28
1544800619.36
1544800619.44
1544800619.52
1544800619.59
1544800619.63
1544800619.69
1544800619.73
1544800619.8
1544800619.85
1544800619.92
1544800619.99
1544800620.04
1544800620.11
1544800620.15
1544800620.19
1544800620.23
1544800620.28
1544800620.33
1544800620.38
1544800620.43
1544800620.5
1544800620.57
1544800620.64
1544800620.71
1544800620.78
1544800620.83
1544800620.89
1544800620.95
1544800621.02
1544800621.11
1544800621.18
1544800621.24
1544800621.31
1544800621.38
1544800621.43
1544800621.49
1544800621.54
1544800621.61
1544800621.67
1544800621.74
1544800621.8
1544800621.84
1544800621.88
1544800621.93
1544800621.98
1544800622.03
1544800622.08
1544800622.12
1544800622.18
1544800622.21
1544800622.25
1544800622.3
1544800622.37
1544800622.42
1544800622.46
1544800622.52
1544800622.57
1544800622.61
1544800622.64
1544800622.71
1544800622.77
1544800622.82
1544800622.85
1544800622.91
1544800622.99
1544800623.03
1544800623.08
1544800623.14
1544800623.19
1544800623.23
1544800623.28
1544800623.33
1544800623.38
1544800623.42
1544800623.46
1544800623.52
1544800623.57
1544800623.62
1544800623.66
1544800623.71
1544800623.77
1544800623.82
1544800623.87
1544800623.93
1544800623.99
1544800624.03
1544800624.09
1544800624.16
1544800624.2
1544800624.24
1544800624.29
1544800624.35
1544800624.4
1544800624.44
1544800624.47
1544800624.51
1544800624.54
1544800624.58
1544800624.62
1544800624.67
1544800624.72
1544800624.77
1544800624.81
1544800624.85
1544800624.92
1544800624.98
1544800625.02
1544800625.06
1544800625.13
1544800625.19
1544800625.22
1544800625.28
1544800625.33
1544800625.38
1544800625.42
1544800625.47
1544800625.53
1544800625.58
1544800625.62
1544800625.66
1544800625.72
1544800625.77
1544800625.8
1544800625.85
1544800625.92
1544800625.97
1544800626.01
1544800626.06
1544800626.1
1544800626.18
1544800626.24
1544800626.32
1544800626.38
1544800626.42
1544800626.45
1544800626.5
1544800626.57
1544800626.65
1544800626.71
1544800626.77
1544800626.84
1544800626.93
1544800627.01
1544800627.08
1544800627.12
1544800627.16
1544800627.22
1544800627.28
1544800627.32
1544800627.39
1544800627.49
1544800627.58
1544800627.67
1544800627.77
1544800627.88
1544800627.99
1544800628.1
1544800628.18
1544800628.27
1544800628.37
1544800628.41
1544800628.47
1544800628.51
1544800628.59
1544800628.67
1544800628.74
1544800628.8
1544800628.86
1544800628.94
1544800629.0
1544800629.05
1544800629.09
1544800629.13
1544800629.18
1544800629.22
1544800629.27
1544800629.3
1544800629.35
1544800629.43
1544800629.48
1544800629.53
1544800629.57
1544800629.63
1544800629.68
1544800629.71
1544800629.76
1544800629.83
1544800629.88
1544800629.91
1544800629.95
1544800630.0
1544800630.04
1544800630.08
1544800630.11
1544800630.16
1544800630.2
1544800630.24
1544800630.29
1544800630.33
1544800630.38
1544800630.44
1544800630.49
1544800630.53
1544800630.59
1544800630.65
1544800630.69
1544800630.73
1544800630.78
1544800630.83
1544800630.88
1544800630.93
1544800631.0
1544800631.07
1544800631.12
1544800631.15
1544800631.19
1544800631.23
1544800631.27
1544800631.3
1544800631.34
1544800631.39
1544800631.44
1544800631.5
1544800631.54
1544800631.59
1544800631.64
1544800631.69
1544800631.73
1544800631.8
1544800631.87
1544800631.91
1544800631.94
1544800632.0
1544800632.07
1544800632.11
1544800632.16
1544800632.21
1544800632.29
1544800632.33
1544800632.4
1544800632.47
1544800632.51
1544800632.55
1544800632.59
1544800632.63
1544800632.69
1544800632.74
1544800632.78
1544800632.82
1544800632.88
1544800632.92
1544800632.95
1544800633.01
1544800633.05
1544800633.09
1544800633.13
1544800633.19
1544800633.25
1544800633.3
1544800633.33
1544800633.37
1544800633.44
1544800633.48
1544800633.53
1544800633.58
1544800633.65
1544800633.69
1544800633.74
1544800633.78
1544800633.83
1544800633.87
1544800633.91
1544800633.95
1544800634.02
1544800634.07
1544800634.11
1544800634.15
1544800634.22
1544800634.26
1544800634.3
1544800634.33
1544800634.43
1544800634.48
1544800634.53
1544800634.57
1544800634.65
1544800634.69
1544800634.73
1544800634.77
1544800634.81
1544800634.85
1544800634.89
1544800634.94
1544800635.0
1544800635.05
1544800635.1
1544800635.14
1544800635.21
1544800635.27
1544800635.31
1544800635.35
1544800635.41
1544800635.46
1544800635.5
1544800635.53
1544800635.61
1544800635.67
1544800635.71
1544800635.75
1544800635.81
1544800635.87
1544800635.93
1544800635.98
1544800636.06
1544800636.1
1544800636.14
1544800636.19
1544800636.23
1544800636.27
1544800636.32
1544800636.37
1544800636.44
1544800636.49
1544800636.54
1544800636.59
1544800636.67
1544800636.71
1544800636.74
1544800636.79
1544800636.85
1544800636.9
1544800636.95
1544800637.0
1544800637.06
1544800637.11
1544800637.15
1544800637.19
1544800637.25
1544800637.29
1544800637.34
1544800637.39
1544800637.46
1544800637.52
1544800637.57
1544800637.61
1544800637.66
1544800637.7
1544800637.77
1544800637.84
1544800637.91
1544800637.95
1544800638.0
1544800638.06
1544800638.11
1544800638.16
1544800638.24
1544800638.29
1544800638.32
1544800638.38
1544800638.44
1544800638.49
1544800638.54
1544800638.59
1544800638.67
1544800638.73
1544800638.83
1544800638.89
1544800638.93
1544800638.97
1544800639.01
1544800639.07
1544800639.12
1544800639.18
1544800639.27
1544800639.31
1544800639.35
1544800639.41
1544800639.46
1544800639.5
1544800639.55
1544800639.62
1544800639.67
1544800639.71
1544800639.76
1544800639.81
1544800639.87
1544800639.91
1544800639.94
1544800640.0
1544800640.06
1544800640.1
1544800640.14
1544800640.2
1544800640.28
1544800640.31
1544800640.36
1544800640.42
1544800640.47
1544800640.5
1544800640.53
1544800640.58
1544800640.63
1544800640.7
1544800640.77
1544800640.84
1544800640.94
1544800641.01
1544800641.07
1544800641.11
1544800641.15
1544800641.22
1544800641.3
1544800641.35
1544800641.42
1544800641.48
1544800641.54
1544800641.61
1544800641.67
1544800641.71
1544800641.75
1544800641.82
1544800641.88
1544800641.94
1544800642.0
1544800642.07
1544800642.12
1544800642.2
1544800642.27
1544800642.34
1544800642.42
1544800642.49
1544800642.54
1544800642.61
1544800642.67
1544800642.72
1544800642.78
1544800642.83
1544800642.92
1544800642.97
1544800643.04
1544800643.11
1544800643.18
1544800643.24
1544800643.31
1544800643.37
1544800643.43
1544800643.5
1544800643.57
1544800643.63
1544800643.7
1544800643.77
1544800643.82
1544800643.9
1544800643.97
1544800644.0
1544800644.05
1544800644.09
1544800644.17
1544800644.21
1544800644.28
1544800644.34
1544800644.42
1544800644.49
1544800644.54
1544800644.6
1544800644.65
1544800644.71
1544800644.76
1544800644.84
1544800644.88
1544800644.93
1544800645.0
1544800645.07
1544800645.13
1544800645.2
1544800645.27
1544800645.32
1544800645.36
1544800645.42
1544800645.47
1544800645.51
1544800645.55
1544800645.6
1544800645.65
1544800645.69
1544800645.73
1544800645.77
1544800645.81
1544800645.87
1544800645.91
1544800645.94
1544800646.0
1544800646.05
1544800646.09
1544800646.12
1544800646.15
1544800646.23
1544800646.29
1544800646.32
1544800646.37
1544800646.44
1544800646.49
1544800646.53
1544800646.58
1544800646.65
1544800646.7
1544800646.73
1544800646.8
1544800646.87
1544800646.92
1544800646.97
1544800647.03
1544800647.07
1544800647.11
1544800647.16
1544800647.19
1544800647.27
1544800647.31
1544800647.34
1544800647.4
1544800647.47
1544800647.51
1544800647.55
1544800647.66
1544800647.7
1544800647.74
1544800647.77
1544800647.85
1544800647.89
1544800647.92
1544800647.95
1544800648.0
1544800648.04
1544800648.09
1544800648.13
1544800648.18
1544800648.22
1544800648.27
1544800648.32
1544800648.36
1544800648.42
1544800648.48
1544800648.52
1544800648.57
1544800648.64
1544800648.7
1544800648.74
1544800648.79
1544800648.83
1544800648.88
1544800648.91
1544800648.95
1544800649.0
1544800649.04
1544800649.11
1544800649.2
1544800649.24
1544800649.29
1544800649.35
1544800649.41
1544800649.45
1544800649.5
1544800649.54
1544800649.61
1544800649.67
1544800649.72
1544800649.77
1544800649.82
1544800649.87
1544800649.92
1544800650.0
1544800650.09
1544800650.17
1544800650.23
1544800650.3
1544800650.36
1544800650.4
1544800650.45
1544800650.5
1544800650.57
1544800650.63
1544800650.7
1544800650.79
1544800650.87
1544800650.94
1544800651.0
1544800651.08
1544800651.15
1544800651.2
1544800651.27
1544800651.3
1544800651.34
1544800651.43
1544800651.49
1544800651.53
1544800651.57
1544800651.64
1544800651.69
1544800651.72
1544800651.77
1544800651.82
1544800651.91
1544800651.94
1544800651.99
1544800652.03
1544800652.07
1544800652.11
1544800652.15
1544800652.19
1544800652.22
1544800652.26
1544800652.31
1544800652.35
1544800652.39
1544800652.42
1544800652.47
1544800652.51
1544800652.54
1544800652.59
1544800652.63
1544800652.68
1544800652.72
1544800652.77
1544800652.84
1544800652.89
1544800652.93
1544800652.99
1544800653.03
1544800653.08
1544800653.11
1544800653.17
1544800653.24
1544800653.29
1544800653.33
1544800653.42
1544800653.47
1544800653.51
1544800653.55
1544800653.6
1544800653.67
1544800653.71
1544800653.75
1544800653.82
1544800653.88
1544800653.93
1544800653.98
1544800654.03
1544800654.07
1544800654.11
1544800654.14
1544800654.19
1544800654.23
1544800654.28
1544800654.32
1544800654.37
1544800654.46
1544800654.49
1544800654.53
1544800654.58
1544800654.63
1544800654.68
1544800654.72
1544800654.76
1544800654.8
1544800654.83
1544800654.89
1544800654.93
1544800654.98
1544800655.02
1544800655.07
1544800655.11
1544800655.17
1544800655.22
1544800655.28
1544800655.31
1544800655.37
1544800655.44
1544800655.5
1544800655.53
1544800655.57
1544800655.63
1544800655.68
1544800655.72
1544800655.77
1544800655.82
1544800655.89
1544800655.93
1544800655.99
1544800656.08
1544800656.12
1544800656.19
1544800656.22
1544800656.27
1544800656.3
1544800656.34
1544800656.4
1544800656.47
1544800656.5
1544800656.53
1544800656.58
1544800656.67
1544800656.72
1544800656.78
1544800656.82
1544800656.87
1544800656.92
1544800656.97
1544800657.01
1544800657.06
1544800657.1
1544800657.16
1544800657.23
1544800657.29
1544800657.33
1544800657.37
1544800657.43
1544800657.48
1544800657.52
1544800657.57
1544800657.63
1544800657.68
1544800657.72
1544800657.77
1544800657.85
1544800657.9
1544800657.94
1544800657.97
1544800658.01
1544800658.05
1544800658.09
1544800658.13
1544800658.17
1544800658.27
1544800658.31
1544800658.34
1544800658.4
1544800658.45
1544800658.49
1544800658.52
1544800658.56
1544800658.62
1544800658.68
1544800658.72
1544800658.77
1544800658.83
1544800658.91
1544800658.98
1544800659.05
1544800659.12
1544800659.2
1544800659.27
1544800659.34
1544800659.41
1544800659.47
1544800659.54
1544800659.62
1544800659.7
1544800659.77
1544800659.83
1544800659.91
1544800659.98
1544800660.04
1544800660.1
1544800660.17
1544800660.22
1544800660.26
1544800660.32
1544800660.37
1544800660.43
1544800660.49
1544800660.54
1544800660.61
1544800660.69
1544800660.74
1544800660.8
1544800660.85
1544800660.91
1544800660.97
1544800661.0
1544800661.05
1544800661.09
1544800661.14
1544800661.19
1544800661.24
1544800661.29
1544800661.33
1544800661.4
1544800661.47
1544800661.54
1544800661.63
1544800661.67
1544800661.72
1544800661.76
1544800661.84
1544800661.89
1544800661.93
1544800661.99
1544800662.04
1544800662.12
1544800662.21
1544800662.26
1544800662.3
1544800662.34
1544800662.39
1544800662.43
1544800662.5
1544800662.56
1544800662.63
1544800662.72
1544800662.81
1544800662.87
1544800662.92
1544800662.96
1544800663.0
1544800663.05
1544800663.09
1544800663.12
1544800663.17
1544800663.21
1544800663.28
1544800663.32
1544800663.37
1544800663.42
1544800663.46
1544800663.51
1544800663.54
1544800663.59
1544800663.63
1544800663.68
1544800663.72
1544800663.76
1544800663.82
1544800663.89
1544800663.93
1544800663.98
1544800664.06
1544800664.11
1544800664.17
1544800664.23
1544800664.28
1544800664.31
1544800664.37
1544800664.4
1544800664.46
1544800664.51
1544800664.55
1544800664.63
1544800664.69
1544800664.73
1544800664.77
1544800664.85
1544800664.91
1544800664.95
1544800665.0
1544800665.04
1544800665.09
1544800665.13
1544800665.17
1544800665.28
1544800665.32
1544800665.36
1544800665.4
1544800665.47
1544800665.51
1544800665.55
1544800665.61
1544800665.66
1544800665.7
1544800665.74
1544800665.81
1544800665.87
1544800665.92
1544800665.96
1544800666.03
1544800666.08
1544800666.11
1544800666.16
1544800666.22
1544800666.26
1544800666.3
1544800666.34
1544800666.39
1544800666.47
1544800666.51
1544800666.55
1544800666.6
1544800666.66
1544800666.7
1544800666.75
1544800666.8
1544800666.85
1544800666.9
1544800666.95
1544800667.0
1544800667.05
1544800667.09
1544800667.14
1544800667.22
1544800667.27
1544800667.32
1544800667.37
1544800667.47
1544800667.5
1544800667.53
1544800667.61
1544800667.67
1544800667.74
1544800667.8
1544800667.9
1544800667.97
1544800668.05
1544800668.11
1544800668.17
1544800668.24
1544800668.3
1544800668.37
1544800668.43
1544800668.5
1544800668.57
1544800668.64
1544800668.7
1544800668.77
1544800668.84
1544800668.92
1544800668.99
1544800669.03
1544800669.08
1544800669.13
1544800669.21
1544800669.29
1544800669.37
1544800669.45
1544800669.51
1544800669.6
1544800669.68
1544800669.74
1544800669.81
1544800669.89
1544800669.96
1544800670.0
1544800670.06
1544800670.1
1544800670.15
1544800670.22
1544800670.27
1544800670.33
1544800670.37
1544800670.46
1544800670.51
1544800670.58
1544800670.66
1544800670.7
1544800670.74
1544800670.82
1544800670.88
1544800670.94
1544800671.01
1544800671.09
1544800671.14
1544800671.21
1544800671.26
1544800671.33
1544800671.37
1544800671.44
1544800671.49
1544800671.53
1544800671.58
1544800671.65
1544800671.7
1544800671.74
1544800671.79
1544800671.84
1544800671.91
1544800671.96
1544800672.01
1544800672.07
1544800672.11
1544800672.14
1544800672.2
1544800672.27
1544800672.32
1544800672.37
1544800672.44
1544800672.49
1544800672.53
1544800672.57
1544800672.63
1544800672.69
1544800672.74
1544800672.81
1544800672.87
1544800672.92
1544800672.97
1544800673.03
1544800673.07
1544800673.11
1544800673.16
1544800673.24
1544800673.28
1544800673.32
1544800673.37
1544800673.43
1544800673.5
1544800673.55
1544800673.61
1544800673.66
1544800673.71
1544800673.75
1544800673.8
1544800673.86
1544800673.89
1544800673.93
1544800673.98
1544800674.03
1544800674.08
1544800674.12
1544800674.18
1544800674.24
1544800674.29
1544800674.34
1544800674.42
1544800674.49
1544800674.54
1544800674.61
1544800674.67
1544800674.72
1544800674.76
1544800674.82
1544800674.87
1544800674.91
1544800674.95
1544800674.99
1544800675.03
1544800675.08
1544800675.12
1544800675.15
1544800675.2
1544800675.26
1544800675.29
1544800675.33
1544800675.37
1544800675.42
1544800675.47
1544800675.5
1544800675.53
1544800675.57
1544800675.62
1544800675.68
1544800675.76
1544800675.82
1544800675.89
1544800675.97
1544800676.03
1544800676.1
1544800676.17
1544800676.22
1544800676.28
1544800676.35
1544800676.42
1544800676.49
1544800676.54
1544800676.61
1544800676.68
1544800676.74
1544800676.8
1544800676.85
1544800676.95
1544800677.04
1544800677.1
1544800677.15
1544800677.19
1544800677.23
1544800677.28
1544800677.33
1544800677.38
1544800677.42
1544800677.46
1544800677.53
1544800677.58
1544800677.64
1544800677.7
1544800677.78
1544800677.81
1544800677.87
1544800677.98
1544800678.02
1544800678.07
1544800678.14
1544800678.19
1544800678.23
1544800678.28
1544800678.34
1544800678.39
1544800678.42
1544800678.46
1544800678.51
1544800678.56
1544800678.61
1544800678.65
1544800678.69
1544800678.73
1544800678.78
1544800678.82
1544800678.87
1544800678.91
1544800678.97
1544800679.0
1544800679.04
1544800679.09
1544800679.15
1544800679.2
1544800679.25
1544800679.3
1544800679.35
1544800679.4
1544800679.44
1544800679.52
1544800679.58
1544800679.62
1544800679.68
1544800679.72
1544800679.77
1544800679.82
1544800679.87
1544800679.94
1544800679.98
1544800680.01
1544800680.07
1544800680.12
1544800680.17
1544800680.2
1544800680.23
1544800680.27
1544800680.32
1544800680.37
1544800680.41
1544800680.44
1544800680.51
1544800680.55
1544800680.59
1544800680.63
1544800680.69
1544800680.74
1544800680.79
1544800680.83
1544800680.9
1544800680.98
1544800681.02
1544800681.07
1544800681.11
1544800681.17
1544800681.21
1544800681.25
1544800681.31
1544800681.37
1544800681.41
1544800681.46
1544800681.53
1544800681.58
1544800681.64
1544800681.71
1544800681.77
1544800681.81
1544800681.84
1544800681.9
1544800681.97
1544800682.0
1544800682.04
1544800682.09
1544800682.17
1544800682.21
1544800682.26
1544800682.3
1544800682.36
1544800682.42
1544800682.46
1544800682.54
1544800682.6
1544800682.64
1544800682.69
1544800682.74
1544800682.79
1544800682.82
1544800682.87
1544800682.9
1544800682.96
1544800682.99
1544800683.03
1544800683.08
1544800683.14
1544800683.19
1544800683.23
1544800683.27
1544800683.32
1544800683.39
1544800683.42
1544800683.46
1544800683.51
1544800683.59
1544800683.62
1544800683.68
1544800683.71
1544800683.75
1544800683.8
1544800683.85
1544800683.9
1544800683.94
1544800683.99
1544800684.04
1544800684.12
1544800684.18
1544800684.22
1544800684.26
1544800684.3
1544800684.35
1544800684.4
1544800684.43
1544800684.48
1544800684.56
1544800684.61
1544800684.65
1544800684.72
1544800684.78
1544800684.82
1544800684.88
1544800684.96
1544800684.99
1544800685.03
1544800685.09
1544800685.18
1544800685.22
1544800685.28
1544800685.33
1544800685.4
1544800685.44
1544800685.48
1544800685.58
1544800685.63
1544800685.68
1544800685.74
1544800685.8
1544800685.84
1544800685.88
1544800685.96
1544800686.01
1544800686.05
1544800686.1
1544800686.13
1544800686.18
1544800686.21
1544800686.25
1544800686.3
1544800686.36
1544800686.41
1544800686.46
1544800686.5
1544800686.55
1544800686.59
1544800686.63
1544800686.7
1544800686.76
1544800686.8
1544800686.82
1544800686.86
1544800686.94
1544800687.0
1544800687.04
1544800687.09
1544800687.14
1544800687.19
1544800687.22
1544800687.28
1544800687.32
1544800687.38
1544800687.4
1544800687.44
1544800687.5
1544800687.55
1544800687.58
1544800687.63
1544800687.67
1544800687.73
1544800687.8
1544800687.84
1544800687.91
1544800687.99
1544800688.02
1544800688.07
1544800688.16
1544800688.2
1544800688.24
1544800688.28
1544800688.34
1544800688.39
1544800688.43
1544800688.48
1544800688.56
1544800688.61
1544800688.65
1544800688.72
1544800688.78
1544800688.82
1544800688.87
1544800688.94
1544800688.99
1544800689.02
1544800689.08
1544800689.12
1544800689.18
1544800689.21
1544800689.24
1544800689.3
1544800689.37
1544800689.4
1544800689.43
1544800689.47
1544800689.51
1544800689.55
1544800689.59
1544800689.63
1544800689.69
1544800689.75
1544800689.79
1544800689.84
1544800689.9
1544800689.98
1544800690.02
1544800690.07
1544800690.13
1544800690.2
1544800690.25
1544800690.3
1544800690.37
1544800690.41
1544800690.48
1544800690.56
1544800690.63
1544800690.7
1544800690.77
1544800690.84
1544800690.92
1544800690.98
1544800691.05
1544800691.11
1544800691.2
1544800691.27
1544800691.33
1544800691.4
1544800691.49
1544800691.57
1544800691.64
1544800691.72
1544800691.8
1544800691.87
1544800691.97
1544800692.03
1544800692.1
1544800692.19
1544800692.22
1544800692.27
1544800692.33
1544800692.39
1544800692.42
1544800692.47
1544800692.5
1544800692.54
1544800692.59
1544800692.63
1544800692.7
1544800692.77
1544800692.83
1544800692.88
1544800692.96
1544800693.02
1544800693.06
1544800693.09
1544800693.13
1544800693.18
1544800693.22
1544800693.27
1544800693.32
1544800693.39
1544800693.42
1544800693.49
1544800693.56
1544800693.61
1544800693.65
1544800693.73
1544800693.8
1544800693.84
1544800693.9
1544800693.97
1544800694.02
1544800694.05
1544800694.12
1544800694.17
1544800694.21
1544800694.25
1544800694.33
1544800694.39
1544800694.43
1544800694.47
1544800694.53
1544800694.57
1544800694.62
1544800694.66
1544800694.72
1544800694.77
1544800694.81
1544800694.85
1544800694.92
1544800694.99
1544800695.05
1544800695.14
1544800695.2
1544800695.26
1544800695.3
1544800695.36
1544800695.39
1544800695.43
1544800695.47
1544800695.52
1544800695.57
1544800695.6
1544800695.63
1544800695.68
1544800695.73
1544800695.78
1544800695.83
1544800695.89
1544800695.96
1544800696.03
1544800696.07
1544800696.15
1544800696.24
1544800696.33
1544800696.41
1544800696.49
1544800696.52
1544800696.58
1544800696.64
1544800696.71
1544800696.74
1544800696.82
1544800696.92
1544800697.0
1544800697.06
1544800697.15
1544800697.22
1544800697.3
1544800697.39
1544800697.46
1544800697.54
1544800697.61
1544800697.66
1544800697.71
1544800697.79
1544800697.86
1544800697.96
1544800698.04
1544800698.09
1544800698.14
1544800698.2
1544800698.3
1544800698.35
1544800698.42
1544800698.46
1544800698.54
1544800698.62
1544800698.72
1544800698.78
1544800698.83
1544800698.9
1544800698.96
1544800699.0
1544800699.04
1544800699.08
1544800699.13
1544800699.18
1544800699.22
1544800699.27
1544800699.33
1544800699.38
1544800699.42
1544800699.47
1544800699.53
1544800699.58
1544800699.61
1544800699.66
1544800699.72
1544800699.76
1544800699.8
1544800699.87
1544800699.93
1544800699.98
1544800700.02
1544800700.06
1544800700.12
1544800700.18
1544800700.22
1544800700.27
1544800700.36
1544800700.41
1544800700.46
1544800700.54
1544800700.58
1544800700.62
1544800700.66
1544800700.7
1544800700.75
1544800700.79
1544800700.83
1544800700.89
1544800700.97
1544800701.0
1544800701.05
1544800701.09
1544800701.14
1544800701.19
1544800701.23
1544800701.29
1544800701.36
1544800701.4
1544800701.44
1544800701.49
1544800701.54
1544800701.58
1544800701.62
1544800701.65
1544800701.7
1544800701.76
1544800701.79
1544800701.83
1544800701.89
1544800701.94
1544800702.0
1544800702.04
1544800702.09
1544800702.15
1544800702.19
1544800702.23
1544800702.3
1544800702.39
1544800702.44
1544800702.48
1544800702.54
1544800702.59
1544800702.62
1544800702.66
1544800702.74
1544800702.78
1544800702.82
1544800702.86
1544800702.92
1544800702.98
1544800703.02
1544800703.07
1544800703.12
1544800703.17
1544800703.22
1544800703.27
1544800703.32
1544800703.37
1544800703.42
1544800703.46
1544800703.5
1544800703.56
1544800703.6
1544800703.64
1544800703.68
1544800703.76
1544800703.81
1544800703.84
1544800703.88
1544800703.94
1544800703.98
1544800704.02
1544800704.07
1544800704.11
1544800704.14
1544800704.18
1544800704.22
1544800704.27
1544800704.33
1544800704.38
1544800704.42
1544800704.45
1544800704.52
1544800704.57
1544800704.61
1544800704.65
1544800704.7
1544800704.77
1544800704.81
1544800704.84
1544800704.89
1544800704.94
1544800704.98
1544800705.02
1544800705.06
1544800705.11
1544800705.17
1544800705.2
1544800705.24
1544800705.29
1544800705.35
1544800705.4
1544800705.44
1544800705.49
1544800705.53
1544800705.57
1544800705.61
1544800705.66
1544800705.7
1544800705.78
1544800705.82
1544800705.87
1544800705.93
1544800705.99
1544800706.03
1544800706.08
1544800706.14
1544800706.18
1544800706.22
1544800706.27
1544800706.3
1544800706.34
1544800706.39
1544800706.42
1544800706.47
1544800706.53
1544800706.58
1544800706.62
1544800706.69
1544800706.75
1544800706.8
1544800706.83
1544800706.89
1544800706.95
1544800707.0
1544800707.03
1544800707.09
1544800707.15
1544800707.2
1544800707.24
1544800707.29
1544800707.32
1544800707.38
1544800707.42
1544800707.48
1544800707.53
1544800707.57
1544800707.62
1544800707.67
1544800707.71
1544800707.76
1544800707.83
1544800707.93
1544800707.99
1544800708.06
1544800708.11
1544800708.18
1544800708.23
1544800708.3
1544800708.36
1544800708.4
1544800708.46
1544800708.52
1544800708.57
1544800708.61
1544800708.67
1544800708.75
1544800708.82
1544800708.9
1544800708.94
1544800709.02
1544800709.08
1544800709.14
1544800709.22
1544800709.3
1544800709.37
1544800709.46
1544800709.52
1544800709.57
1544800709.61
1544800709.68
1544800709.74
1544800709.81
1544800709.91
1544800709.97
1544800710.01
1544800710.06
1544800710.11
1544800710.18
1544800710.21
1544800710.28
1544800710.33
1544800710.36
1544800710.4
1544800710.44
1544800710.49
1544800710.53
1544800710.57
1544800710.61
1544800710.64
1544800710.71
1544800710.76
1544800710.8
1544800710.83
1544800710.88
1544800710.96
1544800711.01
1544800711.05
1544800711.13
1544800711.17
1544800711.22
1544800711.25
1544800711.34
1544800711.38
1544800711.43
1544800711.47
1544800711.53
1544800711.58
1544800711.62
1544800711.67
1544800711.74
1544800711.79
1544800711.83
1544800711.87
1544800711.93
1544800711.99
1544800712.04
1544800712.08
1544800712.12
1544800712.17
1544800712.2
1544800712.23
1544800712.27
1544800712.31
1544800712.37
1544800712.4
1544800712.44
1544800712.5
1544800712.57
1544800712.61
1544800712.64
1544800712.67
1544800712.71
1544800712.76
1544800712.79
1544800712.82
1544800712.86
1544800712.91
1544800712.97
1544800713.02
1544800713.07
1544800713.15
1544800713.19
1544800713.23
1544800713.29
1544800713.34
1544800713.39
1544800713.43
1544800713.5
1544800713.56
1544800713.6
1544800713.64
1544800713.69
1544800713.74
1544800713.78
1544800713.82
1544800713.88
1544800713.92
1544800713.98
1544800714.02
1544800714.07
1544800714.13
1544800714.17
1544800714.21
1544800714.27
1544800714.34
1544800714.39
1544800714.43
1544800714.49
1544800714.54
1544800714.58
1544800714.62
1544800714.67
1544800714.71
1544800714.76
1544800714.79
1544800714.83
1544800714.88
1544800714.95
1544800715.0
1544800715.05
1544800715.12
1544800715.17
1544800715.22
1544800715.27
1544800715.33
1544800715.39
1544800715.42
1544800715.48
1544800715.55
1544800715.59
1544800715.63
1544800715.68
1544800715.75
1544800715.81
1544800715.85
1544800715.9
1544800715.94
1544800715.99
1544800716.03
1544800716.1
1544800716.15
1544800716.2
1544800716.24
1544800716.31
1544800716.35
1544800716.39
1544800716.44
1544800716.48
1544800716.54
1544800716.58
1544800716.62
1544800716.68
1544800716.74
1544800716.79
1544800716.83
1544800716.9
1544800716.96
1544800717.0
1544800717.07
1544800717.13
1544800717.18
1544800717.22
1544800717.25
1544800717.3
1544800717.35
1544800717.39
1544800717.42
1544800717.49
1544800717.56
1544800717.62
1544800717.67
1544800717.74
1544800717.8
1544800717.84
1544800717.9
1544800717.96
1544800718.0
1544800718.04
1544800718.11
1544800718.18
1544800718.22
1544800718.28
1544800718.34
1544800718.39
1544800718.42
1544800718.48
1544800718.53
1544800718.57
1544800718.61
1544800718.65
1544800718.73
1544800718.8
1544800718.87
1544800718.95
1544800719.02
1544800719.1
1544800719.17
1544800719.24
1544800719.29
1544800719.35
1544800719.42
1544800719.5
1544800719.59
1544800719.67
1544800719.73
1544800719.81
1544800719.89
1544800719.95
1544800720.02
1544800720.08
1544800720.12
1544800720.18
1544800720.25
1544800720.31
1544800720.39
1544800720.44
1544800720.5
1544800720.58
1544800720.64
1544800720.7
1544800720.76
1544800720.82
1544800720.88
1544800720.94
1544800721.02
1544800721.09
1544800721.15
1544800721.22
1544800721.3
1544800721.37
1544800721.43
1544800721.49
1544800721.53
1544800721.57
1544800721.61
1544800721.67
1544800721.72
1544800721.76
1544800721.81
1544800721.87
1544800721.91
1544800721.95
1544800722.04
1544800722.09
1544800722.12
1544800722.18
1544800722.22
1544800722.29
1544800722.32
1544800722.38
1544800722.42
1544800722.49
1544800722.55
1544800722.61
1544800722.68
1544800722.71
1544800722.74
1544800722.8
1544800722.87
1544800722.92
1544800722.95
1544800723.02
1544800723.07
1544800723.11
1544800723.15
1544800723.23
1544800723.3
1544800723.34
1544800723.43
1544800723.5
1544800723.55
1544800723.61
1544800723.69
1544800723.74
1544800723.8
1544800723.87
1544800723.92
1544800723.97
1544800724.01
1544800724.09
1544800724.13
1544800724.19
1544800724.24
1544800724.29
1544800724.32
1544800724.37
1544800724.43
1544800724.48
1544800724.52
1544800724.56
1544800724.62
1544800724.67
1544800724.71
1544800724.76
1544800724.83
1544800724.89
1544800724.93
1544800724.98
1544800725.04
1544800725.09
1544800725.12
1544800725.16
1544800725.19
1544800725.23
1544800725.28
1544800725.31
1544800725.34
1544800725.4
1544800725.46
1544800725.5
1544800725.53
1544800725.59
1544800725.67
1544800725.72
1544800725.78
1544800725.81
1544800725.85
1544800725.92
1544800725.97
1544800726.03
1544800726.09
1544800726.15
1544800726.21
1544800726.28
1544800726.34
1544800726.41
1544800726.49
1544800726.57
1544800726.65
1544800726.72
1544800726.8
1544800726.88
1544800726.97
1544800727.05
1544800727.14
1544800727.23
1544800727.33
1544800727.42
1544800727.51
1544800727.59
1544800727.68
1544800727.76
1544800727.83
1544800727.89
1544800727.98
1544800728.1
1544800728.21
1544800728.33
1544800728.43
1544800728.55
1544800728.66
1544800728.75
1544800728.86
1544800728.92
1544800729.01
1544800729.11
1544800729.19
1544800729.26
1544800729.31
1544800729.35
1544800729.42
1544800729.5
1544800729.58
1544800729.66
1544800729.72
1544800729.78
1544800729.83
1544800729.91
1544800729.97
1544800730.05
1544800730.11
1544800730.2
1544800730.25
1544800730.34
1544800730.42
1544800730.51
1544800730.58
1544800730.68
1544800730.75
1544800730.82
1544800730.91
1544800730.99
1544800731.06
1544800731.14
1544800731.23
1544800731.34
1544800731.39
1544800731.44
1544800731.49
1544800731.54
1544800731.58
1544800731.62
1544800731.67
1544800731.72
1544800731.78
1544800731.85
1544800731.92
1544800732.0
1544800732.08
1544800732.13
1544800732.18
1544800732.24
1544800732.3
1544800732.38
1544800732.43
1544800732.49
1544800732.53
1544800732.59
1544800732.65
1544800732.7
1544800732.74
1544800732.79
1544800732.85
1544800732.9
1544800732.93
1544800732.99
1544800733.05
1544800733.09
1544800733.12
1544800733.17
1544800733.26
1544800733.31
1544800733.35
1544800733.4
1544800733.44
1544800733.49
1544800733.53
1544800733.58
1544800733.62
1544800733.67
1544800733.72
1544800733.76
1544800733.8
1544800733.86
1544800733.92
1544800733.98
1544800734.03
1544800734.09
1544800734.12
1544800734.17
1544800734.22
1544800734.27
1544800734.31
1544800734.35
1544800734.42
1544800734.47
1544800734.51
1544800734.55
1544800734.62
1544800734.68
1544800734.72
1544800734.76
1544800734.84
1544800734.9
1544800734.94
1544800734.98
1544800735.02
1544800735.06
1544800735.1
1544800735.15
1544800735.19
1544800735.24
1544800735.29
1544800735.33
1544800735.39
1544800735.44
1544800735.49
1544800735.54
1544800735.6
1544800735.67
1544800735.72
1544800735.76
1544800735.81
1544800735.87
1544800735.92
1544800735.96
1544800736.02
1544800736.09
1544800736.13
1544800736.17
1544800736.23
1544800736.29
1544800736.33
1544800736.37
1544800736.42
1544800736.48
1544800736.51
1544800736.56
1544800736.6
1544800736.65
1544800736.69
1544800736.72
1544800736.75
1544800736.82
1544800736.88
1544800736.93
1544800736.98
1544800737.03
1544800737.08
1544800737.12
1544800737.18
1544800737.24
1544800737.3
1544800737.35
1544800737.41
1544800737.48
1544800737.53
1544800737.58
1544800737.63
1544800737.68
1544800737.72
1544800737.77
1544800737.83
1544800737.89
1544800737.94
1544800737.99
1544800738.06
1544800738.1
1544800738.14
1544800738.2
1544800738.26
1544800738.3
1544800738.34
1544800738.39
1544800738.45
1544800738.5
1544800738.55
1544800738.6
1544800738.66
1544800738.7
1544800738.74
1544800738.82
1544800738.87
1544800738.91
1544800738.95
1544800739.0
1544800739.06
1544800739.11
1544800739.15
1544800739.21
1544800739.27
1544800739.32
1544800739.37
1544800739.44
1544800739.48
1544800739.52
1544800739.56
1544800739.61
1544800739.67
1544800739.72
1544800739.76
1544800739.82
1544800739.87
1544800739.91
1544800739.95
1544800740.01
1544800740.07
1544800740.11
1544800740.15
1544800740.23
1544800740.28
1544800740.33
1544800740.37
1544800740.46
1544800740.49
1544800740.55
1544800740.59
1544800740.66
1544800740.7
1544800740.75
1544800740.8
1544800740.87
1544800740.91
1544800740.94
1544800741.02
1544800741.06
1544800741.11
1544800741.15
1544800741.2
1544800741.25
1544800741.3
1544800741.34
1544800741.38
1544800741.43
1544800741.48
1544800741.54
1544800741.6
1544800741.66
1544800741.7
1544800741.74
1544800741.79
1544800741.83
1544800741.87
1544800741.94
1544800741.97
1544800742.07
1544800742.11
1544800742.18
1544800742.24
1544800742.29
1544800742.33
1544800742.37
1544800742.41
1544800742.46
1544800742.5
1544800742.55
1544800742.59
1544800742.64
1544800742.69
1544800742.73
1544800742.77
1544800742.84
1544800742.91
1544800742.95
1544800743.01
1544800743.05
1544800743.1
1544800743.13
1544800743.18
1544800743.24
1544800743.31
1544800743.36
1544800743.42
1544800743.46
1544800743.5
1544800743.54
1544800743.61
1544800743.68
1544800743.72
1544800743.77
1544800743.84
1544800743.87
1544800743.91
1544800743.94
1544800744.0
1544800744.08
1544800744.12
1544800744.15
1544800744.21
1544800744.27
1544800744.31
1544800744.35
1544800744.39
1544800744.44
1544800744.49
1544800744.52
1544800744.55
1544800744.59
1544800744.66
1544800744.7
1544800744.75
1544800744.8
1544800744.87
1544800744.91
1544800744.95
1544800745.01
1544800745.07
1544800745.1
1544800745.14
1544800745.19
1544800745.23
1544800745.28
1544800745.32
1544800745.35
1544800745.4
1544800745.45
1544800745.49
1544800745.54
1544800745.59
1544800745.65
1544800745.69
1544800745.73
1544800745.77
1544800745.84
1544800745.89
1544800745.93
1544800745.98
1544800746.03
1544800746.06
1544800746.11
1544800746.14
1544800746.19
1544800746.23
1544800746.27
1544800746.32
1544800746.36
1544800746.41
1544800746.46
1544800746.5
1544800746.54
1544800746.6
1544800746.67
1544800746.71
1544800746.74
1544800746.8
1544800746.85
1544800746.9
1544800746.94
1544800746.97
1544800747.04
1544800747.09
1544800747.12
1544800747.15
1544800747.23
1544800747.29
1544800747.33
1544800747.38
1544800747.44
1544800747.52
1544800747.6
1544800747.68
1544800747.74
1544800747.81
1544800747.88
1544800747.94
1544800748.0
1544800748.07
1544800748.12
1544800748.2
1544800748.29
1544800748.36
1544800748.43
1544800748.52
1544800748.6
1544800748.68
1544800748.74
1544800748.79
1544800748.85
1544800748.93
1544800748.99
1544800749.05
1544800749.12
1544800749.22
1544800749.33
1544800749.4
1544800749.48
1544800749.53
1544800749.58
1544800749.64
1544800749.7
1544800749.76
1544800749.82
1544800749.88
1544800749.92
1544800750.0
1544800750.08
1544800750.12
1544800750.17
1544800750.24
1544800750.29
1544800750.32
1544800750.37
1544800750.46
1544800750.5
1544800750.58
1544800750.66
1544800750.7
1544800750.74
1544800750.79
1544800750.83
1544800750.89
1544800750.93
1544800750.97
1544800751.03
1544800751.08
1544800751.11
1544800751.15
1544800751.26
1544800751.3
1544800751.34
1544800751.38
1544800751.46
1544800751.5
1544800751.54
1544800751.59
1544800751.64
1544800751.69
1544800751.73
1544800751.77
1544800751.81
1544800751.88
1544800751.92
1544800751.97
1544800752.01
1544800752.06
1544800752.1
1544800752.13
1544800752.18
1544800752.21
1544800752.25
1544800752.3
1544800752.36
1544800752.39
1544800752.44
1544800752.49
1544800752.53
1544800752.59
1544800752.64
1544800752.68
1544800752.72
1544800752.76
1544800752.85
1544800752.91
1544800752.94
1544800753.0
1544800753.06
1544800753.11
1544800753.15
1544800753.19
1544800753.24
1544800753.28
1544800753.32
1544800753.37
1544800753.45
1544800753.52
1544800753.6
1544800753.67
1544800753.75
1544800753.82
1544800753.91
1544800754.0
1544800754.06
1544800754.12
1544800754.2
1544800754.27
1544800754.34
1544800754.42
1544800754.51
1544800754.6
1544800754.67
1544800754.76
1544800754.83
1544800754.88
1544800754.93
1544800754.99
1544800755.05
1544800755.1
1544800755.15
1544800755.23
1544800755.33
1544800755.42
1544800755.5
1544800755.57
1544800755.6
1544800755.65
1544800755.7
1544800755.74
1544800755.78
1544800755.84
1544800755.9
1544800755.94
1544800756.0
1544800756.07
1544800756.1
1544800756.14
1544800756.22
1544800756.26
1544800756.3
1544800756.33
1544800756.41
1544800756.46
1544800756.5
1544800756.53
1544800756.57
1544800756.65
1544800756.7
1544800756.74
1544800756.8
1544800756.86
1544800756.92
1544800756.95
1544800757.04
1544800757.09
1544800757.13
1544800757.18
1544800757.23
1544800757.27
1544800757.33
1544800757.37
1544800757.47
1544800757.52
1544800757.56
1544800757.6
1544800757.64
1544800757.67
1544800757.71
1544800757.74
1544800757.78
1544800757.84
1544800757.89
1544800757.94
1544800757.99
1544800758.06
1544800758.1
1544800758.14
1544800758.2
1544800758.26
1544800758.32
1544800758.38
1544800758.44
1544800758.48
1544800758.52
1544800758.56
1544800758.61
1544800758.67
1544800758.71
1544800758.75
1544800758.81
1544800758.88
1544800758.92
1544800758.97
1544800759.03
1544800759.09
1544800759.13
1544800759.17
1544800759.22
1544800759.27
1544800759.31
1544800759.35
1544800759.4
1544800759.45
1544800759.49
1544800759.54
1544800759.58
1544800759.62
1544800759.68
1544800759.74
1544800759.8
1544800759.86
1544800759.92
1544800760.01
1544800760.1
1544800760.19
1544800760.26
1544800760.31
1544800760.35
1544800760.4
1544800760.48
1544800760.54
1544800760.63
1544800760.71
1544800760.79
1544800760.86
1544800760.94
1544800761.01
1544800761.08
1544800761.12
1544800761.17
1544800761.24
1544800761.3
1544800761.37
1544800761.43
1544800761.5
1544800761.56
1544800761.61
1544800761.67
1544800761.72
1544800761.77
1544800761.81
1544800761.86
1544800761.95
1544800762.01
1544800762.07
1544800762.13
1544800762.18
1544800762.24
1544800762.3
1544800762.37
1544800762.47
1544800762.57
1544800762.66
