1544742119.26
1544742119.49
1544742119.6
1544742119.7
1544742119.81
1544742119.93
1544742120.05
1544742120.15
1544742120.25
1544742120.34
1544742120.43
1544742120.5
1544742120.58
1544742120.64
1544742120.74
1544742120.82
1544742120.9
1544742120.97
1544742121.05
1544742121.13
1544742121.23
1544742121.32
1544742121.4
1544742121.49
1544742121.59
1544742121.69
1544742121.79
1544742121.88
1544742121.95
1544742122.08
1544742122.2
1544742122.3
1544742122.4
1544742122.48
1544742122.57
1544742122.64
1544742122.71
1544742122.78
1544742122.85
1544742122.94
1544742123.03
1544742123.11
1544742123.2
1544742123.3
1544742123.38
1544742123.45
1544742123.53
1544742123.63
1544742123.72
1544742123.82
1544742123.94
1544742124.05
1544742124.17
1544742124.31
1544742124.44
1544742124.54
1544742124.66
1544742124.75
1544742124.85
1544742124.93
1544742125.02
1544742125.12
1544742125.25
1544742125.35
1544742125.46
1544742125.55
1544742125.68
1544742125.79
1544742125.89
1544742125.98
1544742126.11
1544742126.2
1544742126.28
1544742126.35
1544742126.48
1544742126.61
1544742126.69
1544742126.8
1544742126.9
1544742126.99
1544742127.09
1544742127.15
1544742127.25
1544742127.32
1544742127.41
1544742127.47
1544742127.54
1544742127.63
1544742127.71
1544742127.82
1544742127.91
1544742127.99
1544742128.06
1544742128.12
1544742128.19
1544742128.26
1544742128.32
1544742128.39
1544742128.47
1544742128.55
1544742128.64
1544742128.72
1544742128.8
1544742128.87
1544742128.95
1544742129.06
1544742129.17
1544742129.27
1544742129.34
1544742129.45
1544742129.55
1544742129.66
1544742129.75
1544742129.84
1544742129.92
1544742130.01
1544742130.11
1544742130.2
1544742130.28
1544742130.37
1544742130.46
1544742130.53
1544742130.63
1544742130.73
1544742130.82
1544742130.9
1544742130.99
1544742131.07
1544742131.15
1544742131.22
1544742131.31
1544742131.4
1544742131.49
1544742131.58
1544742131.64
1544742131.71
1544742131.78
1544742131.86
1544742131.95
1544742132.02
1544742132.12
1544742132.21
1544742132.33
1544742132.41
1544742132.5
1544742132.57
1544742132.67
1544742132.77
1544742132.88
1544742132.96
1544742133.07
1544742133.17
1544742133.28
1544742133.36
1544742133.45
1544742133.52
1544742133.62
1544742133.71
1544742133.81
1544742133.9
1544742134.01
1544742134.08
1544742134.15
1544742134.25
1544742134.35
1544742134.4
1544742134.47
1544742134.53
1544742134.59
1544742134.65
1544742134.75
1544742134.81
1544742134.89
1544742134.97
1544742135.06
1544742135.14
1544742135.23
1544742135.32
1544742135.41
1544742135.47
1544742135.53
1544742135.58
1544742135.65
1544742135.72
1544742135.81
1544742135.9
1544742135.99
1544742136.07
1544742136.17
1544742136.25
1544742136.34
1544742136.44
1544742136.53
1544742136.61
1544742136.7
1544742136.79
1544742136.88
1544742136.98
1544742137.07
1544742137.15
1544742137.23
1544742137.33
1544742137.44
1544742137.5
1544742137.58
1544742137.67
1544742137.75
1544742137.85
1544742137.94
1544742138.0
1544742138.09
1544742138.19
1544742138.26
1544742138.34
1544742138.42
1544742138.49
1544742138.55
1544742138.6
1544742138.66
1544742138.72
1544742138.79
1544742138.85
1544742138.91
1544742138.97
1544742139.04
1544742139.09
1544742139.16
1544742139.22
1544742139.28
1544742139.34
1544742139.41
1544742139.48
1544742139.53
1544742139.6
1544742139.67
1544742139.74
1544742139.8
1544742139.88
1544742139.95
1544742140.01
1544742140.08
1544742140.14
1544742140.24
1544742140.32
1544742140.44
1544742140.58
1544742140.71
1544742140.83
1544742140.96
1544742141.07
1544742141.15
1544742141.23
1544742141.32
1544742141.4
1544742141.5
1544742141.58
1544742141.64
1544742141.72
1544742141.8
1544742141.87
1544742141.94
1544742142.07
1544742142.16
1544742142.26
1544742142.36
1544742142.45
1544742142.55
1544742142.64
1544742142.71
1544742142.77
1544742142.86
1544742142.95
1544742143.05
1544742143.13
1544742143.22
1544742143.31
1544742143.39
1544742143.45
1544742143.52
1544742143.61
1544742143.69
1544742143.79
1544742143.86
1544742143.96
1544742144.05
1544742144.14
1544742144.23
1544742144.3
1544742144.37
1544742144.43
1544742144.5
1544742144.56
1544742144.63
1544742144.69
1544742144.77
1544742144.84
1544742144.9
1544742144.97
1544742145.04
1544742145.1
1544742145.17
1544742145.26
1544742145.34
1544742145.43
1544742145.5
1544742145.61
1544742145.69
1544742145.75
1544742145.85
1544742145.97
1544742146.08
1544742146.18
1544742146.26
1544742146.35
1544742146.45
1544742146.56
1544742146.62
1544742146.72
1544742146.78
1544742146.84
1544742146.9
1544742146.96
1544742147.02
1544742147.08
1544742147.13
1544742147.2
1544742147.27
1544742147.32
1544742147.39
1544742147.5
1544742147.6
1544742147.69
1544742147.78
1544742147.86
1544742147.95
1544742148.04
1544742148.12
1544742148.22
1544742148.3
1544742148.38
1544742148.46
1544742148.53
1544742148.61
1544742148.68
1544742148.76
1544742148.83
1544742148.91
1544742148.98
1544742149.06
1544742149.12
1544742149.19
1544742149.26
1544742149.33
1544742149.41
1544742149.49
1544742149.58
1544742149.65
1544742149.73
1544742149.82
1544742149.91
1544742149.98
1544742150.03
1544742150.09
1544742150.19
1544742150.29
1544742150.37
1544742150.46
1544742150.56
1544742150.63
1544742150.76
1544742150.85
1544742150.93
1544742151.0
1544742151.06
1544742151.12
1544742151.2
1544742151.27
1544742151.32
1544742151.39
1544742151.49
1544742151.59
1544742151.66
1544742151.77
1544742151.84
1544742151.93
1544742152.0
1544742152.1
1544742152.2
1544742152.34
1544742152.45
1544742152.56
1544742152.66
1544742152.76
1544742152.84
1544742152.96
1544742153.04
1544742153.12
1544742153.17
1544742153.26
1544742153.33
1544742153.41
1544742153.48
1544742153.55
1544742153.62
1544742153.7
1544742153.78
1544742153.85
1544742153.92
1544742153.99
1544742154.07
1544742154.17
1544742154.25
1544742154.32
1544742154.38
1544742154.46
1544742154.53
1544742154.59
1544742154.66
1544742154.75
1544742154.82
1544742154.93
1544742155.01
1544742155.11
1544742155.2
1544742155.3
1544742155.37
1544742155.43
1544742155.5
1544742155.56
1544742155.65
1544742155.72
1544742155.79
1544742155.85
1544742155.91
1544742156.01
1544742156.1
1544742156.27
1544742156.35
1544742156.44
1544742156.54
1544742156.61
1544742156.73
1544742156.83
1544742156.91
1544742156.98
1544742157.05
1544742157.14
1544742157.26
1544742157.37
1544742157.48
1544742157.6
1544742157.71
1544742157.81
1544742157.93
1544742158.03
1544742158.09
1544742158.2
1544742158.27
1544742158.41
1544742158.49
1544742158.6
1544742158.68
1544742158.75
1544742158.83
1544742158.9
1544742158.98
1544742159.05
1544742159.11
1544742159.18
1544742159.24
1544742159.31
1544742159.37
1544742159.43
1544742159.49
1544742159.56
1544742159.61
1544742159.67
1544742159.73
1544742159.83
1544742159.93
1544742160.03
1544742160.1
1544742160.19
1544742160.29
1544742160.41
1544742160.48
1544742160.57
1544742160.66
1544742160.75
1544742160.83
1544742160.99
1544742161.08
1544742161.17
1544742161.25
1544742161.35
1544742161.43
1544742161.55
1544742161.63
1544742161.7
1544742161.77
1544742161.83
1544742161.9
1544742161.97
1544742162.02
1544742162.12
1544742162.19
1544742162.29
1544742162.36
1544742162.45
1544742162.54
1544742162.64
1544742162.71
1544742162.8
1544742162.9
1544742162.96
1544742163.06
1544742163.17
1544742163.27
1544742163.34
1544742163.41
1544742163.51
1544742163.59
1544742163.68
1544742163.82
1544742163.92
1544742164.0
1544742164.09
1544742164.2
1544742164.3
1544742164.39
1544742164.48
1544742164.57
1544742164.67
1544742164.75
1544742164.79
1544742164.83
1544742164.9
1544742164.95
1544742165.01
1544742165.06
1544742165.12
1544742165.16
1544742165.22
1544742165.27
1544742165.32
1544742165.37
1544742165.42
1544742165.46
1544742165.52
1544742165.56
1544742165.62
1544742165.66
1544742165.72
1544742165.77
1544742165.85
1544742165.9
1544742165.96
1544742166.02
1544742166.07
1544742166.13
1544742166.18
1544742166.25
1544742166.31
1544742166.37
1544742166.44
1544742166.49
1544742166.57
1544742166.62
1544742166.69
1544742166.76
1544742166.81
1544742166.88
1544742166.94
1544742167.0
1544742167.06
1544742167.13
1544742167.2
1544742167.27
1544742167.34
1544742167.41
1544742167.48
1544742167.55
1544742167.61
1544742167.68
1544742167.74
1544742167.81
1544742167.87
1544742167.94
1544742168.0
1544742168.04
1544742168.15
1544742168.21
1544742168.28
1544742168.35
1544742168.41
1544742168.48
1544742168.56
1544742168.63
1544742168.71
1544742168.76
1544742168.81
1544742168.85
1544742168.93
1544742169.02
1544742169.1
1544742169.18
1544742169.25
1544742169.34
1544742169.41
1544742169.48
1544742169.57
1544742169.64
1544742169.7
1544742169.77
1544742169.85
1544742169.91
1544742170.0
1544742170.07
1544742170.12
1544742170.2
1544742170.25
1544742170.32
1544742170.4
1544742170.47
1544742170.52
1544742170.59
1544742170.65
1544742170.69
1544742170.77
1544742170.86
1544742170.92
1544742171.0
1544742171.05
1544742171.12
1544742171.18
1544742171.24
1544742171.29
1544742171.34
1544742171.41
1544742171.47
1544742171.52
1544742171.61
1544742171.68
1544742171.75
1544742171.81
1544742171.87
1544742171.92
1544742172.0
1544742172.08
1544742172.13
1544742172.2
1544742172.27
1544742172.33
1544742172.39
1544742172.45
1544742172.54
1544742172.63
1544742172.69
1544742172.75
1544742172.81
1544742172.89
1544742172.96
1544742173.04
1544742173.08
1544742173.12
1544742173.18
1544742173.31
1544742173.41
1544742173.47
1544742173.51
1544742173.55
1544742173.6
1544742173.66
1544742173.72
1544742173.77
1544742173.84
1544742173.9
1544742173.96
1544742174.03
1544742174.09
1544742174.15
1544742174.21
1544742174.27
1544742174.33
1544742174.4
1544742174.45
1544742174.51
1544742174.58
1544742174.63
1544742174.7
1544742174.76
1544742174.82
1544742174.89
1544742174.95
1544742175.02
1544742175.09
1544742175.15
1544742175.21
1544742175.28
1544742175.36
1544742175.43
1544742175.49
1544742175.57
1544742175.64
1544742175.73
1544742175.8
1544742175.88
1544742175.96
1544742176.04
1544742176.1
1544742176.15
1544742176.23
1544742176.31
1544742176.4
1544742176.48
1544742176.58
1544742176.65
1544742176.73
1544742176.79
1544742176.85
1544742176.91
1544742176.97
1544742177.04
1544742177.1
1544742177.17
1544742177.24
1544742177.3
1544742177.37
1544742177.44
1544742177.51
1544742177.56
1544742177.63
1544742177.71
1544742177.78
1544742177.85
1544742177.92
1544742178.0
1544742178.07
1544742178.14
1544742178.21
1544742178.28
1544742178.34
1544742178.41
1544742178.47
1544742178.53
1544742178.6
1544742178.67
1544742178.77
1544742178.86
1544742178.94
1544742179.03
1544742179.12
1544742179.21
1544742179.29
1544742179.36
1544742179.44
1544742179.53
1544742179.6
1544742179.69
1544742179.78
1544742179.88
1544742179.95
1544742180.01
1544742180.06
1544742180.12
1544742180.23
1544742180.32
1544742180.42
1544742180.49
1544742180.56
1544742180.62
1544742180.68
1544742180.75
1544742180.81
1544742180.88
1544742180.94
1544742181.01
1544742181.08
1544742181.13
1544742181.23
1544742181.31
1544742181.38
1544742181.45
1544742181.52
1544742181.59
1544742181.65
1544742181.72
1544742181.79
1544742181.83
1544742181.9
1544742181.95
1544742182.01
1544742182.06
1544742182.12
1544742182.25
1544742182.29
1544742182.42
1544742182.51
1544742182.59
1544742182.66
1544742182.74
1544742182.8
1544742182.87
1544742182.95
1544742183.05
1544742183.12
1544742183.18
1544742183.28
1544742183.36
1544742183.42
1544742183.49
1544742183.56
1544742183.62
1544742183.69
1544742183.76
1544742183.82
1544742183.89
1544742183.95
1544742184.01
1544742184.08
1544742184.15
1544742184.21
1544742184.3
1544742184.39
1544742184.46
1544742184.51
1544742184.59
1544742184.67
1544742184.75
1544742184.82
1544742184.91
1544742185.0
1544742185.08
1544742185.17
1544742185.25
1544742185.33
1544742185.4
1544742185.48
1544742185.55
1544742185.63
1544742185.71
1544742185.77
1544742185.85
1544742185.92
1544742186.0
1544742186.08
1544742186.15
1544742186.21
1544742186.28
1544742186.33
1544742186.4
1544742186.45
1544742186.52
1544742186.58
1544742186.66
1544742186.72
1544742186.79
1544742186.84
1544742186.91
1544742186.97
1544742187.04
1544742187.11
1544742187.19
1544742187.24
1544742187.31
1544742187.37
1544742187.41
1544742187.47
1544742187.54
1544742187.62
1544742187.69
1544742187.76
1544742187.82
1544742187.87
1544742187.96
1544742188.02
1544742188.12
1544742188.2
1544742188.25
1544742188.31
1544742188.37
1544742188.41
1544742188.46
1544742188.53
1544742188.62
1544742188.69
1544742188.77
1544742188.83
1544742188.9
1544742188.97
1544742189.06
1544742189.14
1544742189.2
1544742189.26
1544742189.32
1544742189.38
1544742189.47
1544742189.55
1544742189.62
1544742189.7
1544742189.78
1544742189.85
1544742189.94
1544742190.01
1544742190.07
1544742190.17
1544742190.25
1544742190.31
1544742190.36
1544742190.4
1544742190.47
1544742190.55
1544742190.6
1544742190.69
1544742190.77
1544742190.82
1544742190.89
1544742190.96
1544742191.0
1544742191.03
1544742191.09
1544742191.13
1544742191.18
1544742191.25
1544742191.3
1544742191.34
1544742191.42
1544742191.48
1544742191.52
1544742191.6
1544742191.67
1544742191.73
1544742191.81
1544742191.86
1544742191.93
1544742192.0
1544742192.06
1544742192.11
1544742192.18
1544742192.23
1544742192.3
1544742192.36
1544742192.42
1544742192.5
1544742192.57
1544742192.64
1544742192.72
1544742192.8
1544742192.9
1544742192.95
1544742193.0
1544742193.16
1544742193.26
1544742193.35
1544742193.4
1544742193.49
1544742193.57
1544742193.64
1544742193.74
1544742193.86
1544742193.94
1544742194.0
1544742194.06
1544742194.13
1544742194.2
1544742194.27
1544742194.34
1544742194.4
1544742194.51
1544742194.62
1544742194.75
1544742194.86
1544742194.96
1544742195.02
1544742195.08
1544742195.15
1544742195.19
1544742195.28
1544742195.34
1544742195.4
1544742195.48
1544742195.58
1544742195.64
1544742195.72
1544742195.77
1544742195.83
1544742196.0
1544742196.07
1544742196.15
1544742196.23
1544742196.29
1544742196.35
1544742196.4
1544742196.5
1544742196.57
1544742196.66
1544742196.72
1544742196.79
1544742196.87
1544742196.95
1544742197.02
1544742197.1
1544742197.16
1544742197.23
1544742197.29
1544742197.37
1544742197.43
1544742197.5
1544742197.56
1544742197.63
1544742197.7
1544742197.77
1544742197.85
1544742197.95
1544742198.03
1544742198.11
1544742198.19
1544742198.27
1544742198.32
1544742198.41
1544742198.49
1544742198.55
1544742198.63
1544742198.7
1544742198.77
1544742198.84
1544742198.91
1544742198.98
1544742199.04
1544742199.1
1544742199.15
1544742199.22
1544742199.27
1544742199.3
1544742199.38
1544742199.46
1544742199.55
1544742199.63
1544742199.69
1544742199.75
1544742199.83
1544742199.88
1544742199.93
1544742199.98
1544742200.02
1544742200.06
1544742200.12
1544742200.18
1544742200.26
1544742200.33
1544742200.42
1544742200.51
1544742200.58
1544742200.67
1544742200.73
1544742200.86
1544742200.92
1544742200.97
1544742201.02
1544742201.1
1544742201.17
1544742201.22
1544742201.28
1544742201.35
1544742201.42
1544742201.48
1544742201.53
1544742201.6
1544742201.66
1544742201.7
1544742201.76
1544742201.83
1544742201.87
1544742201.93
1544742202.0
1544742202.06
1544742202.11
1544742202.25
1544742202.33
1544742202.4
1544742202.45
1544742202.51
1544742202.57
1544742202.63
1544742202.73
1544742202.8
1544742202.87
1544742202.93
1544742203.0
1544742203.06
1544742203.11
1544742203.15
1544742203.22
1544742203.3
1544742203.39
1544742203.45
1544742203.49
1544742203.54
1544742203.63
1544742203.7
1544742203.78
1544742203.85
1544742203.92
1544742204.0
1544742204.09
1544742204.15
1544742204.21
1544742204.29
1544742204.37
1544742204.44
1544742204.5
1544742204.58
1544742204.64
1544742204.7
1544742204.77
1544742204.81
1544742204.85
1544742204.89
1544742204.99
1544742205.06
1544742205.11
1544742205.22
1544742205.28
1544742205.37
1544742205.45
1544742205.52
1544742205.6
1544742205.68
1544742205.75
1544742205.8
1544742205.88
1544742205.97
1544742206.05
1544742206.12
1544742206.18
1544742206.28
1544742206.37
1544742206.45
1544742206.53
1544742206.62
1544742206.7
1544742206.77
1544742206.84
1544742206.92
1544742207.02
1544742207.1
1544742207.18
1544742207.27
1544742207.35
1544742207.41
1544742207.5
1544742207.59
1544742207.7
1544742207.78
1544742207.84
1544742207.9
1544742207.96
1544742208.02
1544742208.07
1544742208.11
1544742208.2
1544742208.27
1544742208.31
1544742208.4
1544742208.46
1544742208.51
1544742208.59
1544742208.66
1544742208.71
1544742208.79
1544742208.92
1544742209.02
1544742209.06
1544742209.1
1544742209.16
1544742209.24
1544742209.31
1544742209.4
1544742209.46
1544742209.5
1544742209.54
1544742209.63
1544742209.69
1544742209.77
1544742209.84
1544742209.9
1544742209.97
1544742210.03
1544742210.09
1544742210.15
1544742210.22
1544742210.27
1544742210.35
1544742210.43
1544742210.51
1544742210.58
1544742210.64
1544742210.69
1544742210.77
1544742210.83
1544742210.91
1544742210.97
1544742211.04
1544742211.11
1544742211.19
1544742211.24
1544742211.3
1544742211.37
1544742211.43
1544742211.48
1544742211.57
1544742211.64
1544742211.73
1544742211.77
1544742211.85
1544742211.92
1544742211.99
1544742212.07
1544742212.13
1544742212.2
1544742212.26
1544742212.32
1544742212.38
1544742212.43
1544742212.49
1544742212.55
1544742212.6
1544742212.65
1544742212.74
1544742212.83
1544742212.92
1544742213.0
1544742213.07
1544742213.13
1544742213.21
1544742213.28
1544742213.33
1544742213.41
1544742213.48
1544742213.54
1544742213.62
1544742213.71
1544742213.79
1544742213.87
1544742213.93
1544742214.01
1544742214.08
1544742214.16
1544742214.22
1544742214.28
1544742214.35
1544742214.43
1544742214.51
1544742214.57
1544742214.64
1544742214.7
1544742214.76
1544742214.83
1544742214.9
1544742214.97
1544742215.02
1544742215.11
1544742215.19
1544742215.28
1544742215.35
1544742215.46
1544742215.54
1544742215.6
1544742215.69
1544742215.77
1544742215.83
1544742215.92
1544742215.98
1544742216.06
1544742216.14
1544742216.21
1544742216.3
1544742216.38
1544742216.44
1544742216.5
1544742216.54
1544742216.62
1544742216.71
1544742216.79
1544742216.87
1544742216.94
1544742217.0
1544742217.07
1544742217.15
1544742217.21
1544742217.26
1544742217.32
1544742217.39
1544742217.44
1544742217.49
1544742217.54
1544742217.6
1544742217.66
1544742217.72
1544742217.8
1544742217.88
1544742217.94
1544742218.02
1544742218.13
1544742218.2
1544742218.29
1544742218.36
1544742218.42
1544742218.48
1544742218.54
1544742218.61
1544742218.68
1544742218.75
1544742218.81
1544742218.88
1544742218.93
1544742219.0
1544742219.07
1544742219.14
1544742219.19
1544742219.24
1544742219.28
1544742219.35
1544742219.42
1544742219.5
1544742219.57
1544742219.64
1544742219.7
1544742219.76
1544742219.82
1544742219.88
1544742219.94
1544742220.01
1544742220.07
1544742220.12
1544742220.18
1544742220.23
1544742220.28
1544742220.34
1544742220.4
1544742220.46
1544742220.52
1544742220.57
1544742220.63
1544742220.68
1544742220.73
1544742220.78
1544742220.84
1544742220.9
1544742220.95
1544742221.02
1544742221.11
1544742221.17
1544742221.23
1544742221.31
1544742221.36
1544742221.44
1544742221.49
1544742221.56
1544742221.62
1544742221.72
1544742221.82
1544742221.88
1544742221.92
1544742221.96
1544742222.04
1544742222.12
1544742222.19
1544742222.26
1544742222.32
1544742222.4
1544742222.46
1544742222.53
1544742222.59
1544742222.66
1544742222.73
1544742222.8
1544742222.88
1544742222.95
1544742223.05
1544742223.12
1544742223.16
1544742223.23
1544742223.3
1544742223.38
1544742223.44
1544742223.5
1544742223.59
1544742223.65
1544742223.71
1544742223.79
1544742223.86
1544742223.9
1544742223.93
1544742224.05
1544742224.1
1544742224.13
1544742224.21
1544742224.3
1544742224.36
1544742224.42
1544742224.48
1544742224.55
1544742224.61
1544742224.69
1544742224.75
1544742224.82
1544742224.87
1544742224.94
1544742225.01
1544742225.08
1544742225.14
1544742225.2
1544742225.29
1544742225.37
1544742225.43
1544742225.53
1544742225.6
1544742225.69
1544742225.76
1544742225.82
1544742225.9
1544742225.99
1544742226.08
1544742226.14
1544742226.21
1544742226.28
1544742226.34
1544742226.41
1544742226.48
1544742226.56
1544742226.62
1544742226.7
1544742226.77
1544742226.83
1544742226.89
1544742226.96
1544742227.06
1544742227.13
1544742227.22
1544742227.31
1544742227.36
1544742227.45
1544742227.52
1544742227.6
1544742227.7
1544742227.79
1544742227.88
1544742227.95
1544742228.0
1544742228.08
1544742228.19
1544742228.26
1544742228.32
1544742228.4
1544742228.45
1544742228.52
1544742228.59
1544742228.66
1544742228.72
1544742228.78
1544742228.85
1544742228.91
1544742228.98
1544742229.02
1544742229.06
1544742229.15
1544742229.24
1544742229.34
1544742229.41
1544742229.49
1544742229.55
1544742229.62
1544742229.7
1544742229.78
1544742229.86
1544742229.93
1544742230.0
1544742230.07
1544742230.14
1544742230.21
1544742230.28
1544742230.34
1544742230.39
1544742230.44
1544742230.55
1544742230.6
1544742230.66
1544742230.75
1544742230.8
1544742230.85
1544742230.94
1544742230.98
1544742231.08
1544742231.15
1544742231.21
1544742231.26
1544742231.31
1544742231.36
1544742231.42
1544742231.5
1544742231.56
1544742231.61
1544742231.67
1544742231.73
1544742231.79
1544742231.85
1544742231.91
1544742231.97
1544742232.04
1544742232.1
1544742232.17
1544742232.23
1544742232.28
1544742232.33
1544742232.4
1544742232.48
1544742232.54
1544742232.62
1544742232.68
1544742232.75
1544742232.8
1544742232.85
1544742232.92
1544742233.0
1544742233.06
1544742233.14
1544742233.19
1544742233.27
1544742233.33
1544742233.41
1544742233.49
1544742233.55
1544742233.65
1544742233.73
1544742233.81
1544742233.87
1544742233.92
1544742234.02
1544742234.1
1544742234.17
1544742234.24
1544742234.3
1544742234.39
1544742234.46
1544742234.53
1544742234.6
1544742234.67
1544742234.73
1544742234.8
1544742234.87
1544742234.95
1544742235.02
1544742235.1
1544742235.16
1544742235.24
1544742235.3
1544742235.37
1544742235.43
1544742235.52
1544742235.6
1544742235.67
1544742235.76
1544742235.86
1544742235.95
1544742236.04
1544742236.12
1544742236.2
1544742236.27
1544742236.32
1544742236.38
1544742236.45
1544742236.51
1544742236.57
1544742236.64
1544742236.7
1544742236.77
1544742236.84
1544742236.9
1544742236.97
1544742237.02
1544742237.09
1544742237.16
1544742237.23
1544742237.32
1544742237.4
1544742237.5
1544742237.58
1544742237.64
1544742237.7
1544742237.77
1544742237.83
1544742237.91
1544742237.96
1544742238.03
1544742238.1
1544742238.16
1544742238.23
1544742238.3
1544742238.37
1544742238.46
1544742238.56
1544742238.62
1544742238.69
1544742238.77
1544742238.83
1544742238.9
1544742238.95
1544742239.03
1544742239.09
1544742239.16
1544742239.23
1544742239.31
1544742239.36
1544742239.44
1544742239.53
1544742239.59
1544742239.66
1544742239.74
1544742239.81
1544742239.89
1544742239.95
1544742240.03
1544742240.11
1544742240.19
1544742240.25
1544742240.34
1544742240.4
1544742240.46
1544742240.52
1544742240.58
1544742240.64
1544742240.71
1544742240.76
1544742240.81
1544742240.89
1544742240.95
1544742241.07
1544742241.15
1544742241.22
1544742241.3
1544742241.38
1544742241.42
1544742241.51
1544742241.59
1544742241.68
1544742241.8
1544742241.87
1544742241.94
1544742241.99
1544742242.05
1544742242.12
1544742242.17
1544742242.23
1544742242.33
1544742242.4
1544742242.47
1544742242.53
1544742242.6
1544742242.68
1544742242.72
1544742242.77
1544742242.81
1544742242.87
1544742242.95
1544742243.02
1544742243.1
1544742243.18
1544742243.26
1544742243.31
1544742243.36
1544742243.4
1544742243.47
1544742243.55
1544742243.66
1544742243.76
1544742243.81
1544742243.88
1544742243.93
1544742243.97
1544742244.05
1544742244.1
1544742244.19
1544742244.24
1544742244.31
1544742244.37
1544742244.44
1544742244.52
1544742244.59
1544742244.66
1544742244.73
1544742244.8
1544742244.87
1544742244.94
1544742245.01
1544742245.09
1544742245.17
1544742245.24
1544742245.31
1544742245.39
1544742245.47
1544742245.54
1544742245.62
1544742245.7
1544742245.76
1544742245.81
1544742245.88
1544742245.97
1544742246.06
1544742246.14
1544742246.21
1544742246.29
1544742246.35
1544742246.42
1544742246.49
1544742246.54
1544742246.61
1544742246.66
1544742246.72
1544742246.78
1544742246.86
1544742246.92
1544742246.98
1544742247.06
1544742247.13
1544742247.19
1544742247.26
1544742247.33
1544742247.4
1544742247.46
1544742247.51
1544742247.59
1544742247.66
1544742247.72
1544742247.81
1544742247.87
1544742247.95
1544742248.02
1544742248.08
1544742248.16
1544742248.21
1544742248.29
1544742248.38
1544742248.45
1544742248.53
1544742248.6
1544742248.68
1544742248.75
1544742248.81
1544742248.88
1544742248.95
1544742249.0
1544742249.06
1544742249.12
1544742249.19
1544742249.25
1544742249.32
1544742249.39
1544742249.46
1544742249.52
1544742249.58
1544742249.64
1544742249.68
1544742249.74
1544742249.8
1544742249.88
1544742249.97
1544742250.04
1544742250.09
1544742250.14
1544742250.21
1544742250.3
1544742250.37
1544742250.45
1544742250.52
1544742250.57
1544742250.66
1544742250.7
1544742250.78
1544742250.84
1544742250.91
1544742250.98
1544742251.04
1544742251.1
1544742251.16
1544742251.21
1544742251.28
1544742251.34
1544742251.39
1544742251.45
1544742251.5
1544742251.54
1544742251.6
1544742251.68
1544742251.75
1544742251.8
1544742251.87
1544742251.95
1544742252.02
1544742252.09
1544742252.16
1544742252.23
1544742252.31
1544742252.38
1544742252.44
1544742252.51
1544742252.59
1544742252.68
1544742252.75
1544742252.83
1544742252.91
1544742252.99
1544742253.07
1544742253.13
1544742253.25
1544742253.32
1544742253.42
1544742253.52
1544742253.6
1544742253.66
1544742253.72
1544742253.79
1544742253.85
1544742253.91
1544742253.96
1544742254.02
1544742254.09
1544742254.15
1544742254.23
1544742254.27
1544742254.31
1544742254.36
1544742254.42
1544742254.51
1544742254.57
1544742254.63
1544742254.69
1544742254.74
1544742254.81
1544742254.87
1544742254.92
1544742254.98
1544742255.05
1544742255.1
1544742255.17
1544742255.24
1544742255.31
1544742255.39
1544742255.45
1544742255.5
1544742255.57
1544742255.64
1544742255.7
1544742255.78
1544742255.85
1544742255.92
1544742255.99
1544742256.08
1544742256.15
1544742256.22
1544742256.29
1544742256.35
1544742256.42
1544742256.5
1544742256.58
1544742256.64
1544742256.74
1544742256.81
1544742256.89
1544742256.96
1544742257.03
1544742257.13
1544742257.2
1544742257.27
1544742257.33
1544742257.39
1544742257.47
1544742257.56
1544742257.62
1544742257.69
1544742257.74
1544742257.8
1544742257.89
1544742257.96
1544742258.06
1544742258.16
1544742258.24
1544742258.3
1544742258.37
1544742258.45
1544742258.53
1544742258.61
1544742258.72
1544742258.86
1544742258.96
1544742259.01
1544742259.07
1544742259.14
1544742259.21
1544742259.28
1544742259.33
1544742259.4
1544742259.46
1544742259.51
1544742259.59
1544742259.66
1544742259.73
1544742259.82
1544742259.87
1544742259.91
1544742259.98
1544742260.05
1544742260.17
1544742260.24
1544742260.29
1544742260.34
1544742260.41
1544742260.46
1544742260.52
1544742260.57
1544742260.64
1544742260.69
1544742260.75
1544742260.84
1544742260.92
1544742261.0
1544742261.07
1544742261.15
1544742261.28
1544742261.39
1544742261.51
1544742261.58
1544742261.68
1544742261.79
1544742261.87
1544742261.94
1544742262.0
1544742262.06
1544742262.11
1544742262.16
1544742262.23
1544742262.32
1544742262.4
1544742262.5
1544742262.56
1544742262.62
1544742262.69
1544742262.75
1544742262.81
1544742262.87
1544742262.94
1544742262.99
1544742263.07
1544742263.13
1544742263.21
1544742263.29
1544742263.36
1544742263.44
1544742263.51
1544742263.62
1544742263.69
1544742263.78
1544742263.87
1544742263.94
1544742264.03
1544742264.11
1544742264.2
1544742264.29
1544742264.39
1544742264.45
1544742264.51
1544742264.6
1544742264.7
1544742264.76
1544742264.82
1544742264.88
1544742264.93
1544742265.01
1544742265.08
1544742265.16
1544742265.23
1544742265.31
1544742265.39
1544742265.45
1544742265.5
1544742265.56
1544742265.63
1544742265.69
1544742265.78
1544742265.84
1544742265.91
1544742265.97
1544742266.06
1544742266.13
1544742266.26
1544742266.32
1544742266.39
1544742266.45
1544742266.53
1544742266.65
1544742266.72
1544742266.8
1544742266.92
1544742267.0
1544742267.11
1544742267.2
1544742267.3
1544742267.36
1544742267.47
1544742267.55
1544742267.64
1544742267.73
1544742267.79
1544742267.85
1544742267.92
1544742267.98
1544742268.04
1544742268.09
1544742268.17
1544742268.24
1544742268.32
1544742268.39
1544742268.48
1544742268.59
1544742268.67
1544742268.74
1544742268.82
1544742268.89
1544742268.97
1544742269.03
1544742269.11
1544742269.19
1544742269.26
1544742269.33
1544742269.4
1544742269.47
1544742269.54
1544742269.61
1544742269.67
1544742269.75
1544742269.83
1544742269.89
1544742269.96
1544742270.03
1544742270.09
1544742270.16
1544742270.22
1544742270.28
1544742270.37
1544742270.44
1544742270.51
1544742270.57
1544742270.64
1544742270.68
1544742270.76
1544742270.83
1544742270.89
1544742270.97
1544742271.03
1544742271.09
1544742271.16
1544742271.22
1544742271.28
1544742271.34
1544742271.39
1544742271.44
1544742271.5
1544742271.59
1544742271.68
1544742271.77
1544742271.84
1544742271.9
1544742271.96
1544742272.02
1544742272.09
1544742272.15
1544742272.21
1544742272.27
1544742272.33
1544742272.4
1544742272.46
1544742272.52
1544742272.58
1544742272.65
1544742272.71
1544742272.78
1544742272.85
1544742272.91
1544742272.98
1544742273.04
1544742273.12
1544742273.19
1544742273.27
1544742273.33
1544742273.4
1544742273.46
1544742273.52
1544742273.58
1544742273.63
1544742273.7
1544742273.75
1544742273.81
1544742273.88
1544742273.94
1544742274.01
1544742274.07
1544742274.12
1544742274.18
1544742274.26
1544742274.36
1544742274.43
1544742274.53
1544742274.62
1544742274.7
1544742274.78
1544742274.86
1544742274.95
1544742275.03
1544742275.14
1544742275.27
1544742275.38
1544742275.45
1544742275.55
1544742275.61
1544742275.71
1544742275.79
1544742275.9
1544742276.01
1544742276.1
1544742276.19
1544742276.27
1544742276.35
1544742276.46
1544742276.54
1544742276.63
1544742276.72
1544742276.82
1544742276.9
1544742277.0
1544742277.09
1544742277.2
1544742277.28
1544742277.34
1544742277.4
1544742277.46
1544742277.52
1544742277.59
1544742277.68
1544742277.77
1544742277.84
1544742277.9
1544742277.95
1544742278.01
1544742278.08
1544742278.14
1544742278.19
1544742278.28
1544742278.33
1544742278.4
1544742278.46
1544742278.5
1544742278.58
1544742278.65
1544742278.72
1544742278.77
1544742278.85
1544742278.91
1544742279.01
1544742279.09
1544742279.15
1544742279.21
1544742279.28
1544742279.33
1544742279.38
1544742279.44
1544742279.5
1544742279.55
1544742279.6
1544742279.65
1544742279.68
1544742279.73
1544742279.82
1544742279.89
1544742279.93
1544742280.02
1544742280.08
1544742280.15
1544742280.21
1544742280.26
1544742280.3
1544742280.36
1544742280.41
1544742280.5
1544742280.57
1544742280.66
1544742280.74
1544742280.8
1544742280.85
1544742280.89
1544742280.93
1544742281.02
1544742281.09
1544742281.15
1544742281.21
1544742281.28
1544742281.35
1544742281.42
1544742281.49
1544742281.56
1544742281.62
1544742281.68
1544742281.75
1544742281.81
1544742281.88
1544742281.95
1544742282.01
1544742282.09
1544742282.16
1544742282.24
1544742282.34
1544742282.39
1544742282.43
1544742282.56
1544742282.63
1544742282.72
1544742282.78
1544742282.84
1544742282.91
1544742282.97
1544742283.05
1544742283.13
1544742283.18
1544742283.23
1544742283.32
1544742283.4
1544742283.46
1544742283.52
1544742283.63
1544742283.73
1544742283.8
1544742283.88
1544742283.97
1544742284.07
1544742284.15
1544742284.2
1544742284.28
1544742284.33
1544742284.42
1544742284.5
1544742284.57
1544742284.65
1544742284.72
1544742284.78
1544742284.87
1544742284.94
1544742285.01
1544742285.06
1544742285.1
1544742285.16
1544742285.19
1544742285.26
1544742285.31
1544742285.37
1544742285.43
1544742285.49
1544742285.56
1544742285.61
1544742285.68
1544742285.74
1544742285.78
1544742285.82
1544742285.91
1544742285.96
1544742286.01
1544742286.08
1544742286.14
1544742286.21
1544742286.28
1544742286.36
1544742286.42
1544742286.5
1544742286.55
1544742286.63
1544742286.69
1544742286.75
1544742286.8
1544742286.84
1544742286.93
1544742286.98
1544742287.08
1544742287.16
1544742287.21
1544742287.28
1544742287.33
1544742287.4
1544742287.46
1544742287.53
1544742287.59
1544742287.65
1544742287.71
1544742287.78
1544742287.85
1544742287.91
1544742287.98
1544742288.04
1544742288.09
1544742288.15
1544742288.25
1544742288.32
1544742288.41
1544742288.49
1544742288.56
1544742288.67
1544742288.76
1544742288.85
1544742288.92
1544742289.02
1544742289.09
1544742289.18
1544742289.27
1544742289.35
1544742289.42
1544742289.52
1544742289.61
1544742289.7
1544742289.76
1544742289.82
1544742289.92
1544742290.0
1544742290.08
1544742290.18
1544742290.27
1544742290.35
1544742290.44
1544742290.52
1544742290.62
1544742290.71
1544742290.81
1544742290.88
1544742290.96
1544742291.02
1544742291.08
1544742291.18
1544742291.25
1544742291.33
1544742291.4
1544742291.45
1544742291.5
1544742291.6
1544742291.69
1544742291.79
1544742291.89
1544742291.95
1544742292.02
1544742292.13
1544742292.22
1544742292.31
1544742292.41
1544742292.48
1544742292.56
1544742292.63
1544742292.67
1544742292.7
1544742292.78
1544742292.86
1544742292.91
1544742292.99
1544742293.05
1544742293.09
1544742293.15
1544742293.23
1544742293.31
1544742293.38
1544742293.47
1544742293.55
1544742293.62
1544742293.69
1544742293.78
1544742293.87
1544742293.95
1544742294.02
1544742294.1
1544742294.17
1544742294.26
1544742294.34
1544742294.45
1544742294.55
1544742294.63
1544742294.69
1544742294.75
1544742294.84
1544742294.9
1544742294.96
1544742295.0
1544742295.09
1544742295.16
1544742295.24
1544742295.31
1544742295.39
1544742295.5
1544742295.59
1544742295.66
1544742295.72
1544742295.78
1544742295.84
1544742295.9
1544742295.95
1544742296.02
1544742296.09
1544742296.15
1544742296.18
1544742296.25
1544742296.32
1544742296.37
1544742296.43
1544742296.49
1544742296.55
1544742296.6
1544742296.68
1544742296.74
1544742296.8
1544742296.87
1544742296.94
1544742297.01
1544742297.08
1544742297.14
1544742297.2
1544742297.27
1544742297.33
1544742297.4
1544742297.49
1544742297.56
1544742297.63
1544742297.7
1544742297.78
1544742297.85
1544742297.92
1544742297.98
1544742298.05
1544742298.11
1544742298.18
1544742298.25
1544742298.32
1544742298.4
1544742298.48
1544742298.56
1544742298.62
1544742298.69
1544742298.75
1544742298.79
1544742298.85
1544742298.92
1544742299.0
1544742299.07
1544742299.13
1544742299.19
1544742299.25
1544742299.31
1544742299.36
1544742299.43
1544742299.51
1544742299.57
1544742299.64
1544742299.71
1544742299.79
1544742299.86
1544742299.92
1544742299.99
1544742300.08
1544742300.15
1544742300.22
1544742300.31
1544742300.41
1544742300.49
1544742300.58
1544742300.68
1544742300.74
1544742300.82
1544742300.88
1544742301.0
1544742301.05
1544742301.11
1544742301.16
1544742301.21
1544742301.27
1544742301.33
1544742301.39
1544742301.45
1544742301.5
1544742301.61
1544742301.7
1544742301.77
1544742301.81
1544742301.89
1544742301.96
1544742302.02
1544742302.09
1544742302.15
1544742302.2
1544742302.26
1544742302.33
1544742302.4
1544742302.46
1544742302.52
1544742302.62
1544742302.72
1544742302.82
1544742302.9
1544742302.97
1544742303.03
1544742303.1
1544742303.17
1544742303.25
1544742303.3
1544742303.37
1544742303.43
1544742303.5
1544742303.55
1544742303.62
1544742303.68
1544742303.74
1544742303.8
1544742303.86
1544742303.92
1544742303.99
1544742304.04
1544742304.11
1544742304.17
1544742304.23
1544742304.32
1544742304.47
1544742304.53
1544742304.6
1544742304.7
1544742304.79
1544742304.86
1544742304.92
1544742305.01
1544742305.09
1544742305.16
1544742305.22
1544742305.29
1544742305.36
1544742305.42
1544742305.49
1544742305.53
1544742305.6
1544742305.65
1544742305.72
1544742305.77
1544742305.82
1544742305.87
1544742305.93
1544742306.01
1544742306.06
1544742306.13
1544742306.19
1544742306.24
1544742306.33
1544742306.4
1544742306.48
1544742306.54
1544742306.6
1544742306.68
1544742306.75
1544742306.82
1544742306.89
1544742306.96
1544742307.02
1544742307.09
1544742307.15
1544742307.2
1544742307.29
1544742307.34
1544742307.39
1544742307.43
1544742307.5
1544742307.55
1544742307.61
1544742307.66
1544742307.71
1544742307.76
1544742307.83
1544742307.88
1544742307.94
1544742308.02
1544742308.08
1544742308.14
1544742308.21
1544742308.28
1544742308.34
1544742308.4
1544742308.52
1544742308.62
1544742308.73
1544742308.82
1544742308.97
1544742309.06
1544742309.17
1544742309.27
1544742309.35
1544742309.43
1544742309.52
1544742309.62
1544742309.7
1544742309.76
1544742309.83
1544742309.91
1544742309.97
1544742310.03
1544742310.08
1544742310.14
1544742310.2
1544742310.26
1544742310.31
1544742310.37
1544742310.42
1544742310.52
1544742310.69
1544742310.76
1544742310.84
1544742310.91
1544742311.0
1544742311.08
1544742311.14
1544742311.2
1544742311.29
1544742311.35
1544742311.4
1544742311.47
1544742311.54
1544742311.61
1544742311.7
1544742311.75
1544742311.8
1544742311.9
1544742311.95
1544742312.06
1544742312.13
1544742312.21
1544742312.29
1544742312.34
1544742312.4
1544742312.55
1544742312.73
1544742312.81
1544742312.88
1544742312.95
1544742313.0
1544742313.07
1544742313.17
1544742313.27
1544742313.36
1544742313.44
1544742313.55
1544742313.67
1544742313.77
1544742313.83
1544742313.88
1544742313.93
1544742314.0
1544742314.06
1544742314.13
1544742314.21
1544742314.29
1544742314.36
1544742314.42
1544742314.5
1544742314.57
1544742314.67
1544742314.74
1544742314.84
1544742314.94
1544742315.0
1544742315.07
1544742315.14
1544742315.22
1544742315.31
1544742315.38
1544742315.43
1544742315.51
1544742315.57
1544742315.65
1544742315.72
1544742315.78
1544742315.89
1544742315.96
1544742316.03
1544742316.12
1544742316.18
1544742316.26
1544742316.32
1544742316.39
1544742316.46
1544742316.52
1544742316.59
1544742316.65
1544742316.71
1544742316.78
1544742316.85
1544742316.91
1544742316.97
1544742317.03
1544742317.09
1544742317.16
1544742317.24
1544742317.33
1544742317.41
1544742317.5
1544742317.55
1544742317.61
1544742317.68
1544742317.75
1544742317.8
1544742317.87
1544742317.93
1544742317.98
1544742318.05
1544742318.11
1544742318.18
1544742318.24
1544742318.3
1544742318.36
1544742318.42
1544742318.49
1544742318.54
1544742318.6
1544742318.67
1544742318.72
1544742318.8
1544742318.87
1544742318.93
1544742319.0
1544742319.06
1544742319.13
1544742319.22
1544742319.27
1544742319.32
1544742319.4
1544742319.46
1544742319.51
1544742319.61
1544742319.68
1544742319.73
1544742319.84
1544742319.92
1544742319.99
1544742320.08
1544742320.18
1544742320.27
1544742320.35
1544742320.42
1544742320.5
1544742320.56
1544742320.63
1544742320.71
1544742320.77
1544742320.84
1544742320.91
1544742320.97
1544742321.03
1544742321.08
1544742321.15
1544742321.2
1544742321.27
1544742321.36
1544742321.44
1544742321.51
1544742321.58
1544742321.65
1544742321.73
1544742321.8
1544742321.87
1544742321.93
1544742322.02
1544742322.13
1544742322.18
1544742322.25
1544742322.39
1544742322.46
1544742322.51
1544742322.59
1544742322.65
1544742322.71
1544742322.78
1544742322.83
1544742322.9
1544742322.96
1544742323.02
1544742323.09
1544742323.15
1544742323.21
1544742323.27
1544742323.33
1544742323.39
1544742323.46
1544742323.51
1544742323.57
1544742323.63
1544742323.68
1544742323.77
1544742323.88
1544742323.97
1544742324.05
1544742324.14
1544742324.21
1544742324.29
1544742324.37
1544742324.44
1544742324.51
1544742324.57
1544742324.65
1544742324.73
1544742324.8
1544742324.87
1544742324.93
1544742324.99
1544742325.09
1544742325.17
1544742325.23
1544742325.31
1544742325.36
1544742325.47
1544742325.56
1544742325.62
1544742325.7
1544742325.76
1544742325.84
1544742325.9
1544742325.94
1544742326.0
1544742326.08
1544742326.18
1544742326.24
1544742326.34
1544742326.44
1544742326.53
1544742326.63
1544742326.72
1544742326.8
1544742326.9
1544742326.98
1544742327.04
1544742327.1
1544742327.18
1544742327.24
1544742327.3
1544742327.4
1544742327.46
1544742327.54
1544742327.64
1544742327.71
1544742327.79
1544742327.86
1544742327.91
1544742327.97
1544742328.01
1544742328.08
1544742328.14
1544742328.19
1544742328.25
1544742328.32
1544742328.38
1544742328.42
1544742328.51
1544742328.56
1544742328.61
1544742328.72
1544742328.8
1544742328.86
1544742328.92
1544742328.99
1544742329.05
1544742329.11
1544742329.18
1544742329.22
1544742329.32
1544742329.4
1544742329.48
1544742329.56
1544742329.61
1544742329.74
1544742329.79
1544742329.84
1544742329.94
1544742329.99
1544742330.07
1544742330.15
1544742330.25
1544742330.29
1544742330.38
1544742330.45
1544742330.56
1544742330.65
1544742330.73
1544742330.81
1544742330.89
1544742330.96
1544742331.03
1544742331.09
1544742331.17
1544742331.23
1544742331.27
1544742331.35
1544742331.42
1544742331.48
1544742331.56
1544742331.64
1544742331.71
1544742331.78
1544742331.84
1544742331.97
1544742332.05
1544742332.14
1544742332.21
1544742332.29
1544742332.36
1544742332.42
1544742332.52
1544742332.58
1544742332.68
1544742332.76
1544742332.84
1544742332.92
1544742332.98
1544742333.05
1544742333.08
1544742333.16
1544742333.25
1544742333.33
1544742333.41
1544742333.48
1544742333.57
1544742333.64
1544742333.7
1544742333.78
1544742333.86
1544742333.96
1544742334.03
1544742334.1
1544742334.18
1544742334.24
1544742334.3
1544742334.39
1544742334.44
1544742334.51
1544742334.62
1544742334.74
1544742334.81
1544742334.91
1544742334.98
1544742335.04
1544742335.1
1544742335.16
1544742335.23
1544742335.3
1544742335.37
1544742335.44
1544742335.51
1544742335.58
1544742335.66
1544742335.72
1544742335.79
1544742335.86
1544742335.9
1544742335.94
1544742335.99
1544742336.08
1544742336.14
1544742336.21
1544742336.28
1544742336.35
1544742336.41
1544742336.48
1544742336.54
1544742336.61
1544742336.68
1544742336.75
1544742336.83
1544742336.92
1544742337.0
1544742337.08
1544742337.18
1544742337.25
1544742337.32
1544742337.4
1544742337.47
1544742337.53
1544742337.59
1544742337.65
1544742337.75
1544742337.85
1544742337.94
1544742338.01
1544742338.13
1544742338.23
1544742338.32
1544742338.41
1544742338.49
1544742338.58
1544742338.65
1544742338.71
1544742338.78
1544742338.84
1544742338.93
1544742339.02
1544742339.11
1544742339.18
1544742339.26
1544742339.33
1544742339.39
1544742339.48
1544742339.56
1544742339.65
1544742339.75
1544742339.84
1544742339.91
1544742339.96
1544742340.03
1544742340.09
1544742340.16
1544742340.22
1544742340.28
1544742340.36
1544742340.42
1544742340.47
1544742340.54
1544742340.58
1544742340.62
1544742340.73
1544742340.8
1544742340.87
1544742340.93
1544742340.99
1544742341.04
1544742341.12
1544742341.18
1544742341.26
1544742341.33
1544742341.38
1544742341.45
1544742341.52
1544742341.59
1544742341.66
1544742341.73
1544742341.81
1544742341.89
1544742341.94
1544742342.03
1544742342.1
1544742342.18
1544742342.27
1544742342.35
1544742342.42
1544742342.49
1544742342.53
1544742342.61
1544742342.69
1544742342.77
1544742342.85
1544742342.92
1544742342.99
1544742343.08
1544742343.14
1544742343.2
1544742343.29
1544742343.36
1544742343.42
1544742343.49
1544742343.56
1544742343.64
1544742343.72
1544742343.8
1544742343.88
1544742343.96
1544742344.03
1544742344.11
1544742344.17
1544742344.23
1544742344.31
1544742344.38
1544742344.45
1544742344.51
1544742344.57
1544742344.64
1544742344.7
1544742344.8
1544742344.95
1544742345.05
1544742345.14
1544742345.25
1544742345.35
1544742345.44
1544742345.51
1544742345.57
1544742345.64
1544742345.72
1544742345.78
1544742345.88
1544742345.96
1544742346.02
1544742346.09
1544742346.15
1544742346.22
1544742346.33
1544742346.4
1544742346.46
1544742346.52
1544742346.59
1544742346.66
1544742346.72
1544742346.79
1544742346.85
1544742346.92
1544742346.97
1544742347.03
1544742347.1
1544742347.2
1544742347.28
1544742347.35
1544742347.43
1544742347.5
1544742347.57
1544742347.66
1544742347.72
1544742347.77
1544742347.86
1544742347.91
1544742347.99
1544742348.06
1544742348.13
1544742348.21
1544742348.27
1544742348.33
1544742348.42
1544742348.5
1544742348.57
1544742348.63
1544742348.7
1544742348.78
1544742348.85
1544742348.9
1544742348.96
1544742349.03
1544742349.11
1544742349.17
1544742349.23
1544742349.3
1544742349.35
1544742349.41
1544742349.51
1544742349.59
1544742349.64
1544742349.69
1544742349.73
1544742349.81
1544742349.9
1544742349.97
1544742350.03
1544742350.09
1544742350.15
1544742350.22
1544742350.28
1544742350.34
1544742350.41
1544742350.47
1544742350.54
1544742350.63
1544742350.7
1544742350.76
1544742350.83
1544742350.9
1544742350.97
1544742351.01
1544742351.1
1544742351.17
1544742351.25
1544742351.31
1544742351.36
1544742351.39
1544742351.46
1544742351.52
1544742351.59
1544742351.68
1544742351.77
1544742351.86
1544742351.92
1544742352.0
1544742352.07
1544742352.13
1544742352.17
1544742352.22
1544742352.29
1544742352.34
1544742352.39
1544742352.44
1544742352.49
1544742352.56
1544742352.63
1544742352.71
1544742352.77
1544742352.87
1544742352.93
1544742352.98
1544742353.04
1544742353.1
1544742353.16
1544742353.22
1544742353.27
1544742353.31
1544742353.4
1544742353.46
1544742353.51
1544742353.59
1544742353.66
1544742353.71
1544742353.77
1544742353.81
1544742353.89
1544742353.96
1544742354.02
1544742354.08
1544742354.12
1544742354.18
1544742354.24
1544742354.34
1544742354.4
1544742354.46
1544742354.54
1544742354.59
1544742354.66
1544742354.72
1544742354.79
1544742354.85
1544742354.92
1544742354.98
1544742355.05
1544742355.11
1544742355.18
1544742355.24
1544742355.3
1544742355.36
1544742355.43
1544742355.49
1544742355.55
1544742355.61
1544742355.68
1544742355.75
1544742355.81
1544742355.89
1544742355.96
1544742356.03
1544742356.11
1544742356.18
1544742356.26
1544742356.31
1544742356.39
1544742356.46
1544742356.53
1544742356.61
1544742356.68
1544742356.77
1544742356.84
1544742356.91
1544742356.99
1544742357.04
1544742357.11
1544742357.18
1544742357.24
1544742357.3
1544742357.36
1544742357.41
1544742357.51
1544742357.59
1544742357.67
1544742357.74
1544742357.82
1544742357.89
1544742357.98
1544742358.07
1544742358.17
1544742358.23
1544742358.29
1544742358.35
1544742358.41
1544742358.49
1544742358.56
1544742358.62
1544742358.69
1544742358.74
1544742358.83
1544742358.92
1544742358.99
1544742359.04
1544742359.11
1544742359.17
1544742359.23
1544742359.35
1544742359.45
1544742359.53
1544742359.6
1544742359.65
1544742359.71
1544742359.78
1544742359.85
1544742359.91
1544742359.98
1544742360.08
1544742360.18
1544742360.28
1544742360.35
1544742360.44
1544742360.53
1544742360.58
1544742360.67
1544742360.75
1544742360.82
1544742360.88
1544742360.97
1544742361.04
1544742361.12
1544742361.2
1544742361.29
1544742361.38
1544742361.45
1544742361.52
1544742361.61
1544742361.67
1544742361.72
1544742361.78
1544742361.85
1544742361.92
1544742361.99
1544742362.05
1544742362.14
1544742362.23
1544742362.32
1544742362.38
1544742362.45
1544742362.52
1544742362.59
1544742362.65
1544742362.74
1544742362.81
1544742362.89
1544742362.96
1544742363.04
1544742363.11
1544742363.18
1544742363.23
1544742363.3
1544742363.37
1544742363.46
1544742363.53
1544742363.6
1544742363.67
1544742363.74
1544742363.8
1544742363.87
1544742363.94
1544742364.0
1544742364.06
1544742364.12
1544742364.19
1544742364.26
1544742364.33
1544742364.4
1544742364.47
1544742364.55
1544742364.63
1544742364.71
1544742364.78
1544742364.82
1544742364.89
1544742364.95
1544742365.01
1544742365.05
1544742365.09
1544742365.14
1544742365.22
1544742365.28
1544742365.36
1544742365.43
1544742365.5
1544742365.55
1544742365.58
1544742365.66
1544742365.74
1544742365.81
1544742365.89
1544742365.97
1544742366.02
1544742366.12
1544742366.22
1544742366.3
1544742366.4
1544742366.48
1544742366.58
1544742366.67
1544742366.75
1544742366.81
1544742366.92
1544742366.99
1544742367.05
1544742367.16
1544742367.24
1544742367.28
1544742367.4
1544742367.48
1544742367.53
1544742367.64
1544742367.71
1544742367.82
1544742367.87
1544742367.92
1544742368.02
1544742368.1
1544742368.21
1544742368.29
1544742368.35
1544742368.45
1544742368.5
1544742368.57
1544742368.63
1544742368.73
1544742368.84
1544742368.9
1544742368.98
1544742369.03
1544742369.1
1544742369.19
1544742369.27
1544742369.35
1544742369.41
1544742369.48
1544742369.54
1544742369.61
1544742369.67
1544742369.75
1544742369.82
1544742369.88
1544742369.95
1544742370.02
1544742370.1
1544742370.26
1544742370.34
1544742370.42
1544742370.5
1544742370.57
1544742370.63
1544742370.69
1544742370.76
1544742370.82
1544742370.9
1544742370.97
1544742371.01
1544742371.06
1544742371.18
1544742371.28
1544742371.37
1544742371.46
1544742371.55
1544742371.65
1544742371.74
1544742371.81
1544742371.89
1544742371.96
1544742372.03
1544742372.14
1544742372.21
1544742372.26
1544742372.35
1544742372.44
1544742372.51
1544742372.59
1544742372.65
1544742372.73
1544742372.81
1544742372.88
1544742372.96
1544742373.02
1544742373.09
1544742373.17
1544742373.24
1544742373.31
1544742373.38
1544742373.45
1544742373.51
1544742373.58
1544742373.65
1544742373.72
1544742373.79
1544742373.87
1544742373.92
1544742373.99
1544742374.07
1544742374.14
1544742374.21
1544742374.27
1544742374.32
1544742374.38
1544742374.48
1544742374.54
1544742374.61
1544742374.67
1544742374.73
1544742374.79
1544742374.84
1544742374.91
1544742374.97
1544742375.04
1544742375.11
1544742375.17
1544742375.22
1544742375.29
1544742375.35
1544742375.43
1544742375.51
1544742375.58
1544742375.65
1544742375.72
1544742375.8
1544742375.87
1544742375.94
1544742376.0
1544742376.06
1544742376.15
1544742376.24
1544742376.33
1544742376.4
1544742376.5
1544742376.58
1544742376.67
1544742376.76
1544742376.84
1544742376.92
1544742377.01
1544742377.1
1544742377.19
1544742377.29
1544742377.37
1544742377.43
1544742377.52
1544742377.58
1544742377.65
1544742377.72
1544742377.78
1544742377.85
1544742377.91
1544742377.97
1544742378.03
1544742378.08
1544742378.16
1544742378.22
1544742378.29
1544742378.35
1544742378.42
1544742378.49
1544742378.56
1544742378.64
1544742378.71
1544742378.83
1544742378.93
1544742379.02
1544742379.09
1544742379.2
1544742379.31
1544742379.39
1544742379.47
1544742379.54
1544742379.63
1544742379.76
1544742379.87
1544742379.94
1544742380.03
1544742380.07
1544742380.15
1544742380.26
1544742380.37
1544742380.45
1544742380.52
1544742380.61
1544742380.69
1544742380.75
1544742380.78
1544742380.83
1544742380.9
1544742380.94
1544742381.01
1544742381.06
1544742381.11
1544742381.19
1544742381.27
1544742381.34
1544742381.4
1544742381.49
1544742381.6
1544742381.68
1544742381.79
1544742381.87
1544742381.95
1544742382.04
1544742382.1
1544742382.17
1544742382.24
1544742382.32
1544742382.4
1544742382.48
1544742382.55
1544742382.62
1544742382.7
1544742382.78
1544742382.86
1544742382.95
1544742383.03
1544742383.11
1544742383.21
1544742383.3
1544742383.39
1544742383.46
1544742383.52
1544742383.6
1544742383.68
1544742383.76
1544742383.82
1544742383.91
1544742384.0
1544742384.08
1544742384.15
1544742384.23
1544742384.31
1544742384.38
1544742384.44
1544742384.51
1544742384.59
1544742384.65
1544742384.75
1544742384.84
1544742384.89
1544742384.97
1544742385.07
1544742385.15
1544742385.21
1544742385.3
1544742385.37
1544742385.42
1544742385.48
1544742385.53
1544742385.6
1544742385.67
1544742385.75
1544742385.83
1544742385.9
1544742385.97
1544742386.03
1544742386.11
1544742386.18
1544742386.26
1544742386.32
1544742386.4
1544742386.48
1544742386.53
1544742386.61
1544742386.68
1544742386.74
1544742386.81
1544742386.86
1544742386.92
1544742386.98
1544742387.05
1544742387.14
1544742387.2
1544742387.29
1544742387.37
1544742387.46
1544742387.53
1544742387.62
1544742387.69
1544742387.75
1544742387.81
1544742387.89
1544742387.95
1544742388.02
1544742388.1
1544742388.18
1544742388.24
1544742388.31
1544742388.39
1544742388.46
1544742388.52
1544742388.59
1544742388.67
1544742388.77
1544742388.84
1544742388.93
1544742389.0
1544742389.09
1544742389.17
1544742389.25
1544742389.31
1544742389.39
1544742389.47
1544742389.54
