1544742487.36
1544742488.0
1544742488.18
1544742488.28
1544742488.38
1544742488.46
1544742488.53
1544742488.6
1544742488.67
1544742488.76
1544742488.84
1544742488.9
1544742488.98
1544742489.05
1544742489.11
1544742489.18
1544742489.25
1544742489.31
1544742489.39
1544742489.5
1544742489.59
1544742489.67
1544742489.76
1544742489.86
1544742489.95
1544742490.05
1544742490.12
1544742490.21
1544742490.29
1544742490.38
1544742490.47
1544742490.57
1544742490.65
1544742490.7
1544742490.76
1544742490.82
1544742490.89
1544742490.96
1544742491.0
1544742491.07
1544742491.14
1544742491.2
1544742491.26
1544742491.32
1544742491.38
1544742491.44
1544742491.51
1544742491.57
1544742491.63
1544742491.71
1544742491.77
1544742491.82
1544742491.9
1544742491.97
1544742492.04
1544742492.11
1544742492.17
1544742492.23
1544742492.29
1544742492.35
1544742492.42
1544742492.48
1544742492.54
1544742492.6
1544742492.67
1544742492.74
1544742492.8
1544742492.86
1544742492.92
1544742492.99
1544742493.05
1544742493.11
1544742493.17
1544742493.23
1544742493.28
1544742493.36
1544742493.4
1544742493.45
1544742493.52
1544742493.58
1544742493.63
1544742493.7
1544742493.77
1544742493.84
1544742493.92
1544742493.98
1544742494.05
1544742494.11
1544742494.18
1544742494.25
1544742494.32
1544742494.4
1544742494.46
1544742494.53
1544742494.6
1544742494.66
1544742494.73
1544742494.8
1544742494.87
1544742494.94
1544742495.0
1544742495.07
1544742495.13
1544742495.2
1544742495.27
1544742495.34
1544742495.4
1544742495.46
1544742495.53
1544742495.6
1544742495.66
1544742495.72
1544742495.79
1544742495.86
1544742495.92
1544742495.99
1544742496.06
1544742496.14
1544742496.21
1544742496.28
1544742496.35
1544742496.41
1544742496.47
1544742496.54
1544742496.6
1544742496.74
1544742496.87
1544742496.96
1544742497.05
1544742497.11
1544742497.18
1544742497.25
1544742497.34
1544742497.41
1544742497.48
1544742497.54
1544742497.63
1544742497.7
1544742497.77
1544742497.83
1544742497.9
1544742497.97
1544742498.03
1544742498.15
1544742498.23
1544742498.31
1544742498.37
1544742498.44
1544742498.51
1544742498.58
1544742498.64
1544742498.7
1544742498.76
1544742498.82
1544742498.89
1544742498.95
1544742498.99
1544742499.09
1544742499.16
1544742499.23
1544742499.33
1544742499.45
1544742499.55
1544742499.64
1544742499.73
1544742499.79
1544742499.88
1544742500.0
1544742500.11
1544742500.18
1544742500.25
1544742500.33
1544742500.4
1544742500.49
1544742500.57
1544742500.64
1544742500.73
1544742500.82
1544742500.89
1544742500.98
1544742501.05
1544742501.12
1544742501.17
1544742501.24
1544742501.3
1544742501.37
1544742501.48
1544742501.54
1544742501.62
1544742501.7
1544742501.77
1544742501.84
1544742501.91
1544742501.98
1544742502.04
1544742502.08
1544742502.11
1544742502.18
1544742502.26
1544742502.32
1544742502.39
1544742502.45
1544742502.52
1544742502.58
1544742502.63
1544742502.68
1544742502.74
1544742502.83
1544742502.88
1544742502.92
1544742503.0
1544742503.07
1544742503.15
1544742503.22
1544742503.28
1544742503.34
1544742503.45
1544742503.52
1544742503.58
1544742503.65
1544742503.7
1544742503.81
1544742503.88
1544742503.95
1544742504.07
1544742504.17
1544742504.28
1544742504.37
1544742504.45
1544742504.51
1544742504.59
1544742504.67
1544742504.76
1544742504.85
1544742504.92
1544742505.01
1544742505.1
1544742505.2
1544742505.27
1544742505.34
1544742505.44
1544742505.5
1544742505.54
1544742505.61
1544742505.67
1544742505.74
1544742505.8
1544742505.84
1544742505.88
1544742505.93
1544742506.03
1544742506.11
1544742506.2
1544742506.29
1544742506.35
1544742506.43
1544742506.51
1544742506.59
1544742506.67
1544742506.76
1544742506.83
1544742506.91
1544742507.01
1544742507.1
1544742507.18
1544742507.29
1544742507.34
1544742507.41
1544742507.49
1544742507.62
1544742507.72
1544742507.83
1544742507.95
1544742508.04
1544742508.11
1544742508.2
1544742508.28
1544742508.36
1544742508.42
1544742508.48
1544742508.56
1544742508.64
1544742508.71
1544742508.79
1544742508.85
1544742508.94
1544742509.02
1544742509.09
1544742509.16
1544742509.24
1544742509.3
1544742509.38
1544742509.46
1544742509.55
1544742509.63
1544742509.72
1544742509.79
1544742509.88
1544742509.96
1544742510.03
1544742510.12
1544742510.2
1544742510.27
1544742510.35
1544742510.43
1544742510.51
1544742510.6
1544742510.68
1544742510.77
1544742510.87
1544742510.94
1544742511.02
1544742511.1
1544742511.18
1544742511.25
1544742511.34
1544742511.42
1544742511.51
1544742511.58
1544742511.67
1544742511.75
1544742511.82
1544742511.89
1544742511.97
1544742512.04
1544742512.13
1544742512.19
1544742512.27
1544742512.34
1544742512.46
1544742512.59
1544742512.7
1544742512.8
1544742512.91
1544742513.01
1544742513.08
1544742513.16
1544742513.22
1544742513.28
1544742513.35
1544742513.41
1544742513.49
1544742513.59
1544742513.68
1544742513.75
1544742513.82
1544742513.93
1544742514.02
1544742514.1
1544742514.19
1544742514.26
1544742514.34
1544742514.42
1544742514.5
1544742514.6
1544742514.68
1544742514.76
1544742514.84
1544742514.91
1544742514.99
1544742515.07
1544742515.15
1544742515.22
1544742515.3
1544742515.37
1544742515.46
1544742515.54
1544742515.62
1544742515.7
1544742515.78
1544742515.85
1544742515.92
1544742516.02
1544742516.12
1544742516.18
1544742516.29
1544742516.4
1544742516.5
1544742516.57
1544742516.64
1544742516.71
1544742516.77
1544742516.85
1544742516.91
1544742516.98
1544742517.04
1544742517.12
1544742517.19
1544742517.29
1544742517.36
1544742517.41
1544742517.5
1544742517.59
1544742517.66
1544742517.71
1544742517.79
1544742517.88
1544742517.95
1544742518.0
1544742518.08
1544742518.16
1544742518.22
1544742518.28
1544742518.35
1544742518.43
1544742518.49
1544742518.56
1544742518.63
1544742518.7
1544742518.76
1544742518.82
1544742518.88
1544742518.94
1544742519.0
1544742519.06
1544742519.12
1544742519.27
1544742519.37
1544742519.46
1544742519.54
1544742519.64
1544742519.73
1544742519.82
1544742519.92
1544742520.0
1544742520.12
1544742520.21
1544742520.32
1544742520.39
1544742520.48
1544742520.6
1544742520.67
1544742520.73
1544742520.81
1544742520.85
1544742520.94
1544742521.01
1544742521.1
1544742521.18
1544742521.28
1544742521.36
1544742521.44
1544742521.51
1544742521.6
1544742521.69
1544742521.77
1544742521.84
1544742521.93
1544742522.02
1544742522.09
1544742522.16
1544742522.22
1544742522.3
1544742522.37
1544742522.45
1544742522.52
1544742522.57
1544742522.65
1544742522.7
1544742522.76
1544742522.95
1544742523.09
1544742523.18
1544742523.26
1544742523.33
1544742523.4
1544742523.47
1544742523.54
1544742523.6
1544742523.68
1544742523.74
1544742523.81
1544742523.87
1544742523.94
1544742524.0
1544742524.07
1544742524.14
1544742524.21
1544742524.29
1544742524.35
1544742524.43
1544742524.5
1544742524.56
1544742524.62
1544742524.67
1544742524.73
1544742524.8
1544742524.9
1544742525.02
1544742525.1
1544742525.17
1544742525.23
1544742525.28
1544742525.32
1544742525.42
1544742525.52
1544742525.59
1544742525.65
1544742525.73
1544742525.82
1544742525.9
1544742525.96
1544742526.03
1544742526.09
1544742526.14
1544742526.2
1544742526.25
1544742526.3
1544742526.36
1544742526.41
1544742526.46
1544742526.51
1544742526.6
1544742526.68
1544742526.79
1544742526.87
1544742526.95
1544742527.02
1544742527.12
1544742527.29
1544742527.42
1544742527.49
1544742527.56
1544742527.63
1544742527.75
1544742527.83
1544742527.97
1544742528.05
1544742528.12
1544742528.21
1544742528.27
1544742528.34
1544742528.41
1544742528.48
1544742528.55
1544742528.62
1544742528.69
1544742528.76
1544742528.83
1544742528.9
1544742528.98
1544742529.04
1544742529.09
1544742529.15
1544742529.24
1544742529.33
1544742529.41
1544742529.49
1544742529.57
1544742529.66
1544742529.72
1544742529.78
1544742529.85
1544742529.92
1544742529.97
1544742530.04
1544742530.1
1544742530.19
1544742530.26
1544742530.33
1544742530.39
1544742530.46
1544742530.5
1544742530.59
1544742530.66
1544742530.73
1544742530.8
1544742530.85
1544742530.91
1544742530.98
1544742531.06
1544742531.12
1544742531.18
1544742531.24
1544742531.31
1544742531.38
1544742531.45
1544742531.52
1544742531.58
1544742531.66
1544742531.72
1544742531.77
1544742531.85
1544742531.92
1544742532.01
1544742532.08
1544742532.14
1544742532.21
1544742532.26
1544742532.32
1544742532.39
1544742532.45
1544742532.52
1544742532.6
1544742532.66
1544742532.72
1544742532.8
1544742532.89
1544742532.98
1544742533.05
1544742533.11
1544742533.16
1544742533.22
1544742533.28
1544742533.32
1544742533.43
1544742533.51
1544742533.58
1544742533.65
1544742533.72
1544742533.79
1544742533.84
1544742533.91
1544742533.97
1544742534.02
1544742534.08
1544742534.13
1544742534.2
1544742534.26
1544742534.31
1544742534.37
1544742534.42
1544742534.48
1544742534.54
1544742534.6
1544742534.67
1544742534.72
1544742534.78
1544742534.86
1544742534.93
1544742535.03
1544742535.12
1544742535.2
1544742535.27
1544742535.35
1544742535.41
1544742535.48
1544742535.55
1544742535.62
1544742535.68
1544742535.77
1544742535.88
1544742535.95
1544742536.06
1544742536.18
1544742536.31
1544742536.39
1544742536.5
1544742536.6
1544742536.69
1544742536.77
1544742536.87
1544742536.94
1544742537.0
1544742537.07
1544742537.15
1544742537.25
1544742537.35
1544742537.43
1544742537.52
1544742537.61
1544742537.7
1544742537.78
1544742537.87
1544742537.96
1544742538.04
1544742538.13
1544742538.21
1544742538.28
1544742538.36
1544742538.45
1544742538.55
1544742538.62
1544742538.7
1544742538.77
1544742538.83
1544742538.9
1544742538.97
1544742539.06
1544742539.18
1544742539.25
1544742539.35
1544742539.42
1544742539.51
1544742539.6
1544742539.69
1544742539.76
1544742539.83
1544742539.88
1544742539.93
1544742540.02
1544742540.09
1544742540.17
1544742540.21
1544742540.29
1544742540.35
1544742540.44
1544742540.57
1544742540.68
1544742540.78
1544742540.85
1544742540.95
1544742541.02
1544742541.12
1544742541.2
1544742541.35
1544742541.46
1544742541.56
1544742541.66
1544742541.74
1544742541.83
1544742541.94
1544742542.01
1544742542.09
1544742542.18
1544742542.25
1544742542.32
1544742542.44
1544742542.55
1544742542.63
1544742542.71
1544742542.78
1544742542.84
1544742542.92
1544742543.01
1544742543.06
1544742543.1
1544742543.18
1544742543.29
1544742543.4
1544742543.5
1544742543.57
1544742543.66
1544742543.74
1544742543.8
1544742543.88
1544742543.95
1544742544.03
1544742544.11
1544742544.21
1544742544.34
1544742544.44
1544742544.52
1544742544.62
1544742544.72
1544742544.81
1544742544.9
1544742545.0
1544742545.07
1544742545.13
1544742545.19
1544742545.28
1544742545.34
1544742545.42
1544742545.51
1544742545.65
1544742545.73
1544742545.8
1544742545.87
1544742545.94
1544742546.02
1544742546.1
1544742546.18
1544742546.25
1544742546.32
1544742546.39
1544742546.47
1544742546.54
1544742546.61
1544742546.65
1544742546.72
1544742546.77
1544742546.84
1544742546.93
1544742547.03
1544742547.18
1544742547.31
1544742547.41
1544742547.5
1544742547.61
1544742547.7
1544742547.82
1544742547.91
1544742548.05
1544742548.2
1544742548.34
1544742548.44
1544742548.52
1544742548.57
1544742548.63
1544742548.69
1544742548.75
1544742548.88
1544742548.98
1544742549.13
1544742549.27
1544742549.37
1544742549.45
1544742549.55
1544742549.65
1544742549.73
1544742549.81
1544742549.9
1544742550.0
1544742550.07
1544742550.13
1544742550.2
1544742550.3
1544742550.39
1544742550.48
1544742550.56
1544742550.66
1544742550.74
1544742550.84
1544742550.94
1544742550.98
1544742551.13
1544742551.28
1544742551.35
1544742551.45
1544742551.51
1544742551.59
1544742551.68
1544742551.75
1544742551.82
1544742551.89
1544742551.96
1544742552.05
1544742552.15
1544742552.27
1544742552.33
1544742552.42
1544742552.5
1544742552.58
1544742552.65
1544742552.72
1544742552.8
1544742552.87
1544742552.96
1544742553.04
1544742553.12
1544742553.22
1544742553.3
1544742553.43
1544742553.52
1544742553.61
1544742553.69
1544742553.77
1544742553.84
1544742553.92
1544742553.99
1544742554.07
1544742554.16
1544742554.23
1544742554.29
1544742554.36
1544742554.43
1544742554.5
1544742554.6
1544742554.72
1544742554.82
1544742554.86
1544742554.93
1544742555.03
1544742555.1
1544742555.17
1544742555.24
1544742555.32
1544742555.4
1544742555.53
1544742555.63
1544742555.7
1544742555.78
1544742555.85
1544742555.92
1544742556.0
1544742556.07
1544742556.12
1544742556.18
1544742556.25
1544742556.32
1544742556.39
1544742556.46
1544742556.53
1544742556.59
1544742556.65
1544742556.71
1544742556.79
1544742556.86
1544742556.96
1544742557.02
1544742557.09
1544742557.17
1544742557.26
1544742557.32
1544742557.4
1544742557.47
1544742557.53
1544742557.62
1544742557.69
1544742557.76
1544742557.83
1544742557.88
1544742557.98
1544742558.04
1544742558.1
1544742558.16
1544742558.22
1544742558.29
1544742558.34
1544742558.42
1544742558.48
1544742558.53
1544742558.62
1544742558.68
1544742558.76
1544742558.82
1544742558.89
1544742559.01
1544742559.11
1544742559.22
1544742559.34
1544742559.42
1544742559.57
1544742559.63
1544742559.73
1544742559.78
1544742559.86
1544742559.93
1544742560.01
1544742560.11
1544742560.21
1544742560.29
1544742560.38
1544742560.46
1544742560.54
1544742560.63
1544742560.71
1544742560.8
1544742560.88
1544742560.97
1544742561.04
1544742561.11
1544742561.18
1544742561.26
1544742561.32
1544742561.39
1544742561.45
1544742561.51
1544742561.58
1544742561.63
1544742561.7
1544742561.77
1544742561.83
1544742561.9
1544742561.97
1544742562.04
1544742562.12
1544742562.2
1544742562.28
1544742562.35
1544742562.42
1544742562.49
1544742562.56
1544742562.63
1544742562.72
1544742562.78
1544742562.86
1544742562.97
1544742563.08
1544742563.17
1544742563.27
1544742563.34
1544742563.44
1544742563.5
1544742563.58
1544742563.64
1544742563.71
1544742563.78
1544742563.84
1544742563.9
1544742563.96
1544742564.04
1544742564.1
1544742564.17
1544742564.24
1544742564.29
1544742564.36
1544742564.43
1544742564.5
1544742564.58
1544742564.64
1544742564.71
1544742564.78
1544742564.86
1544742564.98
1544742565.07
1544742565.19
1544742565.26
1544742565.35
1544742565.42
1544742565.5
1544742565.59
1544742565.67
1544742565.75
1544742565.81
1544742565.89
1544742565.95
1544742566.03
1544742566.13
1544742566.19
1544742566.26
1544742566.32
1544742566.38
1544742566.44
1544742566.52
1544742566.6
1544742566.67
1544742566.77
1544742566.86
1544742566.93
1544742567.03
1544742567.09
1544742567.18
1544742567.26
1544742567.34
1544742567.42
1544742567.5
1544742567.59
1544742567.66
1544742567.73
1544742567.8
1544742567.87
1544742567.94
1544742568.0
1544742568.08
1544742568.15
1544742568.23
1544742568.3
1544742568.38
1544742568.46
1544742568.56
1544742568.63
1544742568.68
1544742568.74
1544742568.79
1544742568.84
1544742568.91
1544742568.98
1544742569.05
1544742569.12
1544742569.19
1544742569.26
1544742569.33
1544742569.4
1544742569.47
1544742569.53
1544742569.59
1544742569.64
1544742569.72
1544742569.77
1544742569.83
1544742569.89
1544742569.94
1544742570.0
1544742570.06
1544742570.11
1544742570.19
1544742570.27
1544742570.33
1544742570.39
1544742570.46
1544742570.56
1544742570.69
1544742570.79
1544742570.86
1544742570.94
1544742571.0
1544742571.04
1544742571.13
1544742571.19
1544742571.25
1544742571.31
1544742571.37
1544742571.43
1544742571.51
1544742571.67
1544742571.78
1544742571.82
1544742571.91
1544742571.99
1544742572.07
1544742572.13
1544742572.21
1544742572.29
1544742572.4
1544742572.58
1544742572.66
1544742572.72
1544742572.79
1544742572.84
1544742572.93
1544742573.01
1544742573.08
1544742573.15
1544742573.22
1544742573.28
1544742573.37
1544742573.44
1544742573.49
1544742573.56
1544742573.65
1544742573.74
1544742573.83
1544742573.91
1544742573.98
1544742574.06
1544742574.16
1544742574.22
1544742574.27
1544742574.35
1544742574.42
1544742574.53
1544742574.6
1544742574.7
1544742574.79
1544742574.86
1544742574.93
1544742574.97
1544742575.04
1544742575.1
1544742575.17
1544742575.22
1544742575.28
1544742575.34
1544742575.4
1544742575.46
1544742575.55
1544742575.62
1544742575.71
1544742575.78
1544742575.86
1544742575.91
1544742575.98
1544742576.03
1544742576.17
1544742576.25
1544742576.32
1544742576.4
1544742576.48
1544742576.55
1544742576.62
1544742576.7
1544742576.77
1544742576.84
1544742576.91
1544742576.98
1544742577.05
1544742577.1
1544742577.17
1544742577.26
1544742577.36
1544742577.43
1544742577.58
1544742577.75
1544742577.84
1544742577.92
1544742577.99
1544742578.07
1544742578.16
1544742578.22
1544742578.31
1544742578.42
1544742578.52
1544742578.62
1544742578.68
1544742578.76
1544742578.82
1544742578.91
1544742578.99
1544742579.08
1544742579.14
1544742579.2
1544742579.28
1544742579.34
1544742579.42
1544742579.5
1544742579.55
1544742579.61
1544742579.66
1544742579.7
1544742579.79
1544742579.86
1544742579.96
1544742580.07
1544742580.12
1544742580.19
1544742580.26
1544742580.32
1544742580.38
1544742580.43
1544742580.49
1544742580.54
1544742580.62
1544742580.7
1544742580.77
1544742580.83
1544742580.9
1544742580.97
1544742581.03
1544742581.1
1544742581.17
1544742581.23
1544742581.29
1544742581.36
1544742581.46
1544742581.52
1544742581.59
1544742581.64
1544742581.69
1544742581.76
1544742581.82
1544742581.9
1544742582.0
1544742582.06
1544742582.12
1544742582.18
1544742582.26
1544742582.31
1544742582.38
1544742582.44
1544742582.5
1544742582.56
1544742582.63
1544742582.75
1544742582.85
1544742582.95
1544742583.04
1544742583.1
1544742583.17
1544742583.23
1544742583.35
1544742583.44
1544742583.53
1544742583.63
1544742583.74
1544742583.84
1544742583.93
1544742584.01
1544742584.09
1544742584.18
1544742584.27
1544742584.36
1544742584.41
1544742584.46
1544742584.53
1544742584.58
1544742584.65
1544742584.75
1544742584.81
1544742584.89
1544742584.97
1544742585.02
1544742585.08
1544742585.15
1544742585.22
1544742585.29
1544742585.37
1544742585.43
1544742585.51
1544742585.57
1544742585.62
1544742585.68
1544742585.75
1544742585.8
1544742585.87
1544742585.95
1544742586.0
1544742586.1
1544742586.18
1544742586.26
1544742586.33
1544742586.38
1544742586.42
1544742586.53
1544742586.58
1544742586.63
1544742586.73
1544742586.82
1544742586.9
1544742586.98
1544742587.05
1544742587.12
1544742587.25
1544742587.34
1544742587.42
1544742587.5
1544742587.57
1544742587.64
1544742587.72
1544742587.8
1544742587.88
1544742587.96
1544742588.04
1544742588.09
1544742588.22
1544742588.31
1544742588.4
1544742588.47
1544742588.55
1544742588.65
1544742588.74
1544742588.83
1544742588.96
1544742589.03
1544742589.1
1544742589.17
1544742589.24
1544742589.32
1544742589.42
1544742589.51
1544742589.59
1544742589.66
1544742589.72
1544742589.81
1544742589.9
1544742589.99
1544742590.08
1544742590.16
1544742590.23
1544742590.35
1544742590.45
1544742590.51
1544742590.57
1544742590.65
1544742590.75
1544742590.8
1544742590.85
1544742590.9
1544742590.98
1544742591.04
1544742591.1
1544742591.18
1544742591.26
1544742591.32
1544742591.4
1544742591.46
1544742591.54
1544742591.61
1544742591.69
1544742591.76
1544742591.81
1544742591.88
1544742591.95
1544742592.01
1544742592.07
1544742592.14
1544742592.19
1544742592.24
1544742592.33
1544742592.4
1544742592.49
1544742592.58
1544742592.68
1544742592.77
1544742592.82
1544742592.89
1544742592.98
1544742593.06
1544742593.16
1544742593.24
1544742593.33
1544742593.4
1544742593.49
1544742593.56
1544742593.63
1544742593.7
1544742593.77
1544742593.85
1544742593.92
1544742593.99
1544742594.05
1544742594.1
1544742594.15
1544742594.25
1544742594.33
1544742594.41
1544742594.5
1544742594.58
1544742594.66
1544742594.73
1544742594.81
1544742594.87
1544742594.93
1544742595.0
1544742595.08
1544742595.14
1544742595.21
1544742595.29
1544742595.36
1544742595.44
1544742595.52
1544742595.6
1544742595.66
1544742595.75
1544742595.82
1544742595.88
1544742595.95
1544742596.01
1544742596.08
1544742596.17
1544742596.24
1544742596.31
1544742596.39
1544742596.51
1544742596.55
1544742596.59
1544742596.63
1544742596.69
1544742596.75
1544742596.81
1544742596.87
1544742596.95
1544742597.01
1544742597.11
1544742597.21
1544742597.28
1544742597.36
1544742597.42
1544742597.48
1544742597.54
1544742597.61
1544742597.67
1544742597.74
1544742597.8
1544742597.88
1544742597.95
1544742597.99
1544742598.07
1544742598.16
1544742598.23
1544742598.31
1544742598.38
1544742598.5
1544742598.6
1544742598.69
1544742598.78
1544742598.88
1544742598.94
1544742599.05
1544742599.16
1544742599.25
1544742599.31
1544742599.39
1544742599.45
1544742599.51
1544742599.58
1544742599.65
1544742599.71
1544742599.78
1544742599.83
1544742599.92
1544742600.0
1544742600.09
1544742600.17
1544742600.23
1544742600.31
1544742600.39
1544742600.45
1544742600.51
1544742600.59
1544742600.66
1544742600.71
1544742600.77
1544742600.84
1544742600.9
1544742600.98
1544742601.06
1544742601.15
1544742601.23
1544742601.31
1544742601.39
1544742601.53
1544742601.62
1544742601.7
1544742601.79
1544742601.87
1544742601.95
1544742602.04
1544742602.12
1544742602.18
1544742602.31
1544742602.39
1544742602.46
1544742602.53
1544742602.6
1544742602.71
1544742602.77
1544742602.85
1544742602.96
1544742603.03
1544742603.13
1544742603.2
1544742603.27
1544742603.36
1544742603.43
1544742603.48
1544742603.56
1544742603.63
1544742603.69
1544742603.75
1544742603.82
1544742603.88
1544742603.97
1544742604.07
1544742604.16
1544742604.22
1544742604.3
1544742604.36
1544742604.43
1544742604.51
1544742604.58
1544742604.65
1544742604.73
1544742604.81
1544742604.88
1544742604.96
1544742605.03
1544742605.12
1544742605.2
1544742605.27
1544742605.34
1544742605.43
1544742605.51
1544742605.57
1544742605.64
1544742605.7
1544742605.76
1544742605.81
1544742605.9
1544742605.98
1544742606.05
1544742606.12
1544742606.19
1544742606.27
1544742606.35
1544742606.43
1544742606.53
1544742606.63
1544742606.73
1544742606.79
1544742606.89
1544742606.99
1544742607.07
1544742607.18
1544742607.24
1544742607.32
1544742607.38
1544742607.44
1544742607.51
1544742607.59
1544742607.67
1544742607.78
1544742607.87
1544742607.95
1544742607.99
1544742608.05
1544742608.15
1544742608.21
1544742608.3
1544742608.39
1544742608.43
1544742608.5
1544742608.58
1544742608.66
1544742608.8
1544742608.93
1544742609.0
1544742609.08
1544742609.16
1544742609.25
1544742609.35
1544742609.41
1544742609.54
1544742609.61
1544742609.76
1544742609.86
1544742609.94
1544742610.03
1544742610.12
1544742610.22
1544742610.31
1544742610.39
1544742610.51
1544742610.61
1544742610.69
1544742610.75
1544742610.83
1544742610.89
1544742610.95
1544742611.02
1544742611.09
1544742611.15
1544742611.22
1544742611.27
1544742611.34
1544742611.41
1544742611.48
1544742611.55
1544742611.62
1544742611.69
1544742611.78
1544742611.85
1544742611.93
1544742612.01
1544742612.09
1544742612.17
1544742612.25
1544742612.31
1544742612.38
1544742612.44
1544742612.51
1544742612.57
1544742612.66
1544742612.74
1544742612.83
1544742612.89
1544742613.0
1544742613.08
1544742613.16
1544742613.22
1544742613.31
1544742613.39
1544742613.46
1544742613.51
1544742613.61
1544742613.71
1544742613.82
1544742613.92
1544742613.99
1544742614.05
1544742614.12
1544742614.19
1544742614.24
1544742614.29
1544742614.35
1544742614.43
1544742614.5
1544742614.57
1544742614.67
1544742614.76
1544742614.84
1544742614.93
1544742615.01
1544742615.1
1544742615.16
1544742615.22
1544742615.28
1544742615.35
1544742615.47
1544742615.54
1544742615.6
1544742615.66
1544742615.72
1544742615.79
1544742615.85
1544742615.91
1544742615.95
1544742616.01
1544742616.08
1544742616.17
1544742616.24
1544742616.31
1544742616.37
1544742616.46
1544742616.5
1544742616.61
1544742616.7
1544742616.77
1544742616.82
1544742616.89
1544742616.94
1544742617.01
1544742617.06
1544742617.1
1544742617.18
1544742617.26
1544742617.32
1544742617.39
1544742617.46
1544742617.55
1544742617.65
1544742617.78
1544742617.87
1544742617.91
1544742617.99
1544742618.05
1544742618.11
1544742618.21
1544742618.3
1544742618.4
1544742618.5
1544742618.61
1544742618.7
1544742618.78
1544742618.87
1544742618.92
1544742619.02
1544742619.08
1544742619.17
1544742619.27
1544742619.36
1544742619.45
1544742619.51
1544742619.59
1544742619.66
1544742619.72
1544742619.82
1544742619.91
1544742619.98
1544742620.08
1544742620.18
1544742620.28
1544742620.38
1544742620.47
1544742620.55
1544742620.62
1544742620.71
1544742620.8
1544742620.89
1544742620.97
1544742621.05
1544742621.11
1544742621.19
1544742621.26
1544742621.32
1544742621.39
1544742621.46
1544742621.52
1544742621.59
1544742621.66
1544742621.72
1544742621.77
1544742621.83
1544742621.9
1544742621.96
1544742622.02
1544742622.08
1544742622.13
1544742622.18
1544742622.23
1544742622.29
1544742622.34
1544742622.39
1544742622.44
1544742622.49
1544742622.55
1544742622.6
1544742622.67
1544742622.71
1544742622.77
1544742622.82
1544742622.87
1544742622.91
1544742622.96
1544742623.01
1544742623.06
1544742623.12
1544742623.21
1544742623.26
1544742623.32
1544742623.39
1544742623.46
1544742623.52
1544742623.58
1544742623.63
1544742623.73
1544742623.78
1544742623.84
1544742623.9
1544742623.96
1544742624.05
1544742624.12
1544742624.2
1544742624.28
1544742624.36
1544742624.45
1544742624.52
1544742624.6
1544742624.67
1544742624.74
1544742624.81
1544742624.89
1544742624.97
1544742625.04
1544742625.11
1544742625.19
1544742625.27
1544742625.34
1544742625.41
1544742625.47
1544742625.52
1544742625.6
1544742625.68
1544742625.73
1544742625.81
1544742625.87
1544742625.93
1544742626.0
1544742626.07
1544742626.15
1544742626.21
1544742626.31
1544742626.4
1544742626.48
1544742626.56
1544742626.62
1544742626.7
1544742626.79
1544742626.87
1544742626.93
1544742627.0
1544742627.07
1544742627.13
1544742627.19
1544742627.26
1544742627.32
1544742627.39
1544742627.48
1544742627.59
1544742627.67
1544742627.78
1544742627.89
1544742628.0
1544742628.1
1544742628.18
1544742628.24
1544742628.31
1544742628.4
1544742628.48
1544742628.56
1544742628.67
1544742628.77
1544742628.88
1544742628.96
1544742629.02
1544742629.11
1544742629.22
1544742629.31
1544742629.38
1544742629.45
1544742629.55
1544742629.62
1544742629.71
1544742629.8
1544742629.9
1544742629.98
1544742630.04
1544742630.13
1544742630.22
1544742630.3
1544742630.41
1544742630.48
1544742630.57
1544742630.64
1544742630.71
1544742630.78
1544742630.84
1544742630.91
1544742630.98
1544742631.04
1544742631.1
1544742631.16
1544742631.22
1544742631.27
1544742631.34
1544742631.45
1544742631.52
1544742631.67
1544742631.76
1544742631.84
1544742631.91
1544742631.98
1544742632.05
1544742632.11
1544742632.18
1544742632.24
1544742632.38
1544742632.5
1544742632.64
1544742632.78
1544742632.87
1544742632.97
1544742633.02
1544742633.11
1544742633.2
1544742633.27
1544742633.33
1544742633.38
1544742633.45
1544742633.52
1544742633.58
1544742633.64
1544742633.71
1544742633.78
1544742633.87
1544742633.95
1544742634.01
1544742634.1
1544742634.22
1544742634.31
1544742634.41
1544742634.49
1544742634.57
1544742634.65
1544742634.72
1544742634.79
1544742634.89
1544742634.93
1544742635.0
1544742635.06
1544742635.12
1544742635.17
1544742635.24
1544742635.29
1544742635.38
1544742635.49
1544742635.6
1544742635.67
1544742635.77
1544742635.88
1544742635.95
1544742636.03
1544742636.11
1544742636.17
1544742636.24
1544742636.32
1544742636.39
1544742636.47
1544742636.55
1544742636.63
1544742636.7
1544742636.81
1544742636.89
1544742636.97
1544742637.04
1544742637.11
1544742637.19
1544742637.25
1544742637.32
1544742637.39
1544742637.49
1544742637.56
1544742637.62
1544742637.7
1544742637.78
1544742637.86
1544742637.95
1544742638.0
1544742638.06
1544742638.15
1544742638.23
1544742638.29
1544742638.41
1544742638.49
1544742638.6
1544742638.69
1544742638.79
1544742638.89
1544742639.0
1544742639.09
1544742639.21
1544742639.29
1544742639.39
1544742639.49
1544742639.59
1544742639.69
1544742639.8
1544742639.89
1544742639.99
1544742640.09
1544742640.17
1544742640.24
1544742640.31
1544742640.37
1544742640.45
1544742640.58
1544742640.65
1544742640.69
1544742640.77
1544742640.84
1544742640.91
1544742640.97
1544742641.03
1544742641.1
1544742641.19
1544742641.27
1544742641.32
1544742641.41
1544742641.49
1544742641.58
1544742641.66
1544742641.75
1544742641.82
1544742641.91
1544742641.97
1544742642.04
1544742642.12
1544742642.19
1544742642.26
1544742642.34
1544742642.45
1544742642.51
1544742642.62
1544742642.71
1544742642.79
1544742642.87
1544742643.0
1544742643.09
1544742643.18
1544742643.25
1544742643.35
1544742643.44
1544742643.51
1544742643.6
1544742643.69
1544742643.76
1544742643.84
1544742643.9
1544742643.96
1544742644.02
1544742644.1
1544742644.15
1544742644.22
1544742644.29
1544742644.36
1544742644.42
1544742644.54
1544742644.62
1544742644.7
1544742644.77
1544742644.83
1544742644.9
1544742644.95
1544742644.99
1544742645.03
1544742645.13
1544742645.21
1544742645.3
1544742645.39
1544742645.48
1544742645.57
1544742645.66
1544742645.74
1544742645.81
1544742645.9
1544742645.96
1544742646.02
1544742646.06
1544742646.1
1544742646.18
1544742646.24
1544742646.3
1544742646.39
1544742646.45
1544742646.54
1544742646.62
1544742646.69
1544742646.75
1544742646.85
1544742646.92
1544742646.98
1544742647.07
1544742647.25
1544742647.37
1544742647.47
1544742647.56
1544742647.65
1544742647.73
1544742647.82
1544742647.9
1544742647.99
1544742648.07
1544742648.15
1544742648.23
1544742648.32
1544742648.4
1544742648.49
1544742648.57
1544742648.65
1544742648.75
1544742648.83
1544742648.9
1544742649.02
1544742649.1
1544742649.17
1544742649.27
1544742649.36
1544742649.44
1544742649.51
1544742649.59
1544742649.68
1544742649.75
1544742649.84
1544742649.94
1544742650.04
1544742650.15
1544742650.24
1544742650.32
1544742650.4
1544742650.49
1544742650.59
1544742650.67
1544742650.74
1544742650.83
1544742650.94
1544742651.02
1544742651.11
1544742651.2
1544742651.29
1544742651.38
1544742651.44
1544742651.5
1544742651.58
1544742651.69
1544742651.78
1544742651.86
1544742651.96
1544742652.04
1544742652.19
1544742652.31
1544742652.41
1544742652.48
1544742652.54
1544742652.58
1544742652.63
1544742652.68
1544742652.77
1544742652.85
1544742652.96
1544742653.03
1544742653.15
1544742653.22
1544742653.3
1544742653.37
1544742653.44
1544742653.52
1544742653.58
1544742653.64
1544742653.68
1544742653.73
1544742653.8
1544742653.89
1544742653.96
1544742654.04
1544742654.11
1544742654.19
1544742654.25
1544742654.31
1544742654.36
1544742654.42
1544742654.48
1544742654.53
1544742654.59
1544742654.65
1544742654.71
1544742654.75
1544742654.82
1544742654.88
1544742654.94
1544742654.98
1544742655.02
1544742655.11
1544742655.19
1544742655.27
1544742655.36
1544742655.45
1544742655.54
1544742655.66
1544742655.76
1544742655.87
1544742655.97
1544742656.08
1544742656.16
1544742656.24
1544742656.3
1544742656.36
1544742656.45
1544742656.52
1544742656.62
1544742656.69
1544742656.76
1544742656.83
1544742656.9
1544742657.02
1544742657.1
1544742657.21
1544742657.3
1544742657.41
1544742657.54
1544742657.64
1544742657.68
1544742657.76
1544742657.85
1544742657.89
1544742657.99
1544742658.07
1544742658.17
1544742658.25
1544742658.32
1544742658.38
1544742658.45
1544742658.52
1544742658.58
1544742658.64
1544742658.7
1544742658.75
1544742658.81
1544742658.87
1544742658.92
1544742658.97
1544742659.05
1544742659.1
1544742659.18
1544742659.3
1544742659.39
1544742659.47
1544742659.54
1544742659.61
1544742659.7
1544742659.77
1544742659.87
1544742659.95
1544742660.1
1544742660.2
1544742660.28
1544742660.39
1544742660.47
1544742660.57
1544742660.74
1544742660.82
1544742660.92
1544742661.01
1544742661.12
1544742661.2
1544742661.28
1544742661.34
1544742661.41
1544742661.48
1544742661.54
1544742661.6
1544742661.68
1544742661.76
1544742661.82
1544742661.89
1544742661.95
1544742662.02
1544742662.09
1544742662.15
1544742662.22
1544742662.28
1544742662.35
1544742662.42
1544742662.49
1544742662.55
1544742662.65
1544742662.71
1544742662.77
1544742662.82
1544742662.88
1544742662.91
1544742662.99
1544742663.05
1544742663.12
1544742663.19
1544742663.25
1544742663.31
1544742663.38
1544742663.44
1544742663.52
1544742663.6
1544742663.66
1544742663.71
1544742663.82
1544742663.92
1544742664.02
1544742664.11
1544742664.2
1544742664.3
1544742664.39
1544742664.47
1544742664.57
1544742664.65
1544742664.73
1544742664.79
1544742664.87
1544742664.94
1544742665.01
1544742665.08
1544742665.14
1544742665.21
1544742665.29
1544742665.36
1544742665.44
1544742665.51
1544742665.58
1544742665.63
1544742665.7
1544742665.77
1544742665.83
1544742665.91
1544742666.01
1544742666.1
1544742666.19
1544742666.29
1544742666.38
1544742666.47
1544742666.55
1544742666.61
1544742666.67
1544742666.74
1544742666.81
1544742666.87
1544742666.93
1544742667.0
1544742667.06
1544742667.12
1544742667.2
1544742667.29
1544742667.37
1544742667.43
1544742667.55
1544742667.63
1544742667.72
1544742667.84
1544742667.92
1544742667.99
1544742668.08
1544742668.15
1544742668.24
1544742668.28
1544742668.35
1544742668.43
1544742668.48
1544742668.54
1544742668.65
1544742668.71
1544742668.85
1544742668.94
1544742669.05
1544742669.11
1544742669.24
1544742669.31
1544742669.39
1544742669.48
1544742669.55
1544742669.67
1544742669.74
1544742669.81
1544742669.89
1544742669.97
1544742670.03
1544742670.1
1544742670.17
1544742670.24
1544742670.31
1544742670.36
1544742670.45
1544742670.56
1544742670.65
1544742670.72
1544742670.8
1544742670.86
1544742670.93
1544742671.0
1544742671.08
1544742671.15
1544742671.25
1544742671.31
1544742671.39
1544742671.48
1544742671.55
1544742671.62
1544742671.7
1544742671.77
1544742671.84
1544742671.92
1544742671.99
1544742672.05
1544742672.13
1544742672.19
1544742672.27
1544742672.34
1544742672.41
1544742672.5
1544742672.59
1544742672.7
1544742672.8
1544742672.9
1544742673.03
1544742673.16
1544742673.28
1544742673.35
1544742673.43
1544742673.55
1544742673.64
1544742673.74
1544742673.82
1544742673.89
1544742673.98
1544742674.07
1544742674.16
1544742674.23
1544742674.3
1544742674.38
1544742674.45
1544742674.53
1544742674.6
1544742674.69
1544742674.79
1544742674.85
1544742674.99
1544742675.1
1544742675.17
1544742675.24
1544742675.29
1544742675.33
1544742675.37
1544742675.47
1544742675.54
1544742675.61
1544742675.68
1544742675.74
1544742675.81
1544742675.87
1544742675.95
1544742676.02
1544742676.07
1544742676.12
1544742676.22
1544742676.3
1544742676.37
1544742676.42
1544742676.55
1544742676.62
1544742676.76
1544742676.85
1544742676.9
1544742677.01
1544742677.13
1544742677.19
1544742677.29
1544742677.4
1544742677.52
1544742677.64
1544742677.72
1544742677.79
1544742677.86
1544742677.92
1544742677.98
1544742678.06
1544742678.13
1544742678.2
1544742678.28
1544742678.35
1544742678.39
1544742678.43
1544742678.48
1544742678.55
1544742678.62
1544742678.71
1544742678.79
1544742678.87
1544742679.02
1544742679.09
1544742679.18
1544742679.24
1544742679.3
1544742679.35
1544742679.41
1544742679.47
1544742679.55
1544742679.6
1544742679.67
1544742679.73
1544742679.79
1544742679.84
1544742679.92
1544742679.97
1544742680.03
1544742680.09
1544742680.16
1544742680.22
1544742680.28
1544742680.36
1544742680.44
1544742680.51
1544742680.57
1544742680.62
1544742680.7
1544742680.76
1544742680.82
1544742680.9
1544742680.96
1544742681.02
1544742681.09
1544742681.16
1544742681.22
1544742681.37
1544742681.5
1544742681.58
1544742681.68
1544742681.76
1544742681.83
1544742681.89
1544742681.95
1544742682.02
1544742682.11
1544742682.19
1544742682.26
1544742682.37
1544742682.43
1544742682.51
1544742682.57
1544742682.63
1544742682.69
1544742682.74
1544742682.82
1544742682.88
1544742682.94
1544742683.0
1544742683.14
1544742683.26
1544742683.35
1544742683.41
1544742683.54
1544742683.61
1544742683.71
1544742683.79
1544742683.86
1544742683.95
1544742684.03
1544742684.16
1544742684.26
1544742684.35
1544742684.42
1544742684.49
1544742684.57
1544742684.64
1544742684.69
1544742684.79
1544742684.89
1544742684.96
1544742685.01
1544742685.07
1544742685.15
1544742685.24
1544742685.35
1544742685.42
1544742685.5
1544742685.58
1544742685.68
1544742685.8
1544742685.89
1544742685.97
1544742686.04
1544742686.11
1544742686.17
1544742686.28
1544742686.37
1544742686.45
1544742686.52
1544742686.59
1544742686.66
1544742686.77
1544742686.83
1544742686.9
1544742686.98
1544742687.04
1544742687.09
1544742687.14
1544742687.2
1544742687.26
1544742687.32
1544742687.39
1544742687.45
1544742687.52
1544742687.58
1544742687.64
1544742687.69
1544742687.74
1544742687.81
1544742687.87
1544742687.93
1544742687.98
1544742688.04
1544742688.08
1544742688.16
1544742688.25
1544742688.31
1544742688.35
1544742688.4
1544742688.46
1544742688.52
1544742688.58
1544742688.64
1544742688.69
1544742688.76
1544742688.82
1544742688.89
1544742688.95
1544742689.03
1544742689.12
1544742689.23
1544742689.33
1544742689.41
1544742689.48
1544742689.56
1544742689.63
1544742689.69
1544742689.76
1544742689.81
1544742689.94
1544742690.02
1544742690.15
1544742690.31
1544742690.39
1544742690.46
1544742690.52
1544742690.59
1544742690.65
1544742690.72
1544742690.79
1544742690.85
1544742690.9
1544742690.98
1544742691.04
1544742691.12
1544742691.22
1544742691.28
1544742691.38
1544742691.46
1544742691.53
1544742691.64
1544742691.7
1544742691.81
1544742691.9
1544742691.97
1544742692.05
1544742692.12
1544742692.18
1544742692.25
1544742692.32
1544742692.39
1544742692.44
1544742692.51
1544742692.58
1544742692.66
1544742692.73
1544742692.8
1544742692.88
1544742692.95
1544742693.02
1544742693.08
1544742693.19
1544742693.27
1544742693.36
1544742693.44
1544742693.52
1544742693.61
1544742693.7
1544742693.78
1544742693.85
1544742693.93
1544742694.02
1544742694.1
1544742694.2
1544742694.29
1544742694.34
1544742694.41
1544742694.47
1544742694.54
1544742694.62
1544742694.68
1544742694.78
1544742694.87
1544742694.95
1544742695.05
1544742695.13
1544742695.22
1544742695.28
1544742695.36
1544742695.42
1544742695.51
1544742695.59
1544742695.67
1544742695.77
1544742695.83
1544742695.94
1544742696.02
1544742696.09
1544742696.16
1544742696.22
1544742696.3
1544742696.36
1544742696.43
1544742696.5
1544742696.57
1544742696.65
1544742696.74
1544742696.82
1544742696.9
1544742696.98
1544742697.06
1544742697.12
1544742697.2
1544742697.29
1544742697.37
1544742697.45
1544742697.53
1544742697.61
1544742697.67
1544742697.73
1544742697.78
1544742697.83
1544742697.9
1544742697.97
1544742698.04
1544742698.11
1544742698.19
1544742698.26
1544742698.33
1544742698.4
1544742698.48
1544742698.59
1544742698.7
1544742698.79
1544742698.92
1544742699.0
1544742699.07
1544742699.14
1544742699.22
1544742699.3
1544742699.38
1544742699.46
1544742699.53
1544742699.61
1544742699.67
1544742699.75
1544742699.83
1544742699.88
1544742699.96
1544742700.02
1544742700.11
1544742700.19
1544742700.26
1544742700.34
1544742700.4
1544742700.48
1544742700.61
1544742700.68
1544742700.8
1544742700.88
1544742700.96
1544742701.04
1544742701.11
1544742701.19
1544742701.26
1544742701.34
1544742701.43
1544742701.49
1544742701.57
1544742701.65
1544742701.73
1544742701.8
1544742701.89
1544742701.98
1544742702.11
1544742702.18
1544742702.26
1544742702.34
1544742702.43
1544742702.51
1544742702.6
1544742702.68
1544742702.77
1544742702.83
1544742702.9
1544742702.98
1544742703.05
1544742703.13
1544742703.2
1544742703.28
1544742703.36
1544742703.43
1544742703.54
1544742703.67
1544742703.78
1544742703.87
1544742703.96
1544742704.07
1544742704.19
1544742704.27
1544742704.35
1544742704.44
1544742704.52
1544742704.61
1544742704.69
1544742704.79
1544742704.88
1544742704.94
1544742705.0
1544742705.07
1544742705.13
1544742705.2
1544742705.26
1544742705.33
1544742705.39
1544742705.46
1544742705.52
1544742705.58
1544742705.64
1544742705.73
1544742705.84
1544742705.92
1544742706.02
1544742706.12
1544742706.2
1544742706.28
1544742706.39
1544742706.46
1544742706.53
1544742706.6
1544742706.67
1544742706.74
1544742706.82
1544742706.9
1544742706.97
1544742707.04
1544742707.13
1544742707.2
1544742707.26
1544742707.33
1544742707.39
1544742707.44
1544742707.54
1544742707.6
1544742707.66
1544742707.75
1544742707.82
1544742707.89
1544742707.98
1544742708.06
1544742708.15
1544742708.22
1544742708.28
1544742708.36
1544742708.43
1544742708.49
1544742708.57
1544742708.65
1544742708.76
1544742708.83
1544742708.91
1544742708.98
1544742709.05
1544742709.1
1544742709.17
1544742709.23
1544742709.29
1544742709.34
1544742709.41
1544742709.46
1544742709.51
1544742709.57
1544742709.63
1544742709.68
1544742709.77
1544742709.83
1544742709.88
1544742709.95
1544742710.01
1544742710.06
1544742710.12
1544742710.19
1544742710.28
1544742710.39
1544742710.5
1544742710.58
1544742710.64
1544742710.71
1544742710.77
1544742710.84
1544742710.9
1544742710.99
1544742711.09
1544742711.16
1544742711.25
1544742711.33
1544742711.44
1544742711.5
1544742711.64
1544742711.78
1544742711.89
1544742711.98
1544742712.08
1544742712.15
1544742712.22
1544742712.3
1544742712.39
1544742712.47
1544742712.55
1544742712.62
1544742712.7
1544742712.78
1544742712.86
1544742712.93
1544742713.01
1544742713.08
1544742713.16
1544742713.24
1544742713.31
1544742713.38
1544742713.46
1544742713.55
1544742713.62
1544742713.69
1544742713.77
1544742713.85
1544742713.93
1544742714.0
1544742714.08
1544742714.15
1544742714.22
1544742714.31
1544742714.41
1544742714.51
1544742714.59
1544742714.69
1544742714.8
1544742714.9
1544742715.08
1544742715.18
1544742715.28
1544742715.39
1544742715.5
1544742715.58
1544742715.67
1544742715.75
1544742715.83
1544742715.91
1544742715.99
1544742716.08
1544742716.15
1544742716.22
1544742716.29
1544742716.37
1544742716.45
1544742716.52
1544742716.61
1544742716.7
1544742716.79
1544742716.88
1544742716.96
1544742717.05
1544742717.13
1544742717.19
1544742717.26
1544742717.32
1544742717.4
1544742717.47
1544742717.54
1544742717.62
1544742717.69
1544742717.78
1544742717.87
1544742717.94
1544742718.03
1544742718.12
1544742718.22
1544742718.32
1544742718.41
1544742718.5
1544742718.62
1544742718.76
1544742718.85
1544742719.0
1544742719.09
1544742719.19
1544742719.28
1544742719.36
1544742719.49
1544742719.58
1544742719.69
1544742719.76
1544742719.85
1544742719.93
1544742720.0
1544742720.05
1544742720.11
1544742720.2
1544742720.3
1544742720.41
1544742720.57
1544742720.7
1544742720.82
1544742720.91
1544742721.04
1544742721.15
1544742721.29
1544742721.42
1544742721.51
1544742721.58
1544742721.69
1544742721.76
1544742721.84
1544742721.93
1544742722.01
1544742722.1
1544742722.16
1544742722.22
1544742722.31
1544742722.39
1544742722.46
1544742722.53
1544742722.6
1544742722.67
1544742722.77
1544742722.87
1544742722.93
1544742723.02
1544742723.11
1544742723.2
1544742723.28
1544742723.36
1544742723.43
1544742723.5
1544742723.56
1544742723.6
1544742723.69
1544742723.75
1544742723.81
1544742723.91
1544742723.99
1544742724.08
1544742724.18
1544742724.26
1544742724.33
1544742724.4
1544742724.49
1544742724.55
1544742724.62
1544742724.69
1544742724.77
1544742724.86
1544742724.97
1544742725.06
1544742725.14
1544742725.22
1544742725.31
1544742725.39
1544742725.46
1544742725.53
1544742725.61
1544742725.68
1544742725.74
1544742725.81
1544742725.89
1544742725.97
1544742726.04
1544742726.11
1544742726.19
1544742726.26
1544742726.35
1544742726.42
1544742726.49
1544742726.57
1544742726.65
1544742726.73
1544742726.82
1544742726.9
1544742726.97
1544742727.06
1544742727.14
1544742727.21
1544742727.3
1544742727.39
1544742727.5
1544742727.59
1544742727.67
1544742727.76
1544742727.85
1544742727.94
1544742728.03
1544742728.12
1544742728.2
1544742728.27
1544742728.34
1544742728.45
1544742728.58
1544742728.68
1544742728.75
1544742728.82
1544742728.9
1544742728.97
1544742729.05
1544742729.11
1544742729.17
1544742729.23
1544742729.27
1544742729.3
1544742729.38
1544742729.45
1544742729.5
1544742729.59
1544742729.69
1544742729.77
1544742729.87
1544742729.97
1544742730.05
1544742730.11
1544742730.18
1544742730.24
1544742730.34
1544742730.41
1544742730.53
1544742730.63
1544742730.7
1544742730.77
1544742730.88
1544742730.98
1544742731.08
1544742731.12
1544742731.2
1544742731.28
1544742731.35
1544742731.41
1544742731.5
1544742731.57
1544742731.63
1544742731.7
1544742731.76
1544742731.82
1544742731.89
1544742731.96
1544742732.01
1544742732.06
1544742732.13
1544742732.21
1544742732.27
1544742732.37
1544742732.47
1544742732.56
1544742732.64
1544742732.73
1544742732.83
1544742732.89
1544742732.98
1544742733.05
1544742733.14
1544742733.22
1544742733.28
1544742733.32
1544742733.37
1544742733.42
1544742733.46
1544742733.5
1544742733.55
1544742733.62
1544742733.71
1544742733.8
1544742733.89
1544742733.98
1544742734.07
1544742734.15
1544742734.27
1544742734.36
1544742734.45
1544742734.53
1544742734.62
1544742734.69
1544742734.77
1544742734.82
1544742734.87
1544742734.99
1544742735.06
1544742735.15
1544742735.23
1544742735.3
1544742735.37
1544742735.44
1544742735.51
1544742735.58
1544742735.65
1544742735.71
1544742735.79
1544742735.88
1544742735.96
1544742736.04
1544742736.11
1544742736.19
1544742736.26
1544742736.34
1544742736.41
1544742736.49
1544742736.57
1544742736.64
1544742736.71
1544742736.8
1544742736.86
1544742736.93
1544742737.02
1544742737.11
1544742737.18
1544742737.23
1544742737.3
1544742737.4
1544742737.45
1544742737.53
1544742737.6
1544742737.69
1544742737.78
1544742737.88
1544742737.96
1544742738.1
1544742738.17
1544742738.27
1544742738.39
1544742738.48
1544742738.56
1544742738.66
1544742738.75
1544742738.84
1544742738.9
1544742738.98
1544742739.11
1544742739.19
1544742739.29
1544742739.39
1544742739.48
1544742739.56
1544742739.66
1544742739.75
1544742739.83
1544742739.9
1544742739.98
1544742740.06
1544742740.15
1544742740.22
1544742740.3
1544742740.35
1544742740.45
1544742740.51
1544742740.57
1544742740.65
1544742740.72
1544742740.81
1544742740.88
1544742740.97
1544742741.07
1544742741.18
1544742741.26
1544742741.33
1544742741.4
1544742741.51
1544742741.59
1544742741.65
1544742741.71
1544742741.79
1544742741.87
1544742741.95
1544742742.05
1544742742.12
1544742742.18
1544742742.23
1544742742.29
1544742742.35
1544742742.43
1544742742.46
1544742742.52
1544742742.6
1544742742.66
1544742742.75
1544742742.82
1544742742.9
1544742743.01
1544742743.08
1544742743.16
1544742743.25
1544742743.32
1544742743.4
1544742743.46
1544742743.53
1544742743.61
1544742743.7
1544742743.8
1544742743.88
1544742743.93
1544742744.06
1544742744.12
1544742744.21
1544742744.29
1544742744.38
1544742744.47
1544742744.57
1544742744.66
1544742744.7
1544742744.82
1544742744.9
1544742745.01
1544742745.08
1544742745.15
1544742745.23
1544742745.34
1544742745.41
1544742745.51
1544742745.58
1544742745.67
1544742745.73
1544742745.8
1544742745.87
1544742745.94
1544742746.0
1544742746.1
1544742746.18
1544742746.26
1544742746.31
1544742746.4
1544742746.48
1544742746.54
1544742746.61
1544742746.67
1544742746.74
1544742746.8
1544742746.88
1544742746.95
1544742747.04
1544742747.12
1544742747.19
1544742747.27
1544742747.32
1544742747.39
1544742747.45
1544742747.54
1544742747.61
1544742747.71
1544742747.8
1544742747.88
1544742747.98
1544742748.06
1544742748.12
1544742748.22
1544742748.3
1544742748.4
1544742748.55
1544742748.61
1544742748.7
1544742748.8
1544742748.9
1544742748.98
1544742749.04
1544742749.11
1544742749.17
1544742749.24
1544742749.31
1544742749.38
1544742749.45
1544742749.53
1544742749.6
1544742749.67
1544742749.75
1544742749.81
1544742749.88
1544742749.96
1544742750.02
1544742750.1
1544742750.17
1544742750.25
1544742750.34
1544742750.41
1544742750.5
1544742750.58
1544742750.65
1544742750.74
1544742750.82
1544742750.91
1544742750.99
1544742751.09
1544742751.18
1544742751.27
1544742751.34
1544742751.42
1544742751.5
1544742751.59
1544742751.67
1544742751.71
1544742751.77
1544742751.84
1544742751.92
1544742752.01
1544742752.09
1544742752.19
1544742752.26
1544742752.34
1544742752.42
1544742752.49
1544742752.57
1544742752.65
1544742752.74
1544742752.82
1544742752.89
1544742752.97
1544742753.05
1544742753.1
1544742753.19
1544742753.3
1544742753.38
1544742753.5
1544742753.57
1544742753.65
1544742753.79
1544742753.91
1544742754.02
1544742754.13
1544742754.24
1544742754.3
1544742754.37
1544742754.43
1544742754.49
1544742754.55
1544742754.6
1544742754.66
1544742754.72
1544742754.79
1544742754.84
1544742754.91
1544742754.97
1544742755.03
1544742755.09
1544742755.15
1544742755.25
1544742755.33
1544742755.43
1544742755.53
1544742755.61
1544742755.68
1544742755.74
1544742755.8
1544742755.89
1544742755.96
1544742756.01
1544742756.07
1544742756.13
1544742756.2
1544742756.27
1544742756.35
1544742756.43
1544742756.5
1544742756.57
1544742756.65
1544742756.74
1544742756.82
1544742756.9
1544742756.98
1544742757.06
1544742757.15
1544742757.24
1544742757.35
1544742757.43
1544742757.52
1544742757.55
1544742757.63
1544742757.72
1544742757.82
1544742757.9
1544742757.98
1544742758.06
