1544799399.97
1544799400.8
1544799400.87
1544799400.94
1544799401.0
1544799401.05
1544799401.11
1544799401.16
1544799401.2
1544799401.25
1544799401.29
1544799401.34
1544799401.39
1544799401.43
1544799401.47
1544799401.52
1544799401.57
1544799401.62
1544799401.65
1544799401.7
1544799401.74
1544799401.77
1544799401.82
1544799401.87
1544799401.91
1544799401.95
1544799401.99
1544799402.03
1544799402.08
1544799402.13
1544799402.17
1544799402.23
1544799402.28
1544799402.32
1544799402.36
1544799402.41
1544799402.45
1544799402.51
1544799402.56
1544799402.62
1544799402.66
1544799402.71
1544799402.77
1544799402.83
1544799402.87
1544799402.93
1544799402.97
1544799403.03
1544799403.07
1544799403.13
1544799403.19
1544799403.24
1544799403.31
1544799403.37
1544799403.42
1544799403.47
1544799403.53
1544799403.57
1544799403.62
1544799403.67
1544799403.72
1544799403.77
1544799403.81
1544799403.85
1544799403.9
1544799403.95
1544799404.0
1544799404.05
1544799404.09
1544799404.13
1544799404.17
1544799404.22
1544799404.27
1544799404.32
1544799404.36
1544799404.42
1544799404.46
1544799404.51
1544799404.55
1544799404.61
1544799404.66
1544799404.7
1544799404.73
1544799404.77
1544799404.81
1544799404.86
1544799404.91
1544799404.96
1544799405.02
1544799405.07
1544799405.13
1544799405.19
1544799405.25
1544799405.31
1544799405.35
1544799405.4
1544799405.45
1544799405.5
1544799405.53
1544799405.57
1544799405.62
1544799405.67
1544799405.72
1544799405.77
1544799405.83
1544799405.88
1544799405.94
1544799406.0
1544799406.04
1544799406.1
1544799406.14
1544799406.2
1544799406.26
1544799406.32
1544799406.37
1544799406.44
1544799406.51
1544799406.57
1544799406.64
1544799406.71
1544799406.77
1544799406.84
1544799406.9
1544799406.95
1544799407.01
1544799407.06
1544799407.11
1544799407.17
1544799407.24
1544799407.3
1544799407.34
1544799407.39
1544799407.44
1544799407.49
1544799407.54
1544799407.59
1544799407.64
1544799407.7
1544799407.74
1544799407.8
1544799407.86
1544799407.9
1544799407.96
1544799408.0
1544799408.05
1544799408.11
1544799408.16
1544799408.22
1544799408.27
1544799408.33
1544799408.39
1544799408.44
1544799408.49
1544799408.54
1544799408.59
1544799408.63
1544799408.68
1544799408.72
1544799408.77
1544799408.82
1544799408.87
1544799408.92
1544799408.96
1544799409.02
1544799409.06
1544799409.12
1544799409.16
1544799409.21
1544799409.25
1544799409.32
1544799409.37
1544799409.42
1544799409.47
1544799409.52
1544799409.58
1544799409.64
1544799409.7
1544799409.76
1544799409.82
1544799409.89
1544799409.94
1544799410.0
1544799410.05
1544799410.11
1544799410.17
1544799410.22
1544799410.29
1544799410.34
1544799410.4
1544799410.46
1544799410.52
1544799410.57
1544799410.63
1544799410.69
1544799410.73
1544799410.77
1544799410.82
1544799410.86
1544799410.92
1544799410.96
1544799411.01
1544799411.06
1544799411.12
1544799411.17
1544799411.22
1544799411.27
1544799411.32
1544799411.37
1544799411.42
1544799411.47
1544799411.53
1544799411.57
1544799411.63
1544799411.67
1544799411.72
1544799411.76
1544799411.82
1544799411.86
1544799411.91
1544799411.95
1544799412.0
1544799412.04
1544799412.09
1544799412.14
1544799412.19
1544799412.24
1544799412.28
1544799412.34
1544799412.39
1544799412.43
1544799412.46
1544799412.5
1544799412.57
1544799412.62
1544799412.66
1544799412.72
1544799412.78
1544799412.82
1544799412.86
1544799412.91
1544799412.96
1544799413.01
1544799413.04
1544799413.09
1544799413.12
1544799413.15
1544799413.19
1544799413.23
1544799413.26
1544799413.3
1544799413.34
1544799413.39
1544799413.42
1544799413.47
1544799413.52
1544799413.59
1544799413.62
1544799413.66
1544799413.7
1544799413.74
1544799413.79
1544799413.83
1544799413.87
1544799413.92
1544799413.95
1544799414.0
1544799414.03
1544799414.07
1544799414.11
1544799414.14
1544799414.19
1544799414.23
1544799414.28
1544799414.32
1544799414.38
1544799414.44
1544799414.47
1544799414.54
1544799414.58
1544799414.64
1544799414.68
1544799414.73
1544799414.8
1544799414.85
1544799414.9
1544799414.97
1544799415.02
1544799415.06
1544799415.12
1544799415.19
1544799415.23
1544799415.26
1544799415.3
1544799415.35
1544799415.4
1544799415.43
1544799415.47
1544799415.53
1544799415.59
1544799415.64
1544799415.67
1544799415.72
1544799415.77
1544799415.81
1544799415.84
1544799415.89
1544799415.94
1544799416.0
1544799416.04
1544799416.08
1544799416.13
1544799416.19
1544799416.23
1544799416.27
1544799416.32
1544799416.38
1544799416.42
1544799416.45
1544799416.51
1544799416.57
1544799416.62
1544799416.66
1544799416.71
1544799416.77
1544799416.82
1544799416.85
1544799416.89
1544799416.96
1544799417.02
1544799417.06
1544799417.1
1544799417.14
1544799417.19
1544799417.23
1544799417.27
1544799417.31
1544799417.38
1544799417.43
1544799417.46
1544799417.52
1544799417.59
1544799417.63
1544799417.67
1544799417.76
1544799417.81
1544799417.84
1544799417.88
1544799417.92
1544799417.96
1544799418.01
1544799418.04
1544799418.07
1544799418.12
1544799418.16
1544799418.21
1544799418.24
1544799418.29
1544799418.34
1544799418.39
1544799418.42
1544799418.46
1544799418.5
1544799418.55
1544799418.6
1544799418.64
1544799418.69
1544799418.74
1544799418.79
1544799418.84
1544799418.89
1544799418.93
1544799418.97
1544799419.02
1544799419.06
1544799419.1
1544799419.14
1544799419.2
1544799419.25
1544799419.33
1544799419.4
1544799419.46
1544799419.52
1544799419.59
1544799419.62
1544799419.66
1544799419.7
1544799419.74
1544799419.79
1544799419.83
1544799419.86
1544799419.92
1544799419.99
1544799420.02
1544799420.06
1544799420.1
1544799420.16
1544799420.21
1544799420.25
1544799420.29
1544799420.35
1544799420.4
1544799420.44
1544799420.47
1544799420.52
1544799420.57
1544799420.62
1544799420.66
1544799420.7
1544799420.76
1544799420.82
1544799420.85
1544799420.9
1544799420.98
1544799421.04
1544799421.07
1544799421.12
1544799421.18
1544799421.22
1544799421.26
1544799421.29
1544799421.35
1544799421.4
1544799421.43
1544799421.47
1544799421.55
1544799421.6
1544799421.63
1544799421.67
1544799421.72
1544799421.78
1544799421.81
1544799421.86
1544799421.9
1544799421.97
1544799422.01
1544799422.05
1544799422.09
1544799422.16
1544799422.22
1544799422.26
1544799422.3
1544799422.34
1544799422.39
1544799422.43
1544799422.47
1544799422.51
1544799422.56
1544799422.6
1544799422.64
1544799422.67
1544799422.72
1544799422.77
1544799422.83
1544799422.89
1544799422.94
1544799423.0
1544799423.06
1544799423.12
1544799423.17
1544799423.22
1544799423.25
1544799423.3
1544799423.34
1544799423.38
1544799423.43
1544799423.49
1544799423.53
1544799423.57
1544799423.62
1544799423.66
1544799423.71
1544799423.75
1544799423.81
1544799423.85
1544799423.9
1544799423.95
1544799424.01
1544799424.05
1544799424.11
1544799424.15
1544799424.21
1544799424.26
1544799424.32
1544799424.37
1544799424.44
1544799424.52
1544799424.56
1544799424.62
1544799424.67
1544799424.73
1544799424.77
1544799424.83
1544799424.87
1544799424.93
1544799424.97
1544799425.03
1544799425.08
1544799425.13
1544799425.17
1544799425.22
1544799425.28
1544799425.32
1544799425.38
1544799425.43
1544799425.47
1544799425.52
1544799425.55
1544799425.6
1544799425.64
1544799425.68
1544799425.75
1544799425.81
1544799425.85
1544799425.89
1544799425.92
1544799425.96
1544799426.0
1544799426.04
1544799426.07
1544799426.13
1544799426.2
1544799426.24
1544799426.27
1544799426.32
1544799426.36
1544799426.42
1544799426.47
1544799426.53
1544799426.57
1544799426.62
1544799426.65
1544799426.7
1544799426.76
1544799426.8
1544799426.85
1544799426.9
1544799426.97
1544799427.02
1544799427.05
1544799427.11
1544799427.17
1544799427.22
1544799427.25
1544799427.29
1544799427.34
1544799427.4
1544799427.44
1544799427.47
1544799427.54
1544799427.59
1544799427.63
1544799427.67
1544799427.71
1544799427.75
1544799427.79
1544799427.83
1544799427.88
1544799427.93
1544799427.97
1544799428.01
1544799428.05
1544799428.11
1544799428.16
1544799428.21
1544799428.25
1544799428.29
1544799428.32
1544799428.4
1544799428.44
1544799428.49
1544799428.54
1544799428.6
1544799428.64
1544799428.67
1544799428.73
1544799428.79
1544799428.83
1544799428.86
1544799428.91
1544799428.95
1544799428.99
1544799429.02
1544799429.06
1544799429.1
1544799429.15
1544799429.2
1544799429.24
1544799429.29
1544799429.34
1544799429.4
1544799429.44
1544799429.48
1544799429.54
1544799429.59
1544799429.64
1544799429.67
1544799429.72
1544799429.77
1544799429.82
1544799429.87
1544799429.91
1544799429.97
1544799430.02
1544799430.06
1544799430.1
1544799430.16
1544799430.21
1544799430.35
1544799430.39
1544799430.44
1544799430.47
1544799430.52
1544799430.57
1544799430.62
1544799430.65
1544799430.69
1544799430.75
1544799430.8
1544799430.83
1544799430.86
1544799430.91
1544799430.95
1544799431.0
1544799431.05
1544799431.1
1544799431.14
1544799431.17
1544799431.23
1544799431.28
1544799431.34
1544799431.39
1544799431.45
1544799431.51
1544799431.57
1544799431.64
1544799431.7
1544799431.76
1544799431.8
1544799431.84
1544799431.9
1544799431.94
1544799432.0
1544799432.04
1544799432.09
1544799432.13
1544799432.18
1544799432.24
1544799432.3
1544799432.35
1544799432.4
1544799432.44
1544799432.49
1544799432.54
1544799432.59
1544799432.64
1544799432.69
1544799432.74
1544799432.8
1544799432.84
1544799432.9
1544799432.96
1544799433.02
1544799433.06
1544799433.12
1544799433.17
1544799433.22
1544799433.27
1544799433.32
1544799433.37
1544799433.42
1544799433.48
1544799433.54
1544799433.6
1544799433.63
1544799433.66
1544799433.71
1544799433.8
1544799433.86
1544799433.93
1544799433.99
1544799434.03
1544799434.07
1544799434.13
1544799434.2
1544799434.24
1544799434.27
1544799434.31
1544799434.35
1544799434.4
1544799434.43
1544799434.47
1544799434.51
1544799434.56
1544799434.6
1544799434.64
1544799434.67
1544799434.73
1544799434.79
1544799434.82
1544799434.86
1544799434.92
1544799434.99
1544799435.03
1544799435.06
1544799435.1
1544799435.14
1544799435.2
1544799435.24
1544799435.27
1544799435.33
1544799435.39
1544799435.44
1544799435.47
1544799435.54
1544799435.58
1544799435.63
1544799435.66
1544799435.7
1544799435.76
1544799435.82
1544799435.86
1544799435.9
1544799435.96
1544799436.01
1544799436.05
1544799436.09
1544799436.14
1544799436.2
1544799436.24
1544799436.28
1544799436.35
1544799436.4
1544799436.43
1544799436.47
1544799436.51
1544799436.57
1544799436.62
1544799436.65
1544799436.69
1544799436.77
1544799436.81
1544799436.85
1544799436.89
1544799436.96
1544799437.0
1544799437.04
1544799437.08
1544799437.14
1544799437.21
1544799437.25
1544799437.28
1544799437.33
1544799437.39
1544799437.44
1544799437.47
1544799437.53
1544799437.57
1544799437.62
1544799437.65
1544799437.7
1544799437.75
1544799437.81
1544799437.86
1544799437.9
1544799437.97
1544799438.03
1544799438.06
1544799438.11
1544799438.15
1544799438.2
1544799438.23
1544799438.28
1544799438.32
1544799438.36
1544799438.41
1544799438.45
1544799438.52
1544799438.58
1544799438.62
1544799438.66
1544799438.72
1544799438.78
1544799438.82
1544799438.86
1544799438.91
1544799438.97
1544799439.02
1544799439.07
1544799439.11
1544799439.16
1544799439.21
1544799439.24
1544799439.29
1544799439.35
1544799439.42
1544799439.45
1544799439.5
1544799439.54
1544799439.57
1544799439.62
1544799439.65
1544799439.69
1544799439.74
1544799439.78
1544799439.83
1544799439.86
1544799439.9
1544799439.99
1544799440.04
1544799440.07
1544799440.12
1544799440.18
1544799440.23
1544799440.26
1544799440.3
1544799440.34
1544799440.37
1544799440.42
1544799440.45
1544799440.49
1544799440.53
1544799440.58
1544799440.63
1544799440.66
1544799440.7
1544799440.79
1544799440.83
1544799440.87
1544799440.91
1544799440.95
1544799440.99
1544799441.03
1544799441.07
1544799441.11
1544799441.15
1544799441.2
1544799441.24
1544799441.28
1544799441.33
1544799441.37
1544799441.42
1544799441.47
1544799441.51
1544799441.57
1544799441.62
1544799441.65
1544799441.7
1544799441.74
1544799441.77
1544799441.82
1544799441.87
1544799441.92
1544799441.97
1544799442.02
1544799442.05
1544799442.08
1544799442.15
1544799442.2
1544799442.24
1544799442.28
1544799442.34
1544799442.4
1544799442.45
1544799442.51
1544799442.56
1544799442.62
1544799442.66
1544799442.71
1544799442.76
1544799442.82
1544799442.87
1544799442.93
1544799442.97
1544799443.02
1544799443.07
1544799443.12
1544799443.16
1544799443.21
1544799443.26
1544799443.31
1544799443.36
1544799443.42
1544799443.47
1544799443.54
1544799443.61
1544799443.67
1544799443.74
1544799443.8
1544799443.86
1544799443.92
1544799443.97
1544799444.03
1544799444.09
1544799444.15
1544799444.22
1544799444.27
1544799444.33
1544799444.39
1544799444.45
1544799444.52
1544799444.59
1544799444.66
1544799444.73
1544799444.79
1544799444.85
1544799444.92
1544799444.98
1544799445.04
1544799445.11
1544799445.16
1544799445.22
1544799445.29
1544799445.35
1544799445.42
1544799445.47
1544799445.54
1544799445.6
1544799445.65
1544799445.71
1544799445.77
1544799445.83
1544799445.91
1544799445.96
1544799446.04
1544799446.1
1544799446.16
1544799446.23
1544799446.32
1544799446.38
1544799446.42
1544799446.47
1544799446.52
1544799446.56
1544799446.6
1544799446.63
1544799446.67
1544799446.72
1544799446.76
1544799446.8
1544799446.85
1544799446.91
1544799446.97
1544799447.01
1544799447.05
1544799447.09
1544799447.16
1544799447.22
1544799447.25
1544799447.3
1544799447.35
1544799447.39
1544799447.43
1544799447.46
1544799447.51
1544799447.56
1544799447.61
1544799447.65
1544799447.69
1544799447.74
1544799447.78
1544799447.82
1544799447.86
1544799447.9
1544799447.97
1544799448.01
1544799448.05
1544799448.1
1544799448.14
1544799448.19
1544799448.22
1544799448.25
1544799448.3
1544799448.36
1544799448.41
1544799448.44
1544799448.48
1544799448.53
1544799448.57
1544799448.62
1544799448.65
1544799448.69
1544799448.75
1544799448.8
1544799448.84
1544799448.89
1544799448.96
1544799449.01
1544799449.04
1544799449.09
1544799449.13
1544799449.17
1544799449.22
1544799449.26
1544799449.33
1544799449.4
1544799449.43
1544799449.46
1544799449.49
1544799449.53
1544799449.58
1544799449.62
1544799449.66
1544799449.71
1544799449.77
1544799449.83
1544799449.86
1544799449.91
1544799449.95
1544799450.0
1544799450.04
1544799450.07
1544799450.12
1544799450.16
1544799450.21
1544799450.24
1544799450.29
1544799450.35
1544799450.4
1544799450.44
1544799450.5
1544799450.55
1544799450.6
1544799450.65
1544799450.69
1544799450.76
1544799450.8
1544799450.84
1544799450.88
1544799450.94
1544799451.0
1544799451.03
1544799451.07
1544799451.15
1544799451.21
1544799451.24
1544799451.29
1544799451.35
1544799451.42
1544799451.45
1544799451.49
1544799451.54
1544799451.59
1544799451.64
1544799451.68
1544799451.73
1544799451.77
1544799451.82
1544799451.87
1544799451.92
1544799451.97
1544799452.02
1544799452.05
1544799452.1
1544799452.17
1544799452.22
1544799452.25
1544799452.3
1544799452.34
1544799452.39
1544799452.43
1544799452.46
1544799452.51
1544799452.6
1544799452.64
1544799452.68
1544799452.74
1544799452.78
1544799452.83
1544799452.86
1544799452.9
1544799452.97
1544799453.03
1544799453.09
1544799453.14
1544799453.19
1544799453.24
1544799453.28
1544799453.35
1544799453.41
1544799453.44
1544799453.49
1544799453.56
1544799453.61
1544799453.64
1544799453.69
1544799453.75
1544799453.8
1544799453.84
1544799453.87
1544799453.92
1544799453.98
1544799454.02
1544799454.06
1544799454.11
1544799454.16
1544799454.2
1544799454.25
1544799454.31
1544799454.36
1544799454.41
1544799454.45
1544799454.52
1544799454.56
1544799454.62
1544799454.66
1544799454.72
1544799454.76
1544799454.82
1544799454.87
1544799454.95
1544799455.0
1544799455.06
1544799455.12
1544799455.17
1544799455.23
1544799455.27
1544799455.33
1544799455.38
1544799455.42
1544799455.46
1544799455.52
1544799455.56
1544799455.62
1544799455.66
1544799455.71
1544799455.75
1544799455.82
1544799455.86
1544799455.91
1544799455.96
1544799456.0
1544799456.05
1544799456.09
1544799456.14
1544799456.19
1544799456.24
1544799456.27
1544799456.32
1544799456.36
1544799456.4
1544799456.45
1544799456.51
1544799456.56
1544799456.62
1544799456.66
1544799456.72
1544799456.77
1544799456.82
1544799456.86
1544799456.9
1544799456.96
1544799457.01
1544799457.04
1544799457.09
1544799457.13
1544799457.2
1544799457.23
1544799457.26
1544799457.32
1544799457.36
1544799457.41
1544799457.44
1544799457.48
1544799457.53
1544799457.61
1544799457.64
1544799457.68
1544799457.75
1544799457.81
1544799457.85
1544799457.9
1544799457.95
1544799458.01
1544799458.05
1544799458.09
1544799458.13
1544799458.18
1544799458.23
1544799458.26
1544799458.32
1544799458.4
1544799458.43
1544799458.47
1544799458.52
1544799458.59
1544799458.62
1544799458.66
1544799458.7
1544799458.74
1544799458.79
1544799458.83
1544799458.86
1544799458.9
1544799458.97
1544799459.02
1544799459.06
1544799459.11
1544799459.17
1544799459.22
1544799459.25
1544799459.3
1544799459.37
1544799459.41
1544799459.45
1544799459.49
1544799459.54
1544799459.59
1544799459.64
1544799459.67
1544799459.72
1544799459.76
1544799459.8
1544799459.83
1544799459.88
1544799459.92
1544799459.96
1544799460.02
1544799460.05
1544799460.09
1544799460.15
1544799460.19
1544799460.23
1544799460.26
1544799460.31
1544799460.36
1544799460.42
1544799460.47
1544799460.52
1544799460.57
1544799460.61
1544799460.65
1544799460.7
1544799460.77
1544799460.82
1544799460.85
1544799460.89
1544799460.95
1544799461.0
1544799461.04
1544799461.07
1544799461.12
1544799461.19
1544799461.22
1544799461.26
1544799461.3
1544799461.34
1544799461.37
1544799461.41
1544799461.45
1544799461.49
1544799461.56
1544799461.62
1544799461.66
1544799461.7
1544799461.77
1544799461.82
1544799461.86
1544799461.91
1544799461.96
1544799462.01
1544799462.05
1544799462.11
1544799462.19
1544799462.23
1544799462.27
1544799462.32
1544799462.37
1544799462.42
1544799462.45
1544799462.5
1544799462.56
1544799462.61
1544799462.65
1544799462.7
1544799462.75
1544799462.82
1544799462.85
1544799462.91
1544799462.97
1544799463.02
1544799463.06
1544799463.1
1544799463.17
1544799463.21
1544799463.25
1544799463.29
1544799463.33
1544799463.38
1544799463.43
1544799463.47
1544799463.51
1544799463.55
1544799463.6
1544799463.64
1544799463.69
1544799463.75
1544799463.81
1544799463.84
1544799463.88
1544799463.94
1544799463.99
1544799464.04
1544799464.07
1544799464.13
1544799464.18
1544799464.23
1544799464.26
1544799464.3
1544799464.35
1544799464.42
1544799464.46
1544799464.53
1544799464.6
1544799464.65
1544799464.69
1544799464.76
1544799464.82
1544799464.85
1544799464.89
1544799464.93
1544799464.97
1544799465.01
1544799465.04
1544799465.08
1544799465.14
1544799465.21
1544799465.25
1544799465.29
1544799465.35
1544799465.4
1544799465.44
1544799465.48
1544799465.53
1544799465.57
1544799465.62
1544799465.66
1544799465.71
1544799465.77
1544799465.82
1544799465.85
1544799465.89
1544799465.94
1544799465.99
1544799466.03
1544799466.06
1544799466.12
1544799466.17
1544799466.22
1544799466.26
1544799466.32
1544799466.37
1544799466.43
1544799466.46
1544799466.52
1544799466.57
1544799466.63
1544799466.67
1544799466.72
1544799466.78
1544799466.83
1544799466.86
1544799466.92
1544799466.99
1544799467.04
1544799467.07
1544799467.12
1544799467.15
1544799467.21
1544799467.26
1544799467.32
1544799467.36
1544799467.41
1544799467.47
1544799467.52
1544799467.58
1544799467.63
1544799467.69
1544799467.74
1544799467.8
1544799467.85
1544799467.9
1544799467.96
1544799468.0
1544799468.05
1544799468.09
1544799468.14
1544799468.2
1544799468.25
1544799468.3
1544799468.34
1544799468.39
1544799468.43
1544799468.49
1544799468.53
1544799468.59
1544799468.64
1544799468.69
1544799468.75
1544799468.81
1544799468.86
1544799468.92
1544799468.97
1544799469.02
1544799469.07
1544799469.14
1544799469.19
1544799469.24
1544799469.27
1544799469.32
1544799469.36
1544799469.39
1544799469.47
1544799469.52
1544799469.55
1544799469.6
1544799469.67
1544799469.72
1544799469.76
1544799469.8
1544799469.87
1544799469.92
1544799469.96
1544799470.01
1544799470.07
1544799470.11
1544799470.15
1544799470.21
1544799470.25
1544799470.3
1544799470.34
1544799470.37
1544799470.44
1544799470.5
1544799470.54
1544799470.58
1544799470.62
1544799470.66
1544799470.71
1544799470.75
1544799470.8
1544799470.85
1544799470.9
1544799470.93
1544799470.97
1544799471.02
1544799471.06
1544799471.1
1544799471.14
1544799471.17
1544799471.22
1544799471.27
1544799471.32
1544799471.36
1544799471.43
1544799471.47
1544799471.53
1544799471.56
1544799471.63
1544799471.69
1544799471.74
1544799471.78
1544799471.84
1544799471.9
1544799471.95
1544799472.0
1544799472.04
1544799472.08
1544799472.12
1544799472.19
1544799472.23
1544799472.29
1544799472.34
1544799472.38
1544799472.42
1544799472.46
1544799472.5
1544799472.54
1544799472.59
1544799472.64
1544799472.7
1544799472.74
1544799472.79
1544799472.86
1544799472.9
1544799472.94
1544799472.97
1544799473.05
1544799473.1
1544799473.14
1544799473.17
1544799473.24
1544799473.29
1544799473.34
1544799473.37
1544799473.43
1544799473.47
1544799473.52
1544799473.57
1544799473.62
1544799473.66
1544799473.7
1544799473.74
1544799473.78
1544799473.81
1544799473.85
1544799473.89
1544799473.93
1544799473.97
1544799474.01
1544799474.05
1544799474.09
1544799474.12
1544799474.16
1544799474.2
1544799474.23
1544799474.27
1544799474.3
1544799474.34
1544799474.37
1544799474.42
1544799474.45
1544799474.5
1544799474.54
1544799474.59
1544799474.62
1544799474.67
1544799474.71
1544799474.77
1544799474.81
1544799474.85
1544799474.9
1544799474.93
1544799474.97
1544799475.01
1544799475.04
1544799475.1
1544799475.15
1544799475.19
1544799475.22
1544799475.27
1544799475.31
1544799475.35
1544799475.4
1544799475.44
1544799475.48
1544799475.52
1544799475.56
1544799475.59
1544799475.64
1544799475.68
1544799475.71
1544799475.76
1544799475.8
1544799475.84
1544799475.87
1544799475.91
1544799475.95
1544799475.99
1544799476.03
1544799476.07
1544799476.11
1544799476.15
1544799476.19
1544799476.24
1544799476.28
1544799476.31
1544799476.35
1544799476.39
1544799476.42
1544799476.46
1544799476.51
1544799476.54
1544799476.59
1544799476.65
1544799476.69
1544799476.74
1544799476.77
1544799476.83
1544799476.89
1544799476.94
1544799476.97
1544799477.02
1544799477.05
1544799477.09
1544799477.13
1544799477.16
1544799477.21
1544799477.25
1544799477.29
1544799477.34
1544799477.38
1544799477.46
1544799477.54
1544799477.61
1544799477.69
1544799477.75
1544799477.8
1544799477.87
1544799477.92
1544799477.97
1544799478.04
1544799478.1
1544799478.17
1544799478.22
1544799478.26
1544799478.31
1544799478.35
1544799478.41
1544799478.47
1544799478.53
1544799478.59
1544799478.65
1544799478.71
1544799478.77
1544799478.83
1544799478.89
1544799478.95
1544799479.02
1544799479.07
1544799479.13
1544799479.18
1544799479.23
1544799479.29
1544799479.33
1544799479.37
1544799479.42
1544799479.47
1544799479.52
1544799479.56
1544799479.62
1544799479.67
1544799479.71
1544799479.74
1544799479.77
1544799479.82
1544799479.86
1544799479.91
1544799479.94
1544799479.98
1544799480.06
1544799480.1
1544799480.15
1544799480.21
1544799480.27
1544799480.31
1544799480.35
1544799480.38
1544799480.45
1544799480.5
1544799480.54
1544799480.57
1544799480.62
1544799480.67
1544799480.71
1544799480.75
1544799480.8
1544799480.85
1544799480.9
1544799480.94
1544799480.99
1544799481.05
1544799481.1
1544799481.14
1544799481.2
1544799481.26
1544799481.31
1544799481.35
1544799481.41
1544799481.49
1544799481.52
1544799481.55
1544799481.6
1544799481.65
1544799481.7
1544799481.74
1544799481.8
1544799481.87
1544799481.92
1544799481.95
1544799482.0
1544799482.05
1544799482.1
1544799482.14
1544799482.2
1544799482.27
1544799482.32
1544799482.35
1544799482.4
1544799482.48
1544799482.53
1544799482.56
1544799482.61
1544799482.66
1544799482.7
1544799482.74
1544799482.79
1544799482.83
1544799482.88
1544799482.91
1544799482.95
1544799482.99
1544799483.04
1544799483.09
1544799483.13
1544799483.17
1544799483.22
1544799483.25
1544799483.29
1544799483.34
1544799483.37
1544799483.43
1544799483.49
1544799483.52
1544799483.56
1544799483.59
1544799483.65
1544799483.7
1544799483.73
1544799483.76
1544799483.82
1544799483.87
1544799483.91
1544799483.95
1544799483.99
1544799484.04
1544799484.1
1544799484.14
1544799484.18
1544799484.24
1544799484.3
1544799484.33
1544799484.36
1544799484.42
1544799484.46
1544799484.5
1544799484.54
1544799484.57
1544799484.62
1544799484.68
1544799484.72
1544799484.75
1544799484.8
1544799484.85
1544799484.9
1544799484.94
1544799484.98
1544799485.02
1544799485.08
1544799485.12
1544799485.16
1544799485.21
1544799485.26
1544799485.3
1544799485.34
1544799485.38
1544799485.43
1544799485.49
1544799485.52
1544799485.56
1544799485.61
1544799485.66
1544799485.71
1544799485.75
1544799485.8
1544799485.85
1544799485.91
1544799485.94
1544799486.0
1544799486.06
1544799486.11
1544799486.15
1544799486.2
1544799486.25
1544799486.31
1544799486.35
1544799486.4
1544799486.47
1544799486.51
1544799486.55
1544799486.6
1544799486.65
1544799486.7
1544799486.74
1544799486.78
1544799486.84
1544799486.9
1544799486.94
1544799486.99
1544799487.04
1544799487.09
1544799487.13
1544799487.19
1544799487.25
1544799487.29
1544799487.34
1544799487.39
1544799487.44
1544799487.5
1544799487.54
1544799487.58
1544799487.62
1544799487.67
1544799487.71
1544799487.75
1544799487.79
1544799487.82
1544799487.89
1544799487.92
1544799487.95
1544799488.01
1544799488.07
1544799488.12
1544799488.15
1544799488.21
1544799488.27
1544799488.31
1544799488.35
1544799488.38
1544799488.44
1544799488.49
1544799488.53
1544799488.57
1544799488.6
1544799488.64
1544799488.69
1544799488.73
1544799488.77
1544799488.82
1544799488.89
1544799488.93
1544799488.97
1544799489.02
1544799489.05
1544799489.09
1544799489.13
1544799489.16
1544799489.21
1544799489.25
1544799489.29
1544799489.34
1544799489.38
1544799489.45
1544799489.5
1544799489.53
1544799489.57
1544799489.61
1544799489.66
1544799489.7
1544799489.74
1544799489.81
1544799489.87
1544799489.97
1544799490.04
1544799490.11
1544799490.16
1544799490.24
1544799490.29
1544799490.35
1544799490.43
1544799490.49
1544799490.55
1544799490.61
1544799490.66
1544799490.73
1544799490.78
1544799490.83
1544799490.87
1544799490.92
1544799490.98
1544799491.02
1544799491.07
1544799491.12
1544799491.2
1544799491.24
1544799491.27
1544799491.36
1544799491.41
1544799491.45
1544799491.49
1544799491.58
1544799491.62
1544799491.65
1544799491.69
1544799491.75
1544799491.81
1544799491.85
1544799491.89
1544799491.97
1544799492.02
1544799492.05
1544799492.11
1544799492.16
1544799492.2
1544799492.25
1544799492.3
1544799492.36
1544799492.4
1544799492.45
1544799492.49
1544799492.53
1544799492.57
1544799492.62
1544799492.65
1544799492.71
1544799492.75
1544799492.8
1544799492.85
1544799492.9
1544799492.94
1544799493.0
1544799493.04
1544799493.1
1544799493.13
1544799493.17
1544799493.22
1544799493.26
1544799493.31
1544799493.36
1544799493.42
1544799493.49
1544799493.54
1544799493.6
1544799493.65
1544799493.72
1544799493.77
1544799493.82
1544799493.86
1544799493.92
1544799493.97
1544799494.02
1544799494.07
1544799494.13
1544799494.19
1544799494.25
1544799494.3
1544799494.36
1544799494.42
1544799494.46
1544799494.5
1544799494.55
1544799494.6
1544799494.66
1544799494.72
1544799494.77
1544799494.84
1544799494.89
1544799494.94
1544799495.0
1544799495.07
1544799495.14
1544799495.2
1544799495.26
1544799495.31
1544799495.35
1544799495.39
1544799495.45
1544799495.49
1544799495.53
1544799495.57
1544799495.61
1544799495.65
1544799495.7
1544799495.73
1544799495.77
1544799495.84
1544799495.89
1544799495.94
1544799495.97
1544799496.03
1544799496.09
1544799496.13
1544799496.17
1544799496.24
1544799496.3
1544799496.35
1544799496.42
1544799496.49
1544799496.53
1544799496.56
1544799496.61
1544799496.66
1544799496.71
1544799496.74
1544799496.82
1544799496.89
1544799496.92
1544799496.96
1544799497.01
1544799497.06
1544799497.1
1544799497.15
1544799497.23
1544799497.29
1544799497.32
1544799497.35
1544799497.41
1544799497.46
1544799497.52
1544799497.55
1544799497.59
1544799497.64
1544799497.69
1544799497.73
1544799497.77
1544799497.82
1544799497.86
1544799497.91
1544799497.95
1544799497.99
1544799498.05
1544799498.11
1544799498.15
1544799498.19
1544799498.24
1544799498.29
1544799498.34
1544799498.38
1544799498.43
1544799498.47
1544799498.51
1544799498.55
1544799498.59
1544799498.64
1544799498.69
1544799498.72
1544799498.76
1544799498.81
1544799498.86
1544799498.9
1544799498.94
1544799498.98
1544799499.03
1544799499.09
1544799499.13
1544799499.17
1544799499.21
1544799499.26
1544799499.32
1544799499.35
1544799499.4
1544799499.45
1544799499.51
1544799499.54
1544799499.58
1544799499.64
1544799499.69
1544799499.73
1544799499.79
1544799499.85
1544799499.92
1544799499.95
1544799500.0
1544799500.05
1544799500.11
1544799500.14
1544799500.2
1544799500.27
1544799500.31
1544799500.35
1544799500.4
1544799500.46
1544799500.51
1544799500.55
1544799500.59
1544799500.65
1544799500.71
1544799500.75
1544799500.8
1544799500.83
1544799500.89
1544799500.93
1544799500.96
1544799501.0
1544799501.03
1544799501.07
1544799501.11
1544799501.14
1544799501.17
1544799501.21
1544799501.26
1544799501.3
1544799501.34
1544799501.37
1544799501.42
1544799501.46
1544799501.51
1544799501.54
1544799501.57
1544799501.61
1544799501.67
1544799501.7
1544799501.74
1544799501.77
1544799501.81
1544799501.85
1544799501.9
1544799501.93
1544799501.96
1544799502.01
1544799502.05
1544799502.09
1544799502.13
1544799502.16
1544799502.2
1544799502.25
1544799502.31
1544799502.34
1544799502.37
1544799502.43
1544799502.47
1544799502.51
1544799502.54
1544799502.57
1544799502.63
1544799502.67
1544799502.72
1544799502.75
1544799502.78
1544799502.84
1544799502.89
1544799502.93
1544799502.96
1544799503.01
1544799503.06
1544799503.11
1544799503.14
1544799503.18
1544799503.25
1544799503.3
1544799503.33
1544799503.36
1544799503.41
1544799503.45
1544799503.5
1544799503.53
1544799503.57
1544799503.61
1544799503.64
1544799503.68
1544799503.72
1544799503.75
1544799503.79
1544799503.84
1544799503.88
1544799503.92
1544799503.95
1544799503.99
1544799504.04
1544799504.09
1544799504.12
1544799504.15
1544799504.19
1544799504.25
1544799504.3
1544799504.33
1544799504.36
1544799504.41
1544799504.45
1544799504.49
1544799504.53
1544799504.56
1544799504.62
1544799504.66
1544799504.71
1544799504.74
1544799504.77
1544799504.82
1544799504.86
1544799504.91
1544799504.94
1544799504.98
1544799505.05
1544799505.12
1544799505.16
1544799505.19
1544799505.25
1544799505.31
1544799505.34
1544799505.39
1544799505.45
1544799505.5
1544799505.55
1544799505.6
1544799505.69
1544799505.73
1544799505.78
1544799505.83
1544799505.89
1544799505.95
1544799506.02
1544799506.09
1544799506.13
1544799506.18
1544799506.23
1544799506.26
1544799506.31
1544799506.35
1544799506.4
1544799506.44
1544799506.48
1544799506.52
1544799506.59
1544799506.62
1544799506.67
1544799506.72
1544799506.77
1544799506.81
1544799506.87
1544799506.93
1544799506.97
1544799507.01
1544799507.05
1544799507.11
1544799507.15
1544799507.2
1544799507.24
1544799507.27
1544799507.31
1544799507.36
1544799507.42
1544799507.49
1544799507.56
1544799507.61
1544799507.65
1544799507.71
1544799507.75
1544799507.79
1544799507.86
1544799507.91
1544799507.95
1544799508.0
1544799508.04
1544799508.08
1544799508.12
1544799508.15
1544799508.2
1544799508.23
1544799508.28
1544799508.32
1544799508.35
1544799508.39
1544799508.44
1544799508.49
1544799508.53
1544799508.56
1544799508.61
1544799508.64
1544799508.69
1544799508.73
1544799508.77
1544799508.81
1544799508.84
1544799508.88
1544799508.92
1544799508.96
1544799509.0
1544799509.05
1544799509.11
1544799509.14
1544799509.18
1544799509.22
1544799509.26
1544799509.3
1544799509.37
1544799509.41
1544799509.46
1544799509.5
1544799509.54
1544799509.59
1544799509.64
1544799509.67
1544799509.72
1544799509.76
1544799509.8
1544799509.84
1544799509.87
1544799509.92
1544799509.96
1544799509.99
1544799510.03
1544799510.08
1544799510.13
1544799510.16
1544799510.2
1544799510.24
1544799510.29
1544799510.33
1544799510.36
1544799510.41
1544799510.44
1544799510.49
1544799510.53
1544799510.57
1544799510.61
1544799510.64
1544799510.69
1544799510.72
1544799510.76
1544799510.83
1544799510.89
1544799510.93
1544799510.98
1544799511.03
1544799511.09
1544799511.12
1544799511.16
1544799511.2
1544799511.24
1544799511.27
1544799511.32
1544799511.36
1544799511.4
1544799511.44
1544799511.48
1544799511.53
1544799511.56
1544799511.6
1544799511.64
1544799511.67
1544799511.7
1544799511.74
1544799511.78
1544799511.82
1544799511.86
1544799511.92
1544799511.97
1544799512.01
1544799512.05
1544799512.1
1544799512.15
1544799512.19
1544799512.24
1544799512.28
1544799512.33
1544799512.37
1544799512.41
1544799512.46
1544799512.5
1544799512.56
1544799512.61
1544799512.65
1544799512.72
1544799512.77
1544799512.81
1544799512.85
1544799512.9
1544799512.96
1544799513.01
1544799513.05
1544799513.1
1544799513.14
1544799513.18
1544799513.22
1544799513.26
1544799513.3
1544799513.33
1544799513.37
1544799513.44
1544799513.51
1544799513.55
1544799513.6
1544799513.66
1544799513.74
1544799513.79
1544799513.85
1544799513.91
1544799513.97
1544799514.04
1544799514.1
1544799514.17
1544799514.23
1544799514.29
1544799514.34
1544799514.41
1544799514.47
1544799514.54
1544799514.59
1544799514.65
1544799514.69
1544799514.74
1544799514.81
1544799514.86
1544799514.92
1544799514.95
1544799515.0
1544799515.05
1544799515.11
1544799515.17
1544799515.24
1544799515.3
1544799515.35
1544799515.42
1544799515.49
1544799515.56
1544799515.64
1544799515.71
1544799515.77
1544799515.84
1544799515.9
1544799515.96
1544799516.02
1544799516.06
1544799516.12
1544799516.19
1544799516.25
1544799516.3
1544799516.35
1544799516.41
1544799516.47
1544799516.54
1544799516.6
1544799516.67
1544799516.74
1544799516.8
1544799516.86
1544799516.93
1544799516.99
1544799517.04
1544799517.11
1544799517.17
1544799517.24
1544799517.31
1544799517.35
1544799517.4
1544799517.46
1544799517.5
1544799517.54
1544799517.58
1544799517.62
1544799517.67
1544799517.72
1544799517.75
1544799517.79
1544799517.87
1544799517.92
1544799517.95
1544799517.99
1544799518.05
1544799518.1
1544799518.13
1544799518.17
1544799518.24
1544799518.29
1544799518.34
1544799518.37
1544799518.43
1544799518.47
1544799518.53
1544799518.56
1544799518.61
1544799518.66
1544799518.72
1544799518.76
1544799518.81
1544799518.86
1544799518.93
1544799518.98
1544799519.04
1544799519.09
1544799519.12
1544799519.16
1544799519.21
1544799519.25
1544799519.31
1544799519.35
1544799519.4
1544799519.46
1544799519.52
1544799519.56
1544799519.61
1544799519.69
1544799519.73
1544799519.76
1544799519.81
1544799519.86
1544799519.93
1544799519.96
1544799520.04
1544799520.09
1544799520.14
1544799520.17
1544799520.22
1544799520.26
1544799520.3
1544799520.35
1544799520.39
1544799520.49
1544799520.53
1544799520.59
1544799520.66
1544799520.71
1544799520.75
1544799520.79
1544799520.84
1544799520.89
1544799520.93
1544799520.96
1544799521.02
1544799521.06
1544799521.11
1544799521.15
1544799521.2
1544799521.3
1544799521.33
1544799521.37
1544799521.44
1544799521.51
1544799521.55
1544799521.6
1544799521.64
1544799521.69
1544799521.72
1544799521.76
1544799521.82
1544799521.87
1544799521.94
1544799522.02
1544799522.08
1544799522.14
1544799522.19
1544799522.26
1544799522.33
1544799522.39
1544799522.46
1544799522.53
1544799522.59
1544799522.68
1544799522.73
1544799522.78
1544799522.85
1544799522.9
1544799522.94
1544799522.99
1544799523.04
1544799523.09
1544799523.15
1544799523.21
1544799523.28
1544799523.33
1544799523.39
1544799523.45
1544799523.5
1544799523.54
1544799523.58
1544799523.62
1544799523.67
1544799523.71
1544799523.75
1544799523.8
1544799523.85
1544799523.9
1544799523.95
1544799524.02
1544799524.08
1544799524.12
1544799524.17
1544799524.22
1544799524.3
1544799524.33
1544799524.37
1544799524.42
1544799524.47
1544799524.52
1544799524.56
1544799524.63
1544799524.69
1544799524.73
1544799524.77
1544799524.82
1544799524.86
1544799524.92
1544799524.96
1544799525.01
1544799525.05
1544799525.1
1544799525.14
1544799525.18
1544799525.23
1544799525.28
1544799525.33
1544799525.36
1544799525.41
1544799525.48
1544799525.52
1544799525.55
1544799525.61
1544799525.65
1544799525.7
1544799525.74
1544799525.79
1544799525.85
1544799525.92
1544799525.97
1544799526.04
1544799526.09
1544799526.15
1544799526.21
1544799526.25
1544799526.3
1544799526.35
1544799526.39
1544799526.47
1544799526.52
1544799526.56
1544799526.61
1544799526.67
1544799526.73
1544799526.79
1544799526.85
1544799526.92
1544799526.99
1544799527.03
1544799527.07
1544799527.14
1544799527.22
1544799527.29
1544799527.36
1544799527.44
1544799527.5
1544799527.55
1544799527.62
1544799527.69
1544799527.73
1544799527.77
1544799527.84
1544799527.91
1544799527.95
1544799528.01
1544799528.05
1544799528.08
1544799528.12
1544799528.16
1544799528.2
1544799528.24
1544799528.29
1544799528.35
1544799528.42
1544799528.46
1544799528.5
1544799528.56
1544799528.6
1544799528.64
1544799528.67
1544799528.72
1544799528.78
1544799528.83
1544799528.86
1544799528.9
1544799528.93
1544799528.97
1544799529.03
1544799529.06
1544799529.11
1544799529.18
1544799529.23
1544799529.27
1544799529.33
1544799529.39
1544799529.43
1544799529.47
1544799529.52
1544799529.56
1544799529.61
1544799529.65
1544799529.73
1544799529.79
1544799529.83
1544799529.87
1544799529.94
1544799529.99
1544799530.04
1544799530.09
1544799530.13
1544799530.19
1544799530.23
1544799530.27
1544799530.38
1544799530.43
1544799530.46
1544799530.57
1544799530.63
1544799530.68
1544799530.75
1544799530.81
1544799530.85
1544799530.91
1544799530.97
1544799531.02
1544799531.05
1544799531.1
1544799531.14
1544799531.2
1544799531.24
1544799531.28
1544799531.32
1544799531.36
1544799531.41
1544799531.44
1544799531.49
1544799531.54
1544799531.59
1544799531.65
1544799531.71
1544799531.76
1544799531.83
1544799531.86
1544799531.92
1544799532.0
1544799532.04
1544799532.1
1544799532.17
1544799532.22
1544799532.25
1544799532.29
1544799532.34
1544799532.39
1544799532.44
1544799532.47
1544799532.53
1544799532.58
1544799532.63
1544799532.66
1544799532.71
1544799532.77
1544799532.81
1544799532.84
1544799532.88
1544799532.94
1544799533.01
1544799533.05
1544799533.1
1544799533.17
1544799533.22
1544799533.26
1544799533.32
1544799533.4
1544799533.44
1544799533.49
1544799533.55
1544799533.61
1544799533.65
1544799533.71
1544799533.75
1544799533.81
1544799533.84
1544799533.89
1544799533.95
1544799534.0
1544799534.04
1544799534.08
1544799534.13
1544799534.2
1544799534.24
1544799534.29
1544799534.35
1544799534.4
1544799534.44
1544799534.48
1544799534.54
1544799534.59
1544799534.64
1544799534.67
1544799534.73
1544799534.77
1544799534.82
1544799534.86
1544799534.92
1544799534.99
1544799535.04
1544799535.07
1544799535.11
1544799535.15
1544799535.21
1544799535.25
1544799535.28
1544799535.39
1544799535.43
1544799535.48
1544799535.52
1544799535.57
1544799535.62
1544799535.65
1544799535.72
1544799535.8
1544799535.85
1544799535.89
1544799535.94
1544799535.98
1544799536.02
1544799536.06
1544799536.11
1544799536.16
1544799536.21
1544799536.26
1544799536.31
1544799536.4
1544799536.45
1544799536.51
1544799536.55
1544799536.61
1544799536.65
1544799536.7
1544799536.75
1544799536.81
1544799536.85
1544799536.9
1544799536.96
1544799537.0
1544799537.03
1544799537.07
1544799537.13
1544799537.19
1544799537.24
1544799537.28
1544799537.34
1544799537.39
1544799537.47
1544799537.55
1544799537.63
1544799537.7
1544799537.76
1544799537.82
1544799537.85
1544799537.91
1544799537.97
1544799538.03
1544799538.09
1544799538.14
1544799538.22
1544799538.31
1544799538.39
1544799538.46
1544799538.53
1544799538.62
1544799538.69
1544799538.77
1544799538.85
1544799538.96
1544799539.05
1544799539.09
1544799539.14
1544799539.2
1544799539.24
1544799539.28
1544799539.34
1544799539.41
1544799539.45
1544799539.49
1544799539.57
1544799539.62
1544799539.66
1544799539.7
1544799539.74
1544799539.79
1544799539.84
1544799539.88
1544799539.95
1544799540.01
1544799540.05
1544799540.12
1544799540.16
1544799540.21
1544799540.26
1544799540.3
1544799540.34
1544799540.39
1544799540.42
1544799540.46
1544799540.51
1544799540.57
1544799540.61
1544799540.65
1544799540.69
1544799540.74
1544799540.8
1544799540.84
1544799540.88
1544799540.95
1544799541.03
1544799541.07
1544799541.12
1544799541.17
1544799541.22
1544799541.26
1544799541.3
1544799541.39
1544799541.44
1544799541.47
1544799541.52
1544799541.57
1544799541.62
1544799541.66
1544799541.72
1544799541.78
1544799541.82
1544799541.86
1544799541.9
1544799541.96
1544799542.01
1544799542.04
1544799542.1
1544799542.21
1544799542.25
1544799542.32
1544799542.39
1544799542.45
1544799542.49
1544799542.57
1544799542.63
1544799542.69
1544799542.75
1544799542.81
1544799542.85
1544799542.89
1544799542.93
1544799542.98
1544799543.02
1544799543.05
1544799543.09
1544799543.14
1544799543.2
1544799543.24
1544799543.28
1544799543.34
1544799543.4
1544799543.45
1544799543.5
1544799543.55
1544799543.61
1544799543.66
1544799543.72
1544799543.77
1544799543.83
1544799543.89
1544799543.93
1544799543.98
1544799544.04
1544799544.12
1544799544.21
1544799544.27
1544799544.35
1544799544.41
1544799544.45
1544799544.53
1544799544.59
1544799544.66
1544799544.73
1544799544.8
1544799544.86
1544799544.95
1544799545.02
1544799545.06
1544799545.12
1544799545.16
1544799545.2
1544799545.26
1544799545.32
1544799545.38
1544799545.44
1544799545.47
1544799545.52
1544799545.56
1544799545.6
1544799545.65
1544799545.7
1544799545.76
1544799545.82
1544799545.89
1544799545.93
1544799545.99
1544799546.06
1544799546.11
1544799546.15
1544799546.19
1544799546.26
1544799546.33
1544799546.39
1544799546.43
1544799546.47
1544799546.54
1544799546.6
1544799546.64
1544799546.69
1544799546.77
1544799546.84
1544799546.9
1544799546.95
1544799547.0
1544799547.04
1544799547.07
1544799547.12
1544799547.19
1544799547.22
1544799547.26
1544799547.32
1544799547.36
1544799547.4
1544799547.43
1544799547.47
1544799547.51
1544799547.56
1544799547.6
1544799547.63
1544799547.67
1544799547.73
1544799547.77
1544799547.82
1544799547.86
1544799547.9
1544799547.96
1544799548.0
1544799548.04
1544799548.07
1544799548.1
1544799548.14
1544799548.21
1544799548.24
1544799548.28
1544799548.33
1544799548.39
1544799548.43
1544799548.47
1544799548.53
1544799548.58
1544799548.62
1544799548.65
1544799548.69
1544799548.76
1544799548.81
1544799548.84
1544799548.89
1544799548.94
1544799549.0
1544799549.05
1544799549.09
1544799549.14
1544799549.21
1544799549.24
1544799549.27
1544799549.33
1544799549.39
1544799549.42
1544799549.46
1544799549.52
1544799549.57
1544799549.62
1544799549.65
1544799549.7
1544799549.77
1544799549.81
1544799549.85
1544799549.9
1544799549.97
1544799550.02
1544799550.05
1544799550.1
1544799550.16
1544799550.21
1544799550.25
1544799550.3
1544799550.36
1544799550.4
1544799550.44
1544799550.5
1544799550.55
1544799550.6
1544799550.64
1544799550.67
1544799550.71
1544799550.75
1544799550.8
1544799550.83
1544799550.87
1544799550.92
1544799550.99
1544799551.04
1544799551.09
1544799551.14
1544799551.19
1544799551.24
1544799551.29
1544799551.33
1544799551.38
1544799551.43
1544799551.47
1544799551.54
1544799551.59
1544799551.63
1544799551.67
1544799551.76
1544799551.81
1544799551.85
1544799551.89
1544799551.93
1544799552.01
1544799552.04
1544799552.09
1544799552.14
1544799552.18
1544799552.22
1544799552.25
1544799552.29
1544799552.38
1544799552.41
1544799552.44
1544799552.48
1544799552.54
1544799552.59
1544799552.63
1544799552.69
1544799552.72
1544799552.77
1544799552.83
1544799552.89
1544799552.95
1544799553.01
1544799553.07
1544799553.13
1544799553.17
1544799553.24
1544799553.27
1544799553.32
1544799553.36
1544799553.41
1544799553.45
1544799553.49
1544799553.54
1544799553.59
1544799553.64
1544799553.7
1544799553.76
1544799553.82
1544799553.87
1544799553.93
1544799553.99
1544799554.05
1544799554.14
1544799554.2
1544799554.25
1544799554.32
1544799554.38
1544799554.43
1544799554.47
1544799554.53
1544799554.56
1544799554.6
1544799554.65
1544799554.71
1544799554.76
1544799554.8
1544799554.84
1544799554.9
1544799554.93
1544799554.97
1544799555.02
1544799555.09
1544799555.13
1544799555.16
1544799555.21
1544799555.25
1544799555.29
1544799555.33
1544799555.37
1544799555.42
1544799555.47
1544799555.52
1544799555.56
1544799555.61
1544799555.67
1544799555.72
1544799555.76
1544799555.81
1544799555.87
1544799555.92
1544799555.95
1544799556.01
1544799556.06
1544799556.12
1544799556.17
1544799556.23
1544799556.28
1544799556.33
1544799556.37
1544799556.42
1544799556.48
1544799556.54
1544799556.57
1544799556.62
1544799556.68
1544799556.73
1544799556.76
1544799556.8
1544799556.86
1544799556.91
1544799556.95
1544799557.0
1544799557.07
1544799557.12
1544799557.16
1544799557.2
1544799557.28
1544799557.33
1544799557.37
1544799557.42
1544799557.49
1544799557.53
1544799557.56
1544799557.62
1544799557.67
1544799557.72
1544799557.77
1544799557.85
1544799557.9
1544799557.94
1544799557.99
1544799558.05
1544799558.11
1544799558.14
1544799558.17
1544799558.23
1544799558.3
1544799558.34
1544799558.39
1544799558.44
1544799558.48
1544799558.53
1544799558.57
1544799558.61
1544799558.65
1544799558.7
1544799558.73
1544799558.77
1544799558.84
1544799558.91
1544799558.95
1544799558.99
1544799559.09
1544799559.13
1544799559.18
1544799559.23
1544799559.29
1544799559.33
1544799559.37
1544799559.42
1544799559.47
1544799559.52
1544799559.56
1544799559.61
1544799559.67
1544799559.72
1544799559.76
1544799559.82
1544799559.86
1544799559.9
1544799559.95
1544799560.0
1544799560.05
1544799560.1
1544799560.14
1544799560.17
1544799560.21
1544799560.27
1544799560.33
1544799560.37
1544799560.43
1544799560.5
1544799560.54
1544799560.58
1544799560.62
1544799560.67
1544799560.73
1544799560.78
1544799560.85
1544799560.91
1544799560.97
1544799561.04
1544799561.1
1544799561.16
1544799561.21
1544799561.24
1544799561.32
1544799561.36
1544799561.42
1544799561.46
1544799561.52
1544799561.57
1544799561.62
1544799561.66
1544799561.7
1544799561.75
1544799561.8
1544799561.85
1544799561.9
1544799561.95
1544799562.01
1544799562.05
1544799562.11
1544799562.16
1544799562.24
1544799562.31
1544799562.37
1544799562.44
1544799562.5
1544799562.56
1544799562.64
1544799562.7
1544799562.76
1544799562.84
1544799562.91
1544799562.98
1544799563.03
1544799563.1
1544799563.16
1544799563.22
1544799563.27
1544799563.32
1544799563.36
1544799563.41
1544799563.44
1544799563.49
1544799563.52
1544799563.55
1544799563.6
1544799563.64
1544799563.67
1544799563.72
1544799563.76
1544799563.84
1544799563.89
1544799563.92
1544799563.97
1544799564.0
1544799564.07
1544799564.12
1544799564.17
1544799564.23
1544799564.29
1544799564.33
1544799564.36
1544799564.42
1544799564.49
1544799564.52
1544799564.57
1544799564.62
1544799564.67
1544799564.71
1544799564.75
1544799564.81
1544799564.87
1544799564.92
1544799564.96
1544799565.02
1544799565.07
1544799565.12
1544799565.15
1544799565.2
1544799565.3
1544799565.34
1544799565.4
1544799565.48
1544799565.51
1544799565.55
1544799565.61
1544799565.69
1544799565.73
1544799565.77
1544799565.84
1544799565.89
1544799565.94
1544799565.97
1544799566.05
1544799566.09
1544799566.13
1544799566.17
1544799566.21
1544799566.27
1544799566.31
1544799566.35
1544799566.42
1544799566.47
1544799566.51
1544799566.55
1544799566.59
1544799566.66
1544799566.71
1544799566.75
1544799566.81
1544799566.87
1544799566.92
1544799566.96
1544799567.01
1544799567.06
1544799567.11
1544799567.15
1544799567.21
1544799567.26
1544799567.31
1544799567.35
1544799567.39
1544799567.45
1544799567.51
1544799567.55
1544799567.62
1544799567.67
1544799567.72
1544799567.76
1544799567.81
1544799567.85
1544799567.9
1544799567.94
1544799567.97
1544799568.04
1544799568.1
1544799568.14
1544799568.17
1544799568.22
1544799568.25
1544799568.29
1544799568.32
1544799568.36
1544799568.41
1544799568.45
1544799568.51
1544799568.54
1544799568.57
1544799568.62
1544799568.67
1544799568.71
1544799568.75
1544799568.78
1544799568.83
1544799568.88
1544799568.92
1544799568.95
1544799568.98
1544799569.02
1544799569.07
1544799569.12
1544799569.16
1544799569.2
1544799569.24
1544799569.29
1544799569.32
1544799569.35
1544799569.4
1544799569.45
1544799569.49
1544799569.53
1544799569.56
1544799569.61
1544799569.64
1544799569.69
1544799569.72
1544799569.75
1544799569.8
1544799569.84
1544799569.89
1544799569.93
1544799569.96
1544799570.01
1544799570.05
1544799570.09
1544799570.12
1544799570.16
1544799570.2
1544799570.24
1544799570.29
1544799570.32
1544799570.35
1544799570.4
1544799570.43
1544799570.47
1544799570.52
1544799570.55
1544799570.58
1544799570.63
1544799570.68
1544799570.72
1544799570.75
1544799570.8
1544799570.84
1544799570.89
1544799570.91
1544799570.95
1544799570.99
1544799571.04
1544799571.09
1544799571.12
1544799571.15
1544799571.19
1544799571.24
1544799571.27
1544799571.31
1544799571.35
1544799571.37
1544799571.43
1544799571.47
1544799571.51
1544799571.54
1544799571.58
1544799571.63
1544799571.7
1544799571.73
1544799571.77
1544799571.81
1544799571.87
1544799571.92
1544799571.95
1544799571.99
1544799572.03
1544799572.09
1544799572.13
1544799572.16
1544799572.2
1544799572.24
1544799572.28
1544799572.32
1544799572.35
1544799572.38
1544799572.46
1544799572.5
1544799572.53
1544799572.56
1544799572.62
1544799572.67
1544799572.72
1544799572.75
1544799572.79
1544799572.84
1544799572.87
1544799572.91
1544799572.95
1544799572.99
1544799573.04
1544799573.09
1544799573.13
1544799573.16
1544799573.21
1544799573.24
1544799573.29
1544799573.32
1544799573.36
1544799573.41
1544799573.47
1544799573.52
1544799573.55
1544799573.59
1544799573.64
1544799573.68
1544799573.72
1544799573.75
1544799573.79
1544799573.85
1544799573.89
1544799573.92
1544799573.95
1544799574.0
1544799574.06
1544799574.09
1544799574.13
1544799574.16
1544799574.21
1544799574.27
1544799574.32
1544799574.35
1544799574.39
1544799574.44
1544799574.49
1544799574.53
1544799574.56
1544799574.61
1544799574.65
1544799574.69
1544799574.73
1544799574.77
1544799574.81
1544799574.85
1544799574.89
1544799574.93
1544799574.96
1544799575.02
1544799575.07
1544799575.12
1544799575.15
1544799575.19
1544799575.24
1544799575.29
1544799575.32
1544799575.36
1544799575.4
1544799575.45
1544799575.5
1544799575.53
1544799575.57
1544799575.62
1544799575.67
1544799575.71
1544799575.75
1544799575.79
1544799575.85
1544799575.89
1544799575.93
1544799575.96
1544799576.0
1544799576.03
1544799576.08
1544799576.12
1544799576.15
1544799576.19
1544799576.24
1544799576.27
1544799576.31
1544799576.34
1544799576.39
1544799576.42
1544799576.47
1544799576.51
1544799576.55
1544799576.58
1544799576.63
1544799576.67
1544799576.71
1544799576.74
1544799576.78
1544799576.84
1544799576.9
1544799576.92
1544799576.96
1544799577.01
1544799577.05
1544799577.1
1544799577.13
1544799577.16
1544799577.21
1544799577.26
1544799577.31
1544799577.34
1544799577.38
1544799577.43
1544799577.49
1544799577.53
1544799577.57
1544799577.62
1544799577.66
1544799577.71
1544799577.74
1544799577.78
1544799577.85
1544799577.9
1544799577.93
1544799577.96
1544799578.0
1544799578.04
1544799578.09
1544799578.13
1544799578.16
1544799578.21
1544799578.27
1544799578.31
1544799578.35
1544799578.4
1544799578.45
1544799578.51
1544799578.55
1544799578.59
1544799578.64
1544799578.68
1544799578.74
1544799578.77
1544799578.82
1544799578.87
1544799578.92
1544799578.95
1544799579.01
1544799579.05
1544799579.12
1544799579.16
1544799579.22
1544799579.28
1544799579.32
1544799579.37
1544799579.44
1544799579.5
1544799579.54
1544799579.6
1544799579.65
1544799579.69
1544799579.74
1544799579.77
1544799579.83
1544799579.9
1544799579.94
1544799579.99
1544799580.07
1544799580.12
1544799580.15
1544799580.21
1544799580.25
1544799580.29
1544799580.33
1544799580.38
1544799580.45
1544799580.52
1544799580.57
1544799580.64
1544799580.7
1544799580.75
1544799580.81
1544799580.86
1544799580.93
1544799580.98
1544799581.05
1544799581.12
1544799581.17
1544799581.21
1544799581.26
1544799581.3
1544799581.35
1544799581.41
1544799581.45
1544799581.5
1544799581.55
1544799581.59
1544799581.64
1544799581.69
1544799581.75
1544799581.82
1544799581.89
1544799581.95
1544799582.03
1544799582.09
1544799582.15
1544799582.22
1544799582.27
1544799582.33
1544799582.39
1544799582.45
1544799582.5
1544799582.55
1544799582.61
1544799582.65
1544799582.73
1544799582.8
1544799582.84
1544799582.89
1544799582.93
1544799582.99
1544799583.04
1544799583.1
1544799583.16
1544799583.22
1544799583.25
1544799583.3
1544799583.35
1544799583.4
1544799583.46
1544799583.54
1544799583.59
1544799583.62
1544799583.67
1544799583.72
1544799583.76
1544799583.82
1544799583.86
1544799583.92
1544799583.96
1544799584.02
1544799584.05
1544799584.1
1544799584.15
1544799584.2
1544799584.24
1544799584.3
1544799584.34
1544799584.39
1544799584.46
1544799584.51
1544799584.55
1544799584.6
1544799584.65
1544799584.7
1544799584.74
1544799584.77
1544799584.84
1544799584.9
1544799584.94
1544799584.97
1544799585.03
1544799585.09
1544799585.13
1544799585.17
1544799585.25
1544799585.31
1544799585.34
1544799585.37
1544799585.44
1544799585.5
1544799585.54
1544799585.57
1544799585.63
1544799585.67
1544799585.72
1544799585.76
1544799585.82
1544799585.87
1544799585.92
1544799585.95
1544799586.0
1544799586.06
1544799586.12
1544799586.16
1544799586.22
1544799586.28
1544799586.33
1544799586.38
1544799586.44
1544799586.49
1544799586.53
1544799586.57
1544799586.63
1544799586.69
1544799586.74
1544799586.8
1544799586.89
1544799586.98
1544799587.06
1544799587.14
1544799587.19
1544799587.23
1544799587.28
1544799587.32
1544799587.36
1544799587.42
1544799587.45
1544799587.5
1544799587.56
1544799587.61
1544799587.65
1544799587.7
1544799587.77
1544799587.82
1544799587.86
1544799587.91
1544799587.97
1544799588.03
1544799588.06
1544799588.12
1544799588.17
1544799588.21
1544799588.25
1544799588.3
1544799588.35
1544799588.4
1544799588.45
1544799588.51
1544799588.57
1544799588.62
1544799588.66
1544799588.71
1544799588.75
1544799588.81
1544799588.84
1544799588.88
1544799588.94
1544799588.98
1544799589.04
1544799589.07
1544799589.12
1544799589.17
1544799589.21
1544799589.25
1544799589.3
1544799589.33
1544799589.4
1544799589.43
1544799589.48
1544799589.53
1544799589.58
1544799589.63
1544799589.67
1544799589.73
1544799589.77
1544799589.82
1544799589.86
1544799589.9
1544799589.94
1544799589.99
1544799590.04
1544799590.08
1544799590.14
1544799590.21
1544799590.25
1544799590.3
1544799590.35
1544799590.4
1544799590.45
1544799590.5
1544799590.59
1544799590.64
1544799590.69
1544799590.74
1544799590.79
1544799590.82
1544799590.86
1544799590.92
1544799590.97
1544799591.02
1544799591.06
1544799591.1
1544799591.14
1544799591.19
1544799591.24
1544799591.29
1544799591.34
1544799591.39
1544799591.44
1544799591.5
1544799591.54
1544799591.59
1544799591.64
1544799591.69
1544799591.74
1544799591.79
1544799591.82
1544799591.85
1544799591.9
1544799591.94
1544799591.99
1544799592.04
1544799592.07
1544799592.14
1544799592.2
1544799592.24
1544799592.3
1544799592.37
1544799592.42
1544799592.46
1544799592.52
1544799592.58
1544799592.63
1544799592.67
1544799592.73
1544799592.8
1544799592.84
1544799592.89
1544799592.96
1544799593.01
1544799593.05
1544799593.09
1544799593.17
1544799593.22
1544799593.26
1544799593.33
1544799593.41
1544799593.46
1544799593.52
1544799593.58
1544799593.62
1544799593.65
1544799593.69
1544799593.74
1544799593.8
1544799593.84
1544799593.88
1544799593.94
1544799594.0
1544799594.05
1544799594.1
1544799594.15
1544799594.2
1544799594.25
1544799594.29
1544799594.34
1544799594.39
1544799594.42
1544799594.46
1544799594.51
1544799594.55
1544799594.6
1544799594.64
1544799594.69
1544799594.77
1544799594.82
1544799594.86
1544799594.9
1544799594.95
1544799595.01
1544799595.06
1544799595.12
1544799595.17
1544799595.22
1544799595.26
1544799595.31
1544799595.37
1544799595.44
1544799595.49
1544799595.54
1544799595.58
1544799595.64
1544799595.71
1544799595.78
1544799595.85
1544799595.93
1544799596.02
1544799596.07
1544799596.14
1544799596.19
1544799596.25
1544799596.31
1544799596.35
1544799596.41
1544799596.5
1544799596.55
1544799596.6
1544799596.64
1544799596.67
1544799596.72
1544799596.75
1544799596.8
1544799596.88
1544799596.93
1544799596.96
1544799597.01
1544799597.06
1544799597.11
1544799597.14
1544799597.2
1544799597.26
1544799597.31
1544799597.35
1544799597.39
1544799597.46
1544799597.51
1544799597.55
1544799597.59
1544799597.64
1544799597.7
1544799597.74
1544799597.79
1544799597.84
1544799597.89
1544799597.94
1544799597.97
1544799598.05
1544799598.11
1544799598.15
1544799598.2
1544799598.26
1544799598.32
1544799598.35
1544799598.4
1544799598.46
1544799598.52
1544799598.55
1544799598.6
1544799598.64
1544799598.68
1544799598.74
1544799598.77
1544799598.84
1544799598.89
1544799598.93
1544799598.97
1544799599.02
1544799599.06
1544799599.11
1544799599.15
1544799599.2
1544799599.25
1544799599.3
1544799599.33
1544799599.37
1544799599.4
1544799599.47
1544799599.52
1544799599.55
1544799599.61
1544799599.67
1544799599.72
1544799599.76
1544799599.81
1544799599.85
1544799599.91
1544799599.94
1544799599.99
1544799600.03
1544799600.07
1544799600.12
1544799600.15
1544799600.19
1544799600.23
1544799600.27
1544799600.32
1544799600.35
1544799600.42
1544799600.46
1544799600.51
1544799600.54
1544799600.58
1544799600.63
1544799600.68
1544799600.73
1544799600.77
1544799600.82
1544799600.87
1544799600.93
1544799600.98
1544799601.02
1544799601.06
1544799601.1
1544799601.14
1544799601.18
1544799601.25
1544799601.31
1544799601.35
1544799601.39
1544799601.45
1544799601.5
1544799601.54
1544799601.58
1544799601.65
1544799601.73
1544799601.79
1544799601.84
1544799601.89
1544799601.96
1544799602.04
1544799602.09
1544799602.13
1544799602.17
1544799602.23
1544799602.29
1544799602.34
1544799602.4
1544799602.45
1544799602.5
1544799602.55
1544799602.6
1544799602.66
1544799602.73
1544799602.8
1544799602.86
1544799602.91
1544799602.96
1544799603.02
1544799603.11
1544799603.19
1544799603.26
1544799603.34
1544799603.42
1544799603.46
1544799603.51
1544799603.56
1544799603.64
1544799603.7
1544799603.8
1544799603.87
1544799603.95
1544799604.01
1544799604.05
1544799604.12
1544799604.2
1544799604.25
1544799604.29
1544799604.34
1544799604.38
1544799604.43
1544799604.48
1544799604.52
1544799604.56
1544799604.63
1544799604.7
1544799604.75
1544799604.79
1544799604.83
1544799604.87
1544799604.92
1544799604.95
1544799604.99
1544799605.03
1544799605.07
1544799605.12
1544799605.16
1544799605.22
1544799605.26
1544799605.31
1544799605.35
1544799605.4
1544799605.47
1544799605.51
1544799605.55
1544799605.59
1544799605.62
1544799605.68
1544799605.73
1544799605.77
1544799605.85
1544799605.9
1544799605.94
1544799605.97
1544799606.03
1544799606.09
1544799606.12
1544799606.16
1544799606.22
1544799606.27
1544799606.32
1544799606.35
1544799606.41
1544799606.48
1544799606.52
1544799606.55
1544799606.59
1544799606.63
1544799606.67
1544799606.72
1544799606.76
1544799606.81
1544799606.9
1544799606.94
1544799606.98
1544799607.05
1544799607.11
1544799607.15
1544799607.2
1544799607.26
1544799607.31
1544799607.39
1544799607.46
1544799607.54
1544799607.6
1544799607.67
1544799607.71
1544799607.79
1544799607.85
1544799607.91
1544799607.97
1544799608.03
1544799608.08
1544799608.16
1544799608.24
1544799608.3
1544799608.37
1544799608.45
1544799608.52
1544799608.56
1544799608.63
1544799608.68
1544799608.74
1544799608.79
1544799608.82
1544799608.86
1544799608.9
1544799608.95
1544799608.99
1544799609.04
1544799609.09
1544799609.13
1544799609.17
1544799609.22
1544799609.28
1544799609.32
1544799609.36
1544799609.42
1544799609.46
1544799609.52
1544799609.55
1544799609.6
1544799609.65
1544799609.71
1544799609.75
1544799609.8
1544799609.84
1544799609.89
1544799609.95
1544799610.0
1544799610.04
1544799610.1
1544799610.13
1544799610.18
1544799610.22
1544799610.29
1544799610.33
1544799610.37
1544799610.42
1544799610.49
1544799610.52
1544799610.57
1544799610.63
1544799610.71
1544799610.75
1544799610.79
1544799610.86
1544799610.9
1544799610.94
1544799611.0
1544799611.09
1544799611.18
1544799611.24
1544799611.3
1544799611.35
1544799611.42
1544799611.48
1544799611.55
1544799611.6
1544799611.65
1544799611.72
1544799611.79
1544799611.85
1544799611.91
1544799611.95
1544799612.0
1544799612.05
1544799612.11
1544799612.15
1544799612.2
1544799612.26
1544799612.31
1544799612.35
1544799612.38
1544799612.43
1544799612.48
1544799612.52
1544799612.56
1544799612.61
1544799612.65
1544799612.71
1544799612.75
1544799612.8
1544799612.86
1544799612.92
1544799612.96
1544799613.03
1544799613.08
1544799613.11
1544799613.15
1544799613.2
1544799613.24
1544799613.3
1544799613.33
1544799613.37
1544799613.41
1544799613.47
1544799613.52
1544799613.55
1544799613.62
1544799613.7
1544799613.76
1544799613.84
1544799613.92
1544799613.99
1544799614.05
1544799614.12
1544799614.19
1544799614.26
1544799614.33
1544799614.39
1544799614.45
1544799614.5
1544799614.57
1544799614.65
1544799614.71
1544799614.79
1544799614.89
1544799614.97
1544799615.05
1544799615.13
1544799615.2
1544799615.29
1544799615.34
1544799615.37
1544799615.44
1544799615.5
1544799615.6
1544799615.68
1544799615.75
