1544800263.08
1544800263.7
1544800263.86
1544800263.97
1544800264.1
1544800264.21
1544800264.31
1544800264.43
1544800264.53
1544800264.64
1544800264.74
1544800264.83
1544800264.93
1544800265.04
1544800265.14
1544800265.24
1544800265.33
1544800265.42
1544800265.5
1544800265.57
1544800265.63
1544800265.7
1544800265.76
1544800265.83
1544800265.9
1544800265.96
1544800266.02
1544800266.1
1544800266.17
1544800266.24
1544800266.32
1544800266.39
1544800266.46
1544800266.53
1544800266.62
1544800266.68
1544800266.78
1544800266.85
1544800266.92
1544800267.02
1544800267.09
1544800267.16
1544800267.22
1544800267.27
1544800267.34
1544800267.4
1544800267.45
1544800267.52
1544800267.57
1544800267.63
1544800267.69
1544800267.76
1544800267.83
1544800267.89
1544800267.95
1544800268.01
1544800268.06
1544800268.12
1544800268.18
1544800268.24
1544800268.3
1544800268.38
1544800268.43
1544800268.49
1544800268.54
1544800268.59
1544800268.65
1544800268.71
1544800268.78
1544800268.85
1544800268.92
1544800268.98
1544800269.03
1544800269.09
1544800269.14
1544800269.19
1544800269.25
1544800269.31
1544800269.37
1544800269.44
1544800269.52
1544800269.58
1544800269.63
1544800269.69
1544800269.76
1544800269.8
1544800269.84
1544800269.93
1544800270.01
1544800270.07
1544800270.12
1544800270.19
1544800270.24
1544800270.31
1544800270.37
1544800270.43
1544800270.49
1544800270.55
1544800270.6
1544800270.66
1544800270.72
1544800270.79
1544800270.85
1544800270.93
1544800270.99
1544800271.04
1544800271.1
1544800271.15
1544800271.21
1544800271.31
1544800271.39
1544800271.47
1544800271.55
1544800271.64
1544800271.72
1544800271.8
1544800271.87
1544800271.94
1544800272.01
1544800272.09
1544800272.17
1544800272.24
1544800272.3
1544800272.38
1544800272.44
1544800272.52
1544800272.6
1544800272.69
1544800272.76
1544800272.84
1544800272.91
1544800272.97
1544800273.03
1544800273.09
1544800273.15
1544800273.21
1544800273.27
1544800273.33
1544800273.39
1544800273.45
1544800273.52
1544800273.57
1544800273.64
1544800273.7
1544800273.77
1544800273.83
1544800273.88
1544800273.94
1544800273.99
1544800274.04
1544800274.09
1544800274.15
1544800274.19
1544800274.25
1544800274.31
1544800274.36
1544800274.42
1544800274.48
1544800274.53
1544800274.59
1544800274.65
1544800274.7
1544800274.75
1544800274.8
1544800274.86
1544800274.91
1544800274.97
1544800275.03
1544800275.09
1544800275.14
1544800275.19
1544800275.25
1544800275.3
1544800275.36
1544800275.42
1544800275.49
1544800275.54
1544800275.6
1544800275.65
1544800275.71
1544800275.76
1544800275.82
1544800275.87
1544800275.93
1544800275.99
1544800276.06
1544800276.12
1544800276.19
1544800276.27
1544800276.33
1544800276.42
1544800276.51
1544800276.59
1544800276.63
1544800276.69
1544800276.75
1544800276.81
1544800276.88
1544800276.93
1544800276.99
1544800277.06
1544800277.13
1544800277.19
1544800277.24
1544800277.3
1544800277.37
1544800277.41
1544800277.48
1544800277.56
1544800277.62
1544800277.68
1544800277.74
1544800277.8
1544800277.87
1544800277.92
1544800277.98
1544800278.04
1544800278.11
1544800278.18
1544800278.25
1544800278.31
1544800278.38
1544800278.45
1544800278.5
1544800278.57
1544800278.63
1544800278.71
1544800278.77
1544800278.84
1544800278.91
1544800278.96
1544800279.01
1544800279.05
1544800279.12
1544800279.19
1544800279.27
1544800279.35
1544800279.42
1544800279.51
1544800279.56
1544800279.63
1544800279.68
1544800279.73
1544800279.81
1544800279.87
1544800279.93
1544800279.99
1544800280.05
1544800280.13
1544800280.18
1544800280.28
1544800280.34
1544800280.41
1544800280.49
1544800280.54
1544800280.62
1544800280.68
1544800280.75
1544800280.81
1544800280.88
1544800280.94
1544800281.0
1544800281.07
1544800281.13
1544800281.2
1544800281.27
1544800281.33
1544800281.4
1544800281.47
1544800281.53
1544800281.6
1544800281.67
1544800281.75
1544800281.84
1544800281.91
1544800281.99
1544800282.05
1544800282.14
1544800282.19
1544800282.25
1544800282.32
1544800282.38
1544800282.44
1544800282.51
1544800282.58
1544800282.65
1544800282.71
1544800282.78
1544800282.84
1544800282.93
1544800283.01
1544800283.13
1544800283.2
1544800283.27
1544800283.35
1544800283.44
1544800283.51
1544800283.58
1544800283.65
1544800283.73
1544800283.8
1544800283.89
1544800283.94
1544800284.02
1544800284.08
1544800284.13
1544800284.19
1544800284.27
1544800284.33
1544800284.4
1544800284.46
1544800284.51
1544800284.57
1544800284.63
1544800284.67
1544800284.73
1544800284.78
1544800284.83
1544800284.88
1544800284.93
1544800285.02
1544800285.09
1544800285.17
1544800285.24
1544800285.31
1544800285.38
1544800285.44
1544800285.5
1544800285.56
1544800285.62
1544800285.69
1544800285.76
1544800285.83
1544800285.91
1544800285.99
1544800286.09
1544800286.16
1544800286.22
1544800286.28
1544800286.35
1544800286.41
1544800286.48
1544800286.54
1544800286.6
1544800286.66
1544800286.74
1544800286.82
1544800286.89
1544800286.94
1544800287.0
1544800287.05
1544800287.1
1544800287.19
1544800287.29
1544800287.39
1544800287.47
1544800287.54
1544800287.63
1544800287.72
1544800287.81
1544800287.89
1544800287.95
1544800288.02
1544800288.09
1544800288.14
1544800288.21
1544800288.26
1544800288.32
1544800288.4
1544800288.48
1544800288.55
1544800288.61
1544800288.68
1544800288.74
1544800288.81
1544800288.91
1544800288.98
1544800289.04
1544800289.11
1544800289.19
1544800289.27
1544800289.32
1544800289.39
1544800289.47
1544800289.54
1544800289.61
1544800289.67
1544800289.74
1544800289.81
1544800289.89
1544800289.97
1544800290.04
1544800290.11
1544800290.17
1544800290.24
1544800290.3
1544800290.36
1544800290.41
1544800290.46
1544800290.52
1544800290.58
1544800290.64
1544800290.7
1544800290.77
1544800290.83
1544800290.9
1544800290.98
1544800291.03
1544800291.09
1544800291.14
1544800291.19
1544800291.24
1544800291.3
1544800291.37
1544800291.43
1544800291.48
1544800291.53
1544800291.59
1544800291.64
1544800291.71
1544800291.78
1544800291.84
1544800291.88
1544800291.94
1544800291.99
1544800292.04
1544800292.1
1544800292.15
1544800292.2
1544800292.26
1544800292.31
1544800292.37
1544800292.42
1544800292.48
1544800292.53
1544800292.59
1544800292.65
1544800292.71
1544800292.77
1544800292.83
1544800292.88
1544800292.94
1544800293.01
1544800293.09
1544800293.14
1544800293.2
1544800293.26
1544800293.33
1544800293.4
1544800293.46
1544800293.52
1544800293.58
1544800293.63
1544800293.68
1544800293.74
1544800293.79
1544800293.84
1544800293.9
1544800293.94
1544800294.0
1544800294.06
1544800294.11
1544800294.16
1544800294.22
1544800294.27
1544800294.31
1544800294.36
1544800294.42
1544800294.49
1544800294.55
1544800294.61
1544800294.67
1544800294.73
1544800294.79
1544800294.84
1544800294.9
1544800294.96
1544800295.02
1544800295.09
1544800295.15
1544800295.2
1544800295.27
1544800295.32
1544800295.4
1544800295.47
1544800295.52
1544800295.57
1544800295.62
1544800295.68
1544800295.73
1544800295.8
1544800295.86
1544800295.93
1544800295.99
1544800296.04
1544800296.1
1544800296.17
1544800296.23
1544800296.29
1544800296.35
1544800296.4
1544800296.45
1544800296.51
1544800296.58
1544800296.63
1544800296.69
1544800296.75
1544800296.81
1544800296.87
1544800296.92
1544800296.98
1544800297.04
1544800297.1
1544800297.16
1544800297.21
1544800297.28
1544800297.33
1544800297.39
1544800297.44
1544800297.5
1544800297.55
1544800297.61
1544800297.67
1544800297.73
1544800297.8
1544800297.86
1544800297.92
1544800297.99
1544800298.07
1544800298.13
1544800298.18
1544800298.25
1544800298.31
1544800298.38
1544800298.44
1544800298.51
1544800298.58
1544800298.64
1544800298.73
1544800298.81
1544800298.9
1544800298.98
1544800299.02
1544800299.09
1544800299.15
1544800299.21
1544800299.28
1544800299.34
1544800299.41
1544800299.46
1544800299.52
1544800299.59
1544800299.66
1544800299.72
1544800299.78
1544800299.86
1544800299.93
1544800300.0
1544800300.07
1544800300.13
1544800300.19
1544800300.25
1544800300.3
1544800300.37
1544800300.42
1544800300.49
1544800300.54
1544800300.65
1544800300.74
1544800300.83
1544800300.91
1544800300.96
1544800301.01
1544800301.12
1544800301.23
1544800301.32
1544800301.36
1544800301.43
1544800301.47
1544800301.51
1544800301.55
1544800301.6
1544800301.64
1544800301.69
1544800301.73
1544800301.76
1544800301.8
1544800301.84
1544800301.89
1544800301.92
1544800301.95
1544800302.01
1544800302.06
1544800302.09
1544800302.13
1544800302.17
1544800302.24
1544800302.29
1544800302.33
1544800302.38
1544800302.44
1544800302.49
1544800302.52
1544800302.6
1544800302.65
1544800302.7
1544800302.74
1544800302.81
1544800302.87
1544800302.91
1544800302.94
1544800302.98
1544800303.03
1544800303.08
1544800303.11
1544800303.14
1544800303.19
1544800303.24
1544800303.28
1544800303.31
1544800303.35
1544800303.41
1544800303.46
1544800303.5
1544800303.53
1544800303.59
1544800303.64
1544800303.68
1544800303.71
1544800303.75
1544800303.79
1544800303.85
1544800303.9
1544800303.93
1544800303.97
1544800304.03
1544800304.08
1544800304.11
1544800304.14
1544800304.19
1544800304.24
1544800304.28
1544800304.31
1544800304.35
1544800304.41
1544800304.46
1544800304.5
1544800304.54
1544800304.58
1544800304.63
1544800304.67
1544800304.72
1544800304.77
1544800304.82
1544800304.87
1544800304.9
1544800304.94
1544800304.99
1544800305.04
1544800305.07
1544800305.11
1544800305.15
1544800305.2
1544800305.26
1544800305.3
1544800305.33
1544800305.37
1544800305.43
1544800305.48
1544800305.51
1544800305.54
1544800305.59
1544800305.64
1544800305.68
1544800305.7
1544800305.74
1544800305.78
1544800305.82
1544800305.85
1544800305.89
1544800305.92
1544800305.95
1544800305.99
1544800306.02
1544800306.05
1544800306.09
1544800306.12
1544800306.17
1544800306.21
1544800306.25
1544800306.29
1544800306.33
1544800306.39
1544800306.44
1544800306.48
1544800306.51
1544800306.54
1544800306.59
1544800306.62
1544800306.65
1544800306.69
1544800306.73
1544800306.77
1544800306.83
1544800306.87
1544800306.91
1544800306.94
1544800307.02
1544800307.07
1544800307.11
1544800307.14
1544800307.18
1544800307.22
1544800307.27
1544800307.32
1544800307.37
1544800307.42
1544800307.47
1544800307.52
1544800307.58
1544800307.62
1544800307.69
1544800307.73
1544800307.79
1544800307.84
1544800307.91
1544800307.97
1544800308.03
1544800308.09
1544800308.14
1544800308.21
1544800308.26
1544800308.3
1544800308.36
1544800308.42
1544800308.5
1544800308.56
1544800308.61
1544800308.67
1544800308.72
1544800308.78
1544800308.83
1544800308.89
1544800308.94
1544800309.0
1544800309.04
1544800309.1
1544800309.15
1544800309.22
1544800309.28
1544800309.34
1544800309.4
1544800309.47
1544800309.53
1544800309.59
1544800309.65
1544800309.71
1544800309.78
1544800309.82
1544800309.86
1544800309.91
1544800309.97
1544800310.03
1544800310.09
1544800310.13
1544800310.19
1544800310.26
1544800310.31
1544800310.38
1544800310.43
1544800310.49
1544800310.55
1544800310.62
1544800310.68
1544800310.73
1544800310.8
1544800310.88
1544800310.93
1544800310.99
1544800311.04
1544800311.11
1544800311.17
1544800311.2
1544800311.24
1544800311.29
1544800311.34
1544800311.38
1544800311.42
1544800311.45
1544800311.5
1544800311.54
1544800311.59
1544800311.62
1544800311.66
1544800311.72
1544800311.78
1544800311.82
1544800311.86
1544800311.9
1544800311.93
1544800311.98
1544800312.01
1544800312.04
1544800312.08
1544800312.12
1544800312.19
1544800312.22
1544800312.26
1544800312.33
1544800312.38
1544800312.41
1544800312.45
1544800312.5
1544800312.55
1544800312.6
1544800312.63
1544800312.67
1544800312.74
1544800312.78
1544800312.81
1544800312.85
1544800312.9
1544800312.95
1544800312.99
1544800313.03
1544800313.08
1544800313.15
1544800313.2
1544800313.24
1544800313.31
1544800313.36
1544800313.4
1544800313.45
1544800313.5
1544800313.54
1544800313.6
1544800313.63
1544800313.68
1544800313.71
1544800313.75
1544800313.8
1544800313.83
1544800313.88
1544800313.93
1544800313.99
1544800314.05
1544800314.11
1544800314.16
1544800314.22
1544800314.27
1544800314.32
1544800314.37
1544800314.42
1544800314.49
1544800314.53
1544800314.58
1544800314.63
1544800314.7
1544800314.76
1544800314.79
1544800314.82
1544800314.87
1544800314.92
1544800314.95
1544800314.99
1544800315.03
1544800315.07
1544800315.12
1544800315.17
1544800315.23
1544800315.28
1544800315.34
1544800315.39
1544800315.43
1544800315.48
1544800315.53
1544800315.58
1544800315.62
1544800315.67
1544800315.72
1544800315.78
1544800315.84
1544800315.89
1544800315.93
1544800315.97
1544800316.0
1544800316.04
1544800316.08
1544800316.13
1544800316.19
1544800316.24
1544800316.3
1544800316.35
1544800316.42
1544800316.49
1544800316.54
1544800316.62
1544800316.67
1544800316.74
1544800316.79
1544800316.84
1544800316.89
1544800316.93
1544800316.97
1544800317.0
1544800317.04
1544800317.1
1544800317.14
1544800317.18
1544800317.22
1544800317.25
1544800317.31
1544800317.37
1544800317.41
1544800317.44
1544800317.48
1544800317.53
1544800317.57
1544800317.61
1544800317.66
1544800317.7
1544800317.75
1544800317.79
1544800317.83
1544800317.88
1544800317.92
1544800317.95
1544800318.0
1544800318.04
1544800318.09
1544800318.14
1544800318.19
1544800318.23
1544800318.28
1544800318.33
1544800318.39
1544800318.42
1544800318.47
1544800318.51
1544800318.56
1544800318.59
1544800318.63
1544800318.67
1544800318.73
1544800318.79
1544800318.82
1544800318.86
1544800318.9
1544800318.93
1544800318.97
1544800319.01
1544800319.06
1544800319.1
1544800319.14
1544800319.18
1544800319.23
1544800319.27
1544800319.32
1544800319.39
1544800319.42
1544800319.46
1544800319.5
1544800319.54
1544800319.59
1544800319.62
1544800319.67
1544800319.71
1544800319.75
1544800319.8
1544800319.83
1544800319.87
1544800319.93
1544800319.98
1544800320.02
1544800320.05
1544800320.1
1544800320.14
1544800320.19
1544800320.22
1544800320.25
1544800320.3
1544800320.34
1544800320.39
1544800320.42
1544800320.46
1544800320.5
1544800320.55
1544800320.6
1544800320.63
1544800320.68
1544800320.74
1544800320.78
1544800320.82
1544800320.87
1544800320.94
1544800320.97
1544800321.01
1544800321.05
1544800321.09
1544800321.14
1544800321.18
1544800321.22
1544800321.25
1544800321.29
1544800321.33
1544800321.37
1544800321.42
1544800321.46
1544800321.49
1544800321.53
1544800321.56
1544800321.6
1544800321.64
1544800321.69
1544800321.74
1544800321.78
1544800321.82
1544800321.86
1544800321.92
1544800321.97
1544800322.02
1544800322.05
1544800322.1
1544800322.14
1544800322.18
1544800322.22
1544800322.25
1544800322.3
1544800322.34
1544800322.37
1544800322.41
1544800322.46
1544800322.5
1544800322.55
1544800322.59
1544800322.62
1544800322.66
1544800322.75
1544800322.79
1544800322.82
1544800322.87
1544800322.93
1544800322.97
1544800323.01
1544800323.05
1544800323.1
1544800323.17
1544800323.21
1544800323.26
1544800323.33
1544800323.38
1544800323.42
1544800323.46
1544800323.5
1544800323.55
1544800323.59
1544800323.64
1544800323.68
1544800323.74
1544800323.8
1544800323.83
1544800323.86
1544800323.94
1544800323.98
1544800324.02
1544800324.05
1544800324.11
1544800324.15
1544800324.2
1544800324.24
1544800324.29
1544800324.35
1544800324.4
1544800324.45
1544800324.49
1544800324.53
1544800324.58
1544800324.61
1544800324.64
1544800324.68
1544800324.75
1544800324.79
1544800324.82
1544800324.85
1544800324.89
1544800324.93
1544800324.97
1544800325.01
1544800325.05
1544800325.11
1544800325.17
1544800325.2
1544800325.24
1544800325.29
1544800325.33
1544800325.38
1544800325.42
1544800325.45
1544800325.5
1544800325.55
1544800325.6
1544800325.64
1544800325.69
1544800325.74
1544800325.79
1544800325.83
1544800325.87
1544800325.93
1544800325.97
1544800326.0
1544800326.04
1544800326.09
1544800326.16
1544800326.2
1544800326.24
1544800326.28
1544800326.32
1544800326.37
1544800326.4
1544800326.43
1544800326.46
1544800326.52
1544800326.57
1544800326.6
1544800326.64
1544800326.69
1544800326.74
1544800326.79
1544800326.83
1544800326.87
1544800326.93
1544800326.99
1544800327.02
1544800327.06
1544800327.13
1544800327.18
1544800327.22
1544800327.27
1544800327.32
1544800327.37
1544800327.41
1544800327.45
1544800327.5
1544800327.57
1544800327.61
1544800327.65
1544800327.69
1544800327.73
1544800327.76
1544800327.8
1544800327.84
1544800327.9
1544800327.96
1544800328.0
1544800328.03
1544800328.07
1544800328.15
1544800328.19
1544800328.23
1544800328.27
1544800328.3
1544800328.34
1544800328.38
1544800328.42
1544800328.46
1544800328.53
1544800328.58
1544800328.62
1544800328.66
1544800328.72
1544800328.76
1544800328.81
1544800328.86
1544800328.93
1544800328.97
1544800329.0
1544800329.04
1544800329.08
1544800329.13
1544800329.17
1544800329.21
1544800329.24
1544800329.29
1544800329.34
1544800329.37
1544800329.4
1544800329.44
1544800329.49
1544800329.54
1544800329.6
1544800329.65
1544800329.7
1544800329.75
1544800329.81
1544800329.86
1544800329.91
1544800329.96
1544800330.01
1544800330.07
1544800330.12
1544800330.16
1544800330.21
1544800330.26
1544800330.32
1544800330.36
1544800330.41
1544800330.46
1544800330.5
1544800330.55
1544800330.6
1544800330.65
1544800330.71
1544800330.77
1544800330.83
1544800330.88
1544800330.93
1544800330.98
1544800331.03
1544800331.09
1544800331.13
1544800331.19
1544800331.23
1544800331.29
1544800331.34
1544800331.39
1544800331.44
1544800331.5
1544800331.55
1544800331.6
1544800331.66
1544800331.71
1544800331.77
1544800331.82
1544800331.87
1544800331.92
1544800331.97
1544800332.0
1544800332.04
1544800332.08
1544800332.12
1544800332.17
1544800332.21
1544800332.25
1544800332.3
1544800332.34
1544800332.38
1544800332.43
1544800332.47
1544800332.52
1544800332.58
1544800332.62
1544800332.66
1544800332.71
1544800332.77
1544800332.8
1544800332.83
1544800332.87
1544800332.93
1544800332.98
1544800333.01
1544800333.05
1544800333.1
1544800333.13
1544800333.19
1544800333.22
1544800333.27
1544800333.35
1544800333.39
1544800333.43
1544800333.5
1544800333.57
1544800333.6
1544800333.64
1544800333.7
1544800333.77
1544800333.8
1544800333.84
1544800333.89
1544800333.94
1544800333.99
1544800334.03
1544800334.07
1544800334.13
1544800334.18
1544800334.21
1544800334.25
1544800334.28
1544800334.33
1544800334.39
1544800334.43
1544800334.47
1544800334.51
1544800334.55
1544800334.59
1544800334.63
1544800334.69
1544800334.75
1544800334.8
1544800334.83
1544800334.87
1544800334.91
1544800334.97
1544800335.01
1544800335.06
1544800335.09
1544800335.14
1544800335.18
1544800335.22
1544800335.26
1544800335.3
1544800335.37
1544800335.4
1544800335.43
1544800335.48
1544800335.57
1544800335.61
1544800335.67
1544800335.7
1544800335.77
1544800335.8
1544800335.83
1544800335.89
1544800335.94
1544800336.0
1544800336.06
1544800336.1
1544800336.17
1544800336.22
1544800336.27
1544800336.32
1544800336.37
1544800336.41
1544800336.47
1544800336.52
1544800336.57
1544800336.62
1544800336.68
1544800336.74
1544800336.8
1544800336.85
1544800336.91
1544800336.97
1544800337.04
1544800337.09
1544800337.14
1544800337.19
1544800337.23
1544800337.29
1544800337.34
1544800337.38
1544800337.42
1544800337.47
1544800337.5
1544800337.54
1544800337.58
1544800337.62
1544800337.67
1544800337.71
1544800337.76
1544800337.8
1544800337.86
1544800337.9
1544800337.93
1544800337.97
1544800338.02
1544800338.07
1544800338.11
1544800338.16
1544800338.21
1544800338.26
1544800338.3
1544800338.33
1544800338.37
1544800338.43
1544800338.47
1544800338.51
1544800338.55
1544800338.6
1544800338.64
1544800338.7
1544800338.73
1544800338.78
1544800338.81
1544800338.85
1544800338.9
1544800338.94
1544800338.98
1544800339.03
1544800339.08
1544800339.12
1544800339.17
1544800339.22
1544800339.27
1544800339.3
1544800339.34
1544800339.4
1544800339.47
1544800339.52
1544800339.56
1544800339.61
1544800339.65
1544800339.69
1544800339.72
1544800339.76
1544800339.82
1544800339.86
1544800339.9
1544800339.93
1544800339.98
1544800340.03
1544800340.07
1544800340.11
1544800340.15
1544800340.22
1544800340.27
1544800340.32
1544800340.36
1544800340.41
1544800340.47
1544800340.5
1544800340.55
1544800340.61
1544800340.65
1544800340.69
1544800340.72
1544800340.75
1544800340.81
1544800340.86
1544800340.9
1544800340.94
1544800340.97
1544800341.02
1544800341.07
1544800341.1
1544800341.13
1544800341.17
1544800341.22
1544800341.28
1544800341.31
1544800341.35
1544800341.41
1544800341.46
1544800341.5
1544800341.53
1544800341.58
1544800341.63
1544800341.68
1544800341.72
1544800341.76
1544800341.81
1544800341.86
1544800341.89
1544800341.93
1544800341.97
1544800342.04
1544800342.08
1544800342.12
1544800342.15
1544800342.19
1544800342.23
1544800342.28
1544800342.32
1544800342.36
1544800342.4
1544800342.45
1544800342.49
1544800342.53
1544800342.57
1544800342.62
1544800342.67
1544800342.71
1544800342.75
1544800342.79
1544800342.83
1544800342.88
1544800342.92
1544800342.95
1544800343.02
1544800343.07
1544800343.12
1544800343.15
1544800343.23
1544800343.29
1544800343.32
1544800343.36
1544800343.44
1544800343.49
1544800343.53
1544800343.56
1544800343.62
1544800343.67
1544800343.71
1544800343.74
1544800343.8
1544800343.84
1544800343.88
1544800343.91
1544800343.96
1544800344.01
1544800344.05
1544800344.09
1544800344.14
1544800344.18
1544800344.22
1544800344.27
1544800344.3
1544800344.34
1544800344.38
1544800344.42
1544800344.48
1544800344.52
1544800344.56
1544800344.62
1544800344.69
1544800344.72
1544800344.77
1544800344.82
1544800344.87
1544800344.91
1544800344.96
1544800345.0
1544800345.05
1544800345.1
1544800345.14
1544800345.19
1544800345.25
1544800345.29
1544800345.33
1544800345.38
1544800345.41
1544800345.44
1544800345.47
1544800345.51
1544800345.55
1544800345.6
1544800345.65
1544800345.7
1544800345.74
1544800345.79
1544800345.82
1544800345.87
1544800345.91
1544800345.95
1544800346.0
1544800346.05
1544800346.09
1544800346.14
1544800346.21
1544800346.27
1544800346.31
1544800346.34
1544800346.4
1544800346.45
1544800346.49
1544800346.53
1544800346.57
1544800346.61
1544800346.65
1544800346.69
1544800346.73
1544800346.77
1544800346.81
1544800346.84
1544800346.88
1544800346.91
1544800346.95
1544800347.0
1544800347.05
1544800347.09
1544800347.13
1544800347.17
1544800347.22
1544800347.27
1544800347.31
1544800347.35
1544800347.41
1544800347.45
1544800347.5
1544800347.53
1544800347.58
1544800347.61
1544800347.66
1544800347.7
1544800347.74
1544800347.8
1544800347.85
1544800347.9
1544800347.93
1544800347.99
1544800348.04
1544800348.07
1544800348.11
1544800348.15
1544800348.22
1544800348.27
1544800348.34
1544800348.4
1544800348.46
1544800348.52
1544800348.59
1544800348.64
1544800348.7
1544800348.74
1544800348.8
1544800348.87
1544800348.92
1544800348.98
1544800349.04
1544800349.1
1544800349.15
1544800349.21
1544800349.27
1544800349.33
1544800349.39
1544800349.45
1544800349.51
1544800349.58
1544800349.64
1544800349.68
1544800349.72
1544800349.77
1544800349.81
1544800349.85
1544800349.89
1544800349.92
1544800349.99
1544800350.03
1544800350.1
1544800350.16
1544800350.21
1544800350.27
1544800350.3
1544800350.34
1544800350.38
1544800350.41
1544800350.45
1544800350.5
1544800350.57
1544800350.6
1544800350.65
1544800350.7
1544800350.75
1544800350.79
1544800350.83
1544800350.87
1544800350.91
1544800350.96
1544800351.04
1544800351.1
1544800351.14
1544800351.18
1544800351.22
1544800351.28
1544800351.32
1544800351.38
1544800351.42
1544800351.45
1544800351.49
1544800351.52
1544800351.58
1544800351.62
1544800351.67
1544800351.71
1544800351.74
1544800351.78
1544800351.84
1544800351.88
1544800351.92
1544800351.96
1544800352.02
1544800352.06
1544800352.1
1544800352.13
1544800352.19
1544800352.23
1544800352.28
1544800352.31
1544800352.36
1544800352.41
1544800352.46
1544800352.5
1544800352.53
1544800352.57
1544800352.62
1544800352.67
1544800352.71
1544800352.74
1544800352.79
1544800352.82
1544800352.89
1544800352.91
1544800352.94
1544800353.0
1544800353.04
1544800353.08
1544800353.11
1544800353.14
1544800353.2
1544800353.25
1544800353.29
1544800353.33
1544800353.39
1544800353.45
1544800353.5
1544800353.54
1544800353.59
1544800353.64
1544800353.69
1544800353.73
1544800353.77
1544800353.8
1544800353.83
1544800353.87
1544800353.91
1544800353.94
1544800354.0
1544800354.04
1544800354.09
1544800354.12
1544800354.18
1544800354.24
1544800354.28
1544800354.31
1544800354.34
1544800354.39
1544800354.42
1544800354.47
1544800354.51
1544800354.56
1544800354.6
1544800354.64
1544800354.68
1544800354.72
1544800354.76
1544800354.81
1544800354.86
1544800354.9
1544800354.93
1544800354.99
1544800355.05
1544800355.09
1544800355.12
1544800355.16
1544800355.23
1544800355.28
1544800355.32
1544800355.35
1544800355.39
1544800355.47
1544800355.51
1544800355.55
1544800355.61
1544800355.67
1544800355.7
1544800355.74
1544800355.78
1544800355.82
1544800355.85
1544800355.89
1544800355.93
1544800355.99
1544800356.02
1544800356.07
1544800356.11
1544800356.14
1544800356.22
1544800356.26
1544800356.3
1544800356.34
1544800356.37
1544800356.41
1544800356.44
1544800356.49
1544800356.52
1544800356.56
1544800356.61
1544800356.66
1544800356.7
1544800356.73
1544800356.77
1544800356.81
1544800356.86
1544800356.89
1544800356.92
1544800356.96
1544800357.0
1544800357.05
1544800357.09
1544800357.13
1544800357.19
1544800357.23
1544800357.29
1544800357.34
1544800357.4
1544800357.45
1544800357.51
1544800357.57
1544800357.61
1544800357.65
1544800357.69
1544800357.73
1544800357.8
1544800357.85
1544800357.92
1544800357.98
1544800358.02
1544800358.09
1544800358.15
1544800358.22
1544800358.27
1544800358.32
1544800358.36
1544800358.43
1544800358.5
1544800358.55
1544800358.61
1544800358.67
1544800358.73
1544800358.79
1544800358.84
1544800358.9
1544800358.95
1544800358.99
1544800359.02
1544800359.07
1544800359.13
1544800359.19
1544800359.25
1544800359.32
1544800359.39
1544800359.44
1544800359.5
1544800359.57
1544800359.62
1544800359.67
1544800359.71
1544800359.75
1544800359.79
1544800359.83
1544800359.87
1544800359.94
1544800359.98
1544800360.03
1544800360.07
1544800360.12
1544800360.17
1544800360.22
1544800360.27
1544800360.31
1544800360.36
1544800360.39
1544800360.43
1544800360.48
1544800360.52
1544800360.58
1544800360.62
1544800360.67
1544800360.7
1544800360.73
1544800360.77
1544800360.81
1544800360.85
1544800360.89
1544800360.93
1544800360.97
1544800361.05
1544800361.09
1544800361.12
1544800361.17
1544800361.23
1544800361.28
1544800361.32
1544800361.35
1544800361.4
1544800361.43
1544800361.48
1544800361.52
1544800361.55
1544800361.61
1544800361.67
1544800361.71
1544800361.75
1544800361.8
1544800361.85
1544800361.89
1544800361.93
1544800361.97
1544800362.03
1544800362.09
1544800362.13
1544800362.16
1544800362.22
1544800362.27
1544800362.31
1544800362.35
1544800362.42
1544800362.47
1544800362.51
1544800362.54
1544800362.58
1544800362.62
1544800362.67
1544800362.71
1544800362.74
1544800362.79
1544800362.86
1544800362.9
1544800362.94
1544800362.99
1544800363.03
1544800363.07
1544800363.11
1544800363.15
1544800363.22
1544800363.26
1544800363.3
1544800363.34
1544800363.38
1544800363.41
1544800363.46
1544800363.5
1544800363.53
1544800363.59
1544800363.64
1544800363.69
1544800363.73
1544800363.77
1544800363.83
1544800363.88
1544800363.92
1544800363.97
1544800364.01
1544800364.04
1544800364.09
1544800364.11
1544800364.15
1544800364.2
1544800364.25
1544800364.29
1544800364.34
1544800364.38
1544800364.43
1544800364.47
1544800364.51
1544800364.54
1544800364.62
1544800364.65
1544800364.69
1544800364.72
1544800364.76
1544800364.8
1544800364.87
1544800364.9
1544800364.94
1544800364.98
1544800365.03
1544800365.07
1544800365.11
1544800365.14
1544800365.18
1544800365.26
1544800365.31
1544800365.34
1544800365.4
1544800365.46
1544800365.5
1544800365.54
1544800365.59
1544800365.64
1544800365.68
1544800365.7
1544800365.74
1544800365.77
1544800365.8
1544800365.85
1544800365.89
1544800365.92
1544800365.97
1544800366.01
1544800366.05
1544800366.09
1544800366.13
1544800366.16
1544800366.23
1544800366.28
1544800366.32
1544800366.35
1544800366.42
1544800366.47
1544800366.52
1544800366.55
1544800366.64
1544800366.69
1544800366.73
1544800366.77
1544800366.82
1544800366.87
1544800366.91
1544800366.94
1544800367.01
1544800367.07
1544800367.11
1544800367.15
1544800367.2
1544800367.26
1544800367.3
1544800367.33
1544800367.38
1544800367.43
1544800367.49
1544800367.53
1544800367.57
1544800367.63
1544800367.68
1544800367.72
1544800367.77
1544800367.82
1544800367.87
1544800367.9
1544800367.95
1544800368.01
1544800368.07
1544800368.11
1544800368.15
1544800368.21
1544800368.26
1544800368.3
1544800368.34
1544800368.39
1544800368.43
1544800368.47
1544800368.51
1544800368.54
1544800368.63
1544800368.68
1544800368.72
1544800368.77
1544800368.81
1544800368.84
1544800368.88
1544800368.94
1544800368.99
1544800369.02
1544800369.06
1544800369.12
1544800369.2
1544800369.25
1544800369.31
1544800369.37
1544800369.43
1544800369.49
1544800369.52
1544800369.56
1544800369.63
1544800369.67
1544800369.72
1544800369.78
1544800369.83
1544800369.87
1544800369.91
1544800369.95
1544800370.0
1544800370.06
1544800370.09
1544800370.13
1544800370.17
1544800370.23
1544800370.31
1544800370.37
1544800370.42
1544800370.47
1544800370.52
1544800370.57
1544800370.62
1544800370.67
1544800370.72
1544800370.77
1544800370.82
1544800370.87
1544800370.92
1544800370.97
1544800371.03
1544800371.07
1544800371.11
1544800371.15
1544800371.2
1544800371.26
1544800371.31
1544800371.36
1544800371.41
1544800371.46
1544800371.51
1544800371.57
1544800371.62
1544800371.68
1544800371.73
1544800371.79
1544800371.84
1544800371.9
1544800371.95
1544800372.0
1544800372.05
1544800372.11
1544800372.17
1544800372.21
1544800372.26
1544800372.31
1544800372.37
1544800372.43
1544800372.47
1544800372.55
1544800372.62
1544800372.66
1544800372.73
1544800372.77
1544800372.8
1544800372.84
1544800372.87
1544800372.91
1544800372.95
1544800372.99
1544800373.03
1544800373.07
1544800373.1
1544800373.13
1544800373.17
1544800373.2
1544800373.24
1544800373.28
1544800373.34
1544800373.38
1544800373.41
1544800373.45
1544800373.49
1544800373.53
1544800373.58
1544800373.61
1544800373.66
1544800373.69
1544800373.73
1544800373.79
1544800373.83
1544800373.87
1544800373.92
1544800373.96
1544800374.0
1544800374.03
1544800374.07
1544800374.11
1544800374.14
1544800374.18
1544800374.22
1544800374.27
1544800374.31
1544800374.36
1544800374.4
1544800374.44
1544800374.48
1544800374.53
1544800374.56
1544800374.6
1544800374.64
1544800374.67
1544800374.71
1544800374.75
1544800374.8
1544800374.84
1544800374.89
1544800374.95
1544800374.99
1544800375.03
1544800375.06
1544800375.11
1544800375.15
1544800375.18
1544800375.22
1544800375.25
1544800375.3
1544800375.37
1544800375.41
1544800375.44
1544800375.51
1544800375.57
1544800375.6
1544800375.64
1544800375.71
1544800375.75
1544800375.8
1544800375.84
1544800375.89
1544800375.94
1544800375.99
1544800376.03
1544800376.07
1544800376.11
1544800376.14
1544800376.19
1544800376.24
1544800376.27
1544800376.31
1544800376.35
1544800376.39
1544800376.42
1544800376.46
1544800376.51
1544800376.56
1544800376.6
1544800376.65
1544800376.69
1544800376.74
1544800376.79
1544800376.83
1544800376.88
1544800376.93
1544800376.98
1544800377.02
1544800377.05
1544800377.11
1544800377.16
1544800377.21
1544800377.24
1544800377.3
1544800377.35
1544800377.4
1544800377.43
1544800377.48
1544800377.54
1544800377.59
1544800377.63
1544800377.67
1544800377.72
1544800377.77
1544800377.82
1544800377.87
1544800377.91
1544800377.97
1544800378.0
1544800378.04
1544800378.11
1544800378.17
1544800378.21
1544800378.25
1544800378.3
1544800378.35
1544800378.4
1544800378.43
1544800378.47
1544800378.54
1544800378.6
1544800378.63
1544800378.67
1544800378.74
1544800378.78
1544800378.82
1544800378.85
1544800378.92
1544800379.0
1544800379.04
1544800379.07
1544800379.12
1544800379.17
1544800379.21
1544800379.24
1544800379.29
1544800379.32
1544800379.38
1544800379.42
1544800379.45
1544800379.5
1544800379.58
1544800379.61
1544800379.67
1544800379.72
1544800379.79
1544800379.85
1544800379.93
1544800380.0
1544800380.07
1544800380.14
1544800380.22
1544800380.29
1544800380.33
1544800380.37
1544800380.42
1544800380.48
1544800380.53
1544800380.59
1544800380.63
1544800380.68
1544800380.73
1544800380.78
1544800380.83
1544800380.89
1544800380.95
1544800380.99
1544800381.04
1544800381.1
1544800381.15
1544800381.21
1544800381.27
1544800381.31
1544800381.35
1544800381.4
1544800381.43
1544800381.47
1544800381.51
1544800381.54
1544800381.58
1544800381.62
1544800381.66
1544800381.7
1544800381.74
1544800381.79
1544800381.83
1544800381.87
1544800381.94
1544800381.99
1544800382.03
1544800382.07
1544800382.14
1544800382.17
1544800382.2
1544800382.24
1544800382.28
1544800382.32
1544800382.36
1544800382.4
1544800382.44
1544800382.5
1544800382.57
1544800382.61
1544800382.64
1544800382.7
1544800382.75
1544800382.79
1544800382.83
1544800382.87
1544800382.94
1544800382.98
1544800383.02
1544800383.06
1544800383.1
1544800383.14
1544800383.18
1544800383.21
1544800383.24
1544800383.31
1544800383.37
1544800383.41
1544800383.47
1544800383.52
1544800383.57
1544800383.61
1544800383.65
1544800383.69
1544800383.74
1544800383.79
1544800383.83
1544800383.87
1544800383.91
1544800383.96
1544800384.0
1544800384.03
1544800384.08
1544800384.12
1544800384.18
1544800384.21
1544800384.25
1544800384.33
1544800384.38
1544800384.41
1544800384.45
1544800384.5
1544800384.55
1544800384.59
1544800384.63
1544800384.67
1544800384.71
1544800384.77
1544800384.8
1544800384.84
1544800384.89
1544800384.94
1544800384.98
1544800385.02
1544800385.07
1544800385.11
1544800385.17
1544800385.2
1544800385.24
1544800385.27
1544800385.32
1544800385.36
1544800385.4
1544800385.45
1544800385.5
1544800385.55
1544800385.6
1544800385.66
1544800385.71
1544800385.77
1544800385.81
1544800385.84
1544800385.87
1544800385.93
1544800385.97
1544800386.0
1544800386.03
1544800386.07
1544800386.12
1544800386.17
1544800386.21
1544800386.24
1544800386.29
1544800386.36
1544800386.39
1544800386.43
1544800386.47
1544800386.5
1544800386.54
1544800386.6
1544800386.64
1544800386.69
1544800386.74
1544800386.78
1544800386.83
1544800386.87
1544800386.95
1544800386.99
1544800387.02
1544800387.07
1544800387.13
1544800387.18
1544800387.22
1544800387.25
1544800387.31
1544800387.37
1544800387.4
1544800387.44
1544800387.5
1544800387.55
1544800387.59
1544800387.62
1544800387.66
1544800387.71
1544800387.77
1544800387.8
1544800387.84
1544800387.89
1544800387.97
1544800388.0
1544800388.03
1544800388.09
1544800388.13
1544800388.17
1544800388.21
1544800388.24
1544800388.29
1544800388.34
1544800388.39
1544800388.42
1544800388.46
1544800388.5
1544800388.54
1544800388.58
1544800388.61
1544800388.64
1544800388.7
1544800388.77
1544800388.8
1544800388.84
1544800388.88
1544800388.92
1544800388.97
1544800389.0
1544800389.04
1544800389.08
1544800389.14
1544800389.18
1544800389.22
1544800389.25
1544800389.31
1544800389.37
1544800389.4
1544800389.44
1544800389.48
1544800389.52
1544800389.57
1544800389.6
1544800389.63
1544800389.69
1544800389.74
1544800389.78
1544800389.82
1544800389.85
1544800389.89
1544800389.94
1544800389.99
1544800390.02
1544800390.07
1544800390.11
1544800390.16
1544800390.2
1544800390.24
1544800390.29
1544800390.33
1544800390.39
1544800390.42
1544800390.46
1544800390.5
1544800390.56
1544800390.59
1544800390.63
1544800390.66
1544800390.69
1544800390.73
1544800390.76
1544800390.79
1544800390.83
1544800390.88
1544800390.94
1544800390.98
1544800391.0
1544800391.04
1544800391.09
1544800391.14
1544800391.18
1544800391.21
1544800391.25
1544800391.31
1544800391.37
1544800391.4
1544800391.42
1544800391.47
1544800391.5
1544800391.55
1544800391.59
1544800391.64
1544800391.68
1544800391.73
1544800391.79
1544800391.83
1544800391.87
1544800391.91
1544800391.95
1544800392.0
1544800392.03
1544800392.09
1544800392.17
1544800392.2
1544800392.24
1544800392.29
1544800392.35
1544800392.42
1544800392.49
1544800392.56
1544800392.63
1544800392.71
1544800392.79
1544800392.85
1544800392.92
1544800392.97
1544800393.01
1544800393.06
1544800393.1
1544800393.15
1544800393.19
1544800393.24
1544800393.29
1544800393.33
1544800393.39
1544800393.46
1544800393.52
1544800393.59
1544800393.66
1544800393.72
1544800393.78
1544800393.85
1544800393.91
1544800393.97
1544800394.03
1544800394.09
1544800394.14
1544800394.2
1544800394.25
1544800394.3
1544800394.35
1544800394.4
1544800394.45
1544800394.51
1544800394.56
1544800394.62
1544800394.7
1544800394.77
1544800394.83
1544800394.9
1544800394.97
1544800395.04
1544800395.11
1544800395.17
1544800395.22
1544800395.25
1544800395.32
1544800395.37
1544800395.4
1544800395.44
1544800395.47
1544800395.52
1544800395.56
1544800395.59
1544800395.63
1544800395.67
1544800395.73
1544800395.79
1544800395.82
1544800395.87
1544800395.92
1544800395.95
1544800395.99
1544800396.04
1544800396.09
1544800396.12
1544800396.15
1544800396.19
1544800396.23
1544800396.28
1544800396.32
1544800396.35
1544800396.39
1544800396.43
1544800396.47
1544800396.53
1544800396.57
1544800396.61
1544800396.65
1544800396.73
1544800396.77
1544800396.81
1544800396.85
1544800396.95
1544800397.0
1544800397.04
1544800397.09
1544800397.14
1544800397.19
1544800397.22
1544800397.28
1544800397.36
1544800397.4
1544800397.45
1544800397.49
1544800397.54
1544800397.59
1544800397.63
1544800397.67
1544800397.72
1544800397.76
1544800397.8
1544800397.83
1544800397.88
1544800397.92
1544800397.96
1544800398.0
1544800398.03
1544800398.07
1544800398.13
1544800398.18
1544800398.22
1544800398.29
1544800398.33
1544800398.36
1544800398.4
1544800398.44
1544800398.48
1544800398.53
1544800398.59
1544800398.64
1544800398.68
1544800398.72
1544800398.76
1544800398.81
1544800398.85
1544800398.9
1544800398.96
1544800399.0
1544800399.05
1544800399.1
1544800399.16
1544800399.2
1544800399.24
1544800399.29
1544800399.33
1544800399.37
1544800399.4
1544800399.44
1544800399.48
1544800399.53
1544800399.57
1544800399.6
1544800399.64
1544800399.69
1544800399.75
1544800399.79
1544800399.82
1544800399.86
1544800399.93
1544800399.98
1544800400.02
1544800400.06
1544800400.13
1544800400.19
1544800400.22
1544800400.25
1544800400.29
1544800400.32
1544800400.36
1544800400.4
1544800400.44
1544800400.49
1544800400.54
1544800400.57
1544800400.62
1544800400.67
1544800400.74
1544800400.78
1544800400.81
1544800400.85
1544800400.9
1544800400.97
1544800401.0
1544800401.04
1544800401.09
1544800401.13
1544800401.17
1544800401.21
1544800401.26
1544800401.32
1544800401.37
1544800401.42
1544800401.46
1544800401.53
1544800401.57
1544800401.61
1544800401.64
1544800401.69
1544800401.74
1544800401.79
1544800401.82
1544800401.87
1544800401.91
1544800401.97
1544800402.01
1544800402.04
1544800402.09
1544800402.14
1544800402.18
1544800402.21
1544800402.25
1544800402.3
1544800402.34
1544800402.4
1544800402.45
1544800402.53
1544800402.59
1544800402.63
1544800402.66
1544800402.7
1544800402.74
1544800402.79
1544800402.83
1544800402.87
1544800402.91
1544800402.94
1544800402.98
1544800403.0
1544800403.04
1544800403.08
1544800403.13
1544800403.18
1544800403.22
1544800403.27
1544800403.32
1544800403.36
1544800403.39
1544800403.44
1544800403.48
1544800403.51
1544800403.55
1544800403.59
1544800403.62
1544800403.66
1544800403.7
1544800403.73
1544800403.77
1544800403.8
1544800403.83
1544800403.87
1544800403.91
1544800403.94
1544800403.97
1544800404.01
1544800404.05
1544800404.11
1544800404.15
1544800404.18
1544800404.22
1544800404.25
1544800404.29
1544800404.32
1544800404.36
1544800404.39
1544800404.43
1544800404.47
1544800404.51
1544800404.54
1544800404.57
1544800404.61
1544800404.67
1544800404.72
1544800404.78
1544800404.82
1544800404.87
1544800404.9
1544800404.93
1544800404.97
1544800405.01
1544800405.06
1544800405.11
1544800405.15
1544800405.19
1544800405.23
1544800405.28
1544800405.31
1544800405.34
1544800405.39
1544800405.42
1544800405.46
1544800405.51
1544800405.54
1544800405.58
1544800405.62
1544800405.66
1544800405.7
1544800405.74
1544800405.78
1544800405.82
1544800405.85
1544800405.88
1544800405.92
1544800405.96
1544800406.0
1544800406.04
1544800406.09
1544800406.13
1544800406.17
1544800406.22
1544800406.26
1544800406.31
1544800406.35
1544800406.39
1544800406.43
1544800406.47
1544800406.51
1544800406.56
1544800406.59
1544800406.63
1544800406.67
1544800406.7
1544800406.76
1544800406.8
1544800406.85
1544800406.89
1544800406.93
1544800406.97
1544800407.01
1544800407.08
1544800407.12
1544800407.17
1544800407.2
1544800407.24
1544800407.29
1544800407.33
1544800407.37
1544800407.42
1544800407.46
1544800407.49
1544800407.52
1544800407.57
1544800407.6
1544800407.64
1544800407.68
1544800407.71
1544800407.75
1544800407.79
1544800407.82
1544800407.86
1544800407.9
1544800407.93
1544800407.97
1544800408.01
1544800408.04
1544800408.08
1544800408.12
1544800408.16
1544800408.2
1544800408.24
1544800408.28
1544800408.32
1544800408.37
1544800408.41
1544800408.47
1544800408.52
1544800408.56
1544800408.6
1544800408.63
1544800408.67
1544800408.71
1544800408.75
1544800408.78
1544800408.82
1544800408.85
1544800408.9
1544800408.95
1544800408.99
1544800409.04
1544800409.08
1544800409.12
1544800409.16
1544800409.2
1544800409.24
1544800409.28
1544800409.31
1544800409.36
1544800409.4
1544800409.44
1544800409.48
1544800409.53
1544800409.56
1544800409.6
1544800409.63
1544800409.67
1544800409.7
1544800409.73
1544800409.78
1544800409.81
1544800409.84
1544800409.89
1544800409.93
1544800409.97
1544800410.05
1544800410.1
1544800410.13
1544800410.17
1544800410.24
1544800410.28
1544800410.32
1544800410.37
1544800410.44
1544800410.48
1544800410.51
1544800410.54
1544800410.6
1544800410.64
1544800410.7
1544800410.74
1544800410.78
1544800410.84
1544800410.88
1544800410.91
1544800410.94
1544800410.98
1544800411.04
1544800411.09
1544800411.12
1544800411.17
1544800411.22
1544800411.28
1544800411.31
1544800411.34
1544800411.41
1544800411.47
1544800411.5
1544800411.53
1544800411.57
1544800411.61
1544800411.67
1544800411.71
1544800411.74
1544800411.81
1544800411.89
1544800411.92
1544800411.97
1544800412.03
1544800412.08
1544800412.11
1544800412.14
1544800412.21
1544800412.25
1544800412.29
1544800412.32
1544800412.37
1544800412.42
1544800412.45
1544800412.5
1544800412.54
1544800412.58
1544800412.63
1544800412.7
1544800412.73
1544800412.77
1544800412.83
1544800412.89
1544800412.93
1544800412.97
1544800413.01
1544800413.07
1544800413.1
1544800413.14
1544800413.18
1544800413.24
1544800413.29
1544800413.34
1544800413.38
1544800413.48
1544800413.51
1544800413.54
1544800413.6
1544800413.67
1544800413.71
1544800413.75
1544800413.81
1544800413.87
1544800413.91
1544800413.94
1544800413.98
1544800414.03
1544800414.08
1544800414.12
1544800414.16
1544800414.23
1544800414.28
1544800414.32
1544800414.37
1544800414.43
1544800414.48
1544800414.52
1544800414.57
1544800414.62
1544800414.66
1544800414.72
1544800414.76
1544800414.81
1544800414.86
1544800414.91
1544800414.96
1544800415.01
1544800415.05
1544800415.11
1544800415.15
1544800415.2
1544800415.25
1544800415.3
1544800415.34
1544800415.4
1544800415.44
1544800415.5
1544800415.54
1544800415.6
1544800415.64
1544800415.7
1544800415.74
1544800415.79
1544800415.82
1544800415.86
1544800415.91
1544800415.95
1544800416.03
1544800416.1
1544800416.17
1544800416.24
1544800416.31
1544800416.38
1544800416.42
1544800416.46
1544800416.51
1544800416.55
1544800416.6
1544800416.66
1544800416.73
1544800416.8
1544800416.86
1544800416.9
1544800416.95
1544800416.99
1544800417.05
1544800417.1
1544800417.13
1544800417.18
1544800417.22
1544800417.27
1544800417.31
1544800417.34
1544800417.4
1544800417.45
1544800417.5
1544800417.53
1544800417.6
1544800417.66
1544800417.7
1544800417.73
1544800417.78
1544800417.84
1544800417.89
1544800417.92
1544800417.97
1544800418.04
1544800418.09
1544800418.12
1544800418.17
1544800418.21
1544800418.26
1544800418.3
1544800418.33
1544800418.39
1544800418.43
1544800418.48
1544800418.52
1544800418.56
1544800418.61
1544800418.65
1544800418.7
1544800418.73
1544800418.78
1544800418.82
1544800418.87
1544800418.91
1544800418.95
1544800419.0
1544800419.05
1544800419.1
1544800419.14
1544800419.2
1544800419.25
1544800419.29
1544800419.32
1544800419.35
1544800419.41
1544800419.47
1544800419.5
1544800419.53
1544800419.57
1544800419.62
1544800419.67
1544800419.72
1544800419.76
1544800419.79
1544800419.82
1544800419.86
1544800419.9
1544800419.94
1544800419.99
1544800420.03
1544800420.08
1544800420.12
1544800420.15
1544800420.2
1544800420.25
1544800420.29
1544800420.32
1544800420.37
1544800420.44
1544800420.49
1544800420.53
1544800420.59
1544800420.67
1544800420.71
1544800420.75
1544800420.81
1544800420.86
1544800420.91
1544800420.94
1544800420.99
1544800421.04
1544800421.08
1544800421.11
1544800421.14
1544800421.19
1544800421.26
1544800421.3
1544800421.33
1544800421.36
1544800421.41
1544800421.45
1544800421.49
1544800421.52
1544800421.55
1544800421.61
1544800421.66
1544800421.7
1544800421.74
1544800421.79
1544800421.85
1544800421.89
1544800421.92
1544800421.95
1544800421.99
1544800422.03
1544800422.08
1544800422.11
1544800422.14
1544800422.19
1544800422.23
1544800422.26
1544800422.3
1544800422.33
1544800422.37
1544800422.41
1544800422.45
1544800422.48
1544800422.51
1544800422.54
1544800422.59
1544800422.63
1544800422.66
1544800422.7
1544800422.73
1544800422.76
1544800422.81
1544800422.85
1544800422.89
1544800422.91
1544800422.95
1544800422.99
1544800423.04
1544800423.08
1544800423.11
1544800423.14
1544800423.18
1544800423.23
1544800423.27
1544800423.3
1544800423.33
1544800423.39
1544800423.42
1544800423.47
1544800423.5
1544800423.53
1544800423.57
1544800423.62
1544800423.67
1544800423.71
1544800423.74
1544800423.78
1544800423.82
1544800423.85
1544800423.9
1544800423.93
1544800423.97
1544800424.01
1544800424.04
1544800424.08
1544800424.11
1544800424.14
1544800424.17
1544800424.21
1544800424.26
1544800424.29
1544800424.32
1544800424.36
1544800424.4
1544800424.44
1544800424.48
1544800424.51
1544800424.55
1544800424.6
1544800424.64
1544800424.67
1544800424.71
1544800424.73
1544800424.77
1544800424.81
1544800424.84
1544800424.89
1544800424.92
1544800424.95
1544800424.99
1544800425.03
1544800425.07
1544800425.1
1544800425.14
1544800425.18
1544800425.23
1544800425.28
1544800425.31
1544800425.34
1544800425.38
1544800425.41
1544800425.44
1544800425.48
1544800425.51
1544800425.54
1544800425.58
1544800425.61
1544800425.65
1544800425.69
1544800425.72
1544800425.75
1544800425.79
1544800425.82
1544800425.87
1544800425.89
1544800425.92
1544800425.95
1544800426.0
1544800426.04
1544800426.08
1544800426.11
1544800426.14
1544800426.18
1544800426.23
1544800426.27
1544800426.3
1544800426.33
1544800426.37
1544800426.41
1544800426.46
1544800426.49
1544800426.52
1544800426.56
1544800426.61
1544800426.66
1544800426.69
1544800426.72
1544800426.77
1544800426.8
1544800426.84
1544800426.88
1544800426.91
1544800426.94
1544800426.98
1544800427.01
1544800427.06
1544800427.1
1544800427.14
1544800427.17
1544800427.22
1544800427.26
1544800427.29
1544800427.32
1544800427.35
1544800427.39
1544800427.43
1544800427.47
1544800427.51
1544800427.54
1544800427.58
1544800427.61
1544800427.65
1544800427.69
1544800427.72
1544800427.75
1544800427.81
1544800427.86
1544800427.9
1544800427.93
1544800427.97
1544800428.01
1544800428.07
1544800428.1
1544800428.13
1544800428.17
1544800428.21
1544800428.24
1544800428.28
1544800428.31
1544800428.35
1544800428.41
1544800428.46
1544800428.49
1544800428.53
1544800428.57
1544800428.62
1544800428.66
1544800428.69
1544800428.72
1544800428.76
1544800428.81
1544800428.86
1544800428.9
1544800428.93
1544800428.98
1544800429.04
1544800429.08
1544800429.11
1544800429.14
1544800429.18
1544800429.22
1544800429.26
1544800429.29
1544800429.32
1544800429.36
1544800429.41
1544800429.48
1544800429.51
1544800429.54
1544800429.58
1544800429.61
1544800429.65
1544800429.68
1544800429.71
1544800429.74
1544800429.79
1544800429.83
1544800429.87
1544800429.9
1544800429.93
1544800429.97
1544800430.01
1544800430.04
1544800430.08
1544800430.11
1544800430.14
1544800430.19
1544800430.23
1544800430.28
1544800430.31
1544800430.34
1544800430.39
1544800430.44
1544800430.48
1544800430.52
1544800430.55
1544800430.58
1544800430.63
1544800430.67
1544800430.7
1544800430.73
1544800430.77
1544800430.81
1544800430.86
1544800430.89
1544800430.92
1544800430.96
1544800431.01
1544800431.05
1544800431.09
1544800431.11
1544800431.15
1544800431.2
1544800431.26
1544800431.3
1544800431.33
1544800431.37
1544800431.42
1544800431.48
1544800431.51
1544800431.54
1544800431.58
1544800431.62
1544800431.66
1544800431.7
1544800431.73
1544800431.77
1544800431.82
1544800431.86
1544800431.9
1544800431.93
1544800431.96
1544800432.0
1544800432.05
1544800432.08
1544800432.12
1544800432.15
1544800432.19
1544800432.23
1544800432.27
1544800432.3
1544800432.33
1544800432.37
1544800432.41
1544800432.46
1544800432.49
1544800432.51
1544800432.55
1544800432.6
1544800432.67
1544800432.7
1544800432.73
1544800432.77
1544800432.81
1544800432.85
1544800432.88
1544800432.92
1544800432.95
1544800433.0
1544800433.05
1544800433.09
1544800433.12
1544800433.16
1544800433.21
1544800433.25
1544800433.3
1544800433.33
1544800433.37
1544800433.44
1544800433.49
1544800433.52
1544800433.56
1544800433.61
1544800433.66
1544800433.7
1544800433.74
1544800433.77
1544800433.82
1544800433.87
1544800433.9
1544800433.93
1544800433.99
1544800434.03
1544800434.08
1544800434.11
1544800434.14
1544800434.19
1544800434.24
1544800434.29
1544800434.32
1544800434.36
1544800434.44
1544800434.49
1544800434.52
1544800434.55
1544800434.6
1544800434.65
1544800434.71
1544800434.77
1544800434.82
1544800434.89
1544800434.93
1544800434.98
1544800435.02
1544800435.06
1544800435.14
1544800435.19
1544800435.22
1544800435.29
1544800435.36
1544800435.44
1544800435.52
1544800435.6
1544800435.67
1544800435.75
1544800435.82
1544800435.89
1544800435.97
1544800436.03
1544800436.1
1544800436.17
1544800436.22
1544800436.27
1544800436.32
1544800436.35
1544800436.4
1544800436.45
1544800436.51
1544800436.57
1544800436.6
1544800436.64
1544800436.68
1544800436.74
1544800436.79
1544800436.82
1544800436.87
1544800436.92
1544800436.98
1544800437.02
1544800437.08
1544800437.13
1544800437.18
1544800437.21
1544800437.25
1544800437.29
1544800437.39
1544800437.43
1544800437.47
1544800437.51
1544800437.56
1544800437.6
1544800437.64
1544800437.68
1544800437.71
1544800437.75
1544800437.79
1544800437.83
1544800437.87
1544800437.93
1544800437.97
1544800438.02
1544800438.07
1544800438.12
1544800438.18
1544800438.22
1544800438.26
1544800438.33
1544800438.37
1544800438.41
1544800438.45
1544800438.5
1544800438.55
1544800438.6
1544800438.63
1544800438.68
1544800438.72
1544800438.76
1544800438.81
1544800438.84
1544800438.89
1544800438.94
1544800438.98
1544800439.02
1544800439.07
1544800439.11
1544800439.16
1544800439.2
1544800439.24
1544800439.27
1544800439.32
1544800439.36
1544800439.4
1544800439.44
1544800439.49
1544800439.55
1544800439.59
1544800439.62
1544800439.67
1544800439.77
1544800439.81
1544800439.84
1544800439.87
1544800439.91
1544800439.96
1544800440.0
1544800440.03
1544800440.07
1544800440.12
1544800440.17
1544800440.2
1544800440.24
1544800440.27
1544800440.32
1544800440.38
1544800440.42
1544800440.47
1544800440.51
1544800440.57
1544800440.6
1544800440.65
1544800440.7
1544800440.77
1544800440.8
1544800440.84
1544800440.89
1544800440.94
1544800440.98
1544800441.02
1544800441.05
1544800441.13
1544800441.19
1544800441.23
1544800441.27
1544800441.32
1544800441.39
1544800441.43
1544800441.48
1544800441.54
1544800441.59
1544800441.63
1544800441.69
1544800441.74
1544800441.78
1544800441.82
1544800441.86
1544800441.9
1544800441.97
1544800442.01
1544800442.04
1544800442.09
1544800442.12
1544800442.17
1544800442.22
1544800442.26
1544800442.33
1544800442.38
1544800442.42
1544800442.47
1544800442.53
1544800442.58
1544800442.63
1544800442.68
1544800442.73
1544800442.8
1544800442.84
1544800442.9
1544800442.97
1544800443.02
1544800443.07
1544800443.14
1544800443.19
1544800443.23
1544800443.26
1544800443.31
1544800443.37
1544800443.41
1544800443.45
1544800443.5
1544800443.57
1544800443.62
1544800443.66
1544800443.72
1544800443.77
1544800443.8
1544800443.84
1544800443.9
1544800443.95
1544800443.99
1544800444.03
1544800444.07
1544800444.15
1544800444.2
1544800444.24
1544800444.3
1544800444.36
1544800444.41
1544800444.46
1544800444.52
1544800444.57
1544800444.62
1544800444.67
1544800444.77
1544800444.81
1544800444.84
1544800444.91
1544800444.96
1544800445.0
1544800445.04
1544800445.08
1544800445.13
1544800445.18
1544800445.21
1544800445.25
1544800445.3
1544800445.37
1544800445.4
1544800445.45
1544800445.5
1544800445.58
1544800445.62
1544800445.67
1544800445.72
1544800445.77
1544800445.81
1544800445.87
1544800445.9
1544800445.94
1544800445.98
1544800446.02
1544800446.07
1544800446.13
1544800446.18
1544800446.21
1544800446.24
1544800446.29
1544800446.33
1544800446.37
1544800446.4
1544800446.44
1544800446.47
1544800446.54
1544800446.59
1544800446.63
1544800446.7
1544800446.77
1544800446.81
1544800446.85
1544800446.92
1544800446.97
1544800447.01
1544800447.05
1544800447.1
1544800447.14
1544800447.18
1544800447.22
1544800447.27
1544800447.32
1544800447.39
1544800447.44
1544800447.51
1544800447.58
1544800447.62
1544800447.67
1544800447.72
1544800447.78
1544800447.86
1544800447.92
1544800447.98
1544800448.03
1544800448.09
1544800448.13
1544800448.19
1544800448.24
1544800448.3
1544800448.36
1544800448.41
1544800448.48
1544800448.54
1544800448.58
1544800448.64
1544800448.69
1544800448.75
1544800448.81
1544800448.9
1544800448.97
1544800449.04
1544800449.11
1544800449.19
1544800449.25
1544800449.33
1544800449.4
1544800449.48
1544800449.54
1544800449.61
1544800449.67
1544800449.73
1544800449.8
1544800449.86
1544800449.92
1544800449.98
1544800450.05
1544800450.09
1544800450.13
1544800450.17
1544800450.21
1544800450.26
1544800450.3
1544800450.34
1544800450.4
1544800450.44
1544800450.5
1544800450.54
1544800450.61
1544800450.67
1544800450.71
1544800450.74
1544800450.79
1544800450.84
1544800450.88
1544800450.91
1544800450.97
1544800451.05
1544800451.1
1544800451.14
1544800451.19
1544800451.24
1544800451.28
1544800451.32
1544800451.37
1544800451.42
1544800451.47
1544800451.51
1544800451.54
1544800451.58
1544800451.62
1544800451.67
1544800451.72
1544800451.77
1544800451.85
1544800451.9
1544800451.95
1544800452.01
1544800452.08
1544800452.15
1544800452.2
1544800452.26
1544800452.3
1544800452.33
1544800452.38
1544800452.42
1544800452.47
1544800452.51
1544800452.54
1544800452.6
1544800452.67
1544800452.71
1544800452.75
1544800452.79
1544800452.83
1544800452.88
1544800452.92
1544800452.96
1544800453.01
1544800453.07
1544800453.1
1544800453.14
1544800453.17
1544800453.22
1544800453.27
1544800453.32
1544800453.36
1544800453.42
1544800453.48
1544800453.52
1544800453.57
1544800453.6
1544800453.64
1544800453.69
1544800453.72
1544800453.77
1544800453.83
1544800453.88
1544800453.92
1544800453.97
1544800454.03
1544800454.08
1544800454.12
1544800454.17
1544800454.24
1544800454.3
1544800454.33
1544800454.39
1544800454.46
1544800454.5
1544800454.53
1544800454.59
1544800454.63
1544800454.67
1544800454.71
1544800454.75
1544800454.8
1544800454.85
1544800454.9
1544800454.94
1544800454.99
1544800455.03
1544800455.07
1544800455.11
1544800455.14
1544800455.18
1544800455.24
1544800455.29
1544800455.32
1544800455.37
1544800455.4
1544800455.44
1544800455.49
1544800455.52
1544800455.57
1544800455.6
1544800455.64
1544800455.68
1544800455.72
1544800455.77
1544800455.81
1544800455.87
1544800455.91
1544800455.94
1544800456.02
1544800456.07
1544800456.1
1544800456.14
1544800456.2
1544800456.26
1544800456.3
1544800456.34
1544800456.39
1544800456.44
1544800456.48
1544800456.52
1544800456.58
1544800456.63
1544800456.68
1544800456.72
1544800456.77
1544800456.81
1544800456.87
1544800456.91
1544800456.94
1544800457.0
1544800457.05
1544800457.09
1544800457.13
1544800457.17
1544800457.22
1544800457.27
1544800457.31
1544800457.35
1544800457.4
1544800457.47
1544800457.53
1544800457.58
1544800457.64
1544800457.71
1544800457.77
1544800457.82
1544800457.89
1544800457.94
1544800458.0
1544800458.06
1544800458.1
1544800458.14
1544800458.17
1544800458.23
1544800458.3
1544800458.38
1544800458.44
1544800458.52
1544800458.61
1544800458.69
1544800458.78
1544800458.85
1544800458.92
1544800459.01
1544800459.1
1544800459.18
1544800459.25
1544800459.34
1544800459.42
1544800459.51
1544800459.58
1544800459.63
1544800459.69
1544800459.74
1544800459.79
1544800459.83
1544800459.87
1544800459.93
1544800459.98
1544800460.01
1544800460.05
1544800460.1
1544800460.16
1544800460.2
1544800460.25
1544800460.33
1544800460.38
1544800460.41
1544800460.45
1544800460.52
1544800460.57
1544800460.62
1544800460.66
1544800460.74
1544800460.78
1544800460.82
1544800460.87
1544800460.97
1544800461.0
1544800461.03
1544800461.09
1544800461.15
1544800461.2
1544800461.24
1544800461.29
1544800461.37
1544800461.41
1544800461.45
1544800461.51
1544800461.57
1544800461.62
1544800461.65
1544800461.72
1544800461.79
1544800461.83
1544800461.89
1544800461.95
1544800461.99
1544800462.03
1544800462.08
1544800462.14
1544800462.18
1544800462.23
1544800462.29
1544800462.32
1544800462.38
1544800462.42
1544800462.48
1544800462.54
1544800462.6
1544800462.67
1544800462.74
1544800462.81
1544800462.86
1544800462.9
1544800462.95
1544800463.0
1544800463.05
1544800463.09
1544800463.14
1544800463.19
1544800463.24
1544800463.29
1544800463.34
1544800463.4
1544800463.45
1544800463.52
1544800463.59
1544800463.65
1544800463.73
1544800463.77
1544800463.81
1544800463.85
1544800463.92
1544800463.99
1544800464.04
1544800464.1
1544800464.15
1544800464.22
1544800464.3
1544800464.37
1544800464.44
1544800464.51
1544800464.58
1544800464.63
1544800464.7
1544800464.76
1544800464.82
1544800464.88
1544800464.93
1544800464.99
1544800465.03
1544800465.1
1544800465.16
1544800465.2
1544800465.24
1544800465.29
1544800465.38
1544800465.41
1544800465.45
1544800465.51
1544800465.57
1544800465.6
1544800465.63
1544800465.66
1544800465.71
1544800465.74
1544800465.8
1544800465.84
1544800465.88
1544800465.95
1544800466.0
1544800466.04
1544800466.1
1544800466.17
1544800466.21
1544800466.25
1544800466.31
1544800466.35
1544800466.39
1544800466.43
1544800466.47
1544800466.52
1544800466.58
1544800466.62
1544800466.67
1544800466.73
1544800466.79
1544800466.82
1544800466.86
1544800466.94
1544800466.99
1544800467.03
1544800467.08
1544800467.13
1544800467.19
1544800467.22
1544800467.26
1544800467.29
1544800467.32
1544800467.38
1544800467.44
1544800467.47
1544800467.52
1544800467.55
1544800467.59
1544800467.63
1544800467.68
1544800467.72
1544800467.76
1544800467.81
1544800467.84
1544800467.88
1544800467.91
1544800467.95
1544800467.99
1544800468.02
1544800468.05
1544800468.11
1544800468.15
1544800468.2
1544800468.25
1544800468.29
1544800468.33
1544800468.38
1544800468.43
1544800468.49
1544800468.54
1544800468.62
1544800468.69
1544800468.74
1544800468.8
1544800468.87
1544800468.93
1544800469.0
1544800469.07
1544800469.13
1544800469.2
1544800469.26
1544800469.33
1544800469.4
1544800469.48
1544800469.54
1544800469.62
1544800469.69
1544800469.76
1544800469.83
1544800469.9
1544800469.95
1544800470.01
1544800470.05
1544800470.13
1544800470.22
1544800470.29
1544800470.38
1544800470.45
1544800470.53
1544800470.59
1544800470.64
1544800470.69
1544800470.73
1544800470.78
1544800470.82
1544800470.87
1544800470.92
1544800470.98
1544800471.03
1544800471.1
1544800471.17
1544800471.22
1544800471.28
1544800471.33
1544800471.38
1544800471.43
