1544801068.62
1544801068.8
1544801068.93
1544801069.04
1544801069.14
1544801069.22
1544801069.35
1544801069.45
1544801069.51
1544801069.59
1544801069.67
1544801069.77
1544801069.87
1544801069.95
1544801070.05
1544801070.16
1544801070.24
1544801070.3
1544801070.4
1544801070.5
1544801070.61
1544801070.72
1544801070.83
1544801070.95
1544801071.05
1544801071.14
1544801071.24
1544801071.34
1544801071.44
1544801071.55
1544801071.63
1544801071.76
1544801071.86
1544801071.95
1544801072.06
1544801072.15
1544801072.26
1544801072.34
1544801072.43
1544801072.53
1544801072.64
1544801072.75
1544801072.86
1544801072.97
1544801073.08
1544801073.2
1544801073.31
1544801073.42
1544801073.53
1544801073.62
1544801073.7
1544801073.78
1544801073.89
1544801074.0
1544801074.12
1544801074.21
1544801074.3
1544801074.38
1544801074.44
1544801074.49
1544801074.55
1544801074.65
1544801074.73
1544801074.81
1544801074.88
1544801074.94
1544801075.01
1544801075.09
1544801075.17
1544801075.24
1544801075.31
1544801075.38
1544801075.45
1544801075.51
1544801075.58
1544801075.63
1544801075.7
1544801075.75
1544801075.81
1544801075.88
1544801075.93
1544801076.01
1544801076.08
1544801076.14
1544801076.21
1544801076.27
1544801076.33
1544801076.4
1544801076.47
1544801076.54
1544801076.6
1544801076.67
1544801076.72
1544801076.77
1544801076.81
1544801076.91
1544801076.97
1544801077.02
1544801077.09
1544801077.15
1544801077.22
1544801077.29
1544801077.36
1544801077.41
1544801077.47
1544801077.53
1544801077.6
1544801077.65
1544801077.72
1544801077.79
1544801077.88
1544801077.98
1544801078.07
1544801078.15
1544801078.23
1544801078.3
1544801078.38
1544801078.45
1544801078.54
1544801078.6
1544801078.66
1544801078.72
1544801078.77
1544801078.82
1544801078.88
1544801079.02
1544801079.11
1544801079.19
1544801079.28
1544801079.37
1544801079.47
1544801079.52
1544801079.56
1544801079.62
1544801079.71
1544801079.76
1544801079.79
1544801079.83
1544801079.92
1544801079.98
1544801080.05
1544801080.16
1544801080.23
1544801080.3
1544801080.36
1544801080.4
1544801080.46
1544801080.53
1544801080.62
1544801080.71
1544801080.8
1544801080.86
1544801080.92
1544801080.99
1544801081.05
1544801081.11
1544801081.2
1544801081.26
1544801081.36
1544801081.43
1544801081.52
1544801081.59
1544801081.64
1544801081.71
1544801081.78
1544801081.84
1544801081.92
1544801082.0
1544801082.04
1544801082.1
1544801082.15
1544801082.22
1544801082.3
1544801082.36
1544801082.42
1544801082.48
1544801082.53
1544801082.59
1544801082.72
1544801082.81
1544801082.89
1544801082.96
1544801083.02
1544801083.09
1544801083.15
1544801083.2
1544801083.27
1544801083.34
1544801083.38
1544801083.44
1544801083.5
1544801083.56
1544801083.61
1544801083.65
1544801083.72
1544801083.78
1544801083.83
1544801083.88
1544801083.93
1544801083.97
1544801084.05
1544801084.11
1544801084.18
1544801084.24
1544801084.29
1544801084.35
1544801084.41
1544801084.46
1544801084.51
1544801084.58
1544801084.64
1544801084.7
1544801084.76
1544801084.82
1544801084.89
1544801084.96
1544801085.01
1544801085.08
1544801085.16
1544801085.22
1544801085.28
1544801085.34
1544801085.4
1544801085.46
1544801085.52
1544801085.59
1544801085.66
1544801085.74
1544801085.8
1544801085.91
1544801085.98
1544801086.06
1544801086.11
1544801086.2
1544801086.28
1544801086.35
1544801086.44
1544801086.5
1544801086.56
1544801086.62
1544801086.7
1544801086.75
1544801086.87
1544801086.94
1544801087.03
1544801087.13
1544801087.22
1544801087.3
1544801087.36
1544801087.42
1544801087.48
1544801087.53
1544801087.59
1544801087.65
1544801087.72
1544801087.78
1544801087.82
1544801087.87
1544801087.94
1544801087.99
1544801088.11
1544801088.18
1544801088.24
1544801088.3
1544801088.37
1544801088.42
1544801088.49
1544801088.55
1544801088.62
1544801088.7
1544801088.77
1544801088.82
1544801088.88
1544801088.95
1544801089.0
1544801089.05
1544801089.1
1544801089.15
1544801089.21
1544801089.28
1544801089.34
1544801089.39
1544801089.46
1544801089.51
1544801089.6
1544801089.67
1544801089.74
1544801089.85
1544801089.92
1544801089.99
1544801090.04
1544801090.1
1544801090.16
1544801090.22
1544801090.3
1544801090.38
1544801090.43
1544801090.49
1544801090.56
1544801090.6
1544801090.66
1544801090.72
1544801090.78
1544801090.83
1544801090.87
1544801090.92
1544801090.98
1544801091.02
1544801091.11
1544801091.16
1544801091.23
1544801091.3
1544801091.37
1544801091.44
1544801091.51
1544801091.58
1544801091.64
1544801091.7
1544801091.77
1544801091.84
1544801091.9
1544801091.97
1544801092.05
1544801092.11
1544801092.18
1544801092.24
1544801092.3
1544801092.37
1544801092.47
1544801092.54
1544801092.61
1544801092.67
1544801092.74
1544801092.81
1544801092.89
1544801092.95
1544801093.01
1544801093.08
1544801093.16
1544801093.24
1544801093.3
1544801093.36
1544801093.43
1544801093.5
1544801093.55
1544801093.6
1544801093.64
1544801093.72
1544801093.81
1544801093.87
1544801093.95
1544801094.01
1544801094.09
1544801094.17
1544801094.25
1544801094.33
1544801094.4
1544801094.48
1544801094.55
1544801094.62
1544801094.7
1544801094.76
1544801094.83
1544801094.9
1544801094.97
1544801095.02
1544801095.09
1544801095.16
1544801095.22
1544801095.29
1544801095.35
1544801095.41
1544801095.48
1544801095.52
1544801095.61
1544801095.68
1544801095.75
1544801095.81
1544801095.88
1544801095.95
1544801096.02
1544801096.09
1544801096.15
1544801096.22
1544801096.28
1544801096.33
1544801096.4
1544801096.46
1544801096.53
1544801096.6
1544801096.67
1544801096.73
1544801096.79
1544801096.84
1544801096.9
1544801096.95
1544801097.01
1544801097.06
1544801097.12
1544801097.18
1544801097.24
1544801097.3
1544801097.35
1544801097.4
1544801097.45
1544801097.5
1544801097.56
1544801097.62
1544801097.71
1544801097.77
1544801097.83
1544801097.89
1544801097.95
1544801097.99
1544801098.05
1544801098.09
1544801098.13
1544801098.19
1544801098.24
1544801098.28
1544801098.32
1544801098.35
1544801098.41
1544801098.46
1544801098.5
1544801098.54
1544801098.6
1544801098.65
1544801098.68
1544801098.72
1544801098.78
1544801098.82
1544801098.86
1544801098.9
1544801098.94
1544801098.98
1544801099.03
1544801099.07
1544801099.11
1544801099.14
1544801099.18
1544801099.22
1544801099.26
1544801099.3
1544801099.34
1544801099.39
1544801099.43
1544801099.49
1544801099.53
1544801099.57
1544801099.63
1544801099.67
1544801099.71
1544801099.76
1544801099.82
1544801099.86
1544801099.9
1544801099.94
1544801099.99
1544801100.05
1544801100.08
1544801100.12
1544801100.16
1544801100.2
1544801100.26
1544801100.3
1544801100.35
1544801100.44
1544801100.48
1544801100.52
1544801100.57
1544801100.62
1544801100.67
1544801100.7
1544801100.75
1544801100.81
1544801100.85
1544801100.89
1544801100.93
1544801101.0
1544801101.05
1544801101.09
1544801101.14
1544801101.18
1544801101.22
1544801101.26
1544801101.29
1544801101.35
1544801101.41
1544801101.46
1544801101.5
1544801101.54
1544801101.61
1544801101.65
1544801101.69
1544801101.73
1544801101.77
1544801101.81
1544801101.86
1544801101.9
1544801101.94
1544801101.99
1544801102.05
1544801102.08
1544801102.13
1544801102.19
1544801102.24
1544801102.28
1544801102.31
1544801102.37
1544801102.43
1544801102.47
1544801102.51
1544801102.55
1544801102.62
1544801102.67
1544801102.73
1544801102.79
1544801102.84
1544801102.89
1544801102.94
1544801103.02
1544801103.07
1544801103.11
1544801103.18
1544801103.23
1544801103.27
1544801103.31
1544801103.38
1544801103.42
1544801103.46
1544801103.5
1544801103.54
1544801103.61
1544801103.66
1544801103.69
1544801103.72
1544801103.78
1544801103.83
1544801103.87
1544801103.91
1544801103.95
1544801104.01
1544801104.06
1544801104.1
1544801104.14
1544801104.2
1544801104.26
1544801104.3
1544801104.35
1544801104.39
1544801104.43
1544801104.48
1544801104.51
1544801104.56
1544801104.6
1544801104.65
1544801104.69
1544801104.74
1544801104.8
1544801104.87
1544801104.92
1544801104.98
1544801105.04
1544801105.09
1544801105.15
1544801105.21
1544801105.26
1544801105.31
1544801105.35
1544801105.4
1544801105.45
1544801105.5
1544801105.55
1544801105.59
1544801105.64
1544801105.69
1544801105.73
1544801105.78
1544801105.84
1544801105.87
1544801105.92
1544801105.98
1544801106.03
1544801106.07
1544801106.12
1544801106.17
1544801106.22
1544801106.26
1544801106.3
1544801106.35
1544801106.4
1544801106.45
1544801106.49
1544801106.54
1544801106.59
1544801106.64
1544801106.69
1544801106.75
1544801106.8
1544801106.86
1544801106.91
1544801106.97
1544801107.02
1544801107.09
1544801107.15
1544801107.21
1544801107.27
1544801107.31
1544801107.36
1544801107.42
1544801107.46
1544801107.49
1544801107.54
1544801107.6
1544801107.65
1544801107.68
1544801107.71
1544801107.75
1544801107.8
1544801107.84
1544801107.87
1544801107.92
1544801107.95
1544801108.0
1544801108.04
1544801108.08
1544801108.11
1544801108.17
1544801108.22
1544801108.27
1544801108.31
1544801108.35
1544801108.42
1544801108.48
1544801108.51
1544801108.58
1544801108.64
1544801108.69
1544801108.73
1544801108.8
1544801108.84
1544801108.88
1544801108.92
1544801109.0
1544801109.06
1544801109.1
1544801109.14
1544801109.19
1544801109.22
1544801109.27
1544801109.31
1544801109.36
1544801109.42
1544801109.49
1544801109.57
1544801109.63
1544801109.69
1544801109.74
1544801109.79
1544801109.85
1544801109.91
1544801109.98
1544801110.02
1544801110.09
1544801110.17
1544801110.22
1544801110.28
1544801110.34
1544801110.37
1544801110.41
1544801110.47
1544801110.53
1544801110.57
1544801110.62
1544801110.67
1544801110.72
1544801110.78
1544801110.85
1544801110.9
1544801110.95
1544801111.0
1544801111.05
1544801111.12
1544801111.2
1544801111.25
1544801111.29
1544801111.32
1544801111.39
1544801111.45
1544801111.5
1544801111.56
1544801111.62
1544801111.68
1544801111.74
1544801111.78
1544801111.83
1544801111.87
1544801111.91
1544801111.96
1544801112.0
1544801112.05
1544801112.1
1544801112.16
1544801112.21
1544801112.27
1544801112.32
1544801112.38
1544801112.44
1544801112.49
1544801112.55
1544801112.6
1544801112.66
1544801112.71
1544801112.76
1544801112.8
1544801112.85
1544801112.88
1544801112.92
1544801112.99
1544801113.04
1544801113.09
1544801113.16
1544801113.22
1544801113.28
1544801113.34
1544801113.39
1544801113.46
1544801113.51
1544801113.57
1544801113.62
1544801113.67
1544801113.71
1544801113.77
1544801113.81
1544801113.86
1544801113.91
1544801114.0
1544801114.06
1544801114.09
1544801114.13
1544801114.18
1544801114.23
1544801114.28
1544801114.32
1544801114.37
1544801114.41
1544801114.46
1544801114.5
1544801114.54
1544801114.58
1544801114.62
1544801114.67
1544801114.7
1544801114.78
1544801114.84
1544801114.89
1544801114.94
1544801115.0
1544801115.06
1544801115.1
1544801115.18
1544801115.24
1544801115.28
1544801115.32
1544801115.37
1544801115.44
1544801115.47
1544801115.51
1544801115.55
1544801115.62
1544801115.68
1544801115.72
1544801115.79
1544801115.84
1544801115.88
1544801115.92
1544801115.97
1544801116.0
1544801116.04
1544801116.07
1544801116.1
1544801116.14
1544801116.19
1544801116.23
1544801116.27
1544801116.3
1544801116.38
1544801116.44
1544801116.48
1544801116.52
1544801116.57
1544801116.62
1544801116.66
1544801116.69
1544801116.73
1544801116.79
1544801116.85
1544801116.89
1544801116.92
1544801116.98
1544801117.04
1544801117.08
1544801117.13
1544801117.24
1544801117.27
1544801117.31
1544801117.38
1544801117.43
1544801117.47
1544801117.51
1544801117.57
1544801117.62
1544801117.67
1544801117.72
1544801117.78
1544801117.83
1544801117.88
1544801117.95
1544801117.99
1544801118.07
1544801118.15
1544801118.21
1544801118.28
1544801118.34
1544801118.4
1544801118.48
1544801118.55
1544801118.6
1544801118.68
1544801118.75
1544801118.84
1544801118.9
1544801118.98
1544801119.07
1544801119.15
1544801119.23
1544801119.28
1544801119.34
1544801119.38
1544801119.45
1544801119.5
1544801119.57
1544801119.62
1544801119.67
1544801119.75
1544801119.82
1544801119.89
1544801119.98
1544801120.04
1544801120.11
1544801120.18
1544801120.24
1544801120.29
1544801120.36
1544801120.42
1544801120.49
1544801120.55
1544801120.6
1544801120.67
1544801120.74
1544801120.8
1544801120.86
1544801120.94
1544801120.99
1544801121.04
1544801121.14
1544801121.19
1544801121.26
1544801121.3
1544801121.36
1544801121.41
1544801121.47
1544801121.52
1544801121.59
1544801121.66
1544801121.75
1544801121.81
1544801121.87
1544801121.93
1544801122.0
1544801122.06
1544801122.11
1544801122.18
1544801122.25
1544801122.3
1544801122.37
1544801122.43
1544801122.48
1544801122.51
1544801122.57
1544801122.62
1544801122.67
1544801122.71
1544801122.8
1544801122.89
1544801122.99
1544801123.07
1544801123.18
1544801123.25
1544801123.32
1544801123.37
1544801123.41
1544801123.47
1544801123.52
1544801123.58
1544801123.66
1544801123.71
1544801123.78
1544801123.84
1544801123.89
1544801123.96
1544801124.02
1544801124.07
1544801124.12
1544801124.2
1544801124.27
1544801124.32
1544801124.4
1544801124.48
1544801124.56
1544801124.64
1544801124.69
1544801124.76
1544801124.81
1544801124.86
1544801124.92
1544801124.97
1544801125.03
1544801125.08
1544801125.14
1544801125.2
1544801125.26
1544801125.3
1544801125.36
1544801125.4
1544801125.45
1544801125.49
1544801125.55
1544801125.6
1544801125.65
1544801125.7
1544801125.75
1544801125.8
1544801125.86
1544801125.91
1544801125.97
1544801126.0
1544801126.05
1544801126.1
1544801126.16
1544801126.2
1544801126.26
1544801126.32
1544801126.39
1544801126.43
1544801126.48
1544801126.53
1544801126.59
1544801126.65
1544801126.7
1544801126.75
1544801126.81
1544801126.87
1544801126.93
1544801127.0
1544801127.07
1544801127.12
1544801127.17
1544801127.22
1544801127.28
1544801127.32
1544801127.36
1544801127.39
1544801127.46
1544801127.52
1544801127.58
1544801127.64
1544801127.69
1544801127.76
1544801127.82
1544801127.88
1544801127.94
1544801128.0
1544801128.07
1544801128.12
1544801128.19
1544801128.26
1544801128.31
1544801128.37
1544801128.44
1544801128.49
1544801128.53
1544801128.58
1544801128.62
1544801128.68
1544801128.73
1544801128.82
1544801128.86
1544801128.92
1544801128.96
1544801129.0
1544801129.04
1544801129.08
1544801129.12
1544801129.19
1544801129.24
1544801129.29
1544801129.33
1544801129.37
1544801129.43
1544801129.49
1544801129.53
1544801129.57
1544801129.64
1544801129.68
1544801129.73
1544801129.8
1544801129.85
1544801129.89
1544801129.95
1544801130.02
1544801130.06
1544801130.1
1544801130.15
1544801130.22
1544801130.27
1544801130.3
1544801130.35
1544801130.44
1544801130.49
1544801130.53
1544801130.59
1544801130.63
1544801130.67
1544801130.71
1544801130.75
1544801130.8
1544801130.85
1544801130.9
1544801130.93
1544801131.0
1544801131.05
1544801131.09
1544801131.13
1544801131.17
1544801131.21
1544801131.27
1544801131.31
1544801131.36
1544801131.4
1544801131.45
1544801131.5
1544801131.55
1544801131.59
1544801131.62
1544801131.66
1544801131.7
1544801131.77
1544801131.82
1544801131.87
1544801131.9
1544801131.95
1544801132.01
1544801132.07
1544801132.11
1544801132.16
1544801132.21
1544801132.26
1544801132.29
1544801132.36
1544801132.41
1544801132.47
1544801132.5
1544801132.56
1544801132.62
1544801132.66
1544801132.69
1544801132.74
1544801132.81
1544801132.87
1544801132.9
1544801132.96
1544801133.0
1544801133.06
1544801133.09
1544801133.13
1544801133.22
1544801133.27
1544801133.31
1544801133.36
1544801133.4
1544801133.45
1544801133.49
1544801133.52
1544801133.59
1544801133.64
1544801133.68
1544801133.72
1544801133.79
1544801133.84
1544801133.88
1544801133.94
1544801134.0
1544801134.04
1544801134.08
1544801134.12
1544801134.18
1544801134.22
1544801134.27
1544801134.3
1544801134.35
1544801134.41
1544801134.46
1544801134.51
1544801134.56
1544801134.62
1544801134.66
1544801134.69
1544801134.73
1544801134.77
1544801134.85
1544801134.9
1544801134.93
1544801134.99
1544801135.04
1544801135.08
1544801135.11
1544801135.17
1544801135.23
1544801135.28
1544801135.32
1544801135.36
1544801135.4
1544801135.45
1544801135.49
1544801135.53
1544801135.57
1544801135.63
1544801135.68
1544801135.71
1544801135.78
1544801135.84
1544801135.89
1544801135.94
1544801136.02
1544801136.06
1544801136.1
1544801136.15
1544801136.2
1544801136.26
1544801136.29
1544801136.35
1544801136.4
1544801136.46
1544801136.5
1544801136.54
1544801136.6
1544801136.65
1544801136.69
1544801136.73
1544801136.79
1544801136.83
1544801136.87
1544801136.91
1544801136.94
1544801137.02
1544801137.07
1544801137.11
1544801137.14
1544801137.19
1544801137.24
1544801137.28
1544801137.32
1544801137.38
1544801137.43
1544801137.48
1544801137.51
1544801137.57
1544801137.62
1544801137.67
1544801137.71
1544801137.79
1544801137.83
1544801137.88
1544801137.91
1544801137.95
1544801138.0
1544801138.05
1544801138.09
1544801138.13
1544801138.22
1544801138.28
1544801138.33
1544801138.4
1544801138.46
1544801138.5
1544801138.55
1544801138.61
1544801138.66
1544801138.7
1544801138.74
1544801138.79
1544801138.86
1544801138.9
1544801138.95
1544801139.01
1544801139.06
1544801139.1
1544801139.16
1544801139.24
1544801139.28
1544801139.31
1544801139.37
1544801139.45
1544801139.52
1544801139.59
1544801139.67
1544801139.72
1544801139.8
1544801139.87
1544801139.91
1544801139.97
1544801140.03
1544801140.07
1544801140.12
1544801140.17
1544801140.25
1544801140.31
1544801140.37
1544801140.44
1544801140.5
1544801140.57
1544801140.64
1544801140.69
1544801140.77
1544801140.84
1544801140.9
1544801140.97
1544801141.05
1544801141.09
1544801141.12
1544801141.18
1544801141.25
1544801141.29
1544801141.34
1544801141.4
1544801141.45
1544801141.5
1544801141.58
1544801141.62
1544801141.69
1544801141.74
1544801141.78
1544801141.82
1544801141.89
1544801141.94
1544801141.98
1544801142.04
1544801142.09
1544801142.13
1544801142.17
1544801142.22
1544801142.28
1544801142.34
1544801142.37
1544801142.41
1544801142.5
1544801142.56
1544801142.59
1544801142.62
1544801142.7
1544801142.74
1544801142.78
1544801142.82
1544801142.87
1544801142.93
1544801142.98
1544801143.03
1544801143.09
1544801143.14
1544801143.18
1544801143.22
1544801143.28
1544801143.33
1544801143.37
1544801143.41
1544801143.47
1544801143.55
1544801143.59
1544801143.63
1544801143.7
1544801143.76
1544801143.79
1544801143.85
1544801143.9
1544801143.96
1544801143.98
1544801144.02
1544801144.14
1544801144.17
1544801144.21
1544801144.24
1544801144.31
1544801144.34
1544801144.38
1544801144.42
1544801144.48
1544801144.54
1544801144.58
1544801144.61
1544801144.68
1544801144.74
1544801144.78
1544801144.82
1544801144.86
1544801144.91
1544801144.94
1544801144.98
1544801145.01
1544801145.06
1544801145.11
1544801145.16
1544801145.2
1544801145.24
1544801145.31
1544801145.37
1544801145.41
1544801145.45
1544801145.52
1544801145.57
1544801145.61
1544801145.65
1544801145.68
1544801145.73
1544801145.79
1544801145.84
1544801145.89
1544801145.96
1544801146.0
1544801146.04
1544801146.08
1544801146.13
1544801146.18
1544801146.22
1544801146.27
1544801146.31
1544801146.35
1544801146.39
1544801146.43
1544801146.49
1544801146.55
1544801146.59
1544801146.63
1544801146.7
1544801146.76
1544801146.8
1544801146.84
1544801146.91
1544801146.96
1544801147.0
1544801147.06
1544801147.1
1544801147.14
1544801147.22
1544801147.27
1544801147.31
1544801147.38
1544801147.45
1544801147.51
1544801147.59
1544801147.67
1544801147.74
1544801147.81
1544801147.89
1544801147.96
1544801148.03
1544801148.1
1544801148.17
1544801148.27
1544801148.34
1544801148.4
1544801148.46
1544801148.52
1544801148.58
1544801148.62
1544801148.69
1544801148.75
1544801148.81
1544801148.88
1544801148.94
1544801149.01
1544801149.08
1544801149.14
1544801149.19
1544801149.23
1544801149.3
1544801149.37
1544801149.44
1544801149.48
1544801149.52
1544801149.58
1544801149.64
1544801149.71
1544801149.79
1544801149.84
1544801149.91
1544801149.96
1544801150.0
1544801150.04
1544801150.1
1544801150.15
1544801150.19
1544801150.22
1544801150.28
1544801150.34
1544801150.39
1544801150.42
1544801150.5
1544801150.55
1544801150.59
1544801150.64
1544801150.69
1544801150.74
1544801150.78
1544801150.82
1544801150.88
1544801150.91
1544801150.96
1544801150.99
1544801151.03
1544801151.1
1544801151.14
1544801151.18
1544801151.21
1544801151.25
1544801151.31
1544801151.36
1544801151.4
1544801151.44
1544801151.48
1544801151.52
1544801151.56
1544801151.61
1544801151.67
1544801151.72
1544801151.78
1544801151.81
1544801151.86
1544801151.9
1544801151.94
1544801151.98
1544801152.02
1544801152.08
1544801152.14
1544801152.17
1544801152.2
1544801152.25
1544801152.32
1544801152.37
1544801152.42
1544801152.5
1544801152.55
1544801152.58
1544801152.62
1544801152.66
1544801152.71
1544801152.77
1544801152.8
1544801152.85
1544801152.91
1544801152.97
1544801153.01
1544801153.08
1544801153.12
1544801153.2
1544801153.25
1544801153.31
1544801153.36
1544801153.4
1544801153.46
1544801153.52
1544801153.56
1544801153.59
1544801153.63
1544801153.68
1544801153.72
1544801153.76
1544801153.8
1544801153.84
1544801153.89
1544801153.94
1544801153.98
1544801154.01
1544801154.07
1544801154.11
1544801154.17
1544801154.2
1544801154.24
1544801154.29
1544801154.34
1544801154.39
1544801154.43
1544801154.47
1544801154.55
1544801154.59
1544801154.64
1544801154.7
1544801154.74
1544801154.78
1544801154.82
1544801154.86
1544801154.9
1544801154.94
1544801154.98
1544801155.02
1544801155.09
1544801155.14
1544801155.18
1544801155.21
1544801155.26
1544801155.31
1544801155.37
1544801155.41
1544801155.48
1544801155.55
1544801155.6
1544801155.66
1544801155.7
1544801155.74
1544801155.78
1544801155.81
1544801155.87
1544801155.94
1544801155.99
1544801156.03
1544801156.11
1544801156.16
1544801156.21
1544801156.25
1544801156.31
1544801156.35
1544801156.38
1544801156.42
1544801156.48
1544801156.57
1544801156.6
1544801156.66
1544801156.72
1544801156.78
1544801156.84
1544801156.89
1544801156.94
1544801156.98
1544801157.02
1544801157.07
1544801157.11
1544801157.17
1544801157.21
1544801157.25
1544801157.3
1544801157.34
1544801157.39
1544801157.44
1544801157.51
1544801157.57
1544801157.62
1544801157.69
1544801157.74
1544801157.78
1544801157.82
1544801157.89
1544801157.94
1544801157.98
1544801158.02
1544801158.09
1544801158.17
1544801158.2
1544801158.25
1544801158.3
1544801158.35
1544801158.39
1544801158.44
1544801158.49
1544801158.56
1544801158.6
1544801158.64
1544801158.71
1544801158.77
1544801158.81
1544801158.88
1544801158.94
1544801158.98
1544801159.02
1544801159.08
1544801159.16
1544801159.19
1544801159.24
1544801159.32
1544801159.37
1544801159.41
1544801159.46
1544801159.53
1544801159.58
1544801159.62
1544801159.67
1544801159.72
1544801159.76
1544801159.81
1544801159.87
1544801159.93
1544801159.97
1544801160.02
1544801160.1
1544801160.15
1544801160.19
1544801160.24
1544801160.28
1544801160.32
1544801160.38
1544801160.42
1544801160.47
1544801160.52
1544801160.59
1544801160.64
1544801160.68
1544801160.75
1544801160.79
1544801160.84
1544801160.91
1544801160.95
1544801160.99
1544801161.03
1544801161.09
1544801161.15
1544801161.19
1544801161.25
1544801161.29
1544801161.34
1544801161.4
1544801161.46
1544801161.51
1544801161.57
1544801161.61
1544801161.68
1544801161.74
1544801161.79
1544801161.82
1544801161.87
1544801161.92
1544801161.98
1544801162.02
1544801162.07
1544801162.11
1544801162.17
1544801162.22
1544801162.3
1544801162.35
1544801162.39
1544801162.44
1544801162.5
1544801162.58
1544801162.66
1544801162.73
1544801162.8
1544801162.88
1544801162.92
1544801162.98
1544801163.06
1544801163.13
1544801163.21
1544801163.3
1544801163.37
1544801163.42
1544801163.48
1544801163.54
1544801163.58
1544801163.61
1544801163.66
1544801163.71
1544801163.76
1544801163.8
1544801163.86
1544801163.91
1544801163.98
1544801164.05
1544801164.11
1544801164.16
1544801164.22
1544801164.29
1544801164.38
1544801164.46
1544801164.51
1544801164.56
1544801164.61
1544801164.69
1544801164.75
1544801164.81
1544801164.87
1544801164.91
1544801164.95
1544801165.01
1544801165.07
1544801165.11
1544801165.19
1544801165.26
1544801165.32
1544801165.38
1544801165.42
1544801165.45
1544801165.5
1544801165.55
1544801165.58
1544801165.62
1544801165.69
1544801165.76
1544801165.8
1544801165.84
1544801165.92
1544801165.98
1544801166.02
1544801166.07
1544801166.12
1544801166.16
1544801166.2
1544801166.24
1544801166.32
1544801166.37
1544801166.41
1544801166.45
1544801166.51
1544801166.56
1544801166.59
1544801166.62
1544801166.7
1544801166.75
1544801166.8
1544801166.84
1544801166.92
1544801166.97
1544801167.01
1544801167.04
1544801167.09
1544801167.15
1544801167.18
1544801167.22
1544801167.27
1544801167.32
1544801167.36
1544801167.4
1544801167.45
1544801167.52
1544801167.58
1544801167.61
1544801167.68
1544801167.74
1544801167.78
1544801167.82
1544801167.87
1544801167.92
1544801167.97
1544801168.01
1544801168.05
1544801168.09
1544801168.14
1544801168.18
1544801168.22
1544801168.27
1544801168.31
1544801168.35
1544801168.39
1544801168.44
1544801168.48
1544801168.55
1544801168.6
1544801168.66
1544801168.72
1544801168.77
1544801168.81
1544801168.88
1544801168.92
1544801168.98
1544801169.02
1544801169.1
1544801169.15
1544801169.19
1544801169.25
1544801169.3
1544801169.35
1544801169.4
1544801169.44
1544801169.49
1544801169.55
1544801169.6
1544801169.65
1544801169.69
1544801169.73
1544801169.77
1544801169.81
1544801169.87
1544801169.94
1544801169.98
1544801170.02
1544801170.09
1544801170.16
1544801170.2
1544801170.24
1544801170.29
1544801170.34
1544801170.37
1544801170.42
1544801170.47
1544801170.52
1544801170.57
1544801170.6
1544801170.66
1544801170.73
1544801170.77
1544801170.81
1544801170.85
1544801170.92
1544801170.96
1544801171.0
1544801171.04
1544801171.08
1544801171.12
1544801171.17
1544801171.2
1544801171.27
1544801171.33
1544801171.37
1544801171.41
1544801171.45
1544801171.51
1544801171.57
1544801171.61
1544801171.67
1544801171.72
1544801171.77
1544801171.8
1544801171.84
1544801171.9
1544801171.95
1544801171.99
1544801172.04
1544801172.08
1544801172.14
1544801172.18
1544801172.21
1544801172.28
1544801172.34
1544801172.39
1544801172.45
1544801172.52
1544801172.57
1544801172.6
1544801172.67
1544801172.74
1544801172.77
1544801172.81
1544801172.9
1544801172.96
1544801173.0
1544801173.03
1544801173.11
1544801173.17
1544801173.22
1544801173.27
1544801173.34
1544801173.37
1544801173.41
1544801173.44
1544801173.51
1544801173.56
1544801173.59
1544801173.63
1544801173.69
1544801173.74
1544801173.77
1544801173.81
1544801173.89
1544801173.96
1544801173.99
1544801174.03
1544801174.1
1544801174.15
1544801174.19
1544801174.23
1544801174.26
1544801174.31
1544801174.36
1544801174.41
1544801174.47
1544801174.52
1544801174.58
1544801174.63
1544801174.7
1544801174.76
1544801174.8
1544801174.85
1544801174.89
1544801174.95
1544801175.0
1544801175.06
1544801175.11
1544801175.17
1544801175.22
1544801175.27
1544801175.32
1544801175.36
1544801175.41
1544801175.47
1544801175.54
1544801175.64
1544801175.73
1544801175.8
1544801175.88
1544801175.94
1544801175.98
1544801176.02
1544801176.07
1544801176.11
1544801176.18
1544801176.26
1544801176.31
1544801176.37
1544801176.42
1544801176.48
1544801176.53
1544801176.58
1544801176.65
1544801176.71
1544801176.78
1544801176.84
1544801176.91
1544801176.99
1544801177.06
1544801177.14
1544801177.18
1544801177.22
1544801177.28
1544801177.34
1544801177.39
1544801177.45
1544801177.51
1544801177.57
1544801177.63
1544801177.7
1544801177.75
1544801177.8
1544801177.86
1544801177.91
1544801177.96
1544801178.0
1544801178.04
1544801178.08
1544801178.11
1544801178.17
1544801178.21
1544801178.25
1544801178.29
1544801178.34
1544801178.4
1544801178.44
1544801178.49
1544801178.56
1544801178.61
1544801178.67
1544801178.71
1544801178.77
1544801178.81
1544801178.87
1544801178.91
1544801178.97
1544801179.05
1544801179.09
1544801179.14
1544801179.21
1544801179.25
1544801179.28
1544801179.32
1544801179.37
1544801179.41
1544801179.46
1544801179.5
1544801179.54
1544801179.6
1544801179.65
1544801179.69
1544801179.74
1544801179.8
1544801179.84
1544801179.89
1544801179.92
1544801180.0
1544801180.06
1544801180.09
1544801180.14
1544801180.2
1544801180.26
1544801180.29
1544801180.33
1544801180.37
1544801180.41
1544801180.47
1544801180.5
1544801180.54
1544801180.61
1544801180.67
1544801180.71
1544801180.77
1544801180.82
1544801180.88
1544801180.91
1544801180.99
1544801181.04
1544801181.08
1544801181.12
1544801181.19
1544801181.25
1544801181.28
1544801181.32
1544801181.37
1544801181.45
1544801181.49
1544801181.52
1544801181.56
1544801181.61
1544801181.67
1544801181.7
1544801181.75
1544801181.81
1544801181.87
1544801181.91
1544801181.97
1544801182.04
1544801182.08
1544801182.11
1544801182.15
1544801182.2
1544801182.25
1544801182.28
1544801182.32
1544801182.39
1544801182.44
1544801182.48
1544801182.54
1544801182.57
1544801182.62
1544801182.67
1544801182.71
1544801182.8
1544801182.86
1544801182.89
1544801182.96
1544801183.01
1544801183.08
1544801183.14
1544801183.21
1544801183.27
1544801183.3
1544801183.37
1544801183.45
1544801183.5
1544801183.59
1544801183.65
1544801183.72
1544801183.8
1544801183.87
1544801183.91
1544801183.97
1544801184.01
1544801184.07
1544801184.11
1544801184.15
1544801184.21
1544801184.26
1544801184.3
1544801184.36
1544801184.4
1544801184.45
1544801184.49
1544801184.53
1544801184.57
1544801184.62
1544801184.68
1544801184.74
1544801184.8
1544801184.88
1544801184.92
1544801184.97
1544801185.01
1544801185.06
1544801185.1
1544801185.16
1544801185.2
1544801185.26
1544801185.3
1544801185.37
1544801185.44
1544801185.52
1544801185.57
1544801185.62
1544801185.7
1544801185.78
1544801185.87
1544801185.94
1544801186.0
1544801186.09
1544801186.14
1544801186.19
1544801186.25
1544801186.31
1544801186.37
1544801186.42
1544801186.47
1544801186.51
1544801186.56
1544801186.61
1544801186.67
1544801186.72
1544801186.78
1544801186.84
1544801186.88
1544801186.92
1544801186.97
1544801187.01
1544801187.07
1544801187.11
1544801187.17
1544801187.21
1544801187.27
1544801187.31
1544801187.38
1544801187.42
1544801187.47
1544801187.52
1544801187.58
1544801187.64
1544801187.68
1544801187.72
1544801187.78
1544801187.82
1544801187.88
1544801187.94
1544801188.0
1544801188.06
1544801188.1
1544801188.16
1544801188.2
1544801188.27
1544801188.31
1544801188.38
1544801188.44
1544801188.48
1544801188.53
1544801188.6
1544801188.69
1544801188.75
1544801188.79
1544801188.84
1544801188.9
1544801188.97
1544801189.01
1544801189.09
1544801189.15
1544801189.19
1544801189.23
1544801189.29
1544801189.34
1544801189.39
1544801189.42
1544801189.48
1544801189.52
1544801189.59
1544801189.62
1544801189.7
1544801189.77
1544801189.81
1544801189.86
1544801189.94
1544801189.98
1544801190.02
1544801190.08
1544801190.14
1544801190.17
1544801190.21
1544801190.25
1544801190.3
1544801190.35
1544801190.4
1544801190.44
1544801190.51
1544801190.57
1544801190.62
1544801190.68
1544801190.75
1544801190.79
1544801190.84
1544801190.91
1544801190.97
1544801191.01
1544801191.06
1544801191.14
1544801191.18
1544801191.22
1544801191.28
1544801191.34
1544801191.4
1544801191.45
1544801191.5
1544801191.55
1544801191.6
1544801191.64
1544801191.68
1544801191.72
1544801191.8
1544801191.87
1544801191.92
1544801191.99
1544801192.05
1544801192.11
1544801192.18
1544801192.27
1544801192.32
1544801192.39
1544801192.46
1544801192.52
1544801192.59
1544801192.64
1544801192.69
1544801192.75
1544801192.82
1544801192.88
1544801192.93
1544801192.99
1544801193.04
1544801193.12
1544801193.18
1544801193.23
1544801193.29
1544801193.34
1544801193.41
1544801193.48
1544801193.52
1544801193.57
1544801193.64
1544801193.7
1544801193.78
1544801193.85
1544801193.92
1544801194.01
1544801194.07
1544801194.14
1544801194.2
1544801194.27
1544801194.32
1544801194.38
1544801194.44
1544801194.48
1544801194.52
1544801194.58
1544801194.64
1544801194.68
1544801194.73
1544801194.79
1544801194.85
1544801194.89
1544801194.92
1544801194.98
1544801195.05
1544801195.09
1544801195.13
1544801195.17
1544801195.21
1544801195.27
1544801195.31
1544801195.34
1544801195.4
1544801195.44
1544801195.47
1544801195.51
1544801195.57
1544801195.63
1544801195.68
1544801195.74
1544801195.8
1544801195.87
1544801195.91
1544801195.98
1544801196.05
1544801196.09
1544801196.14
1544801196.2
1544801196.27
1544801196.32
1544801196.41
1544801196.48
1544801196.51
1544801196.59
1544801196.64
1544801196.68
1544801196.72
1544801196.79
1544801196.84
1544801196.87
1544801196.91
1544801196.96
1544801197.03
1544801197.08
1544801197.12
1544801197.18
1544801197.23
1544801197.28
1544801197.32
1544801197.36
1544801197.4
1544801197.45
1544801197.49
1544801197.53
1544801197.58
1544801197.62
1544801197.67
1544801197.7
1544801197.76
1544801197.81
1544801197.86
1544801197.91
1544801197.95
1544801197.99
1544801198.04
1544801198.08
1544801198.12
1544801198.17
1544801198.23
1544801198.28
1544801198.32
1544801198.39
1544801198.46
1544801198.5
1544801198.54
1544801198.58
1544801198.63
1544801198.68
1544801198.72
1544801198.78
1544801198.83
1544801198.88
1544801198.92
1544801198.95
1544801199.01
1544801199.05
1544801199.09
1544801199.13
1544801199.19
1544801199.26
1544801199.3
1544801199.33
1544801199.37
1544801199.42
1544801199.46
1544801199.5
1544801199.55
1544801199.62
1544801199.68
1544801199.71
1544801199.77
1544801199.85
1544801199.9
1544801199.94
1544801200.0
1544801200.05
1544801200.09
1544801200.14
1544801200.19
1544801200.25
1544801200.29
1544801200.34
1544801200.39
1544801200.45
1544801200.5
1544801200.55
1544801200.62
1544801200.69
1544801200.75
1544801200.79
1544801200.83
1544801200.88
1544801200.93
1544801200.97
1544801201.0
1544801201.05
1544801201.08
1544801201.12
1544801201.17
1544801201.2
1544801201.24
1544801201.28
1544801201.32
1544801201.39
1544801201.45
1544801201.49
1544801201.55
1544801201.62
1544801201.67
1544801201.72
1544801201.77
1544801201.82
1544801201.87
1544801201.9
1544801201.94
1544801201.99
1544801202.04
1544801202.08
1544801202.12
1544801202.18
1544801202.23
1544801202.27
1544801202.31
1544801202.37
1544801202.44
1544801202.48
1544801202.51
1544801202.57
1544801202.62
1544801202.66
1544801202.7
1544801202.75
1544801202.79
1544801202.84
1544801202.89
1544801202.93
1544801202.97
1544801203.03
1544801203.08
1544801203.12
1544801203.17
1544801203.22
1544801203.27
1544801203.31
1544801203.35
1544801203.45
1544801203.5
1544801203.55
1544801203.6
1544801203.64
1544801203.68
1544801203.73
1544801203.77
1544801203.82
1544801203.87
1544801203.91
1544801203.95
1544801204.01
1544801204.07
1544801204.11
1544801204.16
1544801204.21
1544801204.27
1544801204.31
1544801204.35
1544801204.4
1544801204.46
1544801204.5
1544801204.55
1544801204.59
1544801204.63
1544801204.69
1544801204.74
1544801204.8
1544801204.85
1544801204.89
1544801204.93
1544801204.99
1544801205.07
1544801205.13
1544801205.22
1544801205.27
1544801205.31
1544801205.38
1544801205.44
1544801205.48
1544801205.51
1544801205.55
1544801205.6
1544801205.64
1544801205.68
1544801205.72
1544801205.81
1544801205.89
1544801205.95
1544801206.0
1544801206.05
1544801206.1
1544801206.16
1544801206.21
1544801206.26
1544801206.32
1544801206.39
1544801206.45
1544801206.5
1544801206.56
1544801206.61
1544801206.66
1544801206.7
1544801206.75
1544801206.79
1544801206.85
1544801206.9
1544801206.93
1544801206.98
1544801207.01
1544801207.05
1544801207.09
1544801207.12
1544801207.19
1544801207.24
1544801207.28
1544801207.32
1544801207.35
1544801207.41
1544801207.45
1544801207.49
1544801207.53
1544801207.6
1544801207.65
1544801207.68
1544801207.75
1544801207.83
1544801207.87
1544801207.91
1544801207.97
1544801208.05
1544801208.08
1544801208.12
1544801208.19
1544801208.27
1544801208.31
1544801208.4
1544801208.45
1544801208.49
1544801208.52
1544801208.56
1544801208.6
1544801208.64
1544801208.69
1544801208.72
1544801208.78
1544801208.84
1544801208.88
1544801208.92
1544801208.97
1544801209.04
1544801209.08
1544801209.12
1544801209.18
1544801209.23
1544801209.28
1544801209.31
1544801209.35
1544801209.39
1544801209.44
1544801209.48
1544801209.52
1544801209.57
1544801209.63
1544801209.68
1544801209.71
1544801209.78
1544801209.84
1544801209.88
1544801209.91
1544801210.0
1544801210.06
1544801210.1
1544801210.16
1544801210.21
1544801210.26
1544801210.3
1544801210.34
1544801210.42
1544801210.46
1544801210.5
1544801210.56
1544801210.61
1544801210.68
1544801210.74
1544801210.78
1544801210.82
1544801210.87
1544801210.92
1544801210.96
1544801211.01
1544801211.06
1544801211.11
1544801211.17
1544801211.22
1544801211.29
1544801211.36
1544801211.43
1544801211.49
1544801211.57
1544801211.63
1544801211.7
1544801211.76
1544801211.81
1544801211.87
1544801211.92
1544801211.98
1544801212.04
1544801212.1
1544801212.17
1544801212.22
1544801212.3
1544801212.38
1544801212.44
1544801212.49
1544801212.55
1544801212.6
1544801212.66
1544801212.72
1544801212.8
1544801212.89
1544801212.97
1544801213.04
1544801213.12
1544801213.2
1544801213.27
1544801213.37
1544801213.41
1544801213.47
1544801213.5
1544801213.55
1544801213.62
1544801213.66
1544801213.7
1544801213.77
1544801213.85
1544801213.88
1544801213.91
1544801213.95
1544801214.01
1544801214.06
1544801214.1
1544801214.17
1544801214.23
1544801214.27
1544801214.34
1544801214.41
1544801214.48
1544801214.56
1544801214.62
1544801214.68
1544801214.74
1544801214.79
1544801214.87
1544801214.94
1544801215.02
1544801215.12
1544801215.2
1544801215.27
1544801215.34
1544801215.41
1544801215.48
1544801215.54
1544801215.6
1544801215.68
1544801215.74
1544801215.8
1544801215.87
1544801215.96
1544801216.01
1544801216.06
1544801216.11
1544801216.16
1544801216.24
1544801216.28
1544801216.32
1544801216.37
1544801216.43
1544801216.47
1544801216.51
1544801216.56
1544801216.6
1544801216.65
1544801216.68
1544801216.73
1544801216.81
1544801216.85
1544801216.89
1544801216.93
1544801217.0
1544801217.05
1544801217.09
1544801217.12
1544801217.16
1544801217.2
1544801217.25
1544801217.29
1544801217.33
1544801217.38
1544801217.45
1544801217.49
1544801217.54
1544801217.58
1544801217.63
1544801217.67
1544801217.71
1544801217.79
1544801217.84
1544801217.88
1544801217.92
1544801217.99
1544801218.04
1544801218.09
1544801218.13
1544801218.16
1544801218.2
1544801218.24
1544801218.28
1544801218.32
1544801218.37
1544801218.44
1544801218.48
1544801218.51
1544801218.57
1544801218.64
1544801218.67
1544801218.7
1544801218.74
1544801218.8
1544801218.84
1544801218.87
1544801218.9
1544801218.94
1544801218.99
1544801219.05
1544801219.09
1544801219.13
1544801219.18
1544801219.25
1544801219.29
1544801219.34
1544801219.38
1544801219.42
1544801219.47
1544801219.5
1544801219.54
1544801219.58
1544801219.63
1544801219.69
1544801219.75
1544801219.79
1544801219.84
1544801219.9
1544801219.95
1544801220.03
1544801220.08
1544801220.11
1544801220.17
1544801220.23
1544801220.27
1544801220.31
1544801220.35
1544801220.42
1544801220.46
1544801220.5
1544801220.57
1544801220.62
1544801220.68
1544801220.72
1544801220.78
1544801220.85
1544801220.89
1544801220.94
1544801220.99
1544801221.04
1544801221.08
1544801221.12
1544801221.17
1544801221.21
1544801221.27
1544801221.31
1544801221.38
1544801221.44
1544801221.48
1544801221.51
1544801221.56
1544801221.61
1544801221.65
1544801221.69
1544801221.73
1544801221.78
1544801221.82
1544801221.87
1544801221.91
1544801221.96
1544801222.01
1544801222.07
1544801222.1
1544801222.15
1544801222.22
1544801222.26
1544801222.29
1544801222.34
1544801222.38
1544801222.42
1544801222.48
1544801222.51
1544801222.56
1544801222.62
1544801222.68
1544801222.71
1544801222.77
1544801222.81
1544801222.87
1544801222.91
1544801222.97
1544801223.05
1544801223.09
1544801223.14
1544801223.18
1544801223.25
1544801223.28
1544801223.32
1544801223.39
1544801223.46
1544801223.49
1544801223.54
1544801223.59
1544801223.65
1544801223.69
1544801223.72
1544801223.77
1544801223.84
1544801223.88
1544801223.94
1544801224.01
1544801224.07
1544801224.1
1544801224.15
1544801224.21
1544801224.28
1544801224.32
1544801224.39
1544801224.45
1544801224.49
1544801224.52
1544801224.58
1544801224.63
1544801224.67
1544801224.71
1544801224.76
1544801224.8
1544801224.85
1544801224.89
1544801224.93
1544801224.97
1544801225.01
1544801225.07
1544801225.1
1544801225.18
1544801225.25
1544801225.28
1544801225.32
1544801225.4
1544801225.45
1544801225.49
1544801225.54
1544801225.59
1544801225.67
1544801225.71
1544801225.77
1544801225.81
1544801225.86
1544801225.9
1544801225.94
1544801225.98
1544801226.02
1544801226.06
1544801226.09
1544801226.13
1544801226.19
1544801226.25
1544801226.3
1544801226.34
1544801226.38
1544801226.44
1544801226.48
1544801226.51
1544801226.55
1544801226.64
1544801226.67
1544801226.7
1544801226.74
1544801226.8
1544801226.86
1544801226.9
1544801226.96
1544801227.02
1544801227.07
1544801227.11
1544801227.17
1544801227.23
1544801227.28
1544801227.32
1544801227.38
1544801227.45
1544801227.5
1544801227.54
1544801227.59
1544801227.64
1544801227.68
1544801227.72
1544801227.8
1544801227.87
1544801227.91
1544801227.99
1544801228.05
1544801228.1
1544801228.15
1544801228.2
1544801228.26
1544801228.29
1544801228.34
1544801228.4
1544801228.44
1544801228.47
1544801228.52
1544801228.62
1544801228.68
1544801228.72
1544801228.78
1544801228.84
1544801228.88
1544801228.92
1544801228.99
1544801229.05
1544801229.1
1544801229.14
1544801229.17
1544801229.21
1544801229.27
1544801229.31
1544801229.37
1544801229.41
1544801229.47
1544801229.5
1544801229.53
1544801229.6
1544801229.66
1544801229.7
1544801229.74
1544801229.78
1544801229.84
1544801229.88
1544801229.91
1544801229.97
1544801230.03
1544801230.07
1544801230.11
1544801230.17
1544801230.24
1544801230.27
1544801230.31
1544801230.38
1544801230.44
1544801230.49
1544801230.54
1544801230.6
1544801230.65
1544801230.69
1544801230.74
1544801230.79
1544801230.84
1544801230.88
1544801230.91
1544801230.96
1544801231.0
1544801231.06
1544801231.1
1544801231.14
1544801231.21
1544801231.26
1544801231.31
1544801231.42
1544801231.48
1544801231.52
1544801231.58
1544801231.64
1544801231.68
1544801231.72
1544801231.79
1544801231.87
1544801231.92
1544801231.97
1544801232.01
1544801232.09
1544801232.21
1544801232.3
1544801232.38
1544801232.44
1544801232.49
1544801232.56
1544801232.64
1544801232.7
1544801232.77
1544801232.83
1544801232.9
1544801232.97
1544801233.02
1544801233.08
1544801233.14
1544801233.19
1544801233.26
1544801233.32
1544801233.4
1544801233.46
1544801233.52
1544801233.59
1544801233.67
1544801233.73
1544801233.84
1544801233.92
1544801233.97
1544801234.01
1544801234.08
1544801234.17
1544801234.24
1544801234.29
1544801234.33
1544801234.4
1544801234.47
1544801234.52
1544801234.58
1544801234.62
1544801234.66
1544801234.72
1544801234.81
1544801234.86
1544801234.9
1544801234.95
1544801235.0
1544801235.07
1544801235.1
1544801235.14
1544801235.18
1544801235.23
1544801235.27
1544801235.3
1544801235.36
1544801235.4
1544801235.45
1544801235.49
1544801235.52
1544801235.6
1544801235.65
1544801235.69
1544801235.75
1544801235.79
1544801235.84
1544801235.88
1544801235.92
1544801235.99
1544801236.05
1544801236.09
1544801236.14
1544801236.2
1544801236.26
1544801236.29
1544801236.37
1544801236.44
1544801236.49
1544801236.52
1544801236.59
1544801236.67
1544801236.71
1544801236.77
1544801236.84
1544801236.88
1544801236.92
1544801236.97
1544801237.0
1544801237.04
1544801237.08
1544801237.12
1544801237.17
1544801237.21
1544801237.26
1544801237.29
1544801237.34
1544801237.4
1544801237.45
1544801237.48
1544801237.52
1544801237.59
1544801237.66
1544801237.69
1544801237.75
1544801237.79
1544801237.84
1544801237.89
1544801237.93
1544801237.97
1544801238.01
1544801238.06
1544801238.1
1544801238.14
1544801238.19
1544801238.25
1544801238.29
1544801238.33
1544801238.37
1544801238.4
1544801238.45
1544801238.49
1544801238.54
1544801238.59
1544801238.65
1544801238.69
1544801238.74
1544801238.82
1544801238.88
1544801238.93
1544801238.99
1544801239.06
1544801239.1
1544801239.15
1544801239.21
1544801239.25
1544801239.29
1544801239.32
1544801239.36
1544801239.4
1544801239.45
1544801239.49
1544801239.53
1544801239.57
1544801239.63
1544801239.67
1544801239.71
1544801239.79
1544801239.84
1544801239.88
1544801239.94
1544801239.97
1544801240.02
1544801240.06
1544801240.11
1544801240.16
1544801240.2
1544801240.26
1544801240.31
1544801240.35
1544801240.4
1544801240.45
1544801240.48
1544801240.51
1544801240.57
1544801240.62
1544801240.67
1544801240.7
1544801240.75
1544801240.81
1544801240.86
1544801240.89
1544801240.94
1544801240.99
1544801241.03
1544801241.12
1544801241.2
1544801241.27
1544801241.31
1544801241.36
1544801241.4
1544801241.44
1544801241.51
1544801241.56
1544801241.59
1544801241.65
1544801241.71
1544801241.76
1544801241.8
1544801241.87
1544801241.92
1544801241.98
1544801242.03
1544801242.09
1544801242.15
1544801242.2
1544801242.26
1544801242.3
1544801242.36
1544801242.41
1544801242.47
1544801242.52
1544801242.6
1544801242.65
1544801242.69
1544801242.77
1544801242.82
1544801242.89
1544801242.96
1544801243.04
1544801243.1
1544801243.18
1544801243.25
1544801243.32
1544801243.38
1544801243.44
1544801243.52
1544801243.59
1544801243.66
1544801243.73
1544801243.79
1544801243.86
1544801243.94
1544801244.0
1544801244.05
1544801244.11
1544801244.18
1544801244.24
1544801244.29
1544801244.34
1544801244.39
1544801244.44
1544801244.5
1544801244.55
1544801244.59
1544801244.63
1544801244.69
1544801244.74
1544801244.78
1544801244.82
1544801244.89
1544801244.93
1544801244.96
1544801245.01
1544801245.08
1544801245.12
1544801245.18
1544801245.21
1544801245.25
1544801245.29
1544801245.36
1544801245.39
1544801245.43
1544801245.48
1544801245.53
1544801245.57
1544801245.6
1544801245.65
1544801245.72
1544801245.76
1544801245.8
1544801245.89
1544801245.95
1544801245.99
1544801246.03
1544801246.08
1544801246.12
1544801246.17
1544801246.21
1544801246.27
1544801246.32
1544801246.38
1544801246.42
1544801246.48
1544801246.54
1544801246.58
1544801246.61
1544801246.69
1544801246.74
1544801246.79
1544801246.84
1544801246.9
1544801246.96
1544801247.0
1544801247.06
1544801247.12
1544801247.17
1544801247.21
1544801247.27
1544801247.36
1544801247.4
1544801247.46
1544801247.52
1544801247.59
1544801247.63
1544801247.7
1544801247.75
1544801247.79
1544801247.87
1544801247.93
1544801247.99
1544801248.07
1544801248.14
1544801248.18
1544801248.22
1544801248.3
1544801248.36
1544801248.39
1544801248.42
1544801248.5
1544801248.57
1544801248.6
1544801248.65
1544801248.69
1544801248.74
1544801248.78
1544801248.82
1544801248.88
1544801248.94
1544801248.98
1544801249.02
1544801249.08
1544801249.14
1544801249.18
1544801249.21
1544801249.27
1544801249.32
1544801249.38
1544801249.41
1544801249.49
1544801249.53
1544801249.57
1544801249.61
1544801249.69
1544801249.73
1544801249.78
1544801249.82
1544801249.87
1544801249.92
1544801249.97
1544801250.01
1544801250.06
1544801250.1
1544801250.14
1544801250.19
1544801250.22
1544801250.3
1544801250.34
1544801250.38
1544801250.42
1544801250.49
1544801250.55
1544801250.59
1544801250.63
1544801250.68
1544801250.73
1544801250.77
1544801250.81
1544801250.91
1544801250.96
1544801251.0
1544801251.05
1544801251.1
1544801251.15
1544801251.18
1544801251.21
1544801251.26
1544801251.3
1544801251.35
1544801251.39
1544801251.43
1544801251.48
1544801251.54
1544801251.6
1544801251.64
1544801251.72
1544801251.78
1544801251.81
1544801251.86
1544801251.92
1544801252.0
1544801252.07
1544801252.14
1544801252.2
1544801252.29
1544801252.36
1544801252.4
1544801252.46
1544801252.5
1544801252.55
1544801252.6
1544801252.64
1544801252.71
1544801252.79
1544801252.84
1544801252.89
1544801252.94
1544801253.0
1544801253.05
1544801253.1
1544801253.17
1544801253.24
1544801253.31
1544801253.38
1544801253.47
1544801253.56
1544801253.62
1544801253.69
1544801253.75
1544801253.79
1544801253.84
1544801253.9
1544801253.97
1544801254.05
1544801254.1
1544801254.15
1544801254.2
1544801254.29
1544801254.36
1544801254.44
1544801254.5
1544801254.58
1544801254.63
1544801254.67
1544801254.72
1544801254.77
1544801254.81
1544801254.86
1544801254.91
1544801254.96
1544801255.02
1544801255.07
1544801255.11
1544801255.17
1544801255.21
1544801255.29
1544801255.37
1544801255.45
1544801255.52
1544801255.58
1544801255.64
1544801255.71
1544801255.77
1544801255.84
1544801255.9
1544801255.97
1544801256.04
1544801256.1
1544801256.18
1544801256.25
1544801256.3
1544801256.35
1544801256.4
1544801256.44
1544801256.49
1544801256.57
1544801256.61
1544801256.65
1544801256.71
1544801256.76
1544801256.8
1544801256.85
1544801256.9
1544801256.96
1544801257.0
1544801257.05
1544801257.1
1544801257.16
1544801257.2
1544801257.26
1544801257.31
1544801257.35
1544801257.39
1544801257.44
1544801257.51
1544801257.57
1544801257.61
1544801257.69
1544801257.75
1544801257.8
1544801257.85
1544801257.91
1544801257.95
1544801258.0
1544801258.05
1544801258.1
1544801258.15
1544801258.19
1544801258.23
1544801258.31
1544801258.37
1544801258.42
1544801258.49
1544801258.54
1544801258.59
1544801258.62
1544801258.68
1544801258.73
1544801258.78
1544801258.81
1544801258.86
1544801258.91
1544801258.97
1544801259.01
1544801259.1
1544801259.16
1544801259.19
1544801259.24
1544801259.32
1544801259.37
1544801259.42
1544801259.5
1544801259.55
1544801259.62
1544801259.69
1544801259.78
1544801259.84
1544801259.91
1544801259.97
1544801260.02
1544801260.09
1544801260.16
1544801260.25
1544801260.32
1544801260.4
1544801260.49
1544801260.57
1544801260.64
1544801260.7
1544801260.77
1544801260.85
1544801260.91
1544801260.99
1544801261.05
1544801261.12
1544801261.19
1544801261.26
1544801261.32
1544801261.38
1544801261.46
1544801261.56
1544801261.64
1544801261.72
1544801261.82
1544801261.91
1544801262.0
1544801262.1
1544801262.19
1544801262.25
1544801262.32
1544801262.37
1544801262.41
1544801262.46
1544801262.53
1544801262.56
1544801262.6
1544801262.67
1544801262.74
1544801262.77
1544801262.82
1544801262.88
1544801262.91
1544801262.96
1544801263.0
1544801263.05
1544801263.09
1544801263.12
1544801263.19
1544801263.26
1544801263.3
1544801263.34
1544801263.4
1544801263.44
1544801263.49
1544801263.54
1544801263.59
1544801263.64
1544801263.73
1544801263.78
1544801263.82
1544801263.86
1544801263.9
1544801263.95
1544801263.98
1544801264.03
1544801264.07
1544801264.14
1544801264.19
1544801264.22
1544801264.32
1544801264.37
1544801264.41
1544801264.47
1544801264.52
1544801264.57
1544801264.61
1544801264.65
1544801264.71
1544801264.76
1544801264.79
1544801264.84
1544801264.89
1544801264.94
1544801264.99
1544801265.04
1544801265.1
1544801265.15
1544801265.19
1544801265.23
1544801265.28
1544801265.33
1544801265.37
1544801265.41
1544801265.45
1544801265.49
1544801265.54
1544801265.59
1544801265.62
1544801265.68
1544801265.72
1544801265.76
1544801265.8
1544801265.84
1544801265.9
1544801265.95
1544801265.99
1544801266.02
1544801266.09
1544801266.15
1544801266.19
1544801266.23
1544801266.29
1544801266.34
1544801266.38
1544801266.41
1544801266.45
1544801266.5
1544801266.55
1544801266.58
1544801266.61
1544801266.66
1544801266.72
1544801266.77
1544801266.8
1544801266.84
1544801266.89
1544801266.93
1544801266.96
1544801267.01
1544801267.04
1544801267.1
1544801267.16
1544801267.2
1544801267.24
1544801267.32
1544801267.36
1544801267.4
1544801267.48
1544801267.54
1544801267.57
1544801267.61
1544801267.7
1544801267.76
1544801267.8
1544801267.85
1544801267.88
1544801267.95
1544801267.99
1544801268.04
1544801268.1
1544801268.14
1544801268.19
1544801268.22
1544801268.29
1544801268.34
1544801268.38
1544801268.42
1544801268.47
1544801268.52
1544801268.56
1544801268.6
1544801268.66
1544801268.72
1544801268.77
1544801268.81
1544801268.84
1544801268.88
1544801268.92
1544801268.97
1544801269.01
1544801269.05
1544801269.1
1544801269.15
1544801269.19
1544801269.24
1544801269.31
1544801269.36
1544801269.4
1544801269.44
1544801269.48
1544801269.53
1544801269.57
1544801269.61
1544801269.67
1544801269.74
1544801269.79
1544801269.84
1544801269.91
1544801269.97
1544801270.0
1544801270.04
1544801270.1
1544801270.15
1544801270.19
1544801270.25
1544801270.32
1544801270.38
1544801270.42
1544801270.47
1544801270.52
1544801270.57
1544801270.6
1544801270.64
1544801270.68
1544801270.74
1544801270.77
1544801270.81
1544801270.87
1544801270.92
1544801270.97
1544801271.01
1544801271.06
1544801271.12
1544801271.16
1544801271.21
1544801271.25
1544801271.34
1544801271.37
1544801271.41
1544801271.47
1544801271.51
1544801271.56
1544801271.59
1544801271.64
1544801271.71
1544801271.76
1544801271.8
1544801271.85
1544801271.92
1544801271.96
1544801271.99
1544801272.03
1544801272.1
1544801272.15
1544801272.2
1544801272.28
1544801272.34
1544801272.38
1544801272.43
1544801272.48
1544801272.52
1544801272.56
1544801272.6
1544801272.64
1544801272.71
1544801272.77
1544801272.81
1544801272.88
1544801272.94
1544801272.99
1544801273.03
1544801273.11
1544801273.16
1544801273.2
1544801273.24
1544801273.28
1544801273.33
1544801273.38
1544801273.44
1544801273.5
1544801273.57
1544801273.61
1544801273.66
1544801273.71
1544801273.77
1544801273.81
1544801273.86
1544801273.9
1544801273.97
1544801274.07
1544801274.14
1544801274.24
1544801274.32
1544801274.42
1544801274.48
1544801274.56
1544801274.62
1544801274.69
1544801274.77
1544801274.84
1544801274.88
1544801274.94
1544801274.99
1544801275.04
1544801275.1
1544801275.15
1544801275.2
1544801275.25
1544801275.3
1544801275.36
1544801275.39
1544801275.43
1544801275.51
1544801275.56
1544801275.6
1544801275.64
1544801275.71
1544801275.76
1544801275.79
1544801275.83
1544801275.88
1544801275.93
1544801275.97
1544801276.0
1544801276.04
1544801276.09
1544801276.14
1544801276.18
1544801276.22
1544801276.29
1544801276.34
1544801276.37
1544801276.41
1544801276.48
1544801276.54
1544801276.57
1544801276.61
1544801276.67
1544801276.71
1544801276.77
1544801276.8
1544801276.86
1544801276.92
1544801276.97
1544801277.0
1544801277.04
1544801277.09
1544801277.15
1544801277.19
1544801277.23
1544801277.32
1544801277.36
1544801277.4
1544801277.44
1544801277.5
1544801277.57
1544801277.61
1544801277.67
1544801277.71
1544801277.77
1544801277.81
1544801277.9
1544801277.95
1544801277.99
1544801278.03
1544801278.09
1544801278.14
1544801278.19
1544801278.25
1544801278.29
1544801278.34
1544801278.38
1544801278.45
1544801278.51
1544801278.58
1544801278.61
1544801278.7
1544801278.75
1544801278.79
1544801278.84
1544801278.91
1544801278.97
1544801279.03
1544801279.09
1544801279.17
1544801279.2
1544801279.27
1544801279.3
1544801279.35
1544801279.39
1544801279.44
1544801279.52
1544801279.57
1544801279.61
1544801279.67
1544801279.71
1544801279.76
1544801279.82
1544801279.87
1544801279.91
1544801279.96
1544801280.0
1544801280.06
1544801280.11
1544801280.18
1544801280.26
1544801280.34
1544801280.4
1544801280.48
1544801280.56
1544801280.65
1544801280.7
1544801280.77
1544801280.82
1544801280.89
1544801280.95
1544801281.0
1544801281.08
1544801281.14
1544801281.19
1544801281.26
1544801281.32
1544801281.38
1544801281.45
1544801281.51
1544801281.57
1544801281.62
1544801281.69
1544801281.78
1544801281.84
1544801281.89
1544801281.96
1544801282.02
1544801282.09
1544801282.16
1544801282.21
1544801282.26
1544801282.32
1544801282.39
1544801282.46
1544801282.54
1544801282.59
1544801282.64
1544801282.7
1544801282.76
1544801282.8
1544801282.86
1544801282.92
1544801282.96
1544801283.01
1544801283.04
1544801283.12
1544801283.17
1544801283.21
1544801283.26
1544801283.31
1544801283.37
1544801283.41
1544801283.46
1544801283.51
1544801283.55
1544801283.59
1544801283.63
1544801283.69
1544801283.76
1544801283.79
1544801283.83
1544801283.87
1544801283.92
1544801283.96
1544801284.01
1544801284.08
1544801284.14
1544801284.19
1544801284.24
1544801284.3
1544801284.35
1544801284.41
1544801284.47
1544801284.51
1544801284.57
1544801284.6
1544801284.65
1544801284.71
1544801284.76
1544801284.8
1544801284.85
1544801284.93
1544801284.98
1544801285.02
1544801285.07
1544801285.12
1544801285.16
1544801285.19
1544801285.25
1544801285.31
1544801285.36
1544801285.39
1544801285.44
1544801285.49
1544801285.54
1544801285.59
1544801285.63
1544801285.71
1544801285.77
1544801285.81
1544801285.87
1544801285.92
1544801285.96
1544801286.0
1544801286.05
1544801286.11
1544801286.15
1544801286.2
1544801286.25
1544801286.32
1544801286.37
1544801286.4
1544801286.45
1544801286.5
1544801286.57
1544801286.62
1544801286.7
1544801286.76
1544801286.79
1544801286.84
1544801286.89
1544801286.94
1544801286.99
1544801287.02
1544801287.1
1544801287.17
1544801287.23
1544801287.3
1544801287.36
1544801287.43
1544801287.51
1544801287.59
1544801287.67
1544801287.72
1544801287.79
1544801287.86
1544801287.92
1544801287.98
1544801288.05
1544801288.09
1544801288.14
1544801288.2
1544801288.28
1544801288.34
1544801288.38
1544801288.42
1544801288.47
1544801288.54
1544801288.6
1544801288.66
1544801288.74
1544801288.8
1544801288.87
1544801288.94
1544801289.0
1544801289.07
1544801289.12
1544801289.17
1544801289.21
1544801289.26
1544801289.31
1544801289.36
1544801289.42
1544801289.49
1544801289.57
1544801289.62
1544801289.7
1544801289.77
1544801289.85
1544801289.91
1544801289.99
1544801290.07
1544801290.13
1544801290.2
1544801290.28
1544801290.36
1544801290.42
1544801290.5
1544801290.55
1544801290.61
1544801290.68
1544801290.72
1544801290.78
1544801290.85
