1544800557.74
1544800557.93
1544800558.04
1544800558.12
1544800558.2
1544800558.28
1544800558.32
1544800558.39
1544800558.48
1544800558.53
1544800558.6
1544800558.65
1544800558.71
1544800558.76
1544800558.84
1544800558.95
1544800559.0
1544800559.05
1544800559.11
1544800559.15
1544800559.25
1544800559.37
1544800559.42
1544800559.49
1544800559.6
1544800559.68
1544800559.78
1544800559.85
1544800559.92
1544800559.98
1544800560.03
1544800560.08
1544800560.13
1544800560.19
1544800560.25
1544800560.32
1544800560.38
1544800560.43
1544800560.5
1544800560.57
1544800560.63
1544800560.7
1544800560.75
1544800560.81
1544800560.88
1544800560.97
1544800561.03
1544800561.09
1544800561.14
1544800561.19
1544800561.25
1544800561.31
1544800561.38
1544800561.43
1544800561.49
1544800561.52
1544800561.59
1544800561.65
1544800561.71
1544800561.79
1544800561.87
1544800561.94
1544800562.04
1544800562.13
1544800562.21
1544800562.28
1544800562.31
1544800562.35
1544800562.39
1544800562.44
1544800562.48
1544800562.51
1544800562.56
1544800562.59
1544800562.62
1544800562.66
1544800562.72
1544800562.78
1544800562.83
1544800562.87
1544800562.93
1544800562.98
1544800563.02
1544800563.05
1544800563.1
1544800563.15
1544800563.19
1544800563.26
1544800563.35
1544800563.4
1544800563.44
1544800563.49
1544800563.52
1544800563.57
1544800563.61
1544800563.68
1544800563.74
1544800563.78
1544800563.82
1544800563.88
1544800563.93
1544800563.98
1544800564.04
1544800564.08
1544800564.13
1544800564.18
1544800564.21
1544800564.26
1544800564.29
1544800564.32
1544800564.39
1544800564.43
1544800564.5
1544800564.56
1544800564.6
1544800564.63
1544800564.68
1544800564.73
1544800564.78
1544800564.81
1544800564.86
1544800564.9
1544800564.94
1544800564.99
1544800565.03
1544800565.07
1544800565.14
1544800565.19
1544800565.22
1544800565.26
1544800565.33
1544800565.38
1544800565.43
1544800565.47
1544800565.52
1544800565.55
1544800565.59
1544800565.62
1544800565.67
1544800565.7
1544800565.75
1544800565.79
1544800565.83
1544800565.88
1544800565.92
1544800565.95
1544800565.99
1544800566.02
1544800566.07
1544800566.13
1544800566.18
1544800566.21
1544800566.27
1544800566.34
1544800566.4
1544800566.43
1544800566.49
1544800566.54
1544800566.58
1544800566.61
1544800566.64
1544800566.68
1544800566.72
1544800566.77
1544800566.82
1544800566.85
1544800566.92
1544800566.97
1544800567.0
1544800567.03
1544800567.07
1544800567.14
1544800567.19
1544800567.23
1544800567.28
1544800567.32
1544800567.37
1544800567.41
1544800567.45
1544800567.51
1544800567.57
1544800567.6
1544800567.65
1544800567.74
1544800567.8
1544800567.83
1544800567.9
1544800567.95
1544800567.99
1544800568.02
1544800568.06
1544800568.12
1544800568.16
1544800568.19
1544800568.22
1544800568.28
1544800568.33
1544800568.38
1544800568.42
1544800568.47
1544800568.54
1544800568.59
1544800568.62
1544800568.69
1544800568.77
1544800568.81
1544800568.84
1544800568.88
1544800568.93
1544800568.99
1544800569.02
1544800569.05
1544800569.11
1544800569.15
1544800569.19
1544800569.22
1544800569.26
1544800569.3
1544800569.35
1544800569.39
1544800569.43
1544800569.49
1544800569.57
1544800569.65
1544800569.72
1544800569.8
1544800569.88
1544800569.97
1544800570.04
1544800570.11
1544800570.19
1544800570.26
1544800570.33
1544800570.42
1544800570.5
1544800570.56
1544800570.6
1544800570.66
1544800570.7
1544800570.77
1544800570.84
1544800570.88
1544800570.94
1544800570.98
1544800571.07
1544800571.12
1544800571.16
1544800571.24
1544800571.32
1544800571.41
1544800571.5
1544800571.55
1544800571.62
1544800571.66
1544800571.71
1544800571.75
1544800571.82
1544800571.9
1544800571.97
1544800572.03
1544800572.1
1544800572.16
1544800572.2
1544800572.25
1544800572.34
1544800572.41
1544800572.49
1544800572.55
1544800572.61
1544800572.66
1544800572.73
1544800572.78
1544800572.81
1544800572.85
1544800572.93
1544800572.99
1544800573.02
1544800573.06
1544800573.12
1544800573.17
1544800573.21
1544800573.26
1544800573.3
1544800573.35
1544800573.4
1544800573.44
1544800573.52
1544800573.57
1544800573.61
1544800573.64
1544800573.69
1544800573.74
1544800573.78
1544800573.82
1544800573.87
1544800573.91
1544800573.95
1544800574.0
1544800574.03
1544800574.08
1544800574.14
1544800574.18
1544800574.23
1544800574.3
1544800574.35
1544800574.39
1544800574.43
1544800574.49
1544800574.54
1544800574.58
1544800574.63
1544800574.7
1544800574.75
1544800574.79
1544800574.83
1544800574.88
1544800574.92
1544800574.96
1544800575.01
1544800575.04
1544800575.11
1544800575.17
1544800575.21
1544800575.25
1544800575.29
1544800575.32
1544800575.37
1544800575.41
1544800575.45
1544800575.51
1544800575.58
1544800575.62
1544800575.67
1544800575.73
1544800575.78
1544800575.82
1544800575.85
1544800575.91
1544800575.95
1544800576.0
1544800576.03
1544800576.08
1544800576.11
1544800576.14
1544800576.19
1544800576.22
1544800576.27
1544800576.31
1544800576.36
1544800576.39
1544800576.44
1544800576.51
1544800576.55
1544800576.59
1544800576.62
1544800576.66
1544800576.72
1544800576.77
1544800576.8
1544800576.84
1544800576.88
1544800576.94
1544800576.98
1544800577.02
1544800577.05
1544800577.11
1544800577.16
1544800577.19
1544800577.23
1544800577.27
1544800577.32
1544800577.37
1544800577.4
1544800577.44
1544800577.47
1544800577.55
1544800577.6
1544800577.63
1544800577.66
1544800577.73
1544800577.77
1544800577.81
1544800577.84
1544800577.89
1544800577.94
1544800577.98
1544800578.01
1544800578.05
1544800578.12
1544800578.18
1544800578.21
1544800578.25
1544800578.32
1544800578.35
1544800578.41
1544800578.46
1544800578.49
1544800578.52
1544800578.58
1544800578.62
1544800578.69
1544800578.75
1544800578.79
1544800578.83
1544800578.9
1544800578.97
1544800579.01
1544800579.04
1544800579.08
1544800579.11
1544800579.15
1544800579.19
1544800579.23
1544800579.27
1544800579.33
1544800579.39
1544800579.43
1544800579.5
1544800579.55
1544800579.6
1544800579.65
1544800579.7
1544800579.75
1544800579.79
1544800579.82
1544800579.87
1544800579.91
1544800579.95
1544800580.0
1544800580.03
1544800580.09
1544800580.15
1544800580.2
1544800580.25
1544800580.31
1544800580.37
1544800580.42
1544800580.47
1544800580.53
1544800580.62
1544800580.72
1544800580.8
1544800580.88
1544800580.97
1544800581.05
1544800581.11
1544800581.18
1544800581.23
1544800581.29
1544800581.35
1544800581.41
1544800581.47
1544800581.54
1544800581.62
1544800581.7
1544800581.79
1544800581.86
1544800581.92
1544800582.02
1544800582.1
1544800582.17
1544800582.24
1544800582.32
1544800582.38
1544800582.44
1544800582.52
1544800582.6
1544800582.67
1544800582.71
1544800582.75
1544800582.86
1544800582.96
1544800583.03
1544800583.09
1544800583.18
1544800583.24
1544800583.32
1544800583.4
1544800583.46
1544800583.53
1544800583.61
1544800583.67
1544800583.75
1544800583.82
1544800583.9
1544800583.97
1544800584.05
1544800584.13
1544800584.19
1544800584.27
1544800584.33
1544800584.37
1544800584.44
1544800584.51
1544800584.55
1544800584.61
1544800584.67
1544800584.72
1544800584.76
1544800584.8
1544800584.85
1544800584.91
1544800584.99
1544800585.06
1544800585.1
1544800585.14
1544800585.19
1544800585.23
1544800585.27
1544800585.32
1544800585.36
1544800585.41
1544800585.46
1544800585.5
1544800585.54
1544800585.59
1544800585.63
1544800585.67
1544800585.71
1544800585.74
1544800585.78
1544800585.85
1544800585.9
1544800585.95
1544800586.02
1544800586.09
1544800586.12
1544800586.15
1544800586.21
1544800586.27
1544800586.3
1544800586.34
1544800586.4
1544800586.47
1544800586.51
1544800586.55
1544800586.62
1544800586.67
1544800586.71
1544800586.75
1544800586.82
1544800586.87
1544800586.91
1544800586.95
1544800587.0
1544800587.06
1544800587.1
1544800587.14
1544800587.18
1544800587.21
1544800587.25
1544800587.3
1544800587.36
1544800587.4
1544800587.45
1544800587.51
1544800587.56
1544800587.59
1544800587.66
1544800587.72
1544800587.76
1544800587.8
1544800587.87
1544800587.91
1544800587.94
1544800587.98
1544800588.04
1544800588.1
1544800588.14
1544800588.19
1544800588.27
1544800588.31
1544800588.34
1544800588.37
1544800588.44
1544800588.48
1544800588.52
1544800588.55
1544800588.62
1544800588.67
1544800588.71
1544800588.75
1544800588.79
1544800588.82
1544800588.87
1544800588.92
1544800588.97
1544800589.02
1544800589.08
1544800589.12
1544800589.17
1544800589.22
1544800589.29
1544800589.34
1544800589.4
1544800589.47
1544800589.5
1544800589.54
1544800589.58
1544800589.61
1544800589.67
1544800589.71
1544800589.75
1544800589.8
1544800589.84
1544800589.9
1544800589.93
1544800589.97
1544800590.03
1544800590.08
1544800590.12
1544800590.17
1544800590.24
1544800590.28
1544800590.33
1544800590.37
1544800590.44
1544800590.48
1544800590.52
1544800590.57
1544800590.65
1544800590.7
1544800590.73
1544800590.81
1544800590.87
1544800590.91
1544800590.95
1544800591.02
1544800591.07
1544800591.12
1544800591.17
1544800591.24
1544800591.3
1544800591.37
1544800591.43
1544800591.48
1544800591.52
1544800591.57
1544800591.61
1544800591.65
1544800591.71
1544800591.76
1544800591.82
1544800591.87
1544800591.92
1544800591.95
1544800592.01
1544800592.05
1544800592.09
1544800592.13
1544800592.17
1544800592.24
1544800592.29
1544800592.32
1544800592.37
1544800592.43
1544800592.49
1544800592.53
1544800592.6
1544800592.67
1544800592.7
1544800592.74
1544800592.8
1544800592.84
1544800592.89
1544800592.93
1544800592.99
1544800593.05
1544800593.1
1544800593.15
1544800593.19
1544800593.22
1544800593.28
1544800593.32
1544800593.37
1544800593.43
1544800593.5
1544800593.53
1544800593.6
1544800593.64
1544800593.7
1544800593.74
1544800593.81
1544800593.87
1544800593.91
1544800593.95
1544800593.99
1544800594.04
1544800594.09
1544800594.14
1544800594.18
1544800594.23
1544800594.29
1544800594.33
1544800594.39
1544800594.45
1544800594.51
1544800594.55
1544800594.62
1544800594.68
1544800594.71
1544800594.74
1544800594.78
1544800594.83
1544800594.88
1544800594.93
1544800594.97
1544800595.0
1544800595.05
1544800595.09
1544800595.14
1544800595.18
1544800595.22
1544800595.28
1544800595.32
1544800595.38
1544800595.45
1544800595.5
1544800595.54
1544800595.6
1544800595.67
1544800595.71
1544800595.76
1544800595.86
1544800595.93
1544800596.01
1544800596.07
1544800596.14
1544800596.2
1544800596.27
1544800596.31
1544800596.37
1544800596.41
1544800596.45
1544800596.5
1544800596.54
1544800596.6
1544800596.67
1544800596.73
1544800596.79
1544800596.85
1544800596.9
1544800596.96
1544800597.01
1544800597.07
1544800597.13
1544800597.2
1544800597.26
1544800597.33
1544800597.39
1544800597.47
1544800597.56
1544800597.64
1544800597.73
1544800597.81
1544800597.9
1544800597.94
1544800597.98
1544800598.06
1544800598.12
1544800598.2
1544800598.25
1544800598.34
1544800598.41
1544800598.47
1544800598.5
1544800598.56
1544800598.6
1544800598.65
1544800598.7
1544800598.74
1544800598.8
1544800598.85
1544800598.91
1544800598.98
1544800599.03
1544800599.1
1544800599.19
1544800599.28
1544800599.35
1544800599.43
1544800599.48
1544800599.52
1544800599.55
1544800599.62
1544800599.68
1544800599.73
1544800599.79
1544800599.84
1544800599.89
1544800599.97
1544800600.06
1544800600.12
1544800600.17
1544800600.21
1544800600.25
1544800600.37
1544800600.45
1544800600.55
1544800600.64
1544800600.72
1544800600.77
1544800600.85
1544800600.97
1544800601.04
1544800601.13
1544800601.22
1544800601.31
1544800601.38
1544800601.42
1544800601.47
1544800601.55
1544800601.62
1544800601.68
1544800601.73
1544800601.81
1544800601.9
1544800601.96
1544800602.02
1544800602.08
1544800602.17
1544800602.26
1544800602.34
1544800602.38
1544800602.43
1544800602.49
1544800602.54
1544800602.58
1544800602.62
1544800602.65
1544800602.71
1544800602.75
1544800602.8
1544800602.84
1544800602.89
1544800602.94
1544800602.99
1544800603.03
1544800603.08
1544800603.17
1544800603.2
1544800603.24
1544800603.28
1544800603.36
1544800603.4
1544800603.43
1544800603.47
1544800603.52
1544800603.57
1544800603.61
1544800603.65
1544800603.72
1544800603.77
1544800603.81
1544800603.84
1544800603.88
1544800603.94
1544800604.0
1544800604.03
1544800604.09
1544800604.14
1544800604.18
1544800604.22
1544800604.26
1544800604.34
1544800604.4
1544800604.44
1544800604.53
1544800604.59
1544800604.63
1544800604.69
1544800604.74
1544800604.79
1544800604.83
1544800604.89
1544800604.93
1544800604.97
1544800605.0
1544800605.04
1544800605.07
1544800605.14
1544800605.19
1544800605.22
1544800605.27
1544800605.33
1544800605.38
1544800605.42
1544800605.47
1544800605.52
1544800605.57
1544800605.61
1544800605.65
1544800605.7
1544800605.75
1544800605.8
1544800605.84
1544800605.88
1544800605.93
1544800605.99
1544800606.03
1544800606.09
1544800606.13
1544800606.17
1544800606.21
1544800606.27
1544800606.31
1544800606.37
1544800606.42
1544800606.46
1544800606.51
1544800606.57
1544800606.61
1544800606.66
1544800606.71
1544800606.77
1544800606.8
1544800606.84
1544800606.89
1544800606.96
1544800607.0
1544800607.04
1544800607.11
1544800607.16
1544800607.2
1544800607.23
1544800607.26
1544800607.32
1544800607.37
1544800607.4
1544800607.44
1544800607.47
1544800607.53
1544800607.58
1544800607.62
1544800607.65
1544800607.7
1544800607.77
1544800607.8
1544800607.84
1544800607.9
1544800607.97
1544800608.0
1544800608.04
1544800608.1
1544800608.17
1544800608.21
1544800608.24
1544800608.3
1544800608.36
1544800608.39
1544800608.43
1544800608.49
1544800608.55
1544800608.6
1544800608.64
1544800608.69
1544800608.74
1544800608.8
1544800608.83
1544800608.88
1544800608.95
1544800609.01
1544800609.06
1544800609.11
1544800609.14
1544800609.19
1544800609.23
1544800609.29
1544800609.36
1544800609.41
1544800609.45
1544800609.51
1544800609.56
1544800609.59
1544800609.63
1544800609.68
1544800609.75
1544800609.79
1544800609.82
1544800609.88
1544800609.92
1544800609.98
1544800610.02
1544800610.05
1544800610.09
1544800610.13
1544800610.19
1544800610.23
1544800610.27
1544800610.32
1544800610.36
1544800610.4
1544800610.46
1544800610.54
1544800610.6
1544800610.64
1544800610.7
1544800610.77
1544800610.8
1544800610.84
1544800610.9
1544800610.96
1544800611.0
1544800611.06
1544800611.12
1544800611.18
1544800611.22
1544800611.27
1544800611.35
1544800611.39
1544800611.42
1544800611.47
1544800611.52
1544800611.58
1544800611.62
1544800611.67
1544800611.76
1544800611.8
1544800611.84
1544800611.88
1544800611.96
1544800612.01
1544800612.07
1544800612.13
1544800612.18
1544800612.23
1544800612.27
1544800612.38
1544800612.42
1544800612.46
1544800612.52
1544800612.57
1544800612.61
1544800612.64
1544800612.7
1544800612.74
1544800612.8
1544800612.84
1544800612.9
1544800612.97
1544800613.01
1544800613.04
1544800613.09
1544800613.15
1544800613.18
1544800613.22
1544800613.27
1544800613.33
1544800613.38
1544800613.42
1544800613.46
1544800613.52
1544800613.57
1544800613.61
1544800613.65
1544800613.72
1544800613.77
1544800613.8
1544800613.84
1544800613.89
1544800613.93
1544800613.97
1544800614.02
1544800614.05
1544800614.12
1544800614.15
1544800614.2
1544800614.24
1544800614.3
1544800614.34
1544800614.41
1544800614.45
1544800614.51
1544800614.56
1544800614.61
1544800614.65
1544800614.7
1544800614.74
1544800614.79
1544800614.86
1544800614.92
1544800614.96
1544800615.0
1544800615.03
1544800615.12
1544800615.17
1544800615.2
1544800615.23
1544800615.29
1544800615.33
1544800615.37
1544800615.41
1544800615.45
1544800615.49
1544800615.54
1544800615.58
1544800615.62
1544800615.67
1544800615.74
1544800615.79
1544800615.83
1544800615.9
1544800615.96
1544800616.0
1544800616.04
1544800616.11
1544800616.17
1544800616.21
1544800616.25
1544800616.33
1544800616.38
1544800616.41
1544800616.46
1544800616.5
1544800616.58
1544800616.62
1544800616.66
1544800616.71
1544800616.76
1544800616.79
1544800616.83
1544800616.89
1544800616.94
1544800616.99
1544800617.03
1544800617.09
1544800617.15
1544800617.19
1544800617.22
1544800617.26
1544800617.31
1544800617.35
1544800617.4
1544800617.44
1544800617.48
1544800617.57
1544800617.6
1544800617.65
1544800617.73
1544800617.78
1544800617.83
1544800617.87
1544800617.92
1544800617.97
1544800618.01
1544800618.04
1544800618.12
1544800618.18
1544800618.25
1544800618.34
1544800618.42
1544800618.49
1544800618.57
1544800618.63
1544800618.69
1544800618.78
1544800618.86
1544800618.95
1544800619.03
1544800619.08
1544800619.12
1544800619.17
1544800619.24
1544800619.32
1544800619.41
1544800619.49
1544800619.57
1544800619.62
1544800619.66
1544800619.72
1544800619.78
1544800619.83
1544800619.89
1544800619.98
1544800620.03
1544800620.09
1544800620.14
1544800620.17
1544800620.22
1544800620.27
1544800620.31
1544800620.36
1544800620.42
1544800620.47
1544800620.54
1544800620.62
1544800620.69
1544800620.76
1544800620.81
1544800620.86
1544800620.93
1544800621.0
1544800621.08
1544800621.14
1544800621.22
1544800621.29
1544800621.36
1544800621.42
1544800621.47
1544800621.52
1544800621.58
1544800621.64
1544800621.72
1544800621.78
1544800621.83
1544800621.86
1544800621.91
1544800621.96
1544800622.01
1544800622.07
1544800622.11
1544800622.16
1544800622.2
1544800622.23
1544800622.28
1544800622.36
1544800622.4
1544800622.44
1544800622.49
1544800622.55
1544800622.6
1544800622.63
1544800622.69
1544800622.75
1544800622.8
1544800622.84
1544800622.88
1544800622.97
1544800623.01
1544800623.06
1544800623.12
1544800623.18
1544800623.22
1544800623.26
1544800623.31
1544800623.37
1544800623.41
1544800623.44
1544800623.51
1544800623.56
1544800623.6
1544800623.64
1544800623.68
1544800623.76
1544800623.8
1544800623.85
1544800623.92
1544800623.97
1544800624.02
1544800624.07
1544800624.14
1544800624.19
1544800624.22
1544800624.27
1544800624.33
1544800624.39
1544800624.42
1544800624.46
1544800624.5
1544800624.53
1544800624.57
1544800624.6
1544800624.64
1544800624.71
1544800624.75
1544800624.8
1544800624.84
1544800624.9
1544800624.96
1544800625.01
1544800625.04
1544800625.12
1544800625.17
1544800625.21
1544800625.26
1544800625.31
1544800625.37
1544800625.4
1544800625.44
1544800625.52
1544800625.57
1544800625.6
1544800625.64
1544800625.7
1544800625.75
1544800625.79
1544800625.83
1544800625.9
1544800625.95
1544800626.0
1544800626.04
1544800626.09
1544800626.15
1544800626.23
1544800626.29
1544800626.36
1544800626.4
1544800626.44
1544800626.49
1544800626.54
1544800626.63
1544800626.7
1544800626.74
1544800626.82
1544800626.92
1544800626.99
1544800627.07
1544800627.1
1544800627.14
1544800627.2
1544800627.27
1544800627.31
1544800627.35
1544800627.46
1544800627.56
1544800627.64
1544800627.73
1544800627.83
1544800627.96
1544800628.06
1544800628.15
1544800628.23
1544800628.33
1544800628.4
1544800628.43
1544800628.49
1544800628.57
1544800628.64
1544800628.72
1544800628.79
1544800628.84
1544800628.91
1544800628.97
1544800629.03
1544800629.08
1544800629.12
1544800629.16
1544800629.21
1544800629.25
1544800629.3
1544800629.33
1544800629.41
1544800629.46
1544800629.51
1544800629.55
1544800629.61
1544800629.67
1544800629.7
1544800629.74
1544800629.81
1544800629.87
1544800629.9
1544800629.94
1544800629.99
1544800630.03
1544800630.07
1544800630.1
1544800630.14
1544800630.19
1544800630.23
1544800630.28
1544800630.32
1544800630.36
1544800630.42
1544800630.47
1544800630.52
1544800630.56
1544800630.63
1544800630.67
1544800630.71
1544800630.77
1544800630.81
1544800630.87
1544800630.92
1544800630.96
1544800631.04
1544800631.1
1544800631.14
1544800631.18
1544800631.22
1544800631.26
1544800631.29
1544800631.32
1544800631.37
1544800631.42
1544800631.48
1544800631.53
1544800631.57
1544800631.63
1544800631.68
1544800631.71
1544800631.76
1544800631.85
1544800631.89
1544800631.93
1544800631.98
1544800632.04
1544800632.09
1544800632.14
1544800632.2
1544800632.27
1544800632.31
1544800632.37
1544800632.44
1544800632.5
1544800632.53
1544800632.57
1544800632.62
1544800632.68
1544800632.72
1544800632.77
1544800632.81
1544800632.86
1544800632.9
1544800632.94
1544800632.99
1544800633.04
1544800633.08
1544800633.12
1544800633.16
1544800633.24
1544800633.28
1544800633.32
1544800633.36
1544800633.42
1544800633.47
1544800633.51
1544800633.56
1544800633.63
1544800633.68
1544800633.72
1544800633.77
1544800633.81
1544800633.86
1544800633.9
1544800633.94
1544800633.99
1544800634.06
1544800634.1
1544800634.14
1544800634.18
1544800634.24
1544800634.29
1544800634.32
1544800634.4
1544800634.47
1544800634.51
1544800634.56
1544800634.63
1544800634.68
1544800634.72
1544800634.76
1544800634.8
1544800634.83
1544800634.88
1544800634.92
1544800634.98
1544800635.04
1544800635.08
1544800635.12
1544800635.19
1544800635.25
1544800635.3
1544800635.34
1544800635.39
1544800635.44
1544800635.49
1544800635.52
1544800635.6
1544800635.66
1544800635.69
1544800635.74
1544800635.8
1544800635.86
1544800635.91
1544800635.97
1544800636.04
1544800636.08
1544800636.13
1544800636.17
1544800636.21
1544800636.26
1544800636.31
1544800636.35
1544800636.41
1544800636.48
1544800636.52
1544800636.58
1544800636.63
1544800636.7
1544800636.73
1544800636.78
1544800636.83
1544800636.88
1544800636.94
1544800636.99
1544800637.03
1544800637.1
1544800637.13
1544800637.18
1544800637.23
1544800637.27
1544800637.32
1544800637.36
1544800637.44
1544800637.51
1544800637.56
1544800637.6
1544800637.64
1544800637.69
1544800637.74
1544800637.82
1544800637.87
1544800637.93
1544800637.98
1544800638.04
1544800638.09
1544800638.14
1544800638.21
1544800638.27
1544800638.31
1544800638.35
1544800638.43
1544800638.47
1544800638.52
1544800638.57
1544800638.66
1544800638.71
1544800638.8
1544800638.87
1544800638.92
1544800638.96
1544800638.99
1544800639.05
1544800639.11
1544800639.16
1544800639.24
1544800639.3
1544800639.34
1544800639.4
1544800639.45
1544800639.49
1544800639.53
1544800639.61
1544800639.65
1544800639.7
1544800639.74
1544800639.79
1544800639.85
1544800639.9
1544800639.93
1544800639.99
1544800640.04
1544800640.09
1544800640.13
1544800640.17
1544800640.26
1544800640.3
1544800640.34
1544800640.41
1544800640.46
1544800640.49
1544800640.52
1544800640.55
1544800640.61
1544800640.68
1544800640.74
1544800640.82
1544800640.91
1544800641.0
1544800641.04
1544800641.1
1544800641.13
1544800641.19
1544800641.27
1544800641.34
1544800641.39
1544800641.45
1544800641.51
1544800641.58
1544800641.65
1544800641.69
1544800641.74
1544800641.79
1544800641.86
1544800641.92
1544800641.98
1544800642.04
1544800642.1
1544800642.18
1544800642.24
1544800642.32
1544800642.4
1544800642.47
1544800642.52
1544800642.59
1544800642.65
1544800642.7
1544800642.75
1544800642.82
1544800642.89
1544800642.95
1544800643.02
1544800643.09
1544800643.15
1544800643.22
1544800643.29
1544800643.34
1544800643.41
1544800643.48
1544800643.54
1544800643.61
1544800643.68
1544800643.74
1544800643.81
1544800643.88
1544800643.94
1544800643.99
1544800644.03
1544800644.08
1544800644.14
1544800644.2
1544800644.26
1544800644.32
1544800644.4
1544800644.46
1544800644.52
1544800644.58
1544800644.63
1544800644.7
1544800644.74
1544800644.82
1544800644.87
1544800644.91
1544800644.98
1544800645.05
1544800645.11
1544800645.17
1544800645.26
1544800645.3
1544800645.35
1544800645.4
1544800645.46
1544800645.5
1544800645.54
1544800645.58
1544800645.63
1544800645.67
1544800645.71
1544800645.75
1544800645.79
1544800645.84
1544800645.89
1544800645.93
1544800645.99
1544800646.04
1544800646.08
1544800646.11
1544800646.14
1544800646.21
1544800646.27
1544800646.31
1544800646.36
1544800646.41
1544800646.48
1544800646.52
1544800646.57
1544800646.63
1544800646.68
1544800646.72
1544800646.78
1544800646.84
1544800646.91
1544800646.96
1544800647.01
1544800647.06
1544800647.1
1544800647.14
1544800647.18
1544800647.23
1544800647.3
1544800647.33
1544800647.38
1544800647.45
1544800647.49
1544800647.54
1544800647.64
1544800647.69
1544800647.72
1544800647.75
1544800647.82
1544800647.88
1544800647.91
1544800647.94
1544800647.98
1544800648.03
1544800648.07
1544800648.12
1544800648.16
1544800648.2
1544800648.25
1544800648.3
1544800648.34
1544800648.39
1544800648.47
1544800648.5
1544800648.56
1544800648.62
1544800648.69
1544800648.73
1544800648.77
1544800648.81
1544800648.86
1544800648.9
1544800648.94
1544800648.98
1544800649.03
1544800649.09
1544800649.18
1544800649.22
1544800649.26
1544800649.33
1544800649.39
1544800649.44
1544800649.48
1544800649.52
1544800649.6
1544800649.64
1544800649.7
1544800649.75
1544800649.8
1544800649.85
1544800649.91
1544800649.99
1544800650.05
1544800650.13
1544800650.2
1544800650.27
1544800650.34
1544800650.39
1544800650.43
1544800650.48
1544800650.53
1544800650.6
1544800650.68
1544800650.75
1544800650.84
1544800650.92
1544800650.99
1544800651.05
1544800651.12
1544800651.18
1544800651.24
1544800651.29
1544800651.33
1544800651.4
1544800651.47
1544800651.52
1544800651.55
1544800651.62
1544800651.68
1544800651.71
1544800651.76
1544800651.81
1544800651.88
1544800651.93
1544800651.97
1544800652.02
1544800652.06
1544800652.1
1544800652.14
1544800652.18
1544800652.21
1544800652.25
1544800652.3
1544800652.34
1544800652.38
1544800652.41
1544800652.46
1544800652.5
1544800652.53
1544800652.56
1544800652.62
1544800652.67
1544800652.71
1544800652.75
1544800652.82
1544800652.88
1544800652.92
1544800652.97
1544800653.01
1544800653.07
1544800653.1
1544800653.14
1544800653.22
1544800653.27
1544800653.32
1544800653.4
1544800653.45
1544800653.5
1544800653.53
1544800653.57
1544800653.65
1544800653.7
1544800653.74
1544800653.79
1544800653.86
1544800653.91
1544800653.96
1544800654.0
1544800654.05
1544800654.1
1544800654.13
1544800654.17
1544800654.22
1544800654.26
1544800654.31
1544800654.35
1544800654.42
1544800654.48
1544800654.51
1544800654.55
1544800654.62
1544800654.66
1544800654.7
1544800654.74
1544800654.78
1544800654.82
1544800654.88
1544800654.92
1544800654.97
1544800655.01
1544800655.06
1544800655.1
1544800655.15
1544800655.21
1544800655.27
1544800655.3
1544800655.34
1544800655.42
1544800655.47
1544800655.52
1544800655.56
1544800655.61
1544800655.67
1544800655.7
1544800655.75
1544800655.8
1544800655.87
1544800655.92
1544800655.96
1544800656.07
1544800656.11
1544800656.17
1544800656.21
1544800656.26
1544800656.29
1544800656.33
1544800656.39
1544800656.45
1544800656.49
1544800656.52
1544800656.57
1544800656.65
1544800656.7
1544800656.76
1544800656.81
1544800656.86
1544800656.9
1544800656.95
1544800657.0
1544800657.05
1544800657.09
1544800657.13
1544800657.21
1544800657.27
1544800657.31
1544800657.35
1544800657.4
1544800657.47
1544800657.51
1544800657.55
1544800657.61
1544800657.66
1544800657.7
1544800657.74
1544800657.82
1544800657.89
1544800657.93
1544800657.96
1544800658.0
1544800658.03
1544800658.08
1544800658.11
1544800658.15
1544800658.24
1544800658.3
1544800658.33
1544800658.39
1544800658.43
1544800658.47
1544800658.51
1544800658.54
1544800658.61
1544800658.65
1544800658.7
1544800658.76
1544800658.81
1544800658.89
1544800658.94
1544800659.02
1544800659.1
1544800659.18
1544800659.25
1544800659.32
1544800659.39
1544800659.44
1544800659.52
1544800659.6
1544800659.67
1544800659.76
1544800659.82
1544800659.88
1544800659.95
1544800660.02
1544800660.09
1544800660.14
1544800660.2
1544800660.24
1544800660.3
1544800660.35
1544800660.41
1544800660.46
1544800660.52
1544800660.57
1544800660.66
1544800660.72
1544800660.78
1544800660.83
1544800660.88
1544800660.95
1544800660.99
1544800661.03
1544800661.08
1544800661.12
1544800661.17
1544800661.22
1544800661.27
1544800661.32
1544800661.36
1544800661.44
1544800661.52
1544800661.59
1544800661.66
1544800661.7
1544800661.74
1544800661.82
1544800661.87
1544800661.92
1544800661.97
1544800662.03
1544800662.09
1544800662.17
1544800662.24
1544800662.29
1544800662.32
1544800662.37
1544800662.42
1544800662.47
1544800662.53
1544800662.6
1544800662.7
1544800662.79
1544800662.85
1544800662.91
1544800662.95
1544800662.99
1544800663.03
1544800663.07
1544800663.11
1544800663.16
1544800663.2
1544800663.26
1544800663.31
1544800663.36
1544800663.4
1544800663.44
1544800663.49
1544800663.53
1544800663.57
1544800663.62
1544800663.67
1544800663.7
1544800663.74
1544800663.8
1544800663.86
1544800663.92
1544800663.96
1544800664.04
1544800664.1
1544800664.14
1544800664.21
1544800664.26
1544800664.3
1544800664.33
1544800664.39
1544800664.43
1544800664.49
1544800664.54
1544800664.61
1544800664.67
1544800664.72
1544800664.75
1544800664.83
1544800664.9
1544800664.94
1544800664.99
1544800665.02
1544800665.07
1544800665.12
1544800665.16
1544800665.24
1544800665.3
1544800665.34
1544800665.39
1544800665.46
1544800665.5
1544800665.54
1544800665.6
1544800665.64
1544800665.69
1544800665.73
1544800665.79
1544800665.85
1544800665.9
1544800665.94
1544800666.0
1544800666.06
1544800666.1
1544800666.14
1544800666.2
1544800666.24
1544800666.29
1544800666.33
1544800666.38
1544800666.44
1544800666.5
1544800666.54
1544800666.59
1544800666.64
1544800666.69
1544800666.73
1544800666.78
1544800666.83
1544800666.89
1544800666.93
1544800666.98
1544800667.03
1544800667.08
1544800667.12
1544800667.19
1544800667.26
1544800667.3
1544800667.34
1544800667.44
1544800667.49
1544800667.52
1544800667.59
1544800667.64
1544800667.72
1544800667.79
1544800667.86
1544800667.95
1544800668.03
1544800668.09
1544800668.15
1544800668.22
1544800668.28
1544800668.34
1544800668.41
1544800668.48
1544800668.55
1544800668.62
1544800668.69
1544800668.75
1544800668.82
1544800668.89
1544800668.97
1544800669.02
1544800669.05
1544800669.12
1544800669.18
1544800669.27
1544800669.34
1544800669.42
1544800669.49
1544800669.57
1544800669.66
1544800669.71
1544800669.79
1544800669.86
1544800669.93
1544800669.98
1544800670.04
1544800670.09
1544800670.13
1544800670.21
1544800670.25
1544800670.31
1544800670.36
1544800670.44
1544800670.5
1544800670.55
1544800670.63
1544800670.69
1544800670.73
1544800670.8
1544800670.87
1544800670.93
1544800670.97
1544800671.07
1544800671.12
1544800671.19
1544800671.24
1544800671.31
1544800671.35
1544800671.42
1544800671.47
1544800671.51
1544800671.56
1544800671.63
1544800671.69
1544800671.73
1544800671.78
1544800671.83
1544800671.89
1544800671.94
1544800671.99
1544800672.05
1544800672.1
1544800672.13
1544800672.18
1544800672.24
1544800672.3
1544800672.34
1544800672.42
1544800672.48
1544800672.52
1544800672.56
1544800672.6
1544800672.68
1544800672.73
1544800672.79
1544800672.85
1544800672.91
1544800672.95
1544800673.01
1544800673.07
1544800673.1
1544800673.15
1544800673.21
1544800673.26
1544800673.31
1544800673.35
1544800673.41
1544800673.47
1544800673.53
1544800673.6
1544800673.65
1544800673.7
1544800673.74
1544800673.79
1544800673.83
1544800673.88
1544800673.92
1544800673.96
1544800674.02
1544800674.07
1544800674.11
1544800674.16
1544800674.22
1544800674.28
1544800674.32
1544800674.41
1544800674.47
1544800674.52
1544800674.6
1544800674.65
1544800674.7
1544800674.74
1544800674.8
1544800674.87
1544800674.9
1544800674.94
1544800674.97
1544800675.02
1544800675.07
1544800675.11
1544800675.14
1544800675.19
1544800675.24
1544800675.28
1544800675.32
1544800675.35
1544800675.41
1544800675.44
1544800675.49
1544800675.52
1544800675.57
1544800675.6
1544800675.66
1544800675.72
1544800675.8
1544800675.87
1544800675.94
1544800676.01
1544800676.08
1544800676.16
1544800676.2
1544800676.25
1544800676.32
1544800676.4
1544800676.47
1544800676.53
1544800676.58
1544800676.64
1544800676.72
1544800676.78
1544800676.83
1544800676.92
1544800676.99
1544800677.08
1544800677.13
1544800677.18
1544800677.22
1544800677.27
1544800677.31
1544800677.37
1544800677.41
1544800677.44
1544800677.51
1544800677.57
1544800677.62
1544800677.68
1544800677.76
1544800677.8
1544800677.84
1544800677.94
1544800678.0
1544800678.06
1544800678.12
1544800678.18
1544800678.21
1544800678.26
1544800678.32
1544800678.38
1544800678.41
1544800678.44
1544800678.5
1544800678.54
1544800678.59
1544800678.64
1544800678.67
1544800678.71
1544800678.75
1544800678.81
1544800678.84
1544800678.89
1544800678.94
1544800678.99
1544800679.03
1544800679.08
1544800679.12
1544800679.19
1544800679.23
1544800679.29
1544800679.33
1544800679.39
1544800679.43
1544800679.5
1544800679.56
1544800679.6
1544800679.65
1544800679.71
1544800679.76
1544800679.81
1544800679.85
1544800679.92
1544800679.97
1544800680.0
1544800680.04
1544800680.11
1544800680.16
1544800680.19
1544800680.22
1544800680.26
1544800680.31
1544800680.35
1544800680.4
1544800680.43
1544800680.49
1544800680.54
1544800680.58
1544800680.62
1544800680.66
1544800680.72
1544800680.78
1544800680.81
1544800680.86
1544800680.96
1544800681.01
1544800681.04
1544800681.1
1544800681.15
1544800681.2
1544800681.24
1544800681.28
1544800681.35
1544800681.4
1544800681.44
1544800681.51
1544800681.57
1544800681.62
1544800681.69
1544800681.74
1544800681.8
1544800681.83
1544800681.87
1544800681.95
1544800681.99
1544800682.03
1544800682.08
1544800682.15
1544800682.2
1544800682.24
1544800682.28
1544800682.34
1544800682.4
1544800682.44
1544800682.51
1544800682.58
1544800682.62
1544800682.68
1544800682.72
1544800682.77
1544800682.81
1544800682.85
1544800682.89
1544800682.94
1544800682.99
1544800683.02
1544800683.07
1544800683.12
1544800683.18
1544800683.22
1544800683.25
1544800683.31
1544800683.37
1544800683.41
1544800683.44
1544800683.48
1544800683.58
1544800683.61
1544800683.66
1544800683.7
1544800683.74
1544800683.79
1544800683.84
1544800683.89
1544800683.92
1544800683.97
1544800684.02
1544800684.11
1544800684.16
1544800684.2
1544800684.24
1544800684.28
1544800684.33
1544800684.38
1544800684.42
1544800684.46
1544800684.54
1544800684.59
1544800684.63
1544800684.7
1544800684.76
1544800684.8
1544800684.86
1544800684.93
1544800684.98
1544800685.01
1544800685.07
1544800685.16
1544800685.21
1544800685.26
1544800685.32
1544800685.39
1544800685.43
1544800685.47
1544800685.57
1544800685.61
1544800685.65
1544800685.72
1544800685.78
1544800685.82
1544800685.87
1544800685.94
1544800685.99
1544800686.04
1544800686.08
1544800686.12
1544800686.17
1544800686.2
1544800686.23
1544800686.29
1544800686.34
1544800686.4
1544800686.44
1544800686.49
1544800686.53
1544800686.58
1544800686.62
1544800686.68
1544800686.74
1544800686.79
1544800686.81
1544800686.84
1544800686.9
1544800686.98
1544800687.02
1544800687.07
1544800687.12
1544800687.17
1544800687.21
1544800687.26
1544800687.31
1544800687.36
1544800687.39
1544800687.43
1544800687.47
1544800687.54
1544800687.57
1544800687.61
1544800687.65
1544800687.71
1544800687.78
1544800687.83
1544800687.88
1544800687.97
1544800688.01
1544800688.05
1544800688.14
1544800688.19
1544800688.22
1544800688.27
1544800688.32
1544800688.38
1544800688.42
1544800688.47
1544800688.54
1544800688.59
1544800688.64
1544800688.69
1544800688.76
1544800688.8
1544800688.85
1544800688.91
1544800688.98
1544800689.01
1544800689.06
1544800689.1
1544800689.17
1544800689.2
1544800689.23
1544800689.27
1544800689.35
1544800689.39
1544800689.42
1544800689.46
1544800689.49
1544800689.54
1544800689.59
1544800689.62
1544800689.67
1544800689.73
1544800689.78
1544800689.82
1544800689.87
1544800689.95
1544800690.01
1544800690.05
1544800690.1
1544800690.19
1544800690.23
1544800690.28
1544800690.33
1544800690.39
1544800690.45
1544800690.53
1544800690.6
1544800690.68
1544800690.74
1544800690.82
1544800690.88
1544800690.96
1544800691.02
1544800691.09
1544800691.17
1544800691.24
1544800691.31
1544800691.37
1544800691.46
1544800691.54
1544800691.62
1544800691.71
1544800691.77
1544800691.83
1544800691.93
1544800692.01
1544800692.07
1544800692.17
1544800692.21
1544800692.25
1544800692.31
1544800692.37
1544800692.41
1544800692.45
1544800692.49
1544800692.53
1544800692.57
1544800692.62
1544800692.68
1544800692.75
1544800692.8
1544800692.86
1544800692.93
1544800693.0
1544800693.04
1544800693.08
1544800693.12
1544800693.17
1544800693.21
1544800693.25
1544800693.3
1544800693.38
1544800693.41
1544800693.47
1544800693.53
1544800693.59
1544800693.63
1544800693.7
1544800693.79
1544800693.82
1544800693.88
1544800693.95
1544800694.0
1544800694.04
1544800694.1
1544800694.16
1544800694.2
1544800694.24
1544800694.31
1544800694.36
1544800694.42
1544800694.46
1544800694.51
1544800694.57
1544800694.6
1544800694.64
1544800694.7
1544800694.76
1544800694.79
1544800694.83
1544800694.89
1544800694.96
1544800695.02
1544800695.12
1544800695.19
1544800695.24
1544800695.28
1544800695.34
1544800695.38
1544800695.42
1544800695.46
1544800695.5
1544800695.55
1544800695.59
1544800695.62
1544800695.67
1544800695.71
1544800695.76
1544800695.81
1544800695.86
1544800695.93
1544800696.01
1544800696.06
1544800696.13
1544800696.22
1544800696.31
1544800696.38
1544800696.47
1544800696.51
1544800696.57
1544800696.62
1544800696.69
1544800696.73
1544800696.8
1544800696.9
1544800696.98
1544800697.05
1544800697.12
1544800697.2
1544800697.29
1544800697.36
1544800697.44
1544800697.51
1544800697.59
1544800697.64
1544800697.7
1544800697.77
1544800697.84
1544800697.94
1544800698.02
1544800698.08
1544800698.12
1544800698.17
1544800698.27
1544800698.33
1544800698.4
1544800698.44
1544800698.51
1544800698.6
1544800698.69
1544800698.77
1544800698.82
1544800698.87
1544800698.94
1544800698.99
1544800699.03
1544800699.07
1544800699.11
1544800699.17
1544800699.21
1544800699.26
1544800699.32
1544800699.37
1544800699.41
1544800699.46
1544800699.51
1544800699.56
1544800699.6
1544800699.64
1544800699.7
1544800699.74
1544800699.79
1544800699.83
1544800699.91
1544800699.97
1544800700.0
1544800700.04
1544800700.1
1544800700.16
1544800700.2
1544800700.25
1544800700.33
1544800700.39
1544800700.43
1544800700.52
1544800700.57
1544800700.6
1544800700.65
1544800700.69
1544800700.73
1544800700.77
1544800700.82
1544800700.86
1544800700.94
1544800700.99
1544800701.04
1544800701.08
1544800701.13
1544800701.18
1544800701.22
1544800701.27
1544800701.34
1544800701.39
1544800701.43
1544800701.47
1544800701.52
1544800701.57
1544800701.6
1544800701.64
1544800701.68
1544800701.74
1544800701.78
1544800701.82
1544800701.86
1544800701.93
1544800701.99
1544800702.03
1544800702.07
1544800702.13
1544800702.18
1544800702.21
1544800702.26
1544800702.37
1544800702.42
1544800702.47
1544800702.52
1544800702.57
1544800702.61
1544800702.65
1544800702.72
1544800702.77
1544800702.8
1544800702.84
1544800702.9
1544800702.96
1544800703.01
1544800703.04
1544800703.11
1544800703.15
1544800703.2
1544800703.24
1544800703.31
1544800703.36
1544800703.4
1544800703.44
1544800703.49
1544800703.54
1544800703.59
1544800703.62
1544800703.66
1544800703.74
1544800703.8
1544800703.83
1544800703.87
1544800703.92
1544800703.97
1544800704.0
1544800704.06
1544800704.1
1544800704.13
1544800704.17
1544800704.21
1544800704.24
1544800704.31
1544800704.37
1544800704.4
1544800704.44
1544800704.5
1544800704.55
1544800704.6
1544800704.64
1544800704.68
1544800704.75
1544800704.8
1544800704.83
1544800704.87
1544800704.92
1544800704.97
1544800705.0
1544800705.04
1544800705.1
1544800705.15
1544800705.19
1544800705.23
1544800705.28
1544800705.33
1544800705.39
1544800705.43
1544800705.47
1544800705.52
1544800705.56
1544800705.59
1544800705.63
1544800705.68
1544800705.76
1544800705.81
1544800705.84
1544800705.91
1544800705.97
1544800706.01
1544800706.05
1544800706.13
1544800706.17
1544800706.21
1544800706.24
1544800706.29
1544800706.33
1544800706.38
1544800706.41
1544800706.45
1544800706.51
1544800706.57
1544800706.61
1544800706.67
1544800706.73
1544800706.78
1544800706.82
1544800706.87
1544800706.94
1544800706.98
1544800707.02
1544800707.07
1544800707.13
1544800707.18
1544800707.23
1544800707.28
1544800707.31
1544800707.37
1544800707.41
1544800707.46
1544800707.52
1544800707.56
1544800707.61
1544800707.66
1544800707.7
1544800707.74
1544800707.81
1544800707.88
1544800707.98
1544800708.04
1544800708.09
1544800708.15
1544800708.22
1544800708.28
1544800708.34
1544800708.39
1544800708.43
1544800708.5
1544800708.56
1544800708.6
1544800708.64
1544800708.73
1544800708.8
1544800708.87
1544800708.93
1544800708.99
1544800709.05
1544800709.12
1544800709.19
1544800709.28
1544800709.34
1544800709.44
1544800709.5
1544800709.55
1544800709.59
1544800709.66
1544800709.72
1544800709.79
1544800709.86
1544800709.95
1544800710.0
1544800710.04
1544800710.09
1544800710.16
1544800710.2
1544800710.26
1544800710.31
1544800710.35
1544800710.39
1544800710.43
1544800710.48
1544800710.52
1544800710.56
1544800710.6
1544800710.63
1544800710.69
1544800710.74
1544800710.78
1544800710.82
1544800710.86
1544800710.93
1544800710.99
1544800711.04
1544800711.11
1544800711.16
1544800711.2
1544800711.24
1544800711.31
1544800711.37
1544800711.41
1544800711.46
1544800711.52
1544800711.57
1544800711.61
1544800711.65
1544800711.71
1544800711.77
1544800711.81
1544800711.86
1544800711.91
1544800711.98
1544800712.02
1544800712.07
1544800712.11
1544800712.16
1544800712.19
1544800712.22
1544800712.25
1544800712.29
1544800712.36
1544800712.39
1544800712.43
1544800712.48
1544800712.54
1544800712.6
1544800712.63
1544800712.66
1544800712.7
1544800712.74
1544800712.78
1544800712.81
1544800712.85
1544800712.89
1544800712.96
1544800713.0
1544800713.05
1544800713.12
1544800713.18
1544800713.22
1544800713.27
1544800713.32
1544800713.38
1544800713.42
1544800713.47
1544800713.54
1544800713.59
1544800713.63
1544800713.68
1544800713.72
1544800713.77
1544800713.81
1544800713.86
1544800713.9
1544800713.97
1544800714.0
1544800714.06
1544800714.12
1544800714.16
1544800714.2
1544800714.24
1544800714.33
1544800714.37
1544800714.42
1544800714.47
1544800714.53
1544800714.57
1544800714.61
1544800714.64
1544800714.7
1544800714.74
1544800714.78
1544800714.82
1544800714.86
1544800714.93
1544800714.99
1544800715.03
1544800715.1
1544800715.16
1544800715.21
1544800715.25
1544800715.31
1544800715.36
1544800715.41
1544800715.45
1544800715.53
1544800715.58
1544800715.62
1544800715.66
1544800715.72
1544800715.79
1544800715.84
1544800715.89
1544800715.93
1544800715.98
1544800716.02
1544800716.08
1544800716.14
1544800716.19
1544800716.23
1544800716.3
1544800716.34
1544800716.37
1544800716.41
1544800716.47
1544800716.52
1544800716.57
1544800716.6
1544800716.66
1544800716.72
1544800716.77
1544800716.81
1544800716.87
1544800716.94
1544800716.99
1544800717.03
1544800717.1
1544800717.17
1544800717.21
1544800717.24
1544800717.28
1544800717.33
1544800717.38
1544800717.41
1544800717.45
1544800717.53
1544800717.6
1544800717.65
1544800717.72
1544800717.78
1544800717.83
1544800717.88
1544800717.94
1544800717.99
1544800718.03
1544800718.09
1544800718.16
1544800718.2
1544800718.25
1544800718.32
1544800718.38
1544800718.41
1544800718.45
1544800718.51
1544800718.56
1544800718.6
1544800718.64
1544800718.7
1544800718.77
1544800718.84
1544800718.92
1544800719.0
1544800719.07
1544800719.13
1544800719.21
1544800719.27
1544800719.32
1544800719.4
1544800719.48
1544800719.55
1544800719.64
1544800719.71
1544800719.79
1544800719.87
1544800719.92
1544800720.0
1544800720.07
1544800720.11
1544800720.16
1544800720.22
1544800720.29
1544800720.36
1544800720.42
1544800720.48
1544800720.56
1544800720.62
1544800720.69
1544800720.74
1544800720.8
1544800720.85
1544800720.92
1544800720.99
1544800721.06
1544800721.12
1544800721.2
1544800721.27
1544800721.34
1544800721.4
1544800721.47
1544800721.52
1544800721.56
1544800721.59
1544800721.64
1544800721.7
1544800721.74
1544800721.8
1544800721.84
1544800721.9
1544800721.94
1544800722.02
1544800722.07
1544800722.11
1544800722.15
1544800722.2
1544800722.27
1544800722.31
1544800722.36
1544800722.4
1544800722.45
1544800722.53
1544800722.59
1544800722.67
1544800722.7
1544800722.73
1544800722.79
1544800722.85
1544800722.91
1544800722.94
1544800723.0
1544800723.06
1544800723.1
1544800723.14
1544800723.21
1544800723.28
1544800723.32
1544800723.4
1544800723.48
1544800723.53
1544800723.58
1544800723.67
1544800723.72
1544800723.77
1544800723.84
1544800723.9
1544800723.95
1544800724.0
1544800724.08
1544800724.12
1544800724.17
1544800724.22
1544800724.28
1544800724.31
1544800724.35
1544800724.41
1544800724.46
1544800724.5
1544800724.54
1544800724.6
1544800724.66
1544800724.7
1544800724.74
1544800724.8
1544800724.87
1544800724.91
1544800724.96
1544800725.02
1544800725.07
1544800725.11
1544800725.14
1544800725.18
1544800725.22
1544800725.27
1544800725.3
1544800725.33
1544800725.37
1544800725.44
1544800725.48
1544800725.52
1544800725.57
1544800725.64
1544800725.7
1544800725.75
1544800725.8
1544800725.84
1544800725.9
1544800725.95
1544800726.01
1544800726.07
1544800726.12
1544800726.19
1544800726.25
1544800726.32
1544800726.39
1544800726.47
1544800726.54
1544800726.62
1544800726.7
1544800726.77
1544800726.85
1544800726.93
1544800727.02
1544800727.11
1544800727.2
1544800727.31
1544800727.39
1544800727.49
1544800727.56
1544800727.65
1544800727.73
1544800727.79
1544800727.86
1544800727.95
1544800728.07
1544800728.18
1544800728.29
1544800728.39
1544800728.5
1544800728.62
1544800728.72
1544800728.82
1544800728.89
1544800728.99
1544800729.08
1544800729.16
1544800729.25
1544800729.29
1544800729.34
1544800729.4
1544800729.48
1544800729.55
1544800729.63
1544800729.7
1544800729.76
1544800729.81
1544800729.87
1544800729.95
1544800730.03
1544800730.08
1544800730.18
1544800730.24
1544800730.31
1544800730.4
1544800730.48
1544800730.56
1544800730.66
1544800730.72
1544800730.8
1544800730.87
1544800730.96
1544800731.03
1544800731.11
1544800731.2
1544800731.32
1544800731.37
1544800731.42
1544800731.47
1544800731.52
1544800731.57
1544800731.6
1544800731.65
1544800731.7
1544800731.77
1544800731.83
1544800731.9
1544800731.97
1544800732.04
1544800732.11
1544800732.17
1544800732.22
1544800732.27
1544800732.37
1544800732.41
1544800732.47
1544800732.52
1544800732.57
1544800732.63
1544800732.68
1544800732.72
1544800732.78
1544800732.83
1544800732.88
1544800732.92
1544800732.96
1544800733.02
1544800733.08
1544800733.11
1544800733.15
1544800733.24
1544800733.29
1544800733.33
1544800733.38
1544800733.42
1544800733.48
1544800733.52
1544800733.56
1544800733.61
1544800733.65
1544800733.7
1544800733.74
1544800733.79
1544800733.83
1544800733.9
1544800733.95
1544800734.02
1544800734.07
1544800734.11
1544800734.15
1544800734.2
1544800734.26
1544800734.3
1544800734.33
1544800734.4
1544800734.46
1544800734.49
1544800734.53
1544800734.59
1544800734.66
1544800734.7
1544800734.75
1544800734.81
1544800734.88
1544800734.92
1544800734.97
1544800735.0
1544800735.04
1544800735.09
1544800735.13
1544800735.18
1544800735.23
1544800735.27
1544800735.32
1544800735.37
1544800735.42
1544800735.48
1544800735.52
1544800735.59
1544800735.65
1544800735.7
1544800735.74
1544800735.8
1544800735.85
1544800735.9
1544800735.94
1544800736.0
1544800736.08
1544800736.12
1544800736.15
1544800736.22
1544800736.27
1544800736.32
1544800736.36
1544800736.4
1544800736.47
1544800736.5
1544800736.54
1544800736.59
1544800736.63
1544800736.68
1544800736.71
1544800736.74
1544800736.8
1544800736.85
1544800736.92
1544800736.97
1544800737.02
1544800737.06
1544800737.1
1544800737.15
1544800737.22
1544800737.29
1544800737.33
1544800737.38
1544800737.46
1544800737.51
1544800737.57
1544800737.62
1544800737.67
1544800737.7
1544800737.74
1544800737.8
1544800737.88
1544800737.92
1544800737.98
1544800738.04
1544800738.09
1544800738.13
1544800738.18
1544800738.24
1544800738.29
1544800738.33
1544800738.37
1544800738.42
1544800738.49
1544800738.53
1544800738.59
1544800738.64
1544800738.69
1544800738.72
1544800738.8
1544800738.85
1544800738.9
1544800738.94
1544800738.98
1544800739.05
1544800739.1
1544800739.13
1544800739.2
1544800739.26
1544800739.31
1544800739.35
1544800739.42
1544800739.47
1544800739.5
1544800739.53
1544800739.6
1544800739.66
1544800739.7
1544800739.74
1544800739.8
1544800739.86
1544800739.9
1544800739.94
1544800739.99
1544800740.05
1544800740.1
1544800740.14
1544800740.19
1544800740.27
1544800740.31
1544800740.36
1544800740.43
1544800740.48
1544800740.54
1544800740.58
1544800740.63
1544800740.69
1544800740.73
1544800740.77
1544800740.84
1544800740.9
1544800740.93
1544800741.0
1544800741.05
1544800741.09
1544800741.14
1544800741.19
1544800741.23
1544800741.28
1544800741.33
1544800741.37
1544800741.42
1544800741.46
1544800741.52
1544800741.58
1544800741.64
1544800741.69
1544800741.72
1544800741.77
1544800741.82
1544800741.86
1544800741.92
1544800741.96
1544800742.04
1544800742.09
1544800742.15
1544800742.22
1544800742.27
1544800742.32
1544800742.36
1544800742.4
1544800742.44
1544800742.49
1544800742.54
1544800742.58
1544800742.63
1544800742.67
1544800742.72
1544800742.76
1544800742.8
1544800742.88
1544800742.93
1544800742.99
1544800743.04
1544800743.08
1544800743.12
1544800743.16
1544800743.22
1544800743.3
1544800743.33
1544800743.4
1544800743.45
1544800743.49
1544800743.53
1544800743.57
1544800743.66
1544800743.71
1544800743.76
1544800743.81
1544800743.86
1544800743.89
1544800743.93
1544800743.98
1544800744.05
1544800744.1
1544800744.14
1544800744.2
1544800744.25
1544800744.3
1544800744.34
1544800744.38
1544800744.43
1544800744.47
1544800744.51
1544800744.54
1544800744.58
1544800744.64
1544800744.69
1544800744.74
1544800744.78
1544800744.85
1544800744.9
1544800744.94
1544800744.99
1544800745.05
1544800745.09
1544800745.13
1544800745.17
1544800745.22
1544800745.27
1544800745.3
1544800745.34
1544800745.39
1544800745.43
1544800745.48
1544800745.52
1544800745.57
1544800745.63
1544800745.68
1544800745.72
1544800745.76
1544800745.82
1544800745.87
1544800745.91
1544800745.96
1544800746.01
1544800746.05
1544800746.09
1544800746.13
1544800746.18
1544800746.21
1544800746.26
1544800746.3
1544800746.34
1544800746.4
1544800746.44
1544800746.49
1544800746.53
1544800746.57
1544800746.66
1544800746.7
1544800746.73
1544800746.78
1544800746.84
1544800746.89
1544800746.92
1544800746.96
1544800747.03
1544800747.07
1544800747.11
1544800747.14
1544800747.2
1544800747.27
1544800747.31
1544800747.35
1544800747.42
1544800747.5
1544800747.58
1544800747.66
1544800747.72
1544800747.78
1544800747.85
1544800747.92
1544800747.98
1544800748.04
1544800748.1
1544800748.18
1544800748.26
1544800748.33
1544800748.4
1544800748.49
1544800748.58
1544800748.64
1544800748.73
1544800748.77
1544800748.83
1544800748.91
1544800748.97
1544800749.03
1544800749.1
1544800749.18
1544800749.3
1544800749.38
1544800749.45
1544800749.51
1544800749.57
1544800749.61
1544800749.68
1544800749.73
1544800749.8
1544800749.86
1544800749.91
1544800749.99
1544800750.05
1544800750.11
1544800750.14
1544800750.22
1544800750.27
1544800750.31
1544800750.35
1544800750.43
1544800750.49
1544800750.53
1544800750.61
1544800750.69
1544800750.72
1544800750.77
1544800750.82
1544800750.86
1544800750.92
1544800750.95
1544800751.01
1544800751.07
1544800751.1
1544800751.14
1544800751.24
1544800751.28
1544800751.32
1544800751.36
1544800751.43
1544800751.49
1544800751.53
1544800751.57
1544800751.63
1544800751.67
1544800751.72
1544800751.76
1544800751.8
1544800751.86
1544800751.91
1544800751.95
1544800752.0
1544800752.04
1544800752.09
1544800752.12
1544800752.17
1544800752.2
1544800752.24
1544800752.28
1544800752.33
1544800752.38
1544800752.42
1544800752.48
1544800752.52
1544800752.58
1544800752.63
1544800752.66
1544800752.7
1544800752.74
1544800752.83
1544800752.9
1544800752.93
1544800752.97
1544800753.04
1544800753.1
1544800753.14
1544800753.18
1544800753.22
1544800753.27
1544800753.31
1544800753.34
1544800753.42
1544800753.5
1544800753.57
1544800753.64
1544800753.72
1544800753.79
1544800753.87
1544800753.97
1544800754.04
1544800754.09
1544800754.18
1544800754.24
1544800754.31
1544800754.4
1544800754.48
1544800754.54
1544800754.64
1544800754.73
1544800754.8
1544800754.86
1544800754.91
1544800754.97
1544800755.02
1544800755.09
1544800755.13
1544800755.19
1544800755.3
1544800755.4
1544800755.48
1544800755.54
1544800755.59
1544800755.64
1544800755.68
1544800755.72
1544800755.77
1544800755.82
1544800755.87
1544800755.93
1544800755.98
1544800756.05
1544800756.09
1544800756.13
1544800756.2
1544800756.25
1544800756.29
1544800756.32
1544800756.39
1544800756.44
1544800756.49
1544800756.52
1544800756.57
1544800756.63
1544800756.69
1544800756.72
1544800756.77
1544800756.84
1544800756.9
1544800756.93
1544800757.02
1544800757.08
1544800757.12
1544800757.16
1544800757.22
1544800757.26
1544800757.31
1544800757.36
1544800757.45
1544800757.5
1544800757.54
1544800757.59
1544800757.62
1544800757.66
1544800757.7
1544800757.73
1544800757.77
1544800757.82
1544800757.88
1544800757.93
1544800757.97
1544800758.03
1544800758.09
1544800758.12
1544800758.18
1544800758.23
1544800758.3
1544800758.34
1544800758.42
1544800758.47
1544800758.5
1544800758.54
1544800758.58
1544800758.65
1544800758.7
1544800758.73
1544800758.79
1544800758.85
1544800758.9
1544800758.95
1544800759.02
1544800759.07
1544800759.12
1544800759.16
1544800759.2
1544800759.25
1544800759.3
1544800759.34
1544800759.39
1544800759.44
1544800759.47
1544800759.52
1544800759.57
1544800759.6
1544800759.67
1544800759.72
1544800759.78
1544800759.85
1544800759.9
1544800759.98
1544800760.07
1544800760.15
1544800760.24
1544800760.29
1544800760.33
1544800760.38
1544800760.46
1544800760.52
1544800760.61
1544800760.68
1544800760.76
1544800760.83
1544800760.91
1544800760.99
1544800761.06
1544800761.11
1544800761.15
1544800761.21
1544800761.29
1544800761.34
1544800761.41
1544800761.48
1544800761.54
1544800761.59
1544800761.66
1544800761.71
1544800761.75
1544800761.8
1544800761.84
1544800761.92
1544800761.99
1544800762.05
1544800762.11
1544800762.16
1544800762.22
1544800762.28
1544800762.34
1544800762.43
1544800762.52
1544800762.62
